1025
-0.0030693393078350235
-0.033038950268971586
-0.06291797727995897
-0.09237552688317943
-0.12111219935746521
-0.14886646180218271
-0.17542005594188909
-0.2006023649978305
-0.22429365592226325
-0.24642711024230785
-0.2669896752790783
-0.286021665437853
-0.30361518993473224
-0.3199114242841145
-0.3350967783664182
-0.3493980876007413
-0.3630768972481177
-0.37642297049685486
-0.3897471690740019
-0.4033738390342743
-0.4176328544478404
-0.4328515355203737
-0.44934651339405557
-0.46741581400634036
-0.4873312559969334
-0.509331354982384
-0.5336149218102583
-0.5603353956977125
-0.58959617272267
-0.6214469217827003
-0.6558810666478161
-0.6928344359452109
-0.732185166034309
-0.7737548336840752
-0.8173108681696255
-0.8625701041160693
-0.9092034956073588
-0.9568418747806418
-1.0050825801626904
-1.0534969055353562
-1.1016380975682638
-1.1490498394739628
-1.1952749499784106
-1.239864104038313
-1.2823844306565668
-1.3224277360817762
-1.3596181880253166
-1.393619272471088
-1.4241398799809517
-1.4509393520326928
-1.4738313947781623
-1.4926867691020025
-1.5074346746588274
-1.5180628450387208
-1.5246162857806758
-1.5271947503214254
-1.5259490116670815
-1.521075962800549
-1.5128127463183436
-1.5014299920897796
-1.4872243613945881
-1.47051054984188
-1.451612963227422
-1.430857240530838
-1.4085618553452521
-1.3850299527019572
-1.3605416680068108
-1.3353470514007313
-1.3096598508759862
-1.2836521993262695
-1.2574504540819975
-1.231132204833158
-1.204724568698057
-1.1782038596837292
-1.1514966048796793
-1.1244818976758675
-1.0969951026618923
-1.0688328312672914
-1.0397590164033854
-1.009512065815214
-0.9778128834384407
-0.9443735681932744
-0.9089066316095522
-0.8711345130364003
-0.8307991435056752
-0.7876713376738763
-0.7415598261463989
-0.6923196042447636
-0.6398595030519321
-0.5841486483601275
-0.5252217441774656
-0.46318296067743
-0.39820832789022836
-0.33054652772724036
-0.2605180735270242
-0.18851282268120548
-0.11498590455169956
-0.04045210124364107
0.03452118802023386
0.10932225710330702
0.18330448949099548
0.255796597377545
0.3261135155365078
0.3935676819004781
0.4574804068436677
0.5171931224880973
0.5720782196376574
0.621549173623092
0.6650699129743044
0.7021629769762662
0.7324165011097428
0.755489789037962
0.7711174220957467
0.7791118342730525
0.779364338377162
0.7718446390661836
0.7565989240456861
0.7337466141034388
0.7034758993053418
0.6660382756090917
0.6217422053382299
0.570946168935107
0.5140512426154703
0.451493495707423
0.383736349724519
0.3112631396192281
0.234569960874909
0.15415912821176317
0.07053323141204111
-0.015810109735472838
-0.10438259817330939
-0.19470879224575688
-0.28632882827047346
-0.37880019303563206
-0.47169884000856266
-0.5646194985889874
-0.6571754055866322
-0.7489975545162498
-0.8397334980286153
-0.9290460019519846
-1.0166114822965828
-1.1021185055944522
-1.1852664028433677
-1.2657640994720496
-1.3433292668570276
-1.4176878640171233
-1.4885740682386004
-1.555730702251997
-1.6189100603761266
-1.6778751944895034
-1.732401524412605
-1.782278824892969
-1.8273133608372505
-1.8673302647301606
-1.9021758531177404
-1.9317199684750044
-1.9558581071912235
-1.9745133291446308
-1.9876378034307025
-1.995213955852585
-1.9972551406473897
-1.9938058056200372
-1.984941106692874
-1.970766037975555
-1.9514139682004359
-1.9270447815440368
-1.897842520502475
-1.8640127181744068
-1.825779406877103
-1.783381946001528
-1.7370717594341634
-1.6871090063028802
-1.633759394292873
-1.5772910792531911
-1.517971852748491
-1.45606661208003
-1.3918351702725114
-1.325530495830095
-1.2573973471095878
-1.1876713375393753
-1.1165784553271167
-1.044334976526991
-0.9711477549367197
-0.8972148821795236
-0.8227265984620761
-0.7478664981556319
-0.6728128335508825
-0.5977400103336327
-0.5228200424749825
-0.4482240470950277
-0.3741236367509221
-0.3006921514120702
-0.22810572369463433
-0.15654410203651212
-0.08619120751324436
-0.017235400068320212
0.050130548753312486
0.11570983661989025
0.1793022272943847
0.24070502983012296
0.2997142713026255
0.3561261376725779
0.40973857470781605
0.4603530724930605
0.5077765319189192
0.5518231920407162
0.5923165487691671
0.6290912633802981
0.6619949692523069
0.6908899679417356
0.7156547853078916
0.7361855385757169
0.7523971625624156
0.7642243768048217
0.7716225458681775
0.7745682784215188
0.7730599315468722
0.7671179372701078
0.7567849920231018
0.7421262145719217
0.7232291839812707
0.7002039372442733
0.6731829990491367
0.6423213560574537
0.6077964588049967
0.5698082201637412
0.5285790430332924
0.4843537961382846
0.4373997632678608
0.38800655639696474
0.33648584859018665
0.2831710302866776
0.2284166048055417
0.17259739133713087
0.11610737661642781
0.059358285122057375
0.002777732087237971
-0.05319299448644363
-0.1081015936922403
-0.16148783305785389
-0.2128870428139447
-0.2618340129445517
-0.3078672567282873
-0.35053356752883214
-0.38939284179830047
-0.42402304825584347
-0.454025305155392
-0.47902888754213835
-0.4986961753097667
-0.5127273044315216
-0.5208645431832322
-0.5228961857281892
-0.5186599348808378
-0.5080456658367571
-0.49099749123639813
-0.4675150791595651
-0.43765421266515275
-0.40152651828375086
-0.3592984256530775
-0.31118933155215756
-0.2574690750332047
-0.19845469672240432
-0.13450667342838526
-0.06602461915819381
0.006557372433168185
0.08277566822347962
0.16214218363167712
0.24414952249217053
0.32827605128963167
0.4139908148883416
0.5007581798738748
0.5880422088178426
0.6753106112995567
0.7620383228769674
0.8477106505068662
0.9318260051694301
1.0138982679452524
1.093458718806065
1.1700577496013715
1.2432662672135242
1.3126769128512052
1.3779051557427953
1.4385903268674702
1.4943965942487998
1.5450140171225608
1.5901596063311174
1.6295784855109914
1.6630451049455166
1.6903645094248234
1.7113736620437965
1.7259426972257703
1.7339761749661668
1.7354141359117576
1.7302330285197902
1.7184463437503439
1.7001049266692247
1.6752969559033721
1.644147459339789
1.6068174331767429
1.5635024454726332
1.514430832158076
1.4598614049665561
1.4000807663546646
1.3354002774308855
1.266152692396939
1.192688604930342
1.1153727497367347
1.034580243896758
0.9506929020243321
0.8640956597641593
0.7751732669189525
0.6843072296156165
0.5918732145193039
0.49823879444710195
0.40376176778234696
0.3087888984387737
0.21365525540634658
0.11868398561066727
0.02418662579016227
-0.06953616324030239
-0.16219347301547382
-0.2535026860492865
-0.3431878305566638
-0.4309776998587477
-0.516604010250638
-0.599799554767741
-0.6802965188238386
-0.7578250833509355
-0.832112312418236
-0.9028815561192318
-0.9698523002225394
-1.0327406250383637
-1.0912603183262959
-1.1451245557541845
-1.194048363224638
-1.2377516116100604
-1.2759627363781667
-1.3084229193802934
-1.334890847282598
-1.3551477823225018
-1.3690029205120793
-1.3762988764682378
-1.376917183854593
-1.3707835706994371
-1.3578729088175014
-1.3382137028938952
-1.3118919079187519
-1.2790539299964032
-1.2399087000014997
-1.1947287759013359
-1.143850237483434
-1.0876714218616539
-1.0266505228573661
-0.9613019017136468
-0.8921912763214391
-0.8199298695109059
-0.7451674811571983
-0.6685848415874259
-0.5908851556669512
-0.5127852470585512
-0.4350063164824149
-0.35826462981704815
-0.28326230384499046
-0.21067840347497924
-0.1411604739051541
-0.07531680607171778
-0.0137094806298104
0.0431516374352398
0.09481388719974215
0.1408856620182408
0.18103917975659753
0.21501209791856213
0.2426080402675605
0.26369611992871983
0.278209511786421
0.286143164887011
0.2875508471021792
0.28254158103326915
0.2712756280666693
0.2539601710711132
0.23084476238946258
0.20221672911481303
0.1683965293126399
0.12973322230622733
0.08660005279879536
0.03939021916667804
-0.011487183256591581
-0.0656110566327677
-0.12255195162393599
-0.18187565617663348
-0.24314662432599599
-0.3059313203963342
-0.36980152234150904
-0.4343375916360089
-0.49913172807568923
-0.5637912409346999
-0.6279417452187261
-0.6912303759316772
-0.7533288641571692
-0.8139364823341807
-0.8727828159461273
-0.9296301751894316
-0.9842757003361435
-1.0365529878894169
-1.0863331751746321
-1.1335254299071256
-1.1780767554623621
-1.219971097784646
-1.2592276632608812
-1.2958985513888752
-1.3300655803496257
-1.3618364645265417
-1.3913403530833686
-1.4187228341407816
-1.4441405094017543
-1.4677552712410005
-1.4897284648488653
-1.5102150197423132
-1.5293577718470015
-1.5472821709883289
-1.5640914145482885
-1.5798623124420896
-1.5946418932911453
-1.6084449810466226
-1.6212527352759416
-1.6330123226334605
-1.6436376769247536
-1.6530114119262462
-1.6609878487555554
-1.6673970951323958
-1.6720500702985353
-1.6747443849671322
-1.675270948702159
-1.6734210206487532
-1.6689936457519499
-1.661803202549373
-1.651686809161097
-1.638511449190371
-1.6221805170720296
-1.6026396181294709
-1.579881424198029
-1.553949396307197
-1.524940231330767
-1.493004949657646
-1.4583485119725632
-1.4212279616205157
-1.3819490804499748
-1.3408616092636632
-1.2983531474917318
-1.254841878725444
-1.2107682482294868
-1.1665858246354803
-1.1227516673821722
-1.079716247023477
-1.0379134646748982
-0.9977508163926314
-0.9596001390243315
-0.9237890829315099
-0.8905936804496453
-0.8602321257341016
-0.8328600359534619
-0.8085672555552437
-0.7873764185038781
-0.7692432272642553
-0.7540584748535021
-0.7416518113588194
-0.7317970987329037
-0.7242192286570568
-0.7186022455193567
-0.7145984528312227
-0.7118383946839754
-0.7099412903460407
-0.7085256784035868
-0.707219967356254
-0.7056726221180285
-0.7035616032307689
-0.7006028841284874
-0.6965577512251911
-0.691238703359966
-0.6845137599306382
-0.6763091021783365
-0.6666099517790491
-0.6554596566988912
-0.642957068775058
-0.629252255568717
-0.6145407114325369
-0.5990562472443349
-0.5830627815044146
-0.5668452147939441
-0.5506998214576541
-0.5349242539203994
-0.5198076349129253
-0.5056208895498597
-0.492607713591652
-0.48097636750164297
-0.4708925380996226
-0.4624735549586202
-0.45578398659680397
-0.45083284752569885
-0.4475724306674667
-0.44589878168081865
-0.44565379220953555
-0.4466288649941994
-0.4485699606161604
-0.4511838866262859
-0.454145660614411
-0.45710665406559353
-0.4597033400567865
-0.4615662773956597
-0.46232920096190866
-0.4616378064063937
-0.4591581013410358
-0.4545840329661037
-0.44764416880261415
-0.43810735994212374
-0.4257871144533737
-0.4105447375561074
-0.39229106393320906
-0.37098692248526577
-0.3466422000775057
-0.3193137611834615
-0.2891022367580497
-0.2561478487633598
-0.22062546220101018
-0.18273908190693908
-0.14271591377748227
-0.10080031044624521
-0.057247727528734936
-0.012318900156233515
0.03372552755403224
0.08062985362788187
0.128147422089225
0.17604397746888253
0.22410008899939085
0.27211273431454663
0.3198959360438161
0.36728052724461435
0.41411310843759624
0.46025429843773585
0.5055763147372785
0.5499600830440555
0.5932919956036742
0.6354604256298851
0.6763521936683787
0.7158490897395672
0.7538245958400751
0.7901409623301892
0.8246466751941813
0.8571744967781945
0.8875400414978185
0.9155410445584219
0.9409572899848925
0.9635511855798921
0.9830690356191856
0.9992429527142253
1.0117933434710222
1.0204319504799653
1.0248653575622242
1.0247988614742554
1.0199406999476222
1.0100064652066671
0.9947236854568136
0.9738364647601148
0.9471100180062846
0.9143352617330085
0.8753330179944745
0.8299581649529257
0.7781033371368639
0.7197023151490146
0.6547330049610964
0.5832198981175474
0.5052360788528348
0.42090464802037575
0.33039965874079524
0.2339463271854663
0.13182079078466394
0.024349175233959085
-0.0880939316840358
-0.20508758161553362
-0.32616717767693776
-0.450827679785865
-0.5785274328501275
-0.7086923322034256
-0.8407205297321142
-0.9739874413373408
-1.1078510634787662
-1.2416574879001354
-1.374746638794496
-1.506457926787682
-1.636136069510085
-1.7631366505446517
-1.8868315954536479
-2.0066143339112656
-2.121904687371549
-2.232153334664517
-2.3368458303846813
-2.4355061813762906
-2.5276998360370486
-2.6130362186156115
-2.6911706037807552
-2.7618055259227985
-2.8246915964041293
-2.879627789639232
-2.926461251248922
-2.9650865947264706
-2.9954448168711014
-3.0175217983483087
-3.0313464594146646
-3.036988672286846
-3.034556887130463
-3.0241956149864526
-3.0060827821106235
-2.9804269766910383
-2.947464710922236
-2.9074576545692814
-2.860689963407564
-2.807465693241114
-2.7481063396519727
-2.6829485332344083
-2.612341946508426
-2.5366473647843204
-2.45623500427352
-2.371483013669467
-2.2827762210046307
-2.1905050692632413
-2.095064757155566
-1.9968545411385121
-1.8962771644204586
-1.793738427396445
-1.6896467873468108
-1.5844130087531587
-1.4784497554522011
-1.372171146703433
-1.2659921528193188
-1.1603278489900704
-1.0555924335066615
-0.952198008491798
-0.8505530525782664
-0.75106061290571
-0.6541161531514288
-0.5601050781998194
-0.469399977013472
-0.3823575297552352
-0.2993152042069881
-0.22058773324926104
-0.1464634677526117
-0.0772006297218922
-0.013023642761180003
0.04588047493270942
0.09936549992356414
0.14732905582867495
0.18971533558120582
0.22651723936832352
0.2577779909291536
0.28359207371904377
0.30410544690340063
0.31951495181131756
0.3300669593621319
0.33605516997921575
0.3378176090921127
0.33573283137209775
0.3302154180782826
0.3217107959842519
0.3106895159685975
0.29764105914811473
0.2830673268425706
0.2674759414902708
0.2513735161578426
0.235258997172918
0.21961728321264104
0.20491323663511038
0.1915862250812146
0.18004529036720932
0.1706650772066468
0.1637825945953721
0.1596948261512952
0.15865727353224848
0.16088335546159607
0.16654474363825872
0.1757724507891125
0.18865866803590703
0.2052592571985332
0.2255967123583408
0.24966350889471509
0.2774256353520574
0.30882625715311635
0.34378919700305627
0.3822223108356765
0.4240203968673169
0.46906773025930626
0.5172399606099416
0.5684054796991314
0.6224260643672053
0.6791569109326143
0.7384460605108002
0.8001331865631528
0.8640479936997693
0.9300081917218005
0.9978172226900156
1.0672619320639094
1.1381102531413507
1.2101091379096285
1.2829828599388595
1.3564317673114206
1.4301317705036727
1.5037344984156569
1.5768682731707124
1.649140003089927
1.7201379155372287
1.7894351666728208
1.8565942367346548
1.9211720615381913
1.982725760729197
2.0408187769331367
2.0950273649725175
2.1449470893162608
2.1901993148886594
2.2304373115606597
2.265351973479703
2.2946767776643124
2.3181919918473244
2.3357278879298526
2.347166929328468
2.3524447896181164
2.3515502461117177
2.3445239207188484
2.3314558955515543
2.3124823197552495
2.287781133250669
2.2575670075142
2.2220857405977927
2.181608225668039
2.136424266671982
2.0868364094740786
2.033153989540599
1.975687603739497
1.9147441756995256
1.8506227401933506
1.7836111148118572
1.7139835072211642
1.6419990870714085
1.567901593151137
1.4919199007352537
1.4142694837105367
1.335154700114595
1.2547717401816705
1.1733121057237974
1.0909664286572303
1.0079284555988792
0.924399003094716
0.8405896734511675
0.7567261984881622
0.673051186372486
0.5898261996442484
0.5073329423997901
0.42587358984914403
0.34577011891435755
0.26736268259177376
0.19100699099256874
0.11707077467447286
0.045929473104487285
-0.022038842215637247
-0.08645909381348071
-0.146965228991398
-0.20320646683245666
-0.25485362585225146
-0.30160528379827145
-0.34319361976407475
-0.3793897771768773
-0.4100085634849251
-0.43491233860864353
-0.45401407894676926
-0.4672793821672278
-0.4747274741488375
-0.4764311795201545
-0.4725158256593884
-0.4631571549579746
-0.4485783269949392
-0.42904605110769084
-0.40486602135215033
-0.37637777618088775
-0.343949098000084
-0.3079701662050338
-0.26884752564253395
-0.22699815543644447
-0.1828436304658062
-0.13680463576276675
-0.08929588484230788
-0.04072153743601335
0.00852878936916651
0.058083357196737684
0.10759103589548036
0.15672329155817763
0.20517558753655574
0.2526681770100377
0.29894633059634507
0.3437801007538791
0.3869637035352557
0.42831460341181304
0.4676723692146088
0.5048974531812993
0.539869859992509
0.5724879921432413
0.6026674564209771
0.6303401034435667
0.6554532565221507
0.6779691155144508
0.6978644093062786
0.7151301450994355
0.7297716445070753
0.7418085982325197
0.7512752185256873
0.7582204161084327
0.7627079080726771
0.7648162276015216
0.7646385772179487
0.762282481953773
0.757869198873081
0.7515328725336864
0.7434194215785126
0.733685175423264
0.7224952588057646
0.7100217906218892
0.6964418990160521
0.6819357012058288
0.6666841837474281
0.650867144736343
0.6346612542243624
0.618238263053329
0.6017634590577272
0.5853943875469694
0.5692798985487391
0.5535595380756085
0.5383632819096266
0.5238116298539358
0.51001602312755
0.49707953208520766
0.4850978047771091
0.4741602114607576
0.4643510781470263
0.45575098077814175
0.4484380293482998
0.4424890416178184
0.43798058292997577
0.4349897842586342
0.4335949059145028
0.43387564981335147
0.4359131175841617
0.4397895359120706
0.44558763193765083
0.45338976500879363
0.46327684702669775
0.47532705229202943
0.4896144126447199
0.5062073171305911
0.5251670307333355
0.5465461996168408
0.5703874912027215
0.5967223526620965
0.6255699054315528
0.6569360814550028
0.6908129144397296
0.7271780412510074
0.7659944301188728
0.807210217173153
0.8507587210665054
0.8965585412886028
0.9445137243557039
0.9945139325156537
1.0464346095333807
1.1001370727179403
1.155468547831066
1.2122620676290026
1.2703363069709253
1.3294952752111764
1.3895279842082235
1.4502080331730007
1.5112932328791262
1.5725252587891654
1.6336294865909002
1.694314999519344
1.7542748792363514
1.813186869491903
1.8707144589215394
1.9265084560141024
1.980209075992541
2.0314486484729226
2.0798548593532735
2.1250545975756894
2.166678336894553
2.204365053626978
2.2377675211194132
2.2665579773678695
2.290434024386323
2.309124571795662
2.3223957771449077
2.330056774761664
2.331965048992816
2.328031297357708
2.318223650271859
2.302571073565897
2.2811659046510906
2.2541652878620013
2.2217915667491077
2.1843315107153134
2.1421342929853746
2.0956083583359266
2.0452170471122586
1.991473162510556
1.9349324815711308
1.8761863349483388
1.8158534202444934
1.7545709647426613
1.6929853908496593
1.6317426963198223
1.57147866895624
1.5128092219525844
1.4563209159366666
1.402561913885534
1.352033515493549
1.3051824992865064
1.2623942418983545
1.223986908391744
1.190206800633081
1.161224805429897
1.1371342486897011
1.1179499321066129
1.103608601718216
1.0939707103869794
1.08882350021527
1.087885374332333
1.0908114311938701
1.0972001491118233
1.1066010863715356
1.118523408267259
1.1324452314412812
1.147823493147555
1.1641042262050303
1.180733092371917
1.1971658907289269
1.2128789125504187
1.2273789146108547
1.2402124515711843
1.2509745045853105
1.259316030499944
1.26495042501167
1.267658617170694
1.2672927631410507
1.263778308510567
1.2571144971346488
1.2473731752694457
1.2346958834857664
1.2192893826509807
1.2014195929108573
1.1814040828496208
1.1596033178511693
1.1364108027315112
1.1122423883777368
1.0875249767869992
1.062684914673326
1.0381363190887605
1.014269718644678
0.9914412335548243
0.9699625701802143
0.9500921835312222
0.9320277417163187
0.915900176531456
0.9017694468535109
0.8896221396477548
0.8793710412038043
0.8708565587556397
0.8638501446010761
0.8580594976852203
0.853135482774993
0.8486805259355713
0.8442583613661211
0.8394047852566224
0.833639190844427
0.826476528516647
0.8174394779385938
0.80607043327946
0.7919430374134464
0.7746729535994891
0.753927698012759
0.7294351837618716
0.700990879548222
0.6684633872438144
0.6317983457231107
0.5910206268499515
0.5462347494142771
0.4976236082578733
0.44544554719466234
0.39002994346535674
0.3317713533235161
0.2711225024134497
0.20858622522582507
0.1447066427139683
0.08005968721334948
0.01524330674722194
-0.04913252150722185
-0.1124557070921097
-0.17412178759892283
-0.23354320965737735
-0.29015810617435805
-0.343438386759723
-0.3928970659740492
-0.4380947448934762
-0.4786451595298154
-0.5142198569242646
-0.5445518563032059
-0.569438401518553
-0.5887427873769552
-0.6023952571701665
-0.610393058245798
-0.6127996778489726
-0.6097432695268521
-0.6014144147121284
-0.5880631211364246
-0.5699952632157579
-0.5475684036540103
-0.5211870901451497
-0.49129767829730797
-0.4583827121946327
-0.4229549295449352
-0.38555095683824187
