1025
0.8090441932784825
0.7492770518319718
0.6868241057189244
0.6219069038773254
0.5547629361387406
0.4856463880946111
0.4148286406431787
0.3425984332743896
0.2692616370389626
0.19514054766635272
0.12057269249941042
0.04590908653744078
-0.02848800407647597
-0.10224782383528128
-0.17499434760910823
-0.24634989510944397
-0.3159390743403908
-0.383392930790652
-0.4483532415034636
-0.5104768061914801
-0.5694396268302659
-0.624940886663117
-0.6767065958118909
-0.7244928175553917
-0.7680883867167395
-0.8073170915784668
-0.8420392016867301
-0.8721523805012694
-0.8975919357134363
-0.9183304358548847
-0.9343767179444779
-0.9457743302392627
-0.9525994733004246
-0.954958514389467
-0.9529851599528517
-0.9468373480783362
-0.9366939880201739
-0.9227515956356607
-0.9052209635361997
-0.8843238470705916
-0.8602898718900243
-0.8333536126517715
-0.803751952676932
-0.7717217686364537
-0.7374979400036937
-0.7013117505337869
-0.6633896663586948
-0.6239524902577528
-0.5832149613366734
-0.5413856302042195
-0.49866719825638567
-0.45525711418625564
-0.41134850124321154
-0.3671313418128233
-0.322793880135914
-0.2785241722989484
-0.23451178506584816
-0.1909494897448008
-0.14803498091541561
-0.10597246758328396
-0.06497412634228633
-0.02526129051863913
0.012934692991392958
0.049371976017218475
0.08379821596996805
0.11595111515341074
0.14555953636062482
0.17234527142042835
0.19602543051280838
0.21631552870597198
0.23293318233200414
0.24560244127746525
0.2540586402121137
0.2580537169016641
0.2573618622355502
0.2517854103514911
0.24116074186299571
0.22536414615254075
0.20431734468877805
0.17799259695531053
0.14641715624716478
0.10967691891806818
0.06791913069263561
0.021353976177129544
-0.029745006909927946
-0.08504179293731001
-0.1441400385434464
-0.20658658080495657
-0.27187618136056063
-0.3394574887768371
-0.40874005902218985
-0.4791023089986011
-0.5499002187001524
-0.6204765704837731
-0.6901705193934032
-0.7583272097861207
-0.8243073108218024
-0.8874961372286085
-0.9473121762158484
-1.0032148804830492
-1.0547114359003167
-1.1013625262721398
-1.1427868674045027
-1.1786645075293731
-1.2087388481803947
-1.232817442679497
-1.2507715469930267
-1.2625346060093223
-1.2680996867388046
-1.2675160758072814
-1.2608851529992011
-1.2483557350583327
-1.230119027540905
-1.206403383572682
-1.177469037727118
-1.1436029357815722
-1.1051138333242452
-1.062327754303182
-1.015583884359693
-0.9652310591418998
-0.9116247151272655
-0.8551245354846916
-0.7960925628692118
-0.7348919126008426
-0.6718859718420573
-0.6074379642159186
-0.5419108833737869
-0.4756676576257601
-0.4090713910697857
-0.34248571437016173
-0.2762749697596628
-0.2108042739700077
-0.14643929427782176
-0.08354565210242235
-0.022487987552579185
0.036371530013276955
0.0926751140245707
0.14607177554793374
0.19622028632312105
0.2427925186427774
0.28547727529178024
0.32398440839515363
0.35804925579920255
0.38743719298935153
0.4119482898934117
0.4314218784602955
0.44574094155487226
0.45483619039605283
0.45868970759536115
0.45733801800265195
0.45087446949006293
0.4394508582513225
0.4232781292539546
0.4026261439227582
0.37782244576487706
0.3492499193238591
0.3173434189534527
0.2825853222073554
0.24550000996245752
0.20664741811280268
0.16661559955477542
0.12601254070591533
0.08545723622037106
0.045570214559712184
0.006963653627310592
-0.029768742084303263
-0.06406191375688831
-0.09538952486356803
-0.12327367238648952
-0.14729409821020722
-0.1670966942934696
-0.18240109336985944
-0.19300717879952012
-0.19880035810864166
-0.19975544902238832
-0.19593901885935122
-0.18751014940901578
-0.17471949167771206
-0.15790660696426106
-0.13749555675120934
-0.1139888298807603
-0.08795961454191899
-0.06004255034850853
-0.030923111278186987
-0.0013257521897949555
0.027998898137903815
0.0562876679427079
0.0827789246985123
0.10672692692412844
0.12741608791216955
0.14417491188708212
0.1563892802673874
0.1635148035617392
0.16508800587403022
0.1607360600517711
0.15018488487531573
0.1332654278104546
0.10991798756482896
0.08019445084065212
0.04425849334247866
0.0023835955049705945
-0.04505096284110326
-0.0975660706724754
-0.1545906459215572
-0.21547112902187796
-0.27948246789480274
-0.34584033497965977
-0.41371433287554504
-0.48224191696206736
-0.5505427380676974
-0.6177331386409107
-0.6829405389729207
-0.7453173603802299
-0.8040543629892153
-0.858393030682986
-0.907636833511205
-0.951161248695077
-0.9884222503371902
-1.0189632780194868
-1.0424204665998527
-1.0585261851810042
-1.067110775059793
-1.068102567862348
-1.0615261152520283
-1.0474988175672075
-1.0262259844204569
-0.9979944302255465
-0.9631647419705502
-0.9221625124696253
-0.8754685260827842
-0.8236082181548471
-0.7671406375249235
-0.706647004222333
-0.6427192163525197
-0.5759484454530497
-0.5069140986073891
-0.43617326955916247
-0.36425101073062854
-0.29163146106508864
-0.21875012070429314
-0.14598735850755234
-0.07366324871279223
-0.002033906410411821
0.06871074158477208
0.13844756847198603
0.20711942471449035
0.27473272518690334
0.34135373376507167
0.40710343976178015
0.47215132048098063
0.5367080276568672
0.6010172833701749
0.6653470715983468
0.7299804148908369
0.7952059345582828
0.861308367262495
0.928559307195074
0.9972083676312281
1.0674748903256728
1.1395404864445935
1.213542470434392
1.2895683278291343
1.3676513723280892
1.4477675795641027
1.5298337209133948
1.6137067182623512
1.6991843018260822
1.7860068290662061
1.8738602746674689
1.9623802456593096
2.051156937119353
2.1397409027518477
2.2276494885498996
2.3143737987314053
2.3993860344034728
2.482147082739626
2.5621141612012153
2.6387484173259446
2.7115223506459922
2.7799268966884383
2.8434781002533667
2.9017232755240574
2.954246553444947
3.000673723033585
3.0406764039521192
3.0739753841855486
3.1003431989768635
3.119605859851821
3.1316437967157142
3.1363919755923195
3.1338392325456863
3.1240268661167234
3.1070464956232704
3.083037315501505
3.052182677026275
3.0147062064287407
2.9708674489567364
2.9209571462516486
2.86529223094147
2.8042106356235585
2.7380660140114546
2.667222470362648
2.592049386592905
2.512916443946882
2.4301889730697166
2.344223642823634
2.255364660902397
2.163940496753672
2.070261194205395
1.9746164017413383
1.8772740388497746
1.7784797136918848
1.6784568920020086
1.5774077272417706
1.475514649752099
1.3729425601429306
1.2698416272961863
1.1663505621906498
1.0626003528295085
0.9587182475577873
0.8548319461162133
0.7510738488198727
0.647585186503075
0.5445199776667059
0.4420485900328633
0.34036084295060004
0.23966848552821485
0.14020695928624913
0.04223638065291989
-0.05395841560617398
-0.14806868380130206
-0.23976358405343726
-0.32869293490135254
-0.4144908378280847
-0.49678024835340484
-0.5751781892714275
-0.6493017569991577
-0.7187745138399988
-0.7832333695397391
-0.8423355332929947
-0.8957655831667787
-0.9432422906723857
-0.9845251048271902
-1.0194200987549398
-1.0477851732345278
-1.0695344343256943
-1.0846415585046922
-1.0931420134792762
-1.0951341663738638
-1.0907791533141464
-1.0802995123133046
-1.063976577884963
-1.042146812164935
-1.0151970213920978
-0.9835586328605821
-0.9477011928399394
-0.908125225209034
-0.8653546206202954
-0.819928763765635
-0.7723945357345422
-0.7232984546589062
-0.67317906027661
-0.6225597412267279
-0.5719421585322703
-0.5218003271023061
-0.4725755519147894
-0.4246722246726193
-0.37845453646965543
-0.334244127864124
-0.2923187055327702
-0.2529115455381184
-0.21621181085917096
-0.18236573864310765
-0.15147841670205847
-0.12361620472089248
-0.09880964325338483
-0.07705670193122637
-0.058326305820404246
-0.04256201257714433
-0.029685720792566803
-0.019601359548873525
-0.012198418875970587
-0.007355302339943913
-0.0049424346939792385
-0.004825036825440148
-0.006865598493661383
-0.010926032930442142
-0.01686943745305738
-0.024561553970460323
-0.0338718833345147
-0.04467455219515277
-0.05684884803531866
-0.07027959574682803
-0.08485729733268171
-0.10047815925888871
-0.11704398210333822
-0.13446201536888314
-0.1526447596665253
-0.17150979644511063
-0.19097961429033325
-0.21098156825955838
-0.23144784139081767
-0.25231556831136803
-0.27352705695723945
-0.2950301172588829
-0.31677851962141734
-0.33873258340027773
-0.360859842354386
-0.3831358140390399
-0.40554484426812953
-0.42808096900494436
-0.4507488095743458
-0.47356441958155443
-0.496556065637419
-0.5197649169604156
-0.5432455473913124
-0.5670662771675478
-0.5913092366306543
-0.6160701560875279
-0.6414578595446065
-0.6675933550709493
-0.6946086057440948
-0.7226448313004381
-0.75185050807038
-0.7823788696514478
-0.8143850875386177
-0.8480230934155608
-0.8834420246455357
-0.920782503215112
-0.9601725932666069
-1.0017237042470273
-1.0455263839684308
-1.0916461455105355
-1.1401193943453223
-1.1909495504441732
-1.2441034500358545
-1.29950812043624
-1.357048009606251
-1.4165627261331188
-1.477845404844549
-1.5406416979595436
-1.6046495127706502
-1.6695194754629097
-1.7348562009945232
-1.8002203253713438
-1.8651313986899913
-1.9290715239279856
-1.991489849512258
-2.0518077552928706
-2.109424786127367
-2.1637252850206163
-2.214085547301132
-2.259881608426993
-2.3004973657706222
-2.335333121385672
-2.363814296652117
-2.3854002968314374
-2.3995932900378047
-2.405946863488161
-2.4040743217044565
-2.39365649770263
-2.374448937628006
-2.3462882282259536
-2.3090974232416572
-2.262890288259983
-2.2077743146769597
-2.1439523451327958
-2.07172274912812
-1.9914779880832079
-1.9037016639537894
-1.8089639123004893
-1.70791524860526
-1.601278947896508
-1.4898419646063077
-1.3744447173620002
-1.2559697294216294
-1.1353294779305128
-1.0134536634257856
-0.8912761401840074
-0.769721802587686
-0.6496937232647535
-0.5320608434026204
-0.4176464126688227
-0.3072175102201704
-0.2014758293604582
-0.10104990878010998
-0.006488932201389361
0.08174173833719203
0.16326336968443678
0.2377848881044945
0.30510231743536814
0.3650966046034304
0.41773009745769846
0.4630417777909696
0.5011414995697514
0.5322034691912
0.5564591651218507
0.5741900138861818
0.5857199601537619
0.591408243652152
0.5916424874501818
0.586832310787253
0.5774035353860592
0.5637931080277665
0.5464447620210034
0.5258053858669998
0.5023220907151746
0.47643989643669576
0.4485999079678829
0.4192379018464255
0.3887831287505577
0.35765726787873103
0.3262733129009634
0.2950343332743983
0.2643319409256883
0.23454446031261117
0.20603466469445486
0.17914710142275367
0.154205010115217
0.1315068981490764
0.11132281091847546
0.09389044121823803
0.0794111799178112
0.06804629773622733
0.05991333461386998
0.05508298846179328
0.05357650784527044
0.05536388401224741
0.06036285331026591
0.06843890231342696
0.0794062919860654
0.09303018251098095
0.10902983603398884
0.1270828778173275
0.14683056315475915
0.1678839106049137
0.18983058107152703
0.21224233562501046
0.2346829051571597
0.2567160189443295
0.27791342106811207
0.29786264965472536
0.31617436700195384
0.33248903035392713
0.3464827842141674
0.35787233851768
0.36641879953284373
0.3719303360608053
0.3742636225139762
0.37332408970707465
0.3690649914460236
0.3614853475213533
0.35062694744431183
0.33657040115649267
0.3194305691453938
0.2993514157168918
0.2765005239402957
0.25106350981533093
0.22323843601244586
0.1932304565631156
0.16124692945503016
0.12749296270608404
0.09216772174405309
0.055461415217689956
0.017553155521787957
-0.021390404676926125
-0.06121553986982676
-0.10178119552314627
-0.14295795188781826
-0.18462638061508455
-0.2266749077450423
-0.2689972176177387
-0.31148950337595716
-0.35404751208281937
-0.3965637285390993
-0.4389246385458767
-0.48100838291390985
-0.5226827310957846
-0.563803623803629
-0.6042142383744834
-0.6437446696099369
-0.6822122408579931
-0.7194224283841514
-0.7551703467058082
-0.7892428382859633
-0.8214209709826032
-0.8514829140686305
-0.8792071561214828
-0.9043758738283061
-0.926778400768842
-0.9462146462948894
-0.9624984598211579
-0.9754607251204558
-0.9849522261589588
-0.9908461302480481
-0.993040085825641
-0.9914579155399602
-0.9860508331417215
-0.976798230541739
-0.9637080175685622
-0.9468165792062259
-0.9261883286911573
-0.9019149382882969
-0.874114311354254
-0.8429292696955701
-0.808526131598028
-0.7710930881096157
-0.7308385476526768
-0.6879893988741499
-0.642789270222204
-0.5954967848087778
-0.5463838470235194
-0.495733932589224
-0.4438404320707329
-0.39100495674135477
-0.33753567957672587
-0.2837456406559125
-0.22995097246723478
-0.17646911438171384
-0.12361685612590706
-0.07170834719089497
-0.021052924623910445
0.028047160553021453
0.07529915447343012
0.12042232646500181
0.1631505759131323
0.20323511888924242
0.24044719441276285
0.27458072365166475
0.30545489128834824
0.33291656667151664
0.3568425187124276
0.37714130157754217
0.3937547974798332
0.4066593074550676
0.4158661388560259
0.42142163685116935
0.42340660692866683
0.42193509598569834
0.4171525121132916
0.40923311995439576
0.39837683821446684
0.38480549683843135
0.3687585141322526
0.35048811556419607
0.3302541820952713
0.30831882614855305
0.28494083422365135
0.2603701000605415
0.23484218551677494
0.2085731819512731
0.18175497842753788
0.15455109728048047
0.1270932295325477
0.09947857234751135
0.0717680831891914
0.04398568316577412
0.01611852771235115
-0.011881694033365814
-0.04009642818428158
-0.06863688872354445
-0.0976397751397558
-0.12726214003610353
-0.15767555147710802
-0.18905965626304908
-0.2215953393498836
-0.2554576764795904
-0.29080879003924126
-0.32779091658923903
-0.36651974980971513
-0.40707835329725456
-0.449511698020297
-0.49382209005436994
-0.5399655189707063
-0.5878490720455353
-0.6373294819223386
-0.6882128110816214
-0.7402553405592109
-0.7931655627744413
-0.8466072978687553
-0.9002038107890672
-0.9535427780260086
-1.0061821124664772
-1.057656349023296
-1.1074835541951413
-1.1551725259920338
-1.2002302015625583
-1.2421690173265294
-1.2805141954524135
-1.3148106855437074
-1.3446297980948347
-1.3695752387312632
-1.3892886364871397
-1.4034543740499694
-1.4118037048852146
-1.4141181293775487
-1.4102320384191898
-1.4000345164280508
-1.383470490893958
-1.36054101474743
-1.3313029953982074
-1.2958681044086082
-1.2544011702135913
-1.207117938937936
-1.1542823092899381
-1.096203111467344
-1.0332304553843874
-0.965751714868082
-0.894187178995903
-0.8189855001033103
-0.7406189085698541
-0.6595783427144009
-0.5763684452774129
-0.4915026184991851
-0.40549807827796475
-0.31887108011384296
-0.23213225619912986
-0.1457822383063571
-0.060307512869962415
0.023823332700850953
0.10616302375563276
0.18628861842039168
0.2638040286508713
0.3383421645135207
0.409566553890654
0.4771725433275887
0.5408880391268248
0.600473828787684
0.6557235381467728
0.7064632026368757
0.7525506157191186
0.7938743661136201
0.8303527330640241
0.8619324838017055
0.8885875620181518
0.9103178153276261
0.9271477517763338
0.9391253869857527
0.9463212290641219
0.9488274070257653
0.9467569555618427
0.9402432796527567
0.9294397521410385
0.9145194338804002
0.8956749070721861
0.8731181126602992
0.84708019970157
0.8178112850721208
0.7855800475659728
0.7506731624333325
0.7133943802527487
0.6740633146946723
0.6330138198658525
0.5905919191752994
0.5471532493888884
0.5030600475978473
0.45867762747875684
0.4143704099658142
0.3704975084645024
0.3274079796460409
0.28543578854411206
0.24489457809145251
0.2060723706625751
0.16922634625555313
0.13457778906839585
0.10230736775629735
0.07255089064047371
0.04539566484705044
0.020877577833557787
-0.00102096142925651
-0.020372148417418273
-0.03730289684043344
-0.05199387160861794
-0.06467744251386491
-0.07563456779024565
-0.08519060454023002
-0.09371016340271544
-0.10159108623081321
-0.10925761791159781
-0.11715300377301804
-0.12573159725173466
-0.13545070629613623
-0.14676230926114414
-0.16010487782687752
-0.17589548018457335
-0.19452227987485898
-0.21633770761221188
-0.24165231216497834
-0.2707295194882324
-0.30378133721845124
-0.3409650806418281
-0.3823811234440444
-0.42807177085507236
-0.47802109618106553
-0.5321558001310008
-0.5903469752494672
-0.6524126574939874
-0.7181211209701794
-0.7871947156558857
-0.8593142190368861
-0.9341234478617598
-1.011234200321313
-1.0902311668122981
-1.1706769696830555
-1.2521170837322126
-1.3340845853597154
-1.4161047622231715
-1.4976994711990468
-1.578391268302384
-1.6577072968538447
-1.7351829365955997
-1.810365247002198
-1.882816221934746
-1.9521158791243365
-2.0178651927167053
-2.079688930554245
-2.1372383376239146
-2.1901937605746875
-2.2382671082868537
-2.281204222705053
-2.3187870356265194
-2.350835576265162
-2.3772097005679664
-2.3978105624971198
-2.4125816869119414
-2.421509709548829
-2.4246246338414537
-2.4219996353023316
-2.4137503225373296
-2.4000334942005157
-2.3810453300440018
-2.3570190815115404
-2.328222219524069
-2.2949531471249442
-2.2575374462930835
-2.2163238208370744
-2.1716797093002627
-2.123986741224936
-2.0736360333386292
-2.0210235192443657
-1.9665453086542688
-1.9105932106590484
-1.853550521011751
-1.7957880718566521
-1.7376606985335066
-1.6795040985000464
-1.6216321377302547
-1.564334670982311
-1.5078757798870088
-1.452492542857578
-1.3983942126372073
-1.3457618386396824
-1.2947482307575964
-1.2454782763591383
-1.1980494970076216
-1.1525328303238662
-1.1089735382208914
-1.0673922314446012
-1.02778588978469
-0.9901289383025553
-0.954374210510185
-0.9204538925431343
-0.8882803981528852
-0.8577471107675539
-0.8287291181912338
-0.8010838580612938
-0.7746517926688213
-0.749257091440628
-0.7247083970837399
-0.7007997612355769
-0.6773117274498411
-0.6540127048241267
-0.630660592947039
-0.6070047919136831
-0.5827885421278949
-0.5577516622565184
-0.5316336654507345
-0.5041772587236317
-0.47513215870769554
-0.4442592044801327
-0.4113346709336711
-0.37615472398093086
-0.3385398883311036
-0.2983394332504064
-0.2554355316908929
-0.20974714459224558
-0.16123335940959052
-0.10989621783088747
-0.05578282123040475
0.0010133214920348152
0.0603518673935252
0.12204609068872273
0.18586430107196356
0.25153224952702036
0.31873644493751696
0.3871283553874422
0.4563294706610595
0.525936976677664
0.5955300852227544
0.6646767088483853
0.732940435210955
0.7998875414767338
0.8650939099666545
0.9281516477017258
0.9886752486266355
1.046307096972289
1.100722265982601
1.1516323561909385
1.1987884125227262
1.2419828183180792
1.281050078229744
1.3158666257294924
1.346349593376925
1.3724546706847405
1.3941731646080426
1.4115283535866547
1.424571333632264
1.4333765337374242
1.438036977153556
1.438659626112465
1.4353608986063149
1.4282624427584374
1.4174875345158
1.4031580214452828
1.3853919967640775
1.3643023510940933
1.339996023992125
1.3125742619677685
1.2821336053946302
1.2487676462376593
1.21256952113996
1.1736349059717206
1.132065488033499
1.0879727131033852
1.0414816426716431
0.9927347642194707
0.9418956272511169
0.889152038917145
0.8347188205732187
0.7788398318322953
0.7217892757967105
0.663872140329694
0.605423685901395
0.546808016643923
0.4884156210129286
0.43066000790807474
0.3739733861697689
0.31880150617868
0.2655977097962009
0.21481638377180848
0.166905795237429
0.12230056959714421
0.08141392935938156
0.04462977967096208
0.012294916739079753
-0.015288588099241135
-0.03787061161782805
-0.05525965492142635
-0.06732883839787102
-0.0740210619234822
-0.07535321546468096
-0.07141930085781739
-0.062392336144491495
-0.04852504255506986
-0.030149141942593927
-0.0076732712606369345
0.01842050629173914
0.047581618640377445
0.07919728262957773
0.11260015804241442
0.14707721605157908
0.18187979318583608
0.21623461705433245
0.24935568620385523
0.28045678395389073
0.30876444212406606
0.33353110335325536
0.35404823264785173
0.3696591299636736
0.37977121074004333
0.38386744788183835
0.38151676536697593
0.3723831255595126
0.3562331150235252
0.332941836065815
0.30249692302328735
0.26500062027834514
0.22066977482919437
0.16983376755326832
0.11293036232416132
0.05049952962035773
-0.016824645539914578
-0.08832381563411143
-0.16320682069899323
-0.24062249536076008
-0.3196735923456786
-0.399431503865051
-0.478951550717533
-0.557288444174816
-0.6335116815192186
-0.7067205003864958
-0.7760581335788058
-0.8407250496778363
-0.8999909433759778
-0.9532052440803478
-0.9998059260008665
-1.039326527017669
-1.071401186397674
-1.0957677499496434
-1.112268817397851
-1.1208508458261743
-1.1215613633478152
-1.1145443933843513
-1.1000342724241527
-1.0783480538323498
-1.0498766830242823
-1.015075233602353
-0.9744523926964936
-0.9285595229660832
-0.8779795032276259
-0.823315657675077
-0.7651809458635874
-0.7041877025964388
-0.6409380920375894
-0.5760154383441587
