1025
-0.7219923949822236
-0.801536580488977
-0.8781262745712834
-0.9512755918017398
-1.0205068197689238
-1.085360928202246
-1.1454078566044785
-1.2002562744125687
-1.249562539430986
-1.293038584116232
-1.3304585234456432
-1.3616637967057352
-1.3865667240556816
-1.405152394166973
-1.4174788621785621
-1.4236756854049766
-1.4239408738383885
-1.418536389276039
-1.4077823432564385
-1.392050112355959
-1.3717545792867154
-1.3473457500936221
-1.3193000080168629
-1.2881112310192322
-1.254282029454228
-1.2183153438473966
-1.180706547487887
-1.1419363077859646
-1.102464250755472
-1.0627236123176564
-1.0231168746465376
-0.9840124500803703
-0.9457423812423836
-0.9086010323999171
-0.8728446561663252
-0.8386917998893823
-0.8063243890464595
-0.7758893553115034
-0.7475007222424722
-0.7212419564518128
-0.6971684973225193
-0.6753103279190986
-0.6556744621170265
-0.6382473120347776
-0.6229968130107679
-0.6098742867543757
-0.5988160152410619
-0.5897445066936838
-0.582569467117566
-0.5771885303072866
-0.5734877411175103
-0.5713418965104651
-0.5706147495191096
-0.5711591799097556
-0.5728173770387353
-0.5754210846527071
-0.578791960994728
-0.5827421329633156
-0.5870749224239409
-0.5915858072926078
-0.5960636347630353
-0.6002920514985302
-0.6040511969952712
-0.6071195878408476
-0.6092761976961337
-0.610302699679476
-0.6099858130899876
-0.6081197157214451
-0.6045084908152937
-0.5989685356515455
-0.591330889728445
-0.58144344708447
-0.5691729887866931
-0.5544069882742259
-0.5370551775542356
-0.5170508149440333
-0.49435162803375704
-0.46894040453899993
-0.44082525083014623
-0.41003944445878165
-0.376640950969705
-0.34071154725918773
-0.30235563580968416
-0.26169870638131754
-0.21888553616883974
-0.17407814369243627
-0.12745355656284127
-0.07920144848850477
-0.02952170117405336
0.02137801548024497
0.07328460602023268
0.12598177665229354
0.17925205888810927
0.23287857546504484
0.2866465018054296
0.3403441856767973
0.39376388211989966
0.44670216952267877
0.49895991941187456
0.5503420083633523
0.6006566670606523
0.6497146439252881
0.6973281581695743
0.7433098328440769
0.7874715749757674
0.8296236253964828
0.8695737598366948
0.9071268750255669
0.9420848620818223
0.9742470204523661
1.0034109372639743
1.0293739335547905
1.0519350600195523
1.0708976217855999
1.0860722089692203
1.097280188212783
1.1043574760703374
1.1071586031383636
1.1055608499062675
1.099468355884282
1.088816069906912
1.0735733184826202
1.0537469754925286
1.0293839545287764
1.0005730411101919
0.9674458663177973
0.930177039744339
0.8889833240497397
0.8441218908282516
0.7958876922516444
0.7446099165364904
0.6906477616673594
0.6343854622131696
0.5762268397929591
0.5165894639472268
0.4558985719556922
0.3945809693726086
0.3330590281531373
0.27174492159982216
0.21103535692840777
0.15130675637007385
0.09291114768113957
0.03617277145585942
-0.018614562213092947
-0.0711892887715514
-0.12132311364434996
-0.16882130174921595
-0.21352222857952213
-0.25529633983388283
-0.2940445572988289
-0.3296962917886764
-0.3622071109444371
-0.3915562523068119
-0.4177440148015045
-0.4407892047179363
-0.46072664403116104
-0.47760489128969164
-0.49148418734035254
-0.502434639697882
-0.5105347204471883
-0.5158700060622666
-0.518532190874404
-0.5186182860907175
-0.5162299964281132
-0.5114731944142139
-0.5044574291311669
-0.4952954273827754
-0.4841025061042686
-0.4709958792039517
-0.456093793679491
-0.43951450240703555
-0.421375054345466
-0.4017899096322003
-0.3808694403249427
-0.35871832871379167
-0.33543393598852145
-0.311104729931546
-0.28580881508057804
-0.2596126830226793
-0.23257023758630607
-0.20472219606206432
-0.17609589750046567
-0.14670562694666994
-0.11655342356676905
-0.08563047808653736
-0.053919033840554124
-0.021394826513373308
0.011969999720476805
0.04620355600421789
0.08133054141112007
0.1173683429803802
0.15432300460837503
0.19218518191286524
0.23092621501062044
0.27049444595076205
0.3108118859223236
0.35177137670833236
0.3932342864545316
0.43502893809566817
0.4769497072424323
0.5187569628386686
0.5601778003569676
0.6009076414576241
0.6406126359481572
0.6789328911405936
0.7154864451446291
0.7498739215921094
0.781683827058499
0.8104983367679591
0.83589949361927
0.8574757468634224
0.8748286179939011
0.8875794631854034
0.895376185898538
0.8978997099897972
0.8948702045910302
0.8860528683949953
0.8712631895844138
0.850371580412052
0.8233073190763867
0.7900616823686478
0.7506902468167683
0.7053142744251475
0.6541211634546499
0.5973639373113607
0.5353597582380217
0.46848748931065876
0.39718432712437424
0.3219415227268992
0.24329927875398613
0.16184089671150817
0.07818621711194669
-0.007015500296244746
-0.09309314084986363
-0.17936166505876325
-0.2651302472519324
-0.3497104538340258
-0.43242438682601353
-0.5126125929092619
-0.5896416278222899
-0.6629111277829988
-0.7318603004155385
-0.7959736616939533
-0.8547859835858153
-0.9078863184217166
-0.9549211055169156
-0.9955962439703775
-1.0296782049812638
-1.0569941039607766
-1.0774308442302685
-1.090933333779213
-1.0975018857167043
-1.097188869814509
-1.0900947597594426
-1.076363661341061
-1.0561784992885939
-1.0297559603497792
-0.9973413442461674
-0.9592034866278559
-0.9156297847839816
-0.8669215779511745
-0.8133898391735668
-0.7553513421397007
-0.693125334930072
-0.6270307441982707
-0.5573839269373178
-0.48449698670987656
-0.4086765876660509
-0.330223251809168
-0.24943106549018237
-0.16658772476969488
-0.08197487957338913
0.004131363834151058
0.09145980347171398
0.17974345292887972
0.2687188797394431
0.3581255960205075
0.4477055740905468
0.5372028678216793
0.6263633959384083
0.7149348497742575
0.8026667280391635
0.8893104779768554
0.9746196934845012
1.0583503593098886
1.1402610791638408
1.220113290074147
1.2976714071854922
1.3727028966024313
1.444978261524503
1.5142709741919418
1.5803573333356098
1.643016317874374
1.7020294439774402
1.7571807386955436
1.8082568069423952
1.8550471427831776
1.8973446903320121
1.9349467360474824
1.9676561828517733
1.9952832430844947
2.017647572556209
2.0345808523997744
2.045929770584614
2.0515594284430247
2.0513570269125547
2.045235802902028
2.03313907977579
2.015044320309634
1.990967046246665
1.9609644493652312
1.9251385995446755
1.8836390072586144
1.8366645458991788
1.7844644351959202
1.727338326668682
1.6656353257155718
1.5997519224006276
1.5301288408114149
1.4572467547505306
1.3816209894422955
1.3037952587342136
1.224334560422028
1.143817395635996
1.0628274551883226
0.9819450095283746
0.9017381788147524
0.8227543296835753
0.7455117766735303
0.6704920745539373
0.5981329987474495
0.5288224937930988
0.46289368865801184
0.40062107622135396
0.3422180348790474
0.2878356292054912
0.23756279172103437
0.19142776850264207
0.14940088018509864
0.11139834750862204
0.07728715536089854
0.04689078858295413
0.019995594684299355
-0.0036423631919425604
-0.024290193893146544
-0.04223095616791085
-0.057756605752652915
-0.07116119705511699
-0.0827346025288254
-0.0927567500091331
-0.10149267580499388
-0.10918828111002095
-0.11606698491871018
-0.12232723890652139
-0.12814090102485157
-0.13365242223342047
-0.13897884617752226
-0.14421042886133872
-0.14941195184185732
-0.1546244242404334
-0.15986726509887725
-0.16514068467672682
-0.17042826319827487
-0.17569958309269665
-0.18091282199160283
-0.18601722957196087
-0.19095544768534387
-0.19566555926837628
-0.20008291502456166
-0.20414162742797237
-0.2077758312068229
-0.21092058827987256
-0.21351257580584493
-0.21549051592510288
-0.2167953715728637
-0.2173703932849835
-0.21716100289122725
-0.21611460554456832
-0.21418031058565432
-0.21130865571706742
-0.20745130879467868
-0.2025608443960049
-0.19659056022199053
-0.18949437367824115
-0.18122685601659547
-0.17174335542180738
-0.1610002635017583
-0.1489554052365129
-0.13556858522171542
-0.1208022672520617
-0.10462234990851257
-0.08699913119399508
-0.06790830232244784
-0.04733209381457965
-0.025260452619430496
-0.001692258310383417
0.023363445475645027
0.04988627425241006
0.07784336642356121
0.10718839723838275
0.13786073173587624
0.16978477093459413
0.20286956288444868
0.2370086611905723
0.2720803027026528
0.3079479150190024
0.34446094790663706
0.3814560505518679
0.41875857745927053
0.4561844021561393
0.49354199142457567
0.5306347078169142
0.5672632883711333
0.6032284069226186
0.6383332986788
0.6723863120396183
0.7052033783150505
0.7366102824317855
0.7664446879645849
0.7945578891150473
0.8208161917956024
0.8451019618706367
0.8673142849973775
0.887369276841731
0.9052000337662377
0.9207563070725784
0.9340039145266029
0.9449239823463974
0.953512085902983
0.9597773363758804
0.9637415609718081
0.9654385552749921
0.9649135632065761
0.9622229569692755
0.9574342111712845
0.9506261569561445
0.9418894969255195
0.9313275881244483
0.9190574099244747
0.9052106618238321
0.8899349023767322
0.873394616693313
0.8557721136766099
0.8372681376451858
0.8181020470503723
0.7985115205450533
0.7787516216648344
0.759093176364661
0.7398204607620747
0.7212280730256875
0.7036170855323853
0.6872904683226082
0.6725478884407275
0.6596799200484638
0.648961891500357
0.6406474401475519
0.634962008094065
0.6320964115540912
0.6322007672638812
0.6353788861962542
0.6416833828983938
0.6511116696755122
0.6636029851934026
0.6790366166265208
0.6972313776872572
0.71794646325411
0.7408836764708726
0.765691032063279
0.791967685772683
0.8192700872616164
0.8471192712299591
0.875009099153668
0.9024152742116762
0.9288048975736924
0.9536464242810891
0.976419665676107
0.9966257113152182
1.0137964605679604
1.0275035916444826
1.0373667197263272
1.0430605980753909
1.0443211920349176
1.0409504746713831
1.0328198968311146
1.0198724110603
1.0021231263351655
0.979658493322208
0.9526341391409173
0.9212714333717643
0.8858528752275419
0.8467164104766864
0.8042489217610722
0.7588789784713383
0.711069052588408
0.6613074405546169
0.6101000035805022
0.5579619693110599
0.5054099535611478
0.45295435281046437
0.40109226360139677
0.350301069730434
0.301032748308683
0.2537090407307429
0.2087174706339894
0.16640829270400584
0.12709232193264897
0.09103966285928815
0.05847927370485637
0.02959928298310383
0.00454802669857372
-0.016564341794118115
-0.03366374453153999
-0.04670966862763725
-0.055692425170970214
-0.06063019965504087
-0.061566098942313165
-0.05856520417204262
-0.051711793375503474
-0.04110675359026056
-0.02686529559464232
-0.00911496545028207
0.012005954171286668
0.03634969537662241
0.06375986196444679
0.09407195328365124
0.12711354902009886
0.16270421261879653
0.2006551826537783
0.24076889688575126
0.2828384405943683
0.32664696982361824
0.37196722672228627
0.41856118275986104
0.46617992080989606
0.5145638013268081
0.5634429728565549
0.6125382909188
0.6615626693181658
0.7102228789624122
0.7582218086487564
0.8052611746848938
0.8510446346658471
0.8952812732350295
0.9376893887739116
0.9780005001857182
1.015963465742893
1.0513486487231487
1.0839519545817609
1.1135986791019834
1.1401470140872596
1.163491082163575
1.1835634195807974
1.2003367821138051
1.2138251996895997
1.2240841641104638
1.2312099870868645
1.235338211045315
1.236641100513724
1.2353242985779067
1.231622561117408
1.225794829619298
1.2181185408026332
1.2088834857769002
1.1983852360733238
1.1869182999701524
1.174769321334542
1.1622102453527434
1.1494918734002457
1.136837874043587
1.124439350244532
1.1124502751807248
1.1009837847568544
1.09010951185255
1.0798520345990499
1.0701905201408992
1.0610595303230108
1.0523510646585872
1.0439177588124042
1.0355772046848437
1.0271172708740097
1.0183023418421577
1.0088803110317084
0.9985901651354958
0.9871699986616205
0.9743652338533496
0.9599368888993951
0.9436696415683059
0.9253795409464264
0.9049210928065419
0.8821936397538535
0.857146741508238
0.8297845015041746
0.8001686735170632
0.7684204153604657
0.7347206956227197
0.6993092241680985
0.6624819659912052
0.6245872473940564
0.5860204990197131
0.5472177701852534
0.5086481140397245
0.47080502494935594
0.4341971331166039
0.3993383151962897
0.36673750936427585
0.3368884434809078
0.3102595593619279
0.28728433442972423
0.26835227091296804
0.25380079705959385
0.2439082499276178
0.23888813827635363
0.2388848317385091
0.2439707863569851
0.25414537546586535
0.26933533403912246
0.28939683381101794
0.31411908625368296
0.3432293893100775
0.37639946312655176
0.4132529049180044
0.45337353327568725
0.4963144076057602
0.5416072503731085
0.588772040769317
0.6373264907957947
0.6867951818855237
0.7367180897227924
0.7866583468569557
0.836208978063443
0.8849985300192057
0.9326954343556809
0.979011075103964
1.0237014953910835
1.0665677861682528
1.1074551842759777
1.1462509993446786
1.1828814784870736
1.2173077715795568
1.2495211368652253
1.2795376446898499
1.3073925214940205
1.333134354912878
1.3568193582183312
1.378505881872751
1.3982493157223184
1.416097568381512
1.432087203211079
1.4462403422307022
1.4585623857871306
1.4690406066834265
1.4776435557246075
1.4843213198669574
1.4890065377856654
1.4916160857947425
1.4920533714927495
1.4902111160665525
1.4859744758473532
1.4792244441258975
1.4698413548799032
1.4577084231648525
1.4427151838108143
1.4247607901285089
1.4037570220747464
1.3796310318294127
1.352327723702835
1.3218118218972756
1.2880694907579358
1.2511096986281016
1.2109651778157327
1.1676931266715078
1.1213756018831933
1.072119725777042
1.0200576532825594
0.9653464020828836
0.9081675165522688
0.8487265964073553
0.7872527063653949
0.7239975963860594
0.659234802375603
0.5932585009209531
0.5263821272948598
0.4589367056365617
0.391268827267894
0.32373825905991277
0.25671510313941237
0.1905765346886347
0.12570302844304734
0.062474186723360026
0.00126409636499305
-0.05756365855695649
-0.11366133425241848
-0.16670249164524983
-0.21638758754942225
-0.2624494783179623
-0.3046586952671154
-0.3428283290246489
-0.37681834738281017
-0.40653915115275674
-0.43195426217395766
-0.4530819486447819
-0.4699956996497038
-0.48282346476685156
-0.4917455640083296
-0.496991340653445
-0.49883448995392776
-0.4975872555713307
-0.4935934818390943
-0.4872208327396499
-0.478852267585648
-0.4688770292198677
-0.45768142755037505
-0.4456396699411691
-0.43310499112011364
-0.42040139617647054
-0.4078161944123272
-0.3955936546356349
-0.3839298460583601
-0.37296896996122786
-0.3628011261553251
-0.35346170508542857
-0.3449323296521578
-0.3371433143599765
-0.32997754940796653
-0.32327566585852474
-0.31684226153366696
-0.31045300403585907
-0.30386232450180845
-0.2968115023574134
-0.2890367961275489
-0.2802774177630987
-0.2702830798250217
-0.258820893685892
-0.2456814493088761
-0.23068386383813913
-0.2136797604957294
-0.19455604811699703
-0.1732365036122617
-0.1496821760424549
-0.12389066864096729
-0.09589438565185779
-0.06575791627779337
-0.03357463712413508
0.0005372124092860233
0.0364388595142038
0.0739755096951194
0.11298087842496397
0.15328156208229424
0.19470109715437856
0.23706357363510824
0.2801967075498025
0.3239342672560327
0.36811785487405757
0.4125979499628793
0.4572343307254129
0.5018957900158473
0.5464593173518779
0.5908087439895988
0.6348330114440557
0.6784241337112128
0.7214749688037758
0.763876953513805
0.8055178678305058
0.8462797657332358
0.8860371786025683
0.9246556367705584
0.961990620178829
0.9978869674556607
1.0321787857961242
1.0646898610214048
1.0952345832266304
1.1236193658984828
1.1496444788109097
1.173106320538299
1.1937999846571763
1.2115221035602088
1.2260738624053658
1.2372641063204546
1.2449124579952344
1.2488523400103257
1.2489338744726708
1.2450265337815571
1.2370214948781564
1.2248336564294942
1.2084032795944815
1.1876971926413058
1.162709558448265
1.1334622367024796
1.100004683262224
1.0624134506536662
1.0207913089683245
0.9752660162860955
0.9259888081069082
0.8731326155139832
0.8168900849472451
0.7574714743510454
0.6951024313375074
0.6300217605707251
0.5624791320327414
0.4927329147386436
0.42104802824057885
0.3476939295872826
0.2729427124784715
0.19706739924712652
0.12034035305577277
0.04303185308276281
-0.03459108069536095
-0.11226580111651863
-0.18973486576004414
-0.26674678591568096
-0.3430565643362049
-0.4184260987225021
-0.4926243994564697
-0.5654277390486692
-0.6366195594139344
-0.7059903470923758
-0.773337327004182
-0.8384640758542223
-0.9011800537085936
-0.9613000372486972
-1.0186435370913896
-1.073034141416496
-1.1242989453945167
-1.1722679437291539
-1.21677357890673
-1.2576503657788123
-1.2947347175717472
-1.3278649637137714
-1.356881624702421
-1.3816279986609927
-1.4019510465980338
-1.417702626777498
-1.4287411056875403
-1.4349333021088257
-1.4361568119001025
-1.4323026314158405
-1.4232780788622976
-1.409009950540736
-1.3894478269159565
-1.364567483167474
-1.3343742560953067
-1.2989063570548165
-1.2582379164625235
-1.2124817536483579
-1.1617916958902288
-1.1063643745790666
-1.0464404156590177
-0.9823048991725127
-0.9142870868024604
-0.8427592991571182
-0.7681349692230192
-0.6908658192176657
-0.6114382386216033
-0.5303688159879606
-0.44819915408891137
-0.36549003998680024
-0.28281502778122897
-0.20075359379862323
-0.11988398788982074
-0.04077588681503113
0.03601695930082419
0.10996397892255269
0.18056476632445498
0.24735566941012727
0.3099158658052392
0.3678727837772954
0.4209067845797986
0.4687550449592756
0.5112145121695603
0.5481439777314089
0.5794651426068294
0.6051627641382518
0.625283826628344
0.6399358031213482
0.6492840358991057
0.6535483113408879
0.6529986794592736
0.6479506180027533
0.638759633844223
0.6258153648371568
0.609535327840275
0.5903583886361252
0.5687380514943273
0.5451357093221445
0.5200139304102739
0.49382987414511775
0.46702897383232356
0.44003893837540997
0.4132642116951299
0.3870809056153327
0.36183234838697453
0.33782527257985306
0.3153267283241969
0.29456173992723006
0.2757117394279712
0.25891385227759367
0.24426095283269295
0.23180255368428326
0.22154646097916364
0.21346117388199934
0.20747896750310324
0.20349958577870278
0.20139445379438173
0.20101133839687899
0.20217929228192424
0.2047138216586263
0.20842213177231442
0.21310828968637163
0.21857824945906
0.2246445422383071
0.2311305665072188
0.23787434052820347
0.24473164643762554
0.25157845949427027
0.25831263618740613
0.26485483496520745
0.27114856935697823
0.27715953765472434
0.2828741341995823
0.288297300086982
0.2934497031833325
0.298364434880966
0.30308326862820933
0.3076526619946825
0.3121196048195167
0.3165274930250917
0.32091217845931747
0.32529827953217116
0.3296960046173061
0.33409850036313415
0.33847989871797785
0.3427941282385833
0.34697454581832077
0.3509344350119924
0.3545683655669744
0.3577543759724958
0.360356959396107
0.362230728397017
0.363224666208034
0.3631868228581983
0.3619693107125291
0.35943342841697284
0.3554547482475904
0.349927954617504
0.3427713109138487
0.3339305616336161
0.32338213110165764
0.31113548759588966
0.29723461361197473
0.2817584490602176
0.26482034156523077
0.24656647580905064
0.2271733102388378
0.206844120746355
0.18580473635212655
0.1642986143306765
0.1425813723055694
0.12091501712217705
0.09956200139007183
0.07877929662538231
0.05881272665276776
0.039891676462546176
0.02222434624887075
0.005993767176121468
-0.008645442293924858
-0.021569361810586204
-0.032686140338135314
-0.04193638562743824
-0.04929261080085627
-0.05475780506848632
-0.058363164442454686
-0.060165148775675394
-0.060241950985135684
-0.05868954616978779
-0.05561746397194
-0.05114444212435699
-0.045394140374885136
-0.038491040771512414
-0.030556626336635768
-0.021706068333947275
-0.012045392694536453
-0.0016692445810493825
0.009340684313927166
0.020916585949117928
0.03300481481696276
0.04556556136764425
0.058571933713795814
0.0720085736250048
0.08586983302796074
0.100157620053851
0.11487903873996576
0.13004387111193563
0.1456620052488441
0.1617409283474001
0.17828331173440198
0.19528478119526288
0.21273192380456052
0.23060056594293585
0.24885435470516326
0.26744364044888225
0.2863046868656286
0.30535921062584814
0.3245141895260602
0.34366199578430157
0.36268076235167124
0.3814350079659498
0.39977649643750607
0.41754525696650974
0.43457082340085845
0.45067363329801724
0.4656665481333323
0.47935656177171676
0.4915466033598758
0.5020374957168492
0.5106300077603065
0.5171270554444267
0.5213359873265285
0.5230709813066539
0.5221555191084565
0.5184249609492236
0.5117291560490842
0.5019350860769208
0.48892954068194633
0.4726217446522979
0.45294594772339203
