1025
0.2932938049595951
0.3034349805338283
0.3120050877654188
0.3188621145680985
0.3238776023914938
0.3269389539243566
0.32795185502815644
0.3268427304602564
0.3235611735086915
0.31808222707258643
0.3104084532614531
0.3005716673116052
0.2886342557816897
0.2746899995674897
0.2588642984723064
0.24131378529990316
0.22222524246314734
0.20181384505003255
0.18032071438155697
0.15800982419791978
0.13516430690414988
0.1120822609238316
0.08907211407808288
0.06644769803857009
0.044523132891672854
0.023607664192712752
0.004000583654785574
-0.014013648982539283
-0.030169946602077415
-0.044226706552670664
-0.05596940010258187
-0.06521357054066865
-0.07180721499661598
-0.07563250627162382
-0.07660687805630678
-0.07468351581407068
-0.069851276367324
-0.062134120004277045
-0.051590152170402775
-0.03831033230360544
-0.022416985347242166
-0.004062156756821228
0.016574061500809124
0.03928517891243258
0.06383989244533186
0.08998355234509682
0.11743950807746524
0.1459103466110778
0.17507907021512545
0.20461024030427435
0.23415119602168902
0.26333342617746774
0.29177417193644595
0.31907840507739704
0.3448412262966836
0.368650816768055
0.3900920009507697
0.4087504563139855
0.42421761899973437
0.4360962502543244
0.4440066547204179
0.44759343999391726
0.4465327305447957
0.4405396729689768
0.4293760760343087
0.4128579593878569
0.39086281334301975
0.3633363088061217
0.3302982528197716
0.2918475198632744
0.24816576171159924
0.19951967363352857
0.14626165418424242
0.0888287368086814
0.02773966323261036
-0.036409915293373056
-0.10295413019317064
-0.17116537734389517
-0.24026455159316054
-0.30943279349368713
-0.3778245743506417
-0.4445818749673713
-0.5088491268387435
-0.5697886205945828
-0.6265960207670604
-0.6785156542122841
-0.724855163000782
-0.7649992262020102
-0.7984219795668849
-0.8246978410673518
-0.8435104566219328
-0.8546595618724399
-0.8580655518554154
-0.853771659921993
-0.8419436670855377
-0.8228671329519491
-0.7969422104696098
-0.764676153661434
-0.7266736749640672
-0.6836253985462297
-0.636294629438486
-0.5855027758350746
-0.5321137123759383
-0.47701749739280136
-0.4211137087522635
-0.36529487211796774
-0.31043023409796267
-0.25735026781956255
-0.20683227932404186
-0.15958726994705075
-0.11624843497649552
-0.0773614414388318
-0.04337664864063526
-0.014643424127657371
0.008593437376239174
0.026195114896543893
0.03812804328954783
0.0444611632899481
0.04536122864751382
0.04108635734938179
0.031977987938195715
0.018451485837086556
0.0009856454197912045
-0.01988870622713371
-0.043600657467585305
-0.06955151922199652
-0.0971271498362826
-0.12571009329751884
-0.15469127635905733
-0.1834809814019774
-0.2115189692600917
-0.23828353960003404
-0.2632993291025179
-0.28614386971927336
-0.3064526580351804
-0.32392283345287126
-0.3383153818535365
-0.3494558990192907
-0.3572340258310969
-0.3616015353917683
-0.3625693230989452
-0.3602033341003839
-0.3546196271585545
-0.3459787544752602
-0.3344796082831101
-0.3203529316459255
-0.30385469024858003
-0.2852594302223711
-0.26485382360251264
-0.2429305225890081
-0.21978245418418288
-0.19569764236520523
-0.17095466144928484
-0.14581871829588464
-0.12053846652386249
-0.09534347895094368
-0.07044241065408327
-0.046021786298908865
-0.022245384264242336
0.0007458821298572268
0.02283363368410114
0.04392133151837162
0.06393330548955348
0.08281358639397014
0.1005245900389061
0.11704575958811773
0.13237217152752934
0.14651319778401342
0.15949122091846224
0.17134043932268206
0.1821057935029968
0.1918419762613721
0.20061256424841126
0.20848924165218635
0.21555110602232888
0.22188405527561547
0.2275802223678957
0.23273746707122203
0.23745890020910074
0.2418524358298625
0.2460303713098664
0.2501089899839381
0.25420818666427253
0.25845111821689287
0.26296387139681066
0.2678751849860475
0.2733161537293755
0.2794199994760272
0.2863218188486508
0.29415835937790924
0.3030677715471611
0.3131893224221057
0.32466306570682735
0.3376294203914903
0.35222864253161
0.36860016800831796
0.3868817827028199
0.40720860904926537
0.42971191422611926
0.454517660277645
0.4817448833101333
0.5115038300886439
0.5438939075976957
0.579001446365248
0.6168973298712205
0.6576345112480585
0.7012454867589016
0.7477397810224228
0.7971014754229849
0.8492869119660632
0.9042225665258691
0.9618032345135089
1.0218905427346259
1.084311890803369
1.1488598343160188
1.2152920497925146
1.2833318058795342
1.3526690706620883
1.422962222641546
1.4938404015005258
1.5649064559497776
1.6357405105531717
1.7059040813714976
1.7749447174349313
1.8424010949052403
1.9078085188111928
1.9707047023520694
2.030635785871458
2.08716249370432
2.1398662822792733
2.1883554442519415
2.232271008445994
2.271292391521891
2.3051425814877717
2.3335929379590805
2.35646733238353
2.3736456574748765
2.385066571516229
2.3907294530751453
2.390695430049399
2.3850875382902257
2.3740898774907926
2.357945788678281
2.3369550562998156
2.3114700978991856
2.281891209716013
2.248660898170695
2.2122573217011765
2.1731869901221783
2.131976732654871
2.0891651558638102
2.0452936116938734
2.0008969211483776
1.9564939584903889
1.9125783130102574
1.8696091801929637
1.8280027325034136
1.7881240941412104
1.7502801851710732
1.714713557103939
1.6815974579473225
1.6510322196285758
1.6230431389284483
1.5975799366668622
1.5745178706725589
1.5536605066564924
1.5347441831606516
1.5174440600062602
1.5013817077111082
1.4861340405337422
1.4712434839372739
1.4562290762555659
1.4405983452320104
1.4238595993162872
1.4055344056781216
1.3851699274663343
1.362350783011598
1.336710206281653
1.3079401285009098
1.275799989461602
1.2401240310694932
1.200826868854888
1.1579072009858802
1.111449596047126
1.0616242347646843
1.008684710718435
0.9529638508501674
0.8948677563296217
0.834868153778332
0.7734932814657682
0.7113175490317611
0.6489501956799559
0.5870232747379278
0.5261791976452161
0.46705816792832844
0.41028578175592756
0.3564610382749516
0.30614505427628597
0.25985066520032574
0.2180331378875166
0.18108212344409463
0.1493149894142625
0.12297161919498617
0.10221070066035744
0.08710754127101109
0.07765336597703881
0.07375605547309694
0.07524225483827843
0.08186072650228499
0.09328686255051978
0.10912819766184707
0.12893081908999524
0.1521864897797035
0.1783403875828681
0.20679928250739957
0.23694005396751852
0.268118365021139
0.2996774617191719
0.3309568693767261
0.3613009992591311
0.39006748223548376
0.4166351834608499
0.44041184455745847
0.46084119932888523
0.47740961494181905
0.4896520938057437
0.49715766326954475
0.49957407408861226
0.496611770502963
0.4880471272611538
0.47372489169688625
0.45355984548923983
0.4275376664896448
0.3957149626019302
0.3582185471234654
0.3152438607232612
0.2670526787274999
0.2139700302272264
0.15638042698939317
0.09472338777496067
0.02948834944583167
-0.03879102039049302
-0.10954303661495597
-0.18216467261011224
-0.2560286647508843
-0.33049093224565723
-0.4048982511460148
-0.4785961470100889
-0.5509368614254793
-0.6212873135392832
-0.6890370011752163
-0.7536057352929477
-0.8144510335944133
-0.8710751590544256
-0.9230316632918427
-0.9699312803098697
-1.01144713259652
-1.047319080592223
-1.077357153753394
-1.101443952276217
-1.1195359577351638
-1.131663663748228
-1.137930498139845
-1.138510506243637
-1.1336448203019633
-1.1236369121846754
-1.1088466896360583
-1.0896835690754632
-1.0665985851502482
-1.04007571456903
-1.0106225787160978
-0.9787607189201198
-0.9450156485272125
-0.9099069065731185
-0.8739383673008745
-0.8375889684330974
-0.8013041730575506
-0.7654882780541199
-0.7304978238109161
-0.6966362365665136
-0.664149819595165
-0.6332252227248683
-0.6039883828696352
-0.5765050044633784
-0.5507825065924735
-0.526773384507415
-0.5043798541308758
-0.4834596455208759
-0.463832785159878
-0.44528911860566706
-0.42759640252878706
-0.4105087134523601
-0.3937749523160069
-0.3771472131404608
-0.3603887923907529
-0.34328164691501406
-0.32563314326474896
-0.3072819022765742
-0.2881026644160833
-0.2680100804928669
-0.2469613265579467
-0.2249576149733714
-0.2020445282697818
-0.17831124219897124
-0.1538887379213804
-0.12894704792784373
-0.10369166924378449
-0.07835924106943709
-0.05321266686456695
-0.028535743899425477
-0.004627495929640971
0.01820369264021066
0.03964600907309099
0.05939009882770467
0.07713479035345948
0.09259259420403888
0.10549487485338728
0.11559664324033488
0.12268091416177755
0.1265626097726768
0.12709192914662737
0.1241572380189268
0.11768738860332825
0.10765353205670276
0.09407036370662944
0.07699684999514032
0.05653639616633414
0.03283648458791212
0.0060877925575396645
-0.023477218061078706
-0.055586236191320304
-0.08992952943636832
-0.126162863164719
-0.1639109000957276
-0.20277105690151348
-0.24231776505567926
-0.2821071424998787
-0.3216819868031063
-0.3605771035901754
-0.39832482470885794
-0.43446074803054974
-0.46852955719393674
-0.50009087797802
-0.5287250856474827
-0.5540389633811907
-0.5756711599570753
-0.5932973199584982
-0.6066348537974955
-0.6154472066506991
-0.6195476117360436
-0.6188022236039294
-0.6131325995684959
-0.602517412241368
-0.5869934999545641
-0.5666560241948493
-0.5416579021563517
-0.5122083840571299
-0.47857083335801304
-0.4410597370575261
-0.4000369121921063
-0.3559070199382196
-0.3091123993444019
-0.2601272655377366
-0.20945138375295816
-0.15760328543345284
-0.10511307286163711
-0.0525149826862611
-0.00033976406061032134
0.05089302530524004
0.10068263375703873
0.14855457819523638
0.19406783098327435
0.23682153674501175
0.2764612478025414
0.31268450012191223
0.3452456093922887
0.37395965183144086
0.3987054883393428
0.41942779135136593
0.4361380106038942
0.44891424632303445
0.4579000196489709
0.4633019170163578
0.4653861620974299
0.4644741712805317
0.4609371022005232
0.45518954849885446
0.4476824495019203
0.43889531200440035
0.42932793665426483
0.4194917265742092
0.4099007915892254
0.4010629281759297
0.39347072449942894
0.38759287052966507
0.38386584936382684
0.3826862025048915
0.38440342047570014
0.3893136621364619
0.3976543719580048
0.40959990490586207
0.42525822307800304
0.44466876481617706
0.46780146940255357
0.4945570104270643
0.5247682496346114
0.5582028322936533
0.5945669570860995
0.6335101736388504
0.6746312021578089
0.7174845927259705
0.7615881700106731
0.8064311025192848
0.851482420150826
0.8961998907838066
0.940039015645844
0.9824620439016126
1.0229467895382198
1.0609951403203515
1.0961410522765318
1.1279579311518635
1.156065268380526
1.1801344017304476
1.1998933333550743
1.2151305436504265
1.2256977284595523
1.2315114798858708
1.2325538805505512
1.2288720370430015
1.2205766302670955
1.2078394901484892
1.190890317890179
1.1700125963061332
1.1455388414195578
1.1178452148517346
1.0873456713943928
1.054485707084845
1.01973579952334
0.983584624411283
0.9465321767451191
0.9090828174336203
0.8717383468829949
0.8349911677712002
0.7993175802586201
0.7651712726598788
0.7329770718885896
0.7031249599095503
0.6759644701348413
0.6517994456988975
0.6308832883155353
0.61341468280845
0.5995339090089268
0.5893197852378689
0.5827873188165316
0.5798860960583001
0.5804995299025483
0.5844449497033047
0.5914746520417932
0.6012779091515089
0.6134839453437031
0.6276659341607259
0.6433459688954042
0.6600009614943907
0.6770694846976772
0.6939593736327178
0.7100560985245703
0.7247317051511923
0.7373542360112324
0.7472974439904999
0.7539506645810012
0.7567286452953953
0.755081155013494
0.7485022156563924
0.7365386888662097
0.718798231806271
0.6949562151349066
0.6647616865259403
0.6280421107531442
0.5847068541035464
0.5347493298712501
0.4782477167711665
0.41536431596296197
0.346343441223078
0.2715079924685051
0.19125469421902652
0.10604813422792773
0.016413689743504347
-0.0770704960078833
-0.17378237155172493
-0.27306544475007577
-0.3742387506786306
-0.4766070608533177
-0.5794712059447494
-0.6821382349079363
-0.7839313142018666
-0.8841991181084925
-0.9823245419767463
-1.0777326089808796
-1.1698973777114998
-1.2583477961474898
-1.3426723069850663
-1.4225222208740556
-1.4976137483549437
-1.5677286791701548
-1.6327137529935452
-1.6924787002135058
-1.7469930705181944
-1.7962819321514352
-1.840420525183894
-1.879528107464281
-1.9137610399384593
-1.9433054059206138
-1.9683693014146546
-1.989175006485882
-2.0059512902204597
-2.018925993554911
-2.0283191319971943
-2.0343366853171214
-2.03716523702985
-2.03696759304364
-2.033879509958921
-2.028007568590711
-2.0194282799513363
-2.008188372834624
-1.9943062655920862
-1.977774617815471
-1.9585638798943903
-1.936626678410612
-1.9119028777457248
-1.8843251260561302
-1.8538246860610244
-1.8203373380487557
-1.7838091421445477
-1.7442018468789708
-1.7014977682047445
-1.6557039543740841
-1.6068555004189342
-1.5550179084286802
-1.5002883995328031
-1.4427961543328516
-1.3827014902388077
-1.3201939968486087
-1.2554897377917917
-1.1888276020703974
-1.1204649678058358
-1.0506728317807315
-0.9797306162859065
-0.9079207827016138
-0.8355235217633015
-0.7628116574209757
-0.6900459587578688
-0.617471017618282
-0.5453118126999713
-0.4737710860081591
-0.40302756621073565
-0.33323511259471805
-0.26452273144837946
-0.19699547224822953
-0.13073610993930843
-0.06580752050856792
-0.002255616232320742
0.05988727169611084
0.12059874995262429
0.17986260011718416
0.2376650612272977
0.2939913181653132
0.3488223067751189
0.4021320019672001
0.45388524296346966
0.5040362165015271
0.5525275866079365
0.5992903382731809
0.644244307325671
0.687299344255411
0.7283570708741202
0.7673131358688844
0.8040598658561243
0.8384892289476061
0.8704959429068816
0.8999806601816371
0.9268530881306256
0.9510349162216264
0.9724625160228034
0.9910892312689626
1.0068873218970578
1.0198493790742764
1.029989304834211
1.0373427519411134
1.0419671185146226
1.0439410482503384
1.043363555044356
1.0403527616575368
1.0350443691814675
1.027589886575596
1.01815471570469
1.0069161740839316
0.9940614797878005
0.9797858044715413
0.9642904440961898
0.9477811022052091
0.9304664007592215
0.9125565525997116
0.8942622641476959
0.8757938491399353
0.8573605179774616
0.8391698448331993
0.8214273932101094
0.8043364042663245
0.7880975761553031
0.7729088381395861
0.7589651127632618
0.7464579854272763
0.735575257888284
0.7265003742905642
0.7194116405008442
0.7144812622551062
0.7118741521986764
0.7117465395705653
0.7142443417482484
0.7195013770037239
0.7276373778589574
0.7387558889612595
0.7529420694750342
0.7702604632698324
0.7907528017520001
0.8144358559070531
0.8412994917487048
0.8713049079861236
0.9043831743482795
0.9404341276656237
0.9793256627180512
1.0208935153740435
1.0649415380196496
1.1112425348528139
1.1595396568391783
1.2095483952136883
1.2609591377954166
1.3134403083600918
1.3666420147078855
1.4202001876846386
1.4737411505513685
1.5268865293001117
1.5792584099688087
1.6304846887862807
1.6802044464787498
1.728073299493431
1.7737685574716509
1.8169941143248136
1.8574849338006565
1.8950110216731826
1.929380812345726
1.960443843010964
1.9880926674295598
2.0122639334281933
2.0329386060555974
2.0501412959315317
2.0639386902096253
2.074437130864988
2.0817793604242443
2.086140523688947
2.0877234668402047
2.0867534838397566
2.083472600507151
2.0781335158420973
2.0709933416740394
2.0623073043356865
2.052322511367263
2.0412719507745014
2.0293688408337442
2.0168014625126838
2.0037285600166026
1.9902754568529188
1.9765308956278362
1.9625447020255014
1.9483263082853677
1.9338441451006558
1.9190258928243578
1.9037596042917615
1.8878956292809919
1.871249310990939
1.8536043930149606
1.834717069674028
1.8143205897943024
1.792130340723476
1.7678493398509123
1.7411740150774166
1.7118002315527507
1.6794294372728555
1.6437748858483796
1.6045678196365094
1.5615635622669426
1.514547400487663
1.463340249699026
1.4078039310452504
1.3478460549689282
1.2834243963745904
1.2145506849444894
1.1412937344743521
1.063781816492868
0.9822042505128271
0.896812027183144
0.8079175824670434
0.7158934479560989
0.6211699377099527
0.5242317259771113
0.4256133547618327
0.3258936943918344
0.22568939501616334
0.12564741481501335
0.026436701118168406
-0.07126082386176436
-0.1667598304006268
-0.25938153675570547
-0.34846382087556727
-0.43337133343353185
-0.5135053312979793
-0.5883130678751797
-0.6572964702553843
-0.7200199291283029
-0.7761169804394082
-0.8252957614509654
-0.8673430316515359
-0.9021267153333011
-0.9295968844231807
-0.9497851508023127
-0.962802499319276
-0.9688356229178776
-0.9681418763749251
-0.961042975974502
-0.9479176485516573
-0.9291934099025919
-0.9053377169855387
-0.8768487376974697
-0.8442459840539822
-0.8080610534946143
-0.7688287203020877
-0.7270785869299378
-0.6833275117277868
-0.6380729714655281
-0.5917874742694144
-0.5449141571356071
-0.4978635839170188
-0.4510117969939963
-0.4046995717424722
-0.3592328312991139
-0.31488411990405873
-0.2718950132887417
-0.23047931238777175
-0.19082685990567064
-0.1531077835084108
-0.11747697832001425
-0.0840786473070628
-0.05305068974824249
-0.024528771128856208
0.0013500952886991403
0.024444592834951446
0.044606917256246076
0.06168142727972045
0.0755042222481914
0.08590368610229931
0.09270196895110136
0.09571743562165809
0.09476797823327347
0.08967511231696704
0.08026877360652959
0.06639264998372281
0.04790988670075956
0.02470900651307894
-0.0032901595773579765
-0.036130716684912474
-0.07381333865278263
-0.11629147481886526
-0.1634673178143247
-0.21518870860298184
-0.27124711326800993
-0.33137683707265747
-0.3952555022351098
-0.46250591054310525
-0.5326992664875391
-0.605359761948773
-0.6799704461318893
-0.7559802756524678
-0.8328122019385401
-0.9098721137804101
-0.986558417642508
-1.0622720089480846
-1.1364263941176809
-1.2084576551572694
-1.2778340236422152
-1.344064749618617
-1.406708062939585
-1.4653779433943321
-1.5197495443238944
-1.569563089864567
-1.6146261279603769
-1.6548140907138742
-1.6900691503004248
-1.7203974019156647
-1.7458644618716985
-1.7665896663299614
-1.782739002373794
-1.7945170499506355
-1.8021581536981919
-1.8059171386410129
-1.8060598272459047
-1.8028536659548453
-1.79655877971609
-1.7874196373242877
-1.7756576660424201
-1.7614649423282762
-1.74499916890733
-1.7263800304749173
-1.7056870356338336
-1.6829588038410048
-1.6581938270205017
-1.6313526099132623
-1.6023610618061852
-1.571115008903706
-1.5374856203631346
-1.5013255589739656
-1.4624756632869464
-1.4207718609604096
-1.37605216284284
-1.3281635278648403
-1.2769683082956058
-1.2223502773607036
-1.1642198788291485
-1.1025187575563435
-1.0372234247176362
-0.9683479660342886
-0.8959458867014655
-0.8201109617664853
-0.7409772661095453
-0.6587183930740833
-0.5735459002734271
-0.48570718684741904
-0.395482815912103
-0.3031834397580846
-0.20914643326181595
-0.11373233410290658
-0.017321188568090767
0.07969108982932242
0.1768963262539699
0.2738775299426358
0.3702122077949176
0.46547546595537304
0.5592429258669638
0.6510934140645822
0.7406115098184086
0.827389874305327
0.9110314608841034
0.9911516215547624
1.0673800965656883
1.1393629614372058
1.2067645273852976
1.2692692014001385
1.3265833505852334
1.378437113794858
1.4245862087373518
1.4648136745603415
1.4989315695564598
1.526782557237189
1.5482413686653367
1.5632161337500705
1.5716494888881174
1.5735194953952303
1.5688402951071883
1.5576625016287895
1.5400733059693654
1.5161962600464345
1.4861907897086744
1.4502513580595857
1.4086063502480233
1.3615166467483983
1.3092739456742422
1.2521987881481087
1.1906383754092837
1.1249641453348087
1.0555691829792397
0.9828654405836967
0.907280814105118
0.8292561108634607
0.7492419120426361
0.66769534181611
0.5850767993991546
0.5018466358007543
0.4184618183454889
0.3353726135063017
0.25301926112116024
0.17182873422773165
0.09221156815490938
0.014558788294871712
-0.06076101747647439
-0.13340444760212086
-0.20305583515430528
-0.26942953798914515
-0.33227197219379867
-0.39136329532054187
-0.44651876405549956
-0.49758970539126296
-0.5444640887203612
-0.5870666628447075
-0.6253586845362218
-0.6593372025902302
-0.6890339200285647
-0.714513660443635
-0.7358724461264972
-0.7532352619104605
-0.76675350473438
-0.7766022218311108
-0.7829771821086973
-0.786091828405089
-0.7861742294677138
-0.7834640503350532
-0.7782096436234762
-0.770665322495825
-0.7610888411171823
-0.74973917895164
-0.7368746110430366
-0.7227511153309966
-0.7076211074095978
-0.6917324917139351
-0.6753280064339914
-0.6586448117200838
-0.6419142631147728
