1025
-1.1263800771532817
-1.160792334229598
-1.196568403488142
-1.2331657373336549
-1.2700305055717764
-1.3066081836027073
-1.3423541485939903
-1.3767440750344027
-1.4092839088028812
-1.4395192175573754
-1.4670437270622565
-1.4915068455518194
-1.5126200284239557
-1.530161825630931
-1.5439815250316224
-1.554001274206575
-1.5602166545146952
-1.5626956709116464
-1.5615762022535637
-1.5570619334577382
-1.5494168877314165
-1.5389586829803446
-1.5260506412329564
-1.5110929772835877
-1.4945132530644827
-1.476756340370309
-1.4582741333263514
-1.4395152596341696
-1.4209150664010992
-1.4028861028439275
-1.3858093619028724
-1.3700264817203356
-1.3558331026516113
-1.3434735561064948
-1.3331369841088243
-1.3249549923097361
-1.3190008643740143
-1.3152903463541399
-1.3137839359956578
-1.3143905867208177
-1.3169727027535987
-1.3213522248173186
-1.3273176382202951
-1.3346316321382206
-1.3430391868224365
-1.3522758141046798
-1.36207570097511
-1.372179470446139
-1.3823413687044694
-1.3923355873312375
-1.4019615999423591
-1.4110483143656478
-1.4194569453106338
-1.4270825417619957
-1.4338541345002591
-1.4397335478594937
-1.4447129516147519
-1.4488112435253204
-1.4520694601749564
-1.4545453702802127
-1.4563075082771786
-1.4574288381787128
-1.4579803420315582
-1.458024755110658
-1.4576106954118562
-1.456767420294115
-1.4555004086084746
-1.4537879370444293
-1.4515787990515812
-1.448791227937228
-1.4453131245735011
-1.441003530809294
-1.435695354948829
-1.4291992472715722
-1.4213084859887493
-1.411804719619859
-1.4004643918055546
-1.387065611648375
-1.3713952411112962
-1.3532560027671998
-1.3324733181812323
-1.3089017163593433
-1.2824305527509687
-1.2529889126942484
-1.220549505721496
-1.1851314629918208
-1.1468019480459228
-1.1056765552864916
-1.0619184830747084
-1.015736534362455
-0.9673820187503226
-0.9171446620529039
-0.8653476640333534
-0.8123420611149875
-0.7585005736867486
-0.7042111046437369
-0.6498701198899837
-0.5958760393139184
-0.542622859211786
-0.4904941321697422
-0.43985747821066506
-0.39105970562627657
-0.3444226789991402
-0.300239935659524
-0.2587741602683154
-0.22025544646287643
-0.18488037479955427
-0.15281186868092092
-0.12417970400722567
-0.09908165375256357
-0.07758513352455564
-0.0597292436978461
-0.04552712118112568
-0.03496844362246603
-0.02802202318327474
-0.024638376600604327
-0.024752139879392593
-0.028284314905022454
-0.03514422900292924
-0.04523119803745698
-0.058435818562485246
-0.07464091909465764
-0.09372212265497658
-0.11554806327829904
-0.1399802919391537
-0.16687284517591622
-0.19607160360612222
-0.22741342851649057
-0.2607251554352115
-0.295822526362427
-0.3325090552422252
-0.37057497095182496
-0.4097962393954564
-0.4499337317723715
-0.4907326212078859
-0.5319220156287511
-0.5732149052774457
-0.6143084704768225
-0.6548847304372244
-0.6946116610619483
-0.7331447033198751
-0.7701287367137489
-0.805200533059871
-0.8379916397874225
-0.8681317423789084
-0.8952524445594724
-0.9189914543307844
-0.9389971338376134
-0.9549333484087198
-0.9664845681593299
-0.9733611341109301
-0.9753045991775101
-0.9720930655574793
-0.963546410044329
-0.9495312643768987
-0.9299656932057564
-0.9048234067756408
-0.8741374160486736
-0.8380030457914693
-0.7965801689667956
-0.7500946245224173
-0.6988386947133552
-0.6431706231623882
-0.5835131180967619
-0.5203508184989313
-0.4542267228117811
-0.3857375970384853
-0.315528409501103
-0.24428583378412175
-0.1727309027079216
-0.10161092190863165
-0.031690724426460766
0.036256600993342325
0.10145935549412173
0.16315715282970716
0.22061092813166966
0.2731129125691969
0.319996400590149
0.3606451808328216
0.3945024688740422
0.42107920842417385
0.4399615884281338
0.4508176905782358
0.45340310072850526
0.4475654343107816
0.43324763925125764
0.41049005025031515
0.3794310909313294
0.34030663207675094
0.2934479466645814
0.23927828102206553
0.17830807435806448
0.11112882985665128
0.0384057514975998
-0.0391308116988445
-0.12069498667319112
-0.20545593366762177
-0.29254919906019905
-0.3810887205657781
-0.4701792433613935
-0.5589290515365648
-0.6464627119821684
-0.7319337017206153
-0.8145366560836601
-0.8935190664146286
-0.9681921929933252
-1.0379410218067473
-1.102233066375126
-1.1606258892360626
-1.2127731405951248
-1.2584290610086575
-1.2974513365378868
-1.3298022205388274
-1.3555479609016265
-1.3748564655289404
-1.3879932865083027
-1.3953160005766412
-1.3972670400862828
-1.394365173175361
-1.3871957039588645
-1.3763996525471356
-1.362662061421001
-1.346699671065665
-1.3292481572682489
-1.3110492100519655
-1.292837660428679
-1.275328886734248
-1.2592067265734295
-1.2451121576411548
-1.2336328605137779
-1.2252939387347277
-1.2205498855478614
-1.2197779640619217
-1.2232730846330264
-1.231244283747354
-1.2438128188592124
-1.261011866263102
-1.282787870360297
-1.30900339352879
-1.3394414506835488
-1.3738111678455935
-1.411754644375432
-1.4528548329926334
-1.4966442470710355
-1.5426143572765771
-1.5902253394353116
-1.6389161354928687
-1.6881144241622257
-1.737246464773472
-1.7857465070627578
-1.8330656546507686
-1.878679967491809
-1.9220977426912778
-1.9628657943257257
-2.0005747045866147
-2.0348629790646062
-2.0654200922338775
-2.091988422852151
-2.1143641479918487
-2.132397121331106
-2.1459898504927644
-2.155095657365192
-2.1597161504023457
-2.1598981092491822
-2.155729948621167
-2.1473378339102984
-2.134881630270172
-2.1185507391201517
-2.098559966629168
-2.075145475965522
-2.0485609244910785
-2.0190737923020805
-1.9869619875874884
-1.952510695992956
-1.9160095137680857
-1.8777498255337925
-1.8380224162522523
-1.7971153098363435
-1.7553117448854028
-1.7128883309210028
-1.6701132932611895
-1.6272448091388938
-1.5845294185136967
-1.5422005200255213
-1.5004768952999241
-1.459561367048621
-1.4196395356373874
-1.3808786873418462
-1.3434268719192715
-1.3074122347581343
-1.2729426250122153
-1.2401055356750375
-1.2089684275435673
-1.1795794331060858
-1.1519685291969248
-1.1261491085558246
-1.1021199873934793
-1.0798678168781326
-1.0593698316791709
-1.0405968930854828
-1.0235167219888346
-1.0080972475238938
-0.9943099365959899
-0.9821330064742395
-0.9715543771925308
-0.9625742579341896
-0.9552072381448512
-0.9494837724023768
-0.9454509865991753
-0.9431726963086734
-0.9427286183968596
-0.9442127573399233
-0.9477309164156094
-0.9533974529594618
-0.9613312683939654
-0.9716511701869078
-0.9844707060516743
-0.9998926353126886
-1.0180031586721383
-1.0388661447286327
-1.0625174609337584
-1.0889596676694788
-1.1181572074247934
-1.150032261286968
-1.1844614585078808
-1.2212735326100586
-1.2602480292387055
-1.3011151687260025
-1.343556849867662
-1.3872088624379266
-1.4316641936060226
-1.4764774462264574
-1.521170222168215
-1.5652373207228027
-1.6081537074759829
-1.6493819252630293
-1.6883799349323418
-1.7246090392049473
-1.7575418521428565
-1.7866699845363765
-1.8115113881970144
-1.8316171342578473
-1.8465775112691685
-1.8560273447897262
-1.8596504054398846
-1.8571829112897213
-1.848416075590346
-1.8331976368051828
-1.811432501770514
-1.7830825098509173
-1.7481653423441352
-1.7067527449361333
-1.65896811850106
-1.604983633309604
-1.545016905663099
-1.4793274584386447
-1.4082129790351348
-1.3320055536771425
-1.2510679196047723
-1.1657898303896421
-1.0765846032982611
-0.9838858673350951
-0.8881445761429779
-0.7898262508517839
-0.6894084558595492
-0.5873785087822081
-0.4842313611994246
-0.3804676033849673
-0.27659155458990603
-0.17310937588757763
-0.07052714552689605
0.03065116562632758
0.12992583857443907
0.22680375044866297
0.3208009167843279
0.4114452555614808
0.4982795943238615
0.5808648830093429
0.6587835973468756
0.7316433056669254
0.7990803070733155
0.8607633313050573
0.9163971677168508
0.9657261733224558
1.008537577093411
1.0446644668537
1.0739883807486557
1.0964414353072556
1.112007885914828
1.1207250914336486
1.122683769742275
1.1180275842169698
1.1069519710737832
1.0897022545074022
1.0665710292992217
1.037894877584784
1.0040504587429562
0.965450045676496
0.9225366008143012
0.8757785085927114
0.8256640285036331
0.7726956781172757
0.7173845710632714
0.6602449103974759
0.6017887227551382
0.5425209602964199
0.4829350486635555
0.423508997390528
0.3647021193972524
0.306952395130931
0.25067451958885184
0.19625862181362924
0.1440696308723006
0.09444722710455448
0.04770632324991879
0.004137980626775457
-0.0359893681391146
-0.07242847200599214
-0.10495173178003024
-0.13334973536418396
-0.15742993278779058
-0.17701561140485964
-0.19194523230228577
-0.20207226926184077
-0.20726553072309617
-0.20741008436327807
-0.20240874267106973
-0.19218411225132878
-0.17668118322820134
-0.15587034461028995
-0.12975078126763973
-0.09835410845874125
-0.061748123138652515
-0.020040526903365677
0.026617540220973377
0.07802829879224774
0.1339446248095532
0.19406797475722123
0.2580470990834227
0.32547762203512337
0.3959026183334109
0.46881422344029156
0.5436563449540673
0.6198284686152292
0.6966905521280099
0.7735689360462321
0.8497632351267076
0.9245540616663783
0.9972114697647443
1.0670039863397591
1.1332080293319395
1.195117569119406
1.2520537909087914
1.3033746653750786
1.3484841115176225
1.386840693866081
1.4179655810965768
1.4414496985136316
1.4569598742759027
1.4642438956487627
1.4631343794987675
1.453551401582767
1.4355038466198489
1.4090894311400524
1.374493498258065
1.3319865372432411
1.2819205559961409
1.2247243462999482
1.1608977909004607
1.0910052789373408
1.0156684023395446
0.9355580430003138
0.8513859860762343
0.7638962488798342
0.6738561698023551
0.5820475042131352
0.4892575689533226
0.3962705826814762
0.3038593224884969
0.21277716073384048
0.12375060947522143
0.03747237676877561
-0.04540491166383907
-0.12427437095655608
-0.19857980144824167
-0.2678199007680801
-0.3315517401190516
-0.389393482944348
-0.4410263343208698
-0.48619575775481716
-0.5247119146389431
-0.5564494142486348
-0.5813463265606923
-0.5994025408833408
-0.6106774767192437
-0.6152871902208733
-0.6134009586592738
-0.605237332369018
-0.5910597965610217
-0.571172037866405
-0.5459129431228376
-0.5156513681438021
-0.48078080527860334
-0.4417139679910633
-0.39887743335615655
-0.3527063940102972
-0.3036396006718246
-0.25211455868791005
-0.19856305809870242
-0.1434070591246265
-0.0870550036883601
-0.029898548436430694
0.027690241842300768
0.08536126423860864
0.1427882954784953
0.19967052503450555
0.25573369532011897
0.31073091445128503
0.36444318895256095
0.4166797236451562
0.4672780369343647
0.5161039359036266
0.5630513995648887
0.6080424047996654
0.65102668419293
0.6919814780858902
0.730911222589531
0.7678472019210183
0.8028471015593595
0.8359944440440387
0.8673978593588736
0.8971901209630754
0.9255269074641532
0.9525852260930974
0.9785614599752793
1.0036689782958343
1.028135286179504
1.0521987067504202
1.0761045960576168
1.1001010844539172
1.1244344287827275
1.149343998406275
1.1750570048451867
1.2017830489004817
1.2297086370829942
1.2589917536745354
1.2897566777320024
1.3220891515309536
1.3560320824342393
1.3915818819880932
1.4286856209981764
1.4672390915581999
1.5070858988058435
1.5480176360832965
1.5897752488728656
1.632051548986901
1.67449493386261
1.716714242911508
1.758284686946094
1.7987547597909535
1.8376540159644796
1.8745015173389143
1.9088148444215605
1.9401193875673404
1.9679578192778793
1.9918994089290785
2.011549086062692
2.02655593897545
2.036620999735451
2.0415041119004704
2.0410296847287084
2.0350912580687797
2.0236546436995915
2.0067597131060504
1.984520600447091
1.9571244788467008
1.9248287868177716
1.8879570639913856
1.846893417090719
1.80207577329149
1.753988076484452
1.7031515592061417
1.6501153696432787
1.5954466643336875
1.5397204954940782
1.4835096389368032
1.4273746648491632
1.371854414669165
1.317457135903852
1.2646524499085685
1.2138643583890354
1.1654653734002154
1.1197719644803368
1.077041345851446
1.0374696711302636
1.0011916831241277
0.9682817243800486
0.9387561118295892
0.9125767522704594
0.8896558852743438
0.8698617819108208
0.8530252442843462
0.8389467187439069
0.8274037711111029
0.8181587761081242
0.8109665476242373
0.8055817331265892
0.8017657719051087
0.7992932258714089
0.7979573362172138
0.7975746608120979
0.7979887096229544
0.799072482876561
0.8007298957655892
0.8028960871491976
0.8055366308455472
0.8086457286301244
0.8122434757960671
0.8163723022644082
0.8210927743052746
0.8264788535488852
0.8326128335626808
0.8395801066071491
0.847463934091307
0.8563403896592093
0.866273625792857
0.8773116222014056
0.8894825168701397
0.9027916129701085
0.9172191462511327
0.9327188553390712
0.9492173580603624
0.966614333915307
0.9847834722739197
1.003574134606232
1.022813645719597
1.0423101292418873
1.061855777307149
1.0812304480526533
1.100205480189286
1.1185476060435788
1.1360228622907118
1.1524004042206686
1.167456136987381
1.1809760794402957
1.1927594305160694
1.2026212726641745
1.210394893358084
1.2159337272008042
1.2191128941583484
1.2198303653529345
1.218007777971679
1.2135908993081117
1.206549801595381
1.1968787691195621
1.184595952722507
1.1697427958778057
1.1523832962616318
1.132603061183945
1.110508204074329
1.0862240799989746
1.0598938730640262
1.0316769930221008
1.0017473450417296
0.9702914106638337
0.9375061814013483
0.9035969120255594
0.8687747631172723
0.8332542755408933
0.7972507678070884
0.7609776493603901
0.7246437393522284
0.6884505780469811
0.6525898473415065
0.6172409401754484
0.5825687191733518
0.5487216008159629
0.5158299135881859
0.4840047116991769
0.4533369701056761
0.42389727536380967
0.3957360153394511
0.3688840150851762
0.3433536879738064
0.31914059329688355
0.2962254174125625
0.27457623023362543
0.25415105423090156
0.2349005213087876
0.2167706427063746
0.19970548311992026
0.18364974827592417
0.16855106648341683
0.15436198499788611
0.14104152198982922
0.12855627922305513
0.11688099396061785
0.10599859300839208
0.09589965649528401
0.08658140860013164
0.07804614924564332
0.07029932016250283
0.06334718360018689
0.05719423106631253
0.05184044379876411
0.047278497022391675
0.0434909899201915
0.04044786015467114
0.03810407205823652
0.036397640195405964
0.0352481051432706
0.03455550919902011
0.034199961852400894
0.03404175103337223
0.03392210225983781
0.033664497507588924
0.03307661124244823
0.031952750685823976
0.030076822213101134
0.027225673961307924
0.023172823923949218
0.01769245952749986
0.01056359874917784
0.0015743942216220146
-0.009473565418961246
-0.022760996918370406
-0.038446790116189844
-0.05666408380099245
-0.0775165840835255
-0.10107521956127892
-0.1273751297559667
-0.15641309898157232
-0.188145410656652
-0.22248619228327632
-0.25930626617458613
-0.29843255636919847
-0.3396480394484519
-0.3826923075404631
-0.4272627149089053
-0.4730161738584546
-0.5195715837125492
-0.5665129119166284
-0.6133929280712024
-0.6597376042876042
-0.7050511300244426
-0.7488215627698096
-0.7905270419680505
-0.8296425310475667
-0.8656470264475736
-0.8980311194745934
-0.9263048628887254
-0.9500057853741212
-0.9687069358063546
-0.9820248226118177
-0.989627111470607
-0.9912398817239596
-0.9866543134193313
-0.9757326336651273
-0.9584131645838789
-0.934714331235291
-0.9047374690065905
-0.8686683699525696
-0.8267774257382012
-0.7794183128692915
-0.7270252080884011
-0.670108511943855
-0.6092491026563939
-0.5450912073329272
-0.47833397743252876
-0.40972189880705134
-0.3400342049345764
-0.2700734868586476
-0.2006536957367329
-0.13258778536668828
-0.06667524470028191
-0.003689743583955461
0.05563283663697132
0.11060574291801258
0.1606018570702411
0.205063112752466
0.24350869389951693
0.27554179725246436
0.30085488775210334
0.31923333740083576
0.33055738935982015
0.33480247761789017
0.3320378917733851
0.3224238941449242
0.30620736837161544
0.28371615387177335
0.2553522275455255
0.2215839176712928
0.18293733722948316
0.13998728155605977
0.09334778680180923
0.04366253643383815
-0.008404631909738773
-0.06217898372789565
-0.11698369996828249
-0.17214814875123693
-0.2270154313773007
-0.2809492227005797
-0.3333397021269817
-0.3836087197152272
-0.4312140417966088
-0.47565280540761357
-0.516464182145191
-0.5532313319973775
-0.5855827286389181
-0.6131929463198217
-0.6357829878883053
-0.6531202724903935
-0.6650183508901751
-0.6713364389255791
-0.6719788229332018
-0.6668942246500078
-0.6560750981616015
-0.6395569640291423
-0.6174177074686926
-0.5897768672252408
-0.5567948911182684
-0.5186723116069079
-0.4756487784955102
-0.4280019593047557
-0.37604615982110284
-0.320130712235305
-0.26063802869222547
-0.19798129187317814
-0.13260177490399466
-0.06496574510822806
0.004439018202618096
0.07510709978154327
0.14651968095408122
0.2181490946206419
0.28946365414681546
0.3599326845329069
0.4290316832748518
0.49624754774993385
0.561083784920329
0.6230656057752533
0.6817448228852546
0.736704508924971
0.7875632865622411
0.8339792182361213
0.8756532149219409
0.9123319149835314
0.9438100018728313
0.9699318826209412
0.9905927558026272
1.005738997719974
1.0153678952923582
1.019526695617669
1.01831101441117
1.0118625736698628
1.000366343870384
0.9840470860977426
0.9631653548427284
0.938012999924937
0.9089082515138298
0.8761904129846357
0.8402142884187686
0.801344379122592
0.7599489688122517
0.7163942053036031
0.6710382261912665
0.6242255045390517
0.5762814611922675
0.5275074876324239
0.4781764631308347
0.42852886752182795
0.3787695805832621
0.329065441567438
0.27954364340633664
0.23029097980013905
0.1813540159556532
0.1327401543712713
0.08441960266914982
0.03632820860482964
-0.01162891467535205
-0.05957301201492339
-0.1076466881935335
-0.15600839670912586
-0.20482651851713315
-0.2542731940779665
-0.3045180443688796
-0.3557219359272281
-0.40803089936154563
-0.4615703975637203
-0.5164400358329628
-0.5727088415129924
-0.6304111922295941
-0.6895435211865825
-0.7500618232268099
-0.8118799876150652
-0.8748690358577683
-0.9388571964212958
-1.0036308186848066
-1.0689360995994455
-1.1344815397822647
-1.1999410803698487
-1.2649578294737842
-1.32914830056852
-1.3921070744761548
-1.4534118037807444
-1.512628444322583
-1.569316682151238
-1.6230354272896006
-1.6733483530258795
-1.7198293662473563
-1.7620680059629514
-1.7996746702176127
-1.8322856740703908
-1.859568058181214
-1.8812241098233426
-1.896995597368809
-1.9066676492157901
-1.9100722165907436
-1.907091125890812
-1.8976586603199601
-1.8817636134361246
-1.8594507384194487
-1.8308216810708122
-1.7960351547377587
-1.755306486654051
-1.7089064288315414
-1.6571591911827217
-1.6004397788550775
-1.5391705013069834
-1.473816783769094
-1.4048822780895411
-1.332903282080947
-1.2584426163439772
-1.1820829703318525
-1.1044198695108027
-1.026054361410019
-0.9475855517350805
-0.8696031189535239
-0.7926799853905478
-0.717365225883016
-0.6441774311024502
-0.5735985833868015
-0.5060686203433453
-0.44198077058805874
-0.38167774109927555
-0.32544884299103
-0.2735280799671252
-0.22609322230533596
-0.18326585966346182
-0.14511241664763827
-0.11164602498122199
-0.0828292394424414
-0.05857747599252293
-0.03876302685404908
-0.023219608470177507
-0.01174723186593648
-0.004117330545566056
-7.797796694525373e-5
0.0006409162058628037
-0.0016774588116065983
-0.0067416314106214644
-0.01425635832462127
-0.02392672274327741
-0.035461789428065084
-0.04857779887827084
-0.06300084097322288
-0.07846906393189688
-0.09473439556251023
-0.11156384359745077
-0.12874039412518704
-0.14606356974617787
-0.16334973509007422
-0.18043215238979302
-0.19716091165837482
-0.21340274886817714
-0.22904083956158366
-0.24397457631771163
-0.2581194043958537
-0.2714066996834317
-0.28378375163883823
-0.2952137941324519
-0.3056761196533788
-0.3151662411930869
-0.32369607218041047
-0.33129408551445205
-0.33800542265633254
-0.34389190254527524
-0.3490318842182604
-0.3535199585477922
-0.3574664099300792
-0.3609964447209391
-0.36424914638742556
-0.3673761644193948
-0.3705401159742843
-0.3739127332441391
-0.3776727602769977
-0.38200365198761654
-0.3870910755355748
-0.393120318494096
-0.40027359850591543
-0.4087273681165764
-0.41864964931514453
-0.4301974657118169
-0.4435143993876856
-0.45872835225581104
-0.4759495104506146
-0.4952685663760967
-0.5167552198729362
-0.5404569366125157
-0.5663980236080511
-0.5945789681192041
-0.6249760414262068
-0.6575411830146648
-0.6922021008522734
-0.7288626014449147
-0.7674031267240031
-0.8076814649896112
-0.849533655155778
-0.8927750363855422
-0.9372014774523468
-0.982590768482893
-1.0287041902878573
-1.0752882596006608
-1.122076680313646
-1.1687924967012493
-1.2151504666642912
