1025
0.4029992875696238
0.31931895466384014
0.2374881043475976
0.1583409211117666
0.08267819677770688
0.011254168851762487
-0.0552355587704399
-0.11616477729627164
-0.17098586175310806
-0.21923718232601364
-0.26054863376153514
-0.2946451609334645
-0.32134829605366216
-0.3405757092329786
-0.3523388648555862
-0.3567389428111897
-0.35396119370462686
-0.3442679646871333
-0.32799064018432733
-0.3055207990846241
-0.2773008481171087
-0.24381445563608678
-0.20557704563887355
-0.16312662742188236
-0.1170151805134456
-0.06780082020668686
-0.01604089279916523
0.037713894936015624
0.0929242300991303
0.1490658267225089
0.2056319486736649
0.2621349234829823
0.31810672079786095
0.3730987911806478
0.4266812785749941
0.4784418457085278
0.5279842692090239
0.5749270298032593
0.6189020611232353
0.6595538297871083
0.696538922914867
0.729526194090445
0.7581976155724851
0.7822498374193181
0.8013964668602485
0.8153710401881475
0.8239306074254338
0.8268598207701221
0.8239754329995309
0.8151309699860592
0.8002215030395257
0.7791882624737777
0.7520229656801571
0.7187716438407444
0.6795378315812048
0.6344849681472354
0.5838378889884939
0.527883304195216
0.46696923383729677
0.4015033407586697
0.3319501857425651
0.2588274444726132
0.18270112908832414
0.10417995692763644
0.023908934645332246
-0.057437670491496624
-0.1391638391550948
-0.22055961500249535
-0.3009091026405225
-0.37949844185807746
-0.4556236524743452
-0.5285982054649435
-0.5977601768537782
-0.6624789113543191
-0.7221611222834506
-0.7762563182100792
-0.8242615704409002
-0.8657255770270796
-0.9002520281889963
-0.9275022586276483
-0.9471972798264061
-0.9591191402224943
-0.9631117390469208
-0.9590810844137336
-0.9469950694260065
-0.9268828090754093
-0.8988336016956999
-0.8629954985102274
-0.8195736064395884
-0.7688280534433534
-0.7110717173410938
-0.6466677063350093
-0.5760265991025356
-0.4996034600143797
-0.41789465097524897
-0.3314344200450339
-0.24079131132442216
-0.14656434200447757
-0.049379043355659326
0.050116712455572754
0.15125703258716527
0.2533624492689747
0.3557445147787998
0.45771049829881894
0.558568154117632
0.6576305585561562
0.7542209729714121
0.8476777386157165
0.9373591440042998
1.0226482638386
1.1029577339707688
1.1777344372222054
1.246464097447329
1.3086756922658305
1.363945708023686
1.4119021972000392
1.4522285191337814
1.4846668327774002
1.5090211771549684
1.525160167423038
1.5330191663452197
1.5326019259119505
1.523981590157095
1.5073010048352617
1.4827723095505274
1.4506756645700298
1.4113571457642236
1.3652257678597473
1.3127495784456495
1.254450863612492
1.1909004475179006
1.1227112255846283
1.0505308561242526
0.9750338714726227
0.8969131775966563
0.8168711789588942
0.735610655999722
0.6538255496434167
0.5721918247202944
0.49135865856110456
0.41194004636186815
0.33450704296143186
0.2595808325828718
0.18762668104939512
0.11904898160690894
0.05418743441755251
-0.006685568260785316
-0.06336631034647432
-0.11571987830167635
-0.16367908532598913
-0.20724223153021348
-0.24646984451637508
-0.2814804313885797
-0.3124454632850235
-0.33958369689135687
-0.3631549729525238
-0.38345370162647635
-0.4008021874408824
-0.41554389819199594
-0.42803690143616807
-0.43864751888619397
-0.44774438741944445
-0.4556929390028611
-0.46285044922781554
-0.4695616119851471
-0.47615475930948575
-0.4829386548633441
-0.49019988455588653
-0.4982008052279923
-0.5071780122128986
-0.5173412754237467
-0.5288728537887941
-0.5419272041650273
-0.5566309113606631
-0.5730828996086529
-0.5913547844961085
-0.6114913749361491
-0.6335112569181308
-0.6574074688076842
-0.6831482089010709
-0.7106776309859302
-0.7399166587728624
-0.7707638978621526
-0.8030966037823152
-0.8367717856074768
-0.8716274065405011
-0.9074837301217645
-0.9441448499718965
-0.9814003617576331
-1.0190272394984536
-1.0567918783698607
-1.0944523101647632
-1.13176055245382
-1.1684651207681567
-1.2043135875663529
-1.239055212623092
-1.272443575129697
-1.3042391482918476
-1.3342117685137178
-1.3621429842769677
-1.3878281396312886
-1.4110782638395731
-1.4317216325955102
-1.449605017342898
-1.4645945545988757
-1.476576266946627
-1.4854562061467091
-1.4911601762309226
-1.493633123778625
-1.4928381814312612
-1.4887553575105414
-1.4813799842117967
-1.4707208952805497
-1.456798413200349
-1.4396422233875839
-1.4192891519427584
-1.3957808889029912
-1.3691617879510163
-1.3394767536817098
-1.3067692246537899
-1.2710794311794635
-1.2324428749219252
-1.190889098482129
-1.1464408465708709
-1.0991135931594072
-1.0489154979747923
-0.9958478112515254
-0.9399057850950122
-0.8810800087751802
-0.8193582809194528
-0.7547279192169001
-0.6871785269375318
-0.6167051667961005
-0.543311891588518
-0.4670155611330036
-0.38784985750291207
-0.30586943895819957
-0.2211540716102108
-0.13381266537617958
-0.04398708883314287
0.04814442620137615
0.14236433010607935
0.23841345531701705
0.3359894557771291
0.4347461323661538
0.5342936615550311
0.6341999410224398
0.7339929233770862
0.8331641448301298
0.9311733065498699
1.0274539592911072
1.1214201473483543
1.2124740113386987
1.300014092109296
1.3834443035086992
1.4621832939841197
1.535674054560844
1.603393520656802
1.664861963189606
1.7196519542867792
1.7673966237095369
1.8077971040349738
1.8406288670463091
1.8657468440844736
1.8830891994103194
1.8926796143590447
1.8946280408187497
1.8891298937674703
1.876463702174463
1.8569872377922552
1.8311322578069695
1.799397923078912
1.7623431107832466
1.7205777342799269
1.674753307300277
1.62555295496295
1.5736810844086724
1.5198529182724343
1.4647841446252963
1.4091808623052586
1.353730001583222
1.2990904011688569
1.2458846994019168
1.1946921381773417
1.1460423741850247
1.1004103847209616
1.0582124648821478
1.019803381473638
0.985474596485764
0.9554536122186411
0.9299042927774366
0.908928169945052
0.8925665904458393
0.880803642150881
0.8735697815896345
0.8707459965676733
0.8721684815385917
0.8776336713101056
0.8869035728111591
0.8997112740686184
0.9157665794332601
0.9347616566740898
0.9563766462294967
0.9802851503836907
1.0061595274156214
1.0336759370061739
1.0625190808450278
1.0923865346580444
1.1229926916812007
1.1540721648077816
1.185382673549217
1.216707334019786
1.247856288861839
1.27866769723144
1.3090080171795841
1.338771567164883
1.3678794126759903
1.3962775556275961
1.42393448246078
1.4508381480825332
1.4769924226173434
1.5024131648373895
1.5271239722562224
1.551151795495036
1.5745224924158794
1.597256542166259
1.6193649975999798
1.6408458738045029
1.6616810870453442
1.6818340921895143
1.701248259881732
1.7198461725972065
1.7375297969754093
1.754181600811729
1.7696666145898152
1.7838353352615877
1.7965274427127127
1.8075761812348905
1.8168133168307061
1.8240744165448963
1.829204384643147
1.8320629850113608
1.8325301628122097
1.830511035487571
1.825940310253857
1.818786002661838
1.8090523397322602
1.7967816886532129
1.782055497343455
1.764994209364457
1.7457560903178724
1.7245351020064024
1.701557789696566
1.6770794056092617
1.6513792733601695
1.6247556201920383
1.597520021703581
1.5699915935746867
1.5424911640723142
1.515335500333613
1.4888318174531057
1.463272662295655
1.4389312909096843
1.4160576195600374
1.3948748347047593
1.3755766612328846
1.3583253332879546
1.3432502289136945
1.3304471490531071
1.3199781811689502
1.3118720866747047
1.3061251286396065
1.3027022733805205
1.3015386790853347
1.3025414032280929
1.305591242356844
1.310544659987595
1.3172357603796838
1.3254782475460043
1.335067370193389
1.3457818373064012
1.35738569020468
1.3696301616149158
1.3822555489268071
1.3949930666914474
1.4075667901256776
1.4196956590158734
1.431095565464877
1.441481590493936
1.4505703256256153
1.4580823815709119
1.4637449743137367
1.467294664703597
1.4684801532532394
1.4670651463847424
1.4628312170713227
1.4555806272111471
1.445139041882018
1.4313580877116738
1.4141176631548718
1.3933279810914196
1.368931232832474
1.34090286110941
1.309252366378194
1.2740236134315674
1.2352946069154203
1.193176734198986
1.147813437292696
1.0993783597448945
1.0480729543925418
0.9941236368913992
0.9377784722757901
0.8793035117687285
0.8189788112638033
0.7570942459402618
0.6939451698627386
0.6298280365964293
0.5650360748219733
0.4998550889530498
0.43455948703129443
0.36940861948104825
0.3046434903599413
0.24048390817494159
0.17712614272857735
0.11474107821198364
0.05347294843003869
-0.006561386194935802
-0.0652726175556664
-0.12259860787067296
-0.17850355874023752
-0.2329766618295813
-0.2860304033074866
-0.3376985062300768
-0.3880335666962466
-0.4371045114662189
-0.484993897259006
-0.5317951058327275
-0.5776095238939638
-0.6225437515702219
-0.6667068360802332
-0.7102076616610169
-0.7531524128692668
-0.7956421971295491
-0.8377708136358172
-0.879622687864669
-0.9212709221288783
-0.9627755076588688
-1.0041816720715784
-1.0455182968888344
-1.0867965226992082
-1.1280084066740403
-1.169125705127452
-1.2100987809597783
-1.2508556428838102
-1.2913011361416649
-1.3313163458250057
-1.3707582040083515
-1.4094593784659428
-1.4472285138164789
-1.4838507893911308
-1.519088964042011
-1.552684836138703
-1.5843612644072855
-1.6138246883573097
-1.6407682591482935
-1.6648755034943932
-1.6858245836482064
-1.7032930660270906
-1.7169632017212884
-1.7265276155698606
-1.731695365259991
-1.732198200754346
-1.7277969629747758
-1.7182879806128153
-1.70350927931372
-1.6833464991827873
-1.6577383402810473
-1.626681365293779
-1.5902340584973624
-1.5485199301420394
-1.5017296150528487
-1.450121785902832
-1.394022863732284
-1.333825422040074
-1.269985274302639
-1.2030172472358547
-1.1334896946525708
-1.0620177995081443
-0.9892557512013183
-0.9158879902892747
-0.8426196349250509
-0.7701662677366096
-0.6992433303379667
-0.6305553106091083
-0.5647849566344646
-0.5025827486084437
-0.44455686787166176
-0.3912638615288967
-0.34320021679025353
-0.3007950262489528
-0.2644038744927135
-0.23430412563029213
-0.2106916311363096
-0.19367899400185512
-0.18329533275698764
-0.17948759188248117
-0.18212331314744168
-0.19099480744983924
-0.20582457468453533
-0.22627189151973864
-0.2519403280791126
-0.2823861002113907
-0.31712697010994667
-0.3556515795256933
-0.3974289508243488
-0.4419179946879725
-0.4885768217116518
-0.5368716540335601
-0.5862852404749244
-0.6363245320186864
-0.6865275962927092
-0.7364696005975
-0.7857678120143359
-0.8340855737912437
-0.8811352137065794
-0.926679873356126
-0.970534310620103
-1.0125646790482246
-1.0526873336769826
-1.090866773069687
-1.1271127566351105
-1.1614767076460573
-1.1940474947848143
-1.2249466965437568
-1.2543234569373702
-1.2823490290422461
-1.3092111062951646
-1.3351080489460085
-1.3602430896367639
-1.384818609628501
-1.4090305744829132
-1.4330631751711473
-1.457083777391359
-1.4812382056912146
-1.505646436235262
-1.5303987390919362
-1.5555522881580628
-1.5811283279316257
-1.607109858866055
-1.6334399248009737
-1.6600204894529582
-1.6867119318391501
-1.7133331968716836
-1.739662548659598
-1.7654390400247006
-1.7903645603485776
-1.814106595316195
-1.8363016048403444
-1.8565590094688251
-1.8744658122039233
-1.8895917425698638
-1.9014949383135011
-1.9097280920719355
-1.9138449992563382
-1.9134074110817336
-1.9079921227232775
-1.8971982021575218
-1.8806542465814098
-1.8580255261639325
-1.8290209307438108
-1.7933995703723307
-1.750976922326365
-1.7016303477396229
-1.6453039352657692
-1.582012471705181
-1.5118445240570413
-1.4349644265956556
-1.3516132495810589
-1.2621085399752048
-1.1668429268079614
-1.0662814949062425
-0.9609579955314852
-0.8514699021483776
-0.7384723793433376
-0.6226713015869155
-0.5048153262758688
-0.38568727654169294
-0.2660949152182143
-0.14686123670891302
-0.028814571304596172
0.08722142881816122
0.20043770172786907
0.31004939251257163
0.4153049923646119
0.5154949017727389
0.6099591690572099
0.6980943649228574
0.7793594688139387
0.8532806057177525
0.9194547274902685
0.9775520674463598
1.027317454772094
1.068570489993373
1.1012046383604495
1.1251853128329494
1.1405470417022592
1.1473898788252728
1.1458751210623372
1.1362205025450072
1.1186950310474528
1.093613583217913
1.061331377145107
1.0222385182513765
0.9767546762358263
0.9253240203988086
0.8684104985357551
0.8064935192096769
0.7400640800999494
0.6696213792896951
0.5956698542678969
0.5187167077719459
0.4392698139638157
0.3578359819535814
0.2749194912867712
0.19102083963495983
0.10663560970692823
0.02225336335698183
-0.06164349220563811
-0.14458096399004852
-0.2260948955344542
-0.30573263787503047
-0.3830549536560379
-0.45763821872621574
-0.5290768543640937
-0.5969860543209854
-0.6610046651112497
-0.7207982537933144
-0.7760621966607615
-0.826524796869237
-0.8719502610526286
-0.9121414653694601
-0.9469424096698393
-0.9762402470825957
-0.9999668103658779
-1.0180995249047826
-1.0306616828381
-1.0377219614734903
-1.0393932127471763
-1.035830481288393
-1.02722823805468
-1.0138169201421865
-0.9958587467560958
-0.9736429641617772
-0.9474805487737579
-0.9176985192083268
-0.8846339406504724
-0.8486277846690601
-0.8100187690302374
-0.7691373051857798
-0.7262997126582247
-0.6818028219204356
-0.635919112428044
-0.5888924400026296
-0.540934543806117
-0.49222233730541515
-0.4428960897020991
-0.3930585011063685
-0.342774767798102
-0.2920735346845568
-0.24094880626424162
-0.18936269964365637
-0.13724906381203314
-0.08451777319989189
-0.031059708998155737
0.023247766006704335
0.07853492136471377
0.1349334778037099
0.19257033949201438
0.25156129450061976
0.3120049156904247
0.37397672760236456
0.4375238040137549
0.5026599952582469
0.5693617479630239
0.6375647888637089
0.7071616582588552
0.7780001899155632
0.8498829881976824
0.9225679539634406
0.9957698182450877
1.0691627014065372
1.142383612801557
1.2150368999678582
1.28669946593357
1.3569267338798803
1.4252591316081016
1.4912290934634804
1.5543682819836382
1.6142150013708279
1.6703215264393694
1.722261315842409
1.769635830317365
1.8120809210754245
1.8492726011669496
1.8809321134759256
1.9068302061741125
1.926790529720292
1.9406921593048798
1.9484711381463735
1.950121123522718
1.9456931141241856
1.9352943138315017
1.9190861404629638
1.8972815263325618
1.8701415226425526
1.8379713304797116
1.8011158153124118
1.7599546258792234
1.71489697684657
1.6663762219661982
1.6148442524574227
1.5607657980192553
1.5046127874725856
1.4468586665782655
1.387972910958247
1.3284156660815456
1.268632608717632
1.209050092775563
1.1500705842403007
1.0920684783397248
1.0353862972858388
0.9803313509680949
0.9271728761176191
0.8761397105350252
0.8274185142709091
0.7811526185470511
0.7374414590733759
0.696340675991908
0.6578628344679852
0.6219788206681984
0.5886198254261984
0.5576799539344751
0.5290193760488087
0.5024679935060054
0.47782951810173185
0.4548859298758208
0.43340218920227713
0.4131311356368883
0.39381847783802404
0.3752077305605603
0.3570450857817846
0.3390840564386132
0.32108982852638335
0.3028432633697534
0.28414447522866615
0.26481591983237085
0.24470497653372542
0.22368600451599502
0.20166183787746048
0.17856473331309697
0.15435679946316938
0.12902991448679635
0.10260515439750532
0.07513178374408576
0.04668586355033896
0.01736847695987368
-0.012696349367000032
-0.04336399961579501
-0.0744718516905622
-0.10584206953767601
-0.13728452912861075
-0.16859990675299646
-0.19958284498466314
-0.23002518228571295
-0.25971924049910255
-0.2884610998249425
-0.3160538693671646
-0.34231089323898756
-0.3670588614087118
-0.39014077981013606
-0.4114187825524802
-0.4307766686531531
-0.44812223366677895
-0.4633892012428902
-0.4765388217268077
-0.48756102424104875
-0.4964751171977834
-0.5033299805842856
-0.5082037209317448
-0.5112027852651875
-0.5124605545263076
-0.5121353465385466
-0.5104079513502665
-0.5074786733518328
-0.5035639577195232
-0.4988926447007149
-0.4937019663537012
-0.4882333152798198
-0.48272795782713257
-0.47742264956797004
-0.47254543639202173
-0.4683115559323914
-0.4649196294891046
-0.46254817829969885
-0.46135257931111084
-0.461462471352857
-0.46297963914515
-0.46597649491531723
-0.4704951046155461
-0.47654672971961115
-0.4841119986406368
-0.4931415582199332
-0.5035572530046818
-0.5152538034125792
-0.5281008785747918
-0.5419455748689103
-0.5566152612881343
-0.5719206685874707
-0.5876592837111422
-0.6036188968135048
-0.6195813288472954
-0.6353262217493417
-0.650634944575552
-0.6652944459402291
-0.6791011050935858
-0.6918644668023767
-0.7034108583478287
-0.713586782319836
-0.7222620628100741
-0.7293327032898469
-0.7347233582013932
-0.7383893782713273
-0.7403183953978799
-0.7405313709944199
-0.7390830834950044
-0.7360619958473147
-0.7315895095352554
-0.7258185724842078
-0.7189316288931464
-0.711137969110059
-0.7026704460165604
-0.6937816828925715
-0.6847397635229351
-0.6758235217143518
-0.6673175086539499
-0.6595067424705736
-0.6526713520711864
-0.6470812138166948
-0.642990723869866
-0.6406338082561709
-0.6402192966143917
-0.6419267191780279
-0.6459027198580382
-0.6522580311964069
-0.6610652092123678
-0.6723570740777434
-0.6861259492585742
-0.7023236424391415
-0.7208622308120273
-0.7416155434388984
-0.7644213384059446
-0.7890840847206071
-0.8153782648118308
-0.8430521145171294
-0.8718316803062043
-0.9014251162013569
-0.9315270879921828
-0.9618231710731129
-0.9919942107962503
-1.0217204383893708
-1.050685411788612
-1.078579568444995
-1.1051034960713122
-1.1299707498813722
-1.152910328168049
-1.1736687102579546
-1.1920115526749961
-1.2077250234251682
-1.2206168456495643
-1.2305170853536773
-1.2372787374033214
-1.2407781697737976
-1.2409154728442955
-1.2376147407313982
-1.2308243277536315
-1.2205171255088894
-1.206690820364182
-1.1893681689903457
-1.168597235090522
-1.1444515929861558
-1.1170304280748469
-1.0864584954603071
-1.052885855194888
-1.0164873497038138
-0.9774617830865305
-0.9360306668403686
-0.8924365996079555
-0.8469411620338757
-0.7998223563180255
-0.7513715889758483
-0.7018902083497682
-0.651685627201251
-0.6010671672093375
-0.5503415877388206
-0.4998085071683578
-0.4497557731860437
-0.40045490670585737
-0.3521567649955182
-0.3050875349533839
-0.2594451718461545
-0.21539645657565887
-0.1730746596018204
-0.1325780028017449
-0.09396893476065774
-0.05727424159395045
-0.02248602100073753
0.010436485129718015
0.04156426193879073
0.07099517429578471
0.09884996882677477
0.12526774779897976
0.15040109713369554
0.17441088400135205
0.19746108138327495
0.21971356039335097
0.24132316451216804
0.26243316434360947
0.2831711810576731
0.3036457762065452
0.32394379483008995
0.344128450794688
0.3642383502321272
0.3842873218369946
0.40426517676547125
0.424139249353566
0.4438567476311039
0.463347747690899
0.4825287688942154
0.5013067707263168
0.5195834356525222
0.537259573991123
0.5542395121674955
0.570435257465633
0.5857703614639742
0.6001832638020871
0.613630068785117
0.6260865823113179
0.6375495980271795
0.6480373554848515
0.6575891336669861
0.6662640475289354
0.674139023686929
0.6813060646814831
0.6878689196082938
0.693939185960933
0.6996320986191044
0.7050620474197464
0.7103380377222585
0.715559249218998
0.7208107849868035
0.7261598286813902
0.7316522952239731
0.7373100655728823
0.7431289578674092
0.7490774043911683
0.7550959502181265
0.7610975275368215
0.7669685227652673
0.7725705477967814
0.7777429035331379
0.7823056067419202
0.786062891556307
0.7888070937850334
0.7903227692657596
0.7903909493837319
0.7887934196744714
0.7853169057662742
0.7797570507624524
0.7719221675174722
0.7616366136485354
0.7487438012384958
0.733108801968161
0.7146204867564773
0.6931932880282955
0.668768511240324
0.6413152975480156
0.6108312070447321
0.5773425450490727
0.5409043926379942
0.5016004279548565
0.4595425915166216
0.4148705834962878
0.36775125561640515
0.31837786830924836
0.26696926345775135
0.21376890331599535
0.1590437781705876
0.10308314129510114
0.046197053336967206
-0.011285322797808339
-0.069017683786123
-0.1266388772516669
-0.18377552712893427
-0.24004500274922197
-0.29505878592884205
-0.3484261909481381
-0.39975841407734103
-0.44867293161752037
-0.49479813433495745
-0.5377781380561968
-0.5772777616067379
-0.6129874639481306
-0.6446282399319235
-0.6719562936105402
-0.6947674438906859
-0.7129010717175268
-0.7262435879214078
-0.7347312506308175
-0.7383523086575176
-0.7371483384949858
-0.7312147597026766
-0.7207004970060431
-0.7058067270328697
-0.6867847604875464
-0.6639330579471228
