1025
0.769658159936348
0.7906343943092992
0.8150900650549223
0.8429778257754889
0.8742127760888789
0.9086757794296157
0.946217248402219
0.9866612856329838
1.029810036729308
1.075448187111114
1.123347440256143
1.1732709176800165
1.2249773372248836
1.278224919275881
1.3327749242355953
1.3883947466865627
1.4448605265952112
1.501959222014751
1.5594901161426167
1.6172657511481476
1.6751122690890063
1.7328691770733413
1.790388565014609
1.8475338129734815
1.904177827659132
1.960200889609115
2.0154881640706055
2.069926980807826
2.123403974779583
2.175802157983873
2.226998082491643
2.276859154188251
2.3252412129106257
2.3719865094386074
2.4169221277472652
2.4598589756330678
2.5005913792210817
2.538897369724947
2.5745396666807925
2.607267378860763
2.6368184281183873
2.662922655127669
2.68530553796305
2.7036925081336327
2.7178136796866466
2.727408983512562
2.732233499331885
2.732062905500061
2.7266989047494086
2.7159744208628016
2.6997585420070576
2.6779609554816974
2.650535837187944
2.6174850450388907
2.578860535389998
2.5347659240595126
2.4853571396781757
2.4308421295364178
2.3714796309808164
2.307576986792432
2.2394870629289776
2.167604317130546
2.0923600663592916
2.0142170828820674
1.9336635656217775
1.851206639638473
1.767365468706351
1.6826641301663428
1.5976243438884754
1.5127582129269788
1.428561077328639
1.3455045978237716
1.2640302068303297
1.1845430062721807
1.1074062229121608
1.032936326567263
0.9613988738423384
0.8930051520759422
0.8279097109154775
0.7662088043868334
0.7079397916359483
0.6530815415403349
0.6015558233943037
0.5532297248540761
0.5079190470795477
0.4653926532793142
0.4253777409765189
0.387565951343959
0.35162023830670863
0.3171823978005402
0.2838811446946611
0.25134057348919375
0.21918888967793315
0.18706722741663684
0.15463837168798839
0.1215952195974932
0.08766879251539751
0.052635633329227244
0.016324358518137277
-0.02137873269789999
-0.06052517280547051
-0.10110113078842964
-0.14302551750954415
-0.18614958889145194
-0.23025799651289497
-0.27507134716085546
-0.32025025632247167
-0.36540078357767186
-0.41008123969637295
-0.4538101725868731
-0.4960754065283471
-0.5363439614898874
-0.5740726084484407
-0.6087189062434766
-0.6397523903758756
-0.6666657761471907
-0.6889858535120538
-0.7062838774147664
-0.7181852247185287
-0.7243780923641024
-0.7246210745046195
-0.7187494258373941
-0.7066799293541566
-0.6884142058182026
-0.6640404306431069
-0.6337334397189072
-0.5977532021578577
-0.5564416807357583
-0.5102182048426526
-0.45957336911616276
-0.40506169360957267
-0.347293069357007
-0.2869232602874842
-0.22464360033826694
-0.16117009284494613
-0.09723214711482912
-0.033561102848477645
0.02912117588596811
0.09011345207876106
0.14874584679577085
0.20438989681181646
0.25646781739979135
0.3044607939662161
0.34791614792444486
0.38645331447252823
0.41976848334178235
0.44763787688969453
0.4699196439474977
0.48655430853443005
0.49756385035501094
0.5030494223618862
0.5031877811082438
0.4982265559732658
0.48847841619261784
0.4743142978138294
0.45615585911315104
0.43446726526434554
0.40974652310989873
0.38251652236524003
0.35331593642695946
0.32269021347326066
0.2911827395033956
0.25932643645436354
0.2276358450415407
0.19659992533411283
0.16667559789451025
0.13828220806627814
0.11179694994100856
0.08755131797438709
0.06582863197248778
0.046862645391207144
0.0308372386137393
0.017887138431047497
0.008099662337593098
0.001517359842831028
-0.0018584975832163426
-0.002063717196172776
0.0008336257174605759
0.006738442922801618
0.015534212984377732
0.027088712882188115
0.041259743539012454
0.057900706706395244
0.07686585835473228
0.09801510176751647
0.12121817997367441
0.14635816163891543
0.17333408675915343
0.20206272896824665
0.2324793888330015
0.2645377117642934
0.2982085139593546
0.33347767442722154
0.37034310819718697
0.4088109692930719
0.4488911427771604
0.49059222607526126
0.5339161018940602
0.5788523533590069
0.6253726311444701
0.6734252693177989
0.7229302479022177
0.7737747770746536
0.8258096313385257
0.8788464191847213
0.9326559239836744
0.986967589640045
1.0414702956490334
1.0958143809883418
1.1496149578491284
1.2024564710143226
1.2538984028591178
1.3034820332327617
1.3507380851546598
1.3951950707369771
1.4363881360225168
1.4738682003769115
1.5072111324838813
1.5360266922495158
1.5599670909874932
1.5787348243734967
1.5920896599332788
1.599854529755672
1.6019201917663526
1.5982485095285444
1.5888742788318875
1.5739055117002947
1.5535221736383902
1.5279734041549546
1.4975732478021948
1.4626950230517957
1.423764424368368
1.3812515390422082
1.3356619241895196
1.2875269750658815
1.2373938065512315
1.185814804151872
1.1333371809181632
1.0804926447722916
1.0277875075706944
0.9756933684173524
0.9246385984650463
0.8750008134433872
0.8271004504645607
0.7811956294860095
0.7374783579295566
0.6960721886669714
0.6570313385497887
0.6203413360556655
0.5859211228295075
0.5536266162691923
0.5232556079834245
0.4945539550950652
0.4672228685723054
0.4409271997453939
0.4153045038747362
0.38997474202649113
0.3645503475082693
0.33864648114098095
0.31189125515611593
0.2839356495708328
0.2544629621668105
0.22319753234445072
0.1899125426655003
0.1544367500856815
0.11665995486168583
0.07653708135241812
0.034090800546413565
-0.010587392404213957
-0.05733766585155751
-0.10593387053871879
-0.15608707454218768
-0.20745047959511068
-0.2596256192241687
-0.31216968791953875
-0.36460377672598243
-0.4164218524010551
-0.46710022379297844
-0.5161072719316477
-0.562913194885179
-0.6069995455109101
-0.6478683367282159
-0.6850504862530785
-0.7181134488370269
-0.7466678535231838
-0.7703730412577056
-0.7889414086461952
-0.8021414924541572
-0.8097998207042004
-0.8118014943327281
-0.8080896309318839
-0.798663673269092
-0.7835767566629581
-0.7629322106359563
-0.7368793750471744
-0.7056088903457153
-0.6693476023526755
-0.628353282193317
-0.5829092589287866
-0.5333191595145338
-0.4799018420085562
-0.4229866333543715
-0.36290895156214176
-0.30000636683499315
-0.23461514262411165
-0.1670672432169999
-0.09768781771848217
-0.026793137257263417
0.04531109155003992
0.11833104241940488
0.19198581734440767
0.2660082538855024
0.3401455704968962
0.4141599111214812
0.4878288092774262
0.560945636018849
0.6333200429370655
0.7047784277714141
0.7751644012125068
0.8443392677628453
0.9121824912029998
0.9785921149122216
1.043485111302409
1.106797623180286
1.1684850399727265
1.2285219256533035
1.2869016909492728
1.3436360669591867
1.3987542987863126
1.452302099567622
1.5043403104471893
1.5549433372181094
1.6041973498172926
1.6521982270244595
1.6990493832244726
1.7448593830689854
1.789739496914497
1.8338011166076869
1.8771532053535338
1.9198996858688382
1.962136893343793
2.003951103893387
2.0454161261054433
2.086591082868395
2.127518297340863
2.1682214252625376
2.2087038082349566
2.248947072588034
2.2889100534614752
2.3285280742409045
2.367712591166553
2.4063512846983954
2.444308622467958
2.4814269412024963
2.517528070866868
2.5524155385062453
2.5858773532564796
2.617689403822538
2.6476193929772043
2.675431339958701
2.7008905418629876
2.7237689300164547
2.7438507330947
2.760938277304801
2.7748578356551103
2.7854653227744044
2.7926516560277577
2.796347677067909
2.796528335438395
2.793216082967016
2.7864832456650985
2.776453249052635
2.763300619342583
2.747249646091399
2.7285716940043434
2.7075811611161282
2.684630109506541
2.6601017231985917
2.634402642595804
2.607954431360934
2.5811843383000945
2.554515619274575
2.528357661991267
2.5030962299265824
2.479084045775966
2.4566320634718775
2.436001641048193
2.4173978421189117
2.4009641476211026
2.386778640351894
2.3748518907474057
2.365126518712908
2.3574785404497165
2.3517204038564135
2.347605664382866
2.344835161671925
2.343064520477114
2.3419127717414403
2.3409718383416367
2.3398166261439
2.33801545776974
2.3351405198943183
2.3307781019545906
2.324538307276662
2.316064022337772
2.305038899218414
2.291194181524375
2.2743141988654028
2.254240442978568
2.23087412036956
2.204177187694032
2.17417184844894
2.140938585505821
2.104612784111227
2.0653801109031154
2.0234707231761644
1.979152549348424
1.9327237682314753
1.884504716725379
1.8348294027196685
1.7840368673697335
1.7324625617880538
1.6804299501014726
1.6282425625115389
1.5761765950389808
1.5244743085350592
1.4733383005984633
1.4229267913145105
1.3733500613175493
1.3246680246627658
1.276889114671204
1.2299703887327778
1.1838189271622979
1.1382944786398093
1.0932133010116283
1.0483531104735875
1.0034590649506285
0.95825062050484
0.9124291521419851
0.8656861636083018
0.8177118746159531
0.7682040527719187
0.7168768555033874
0.6634694769444581
0.6077544073362381
0.5495451189759605
0.4887029718826334
0.425143186202475
0.3588397350866633
0.28982901630038294
0.21821220872008318
0.14415626200471926
0.06789349156010366
-0.010280293193192631
-0.09000897630594702
-0.17088070189971888
-0.2524336271405722
-0.3341628086319299
-0.4155280459947911
-0.4959625219796536
-0.5748820942555345
-0.6516949996192242
-0.7258118430332782
-0.7966556087443829
-0.8636716054026208
-0.9263370583181715
-0.9841702710073902
-1.036739141535214
-1.0836689581676684
-1.1246493020763302
-1.1594399829465538
-1.187875926845587
-1.2098709194044976
-1.2254202051975513
-1.234601836623085
-1.2375768309987716
-1.234588048345235
-1.2259578354265073
-1.2120844437372114
-1.1934372483922986
-1.1705507869358103
-1.1440176920010405
-1.114480583548341
-1.0826229898097963
-1.0491594216328286
-1.0148246737558924
-0.9803625582920463
-0.9465141828207985
-0.9140059442984416
-0.8835374785197271
-0.8557697368343112
-0.8313134282770053
-0.8107180554048612
-0.7944617776074023
-0.7829423339014546
-0.7764692194107181
-0.7752573581665579
-0.7794224086716147
-0.7889778623822198
-0.8038340569906847
-0.8237991248238064
-0.8485819629911299
-0.8777971142943579
-0.910971559156667
-0.9475532239576009
-0.9869210749665772
-1.0283965560544581
-1.071256128368085
-1.1147446294355672
-1.1580891460338374
-1.2005130857716089
-1.2412501427422806
-1.2795578430100119
-1.3147303770866172
-1.3461104511546844
-1.3730999631596574
-1.395169253222897
-1.411864830855536
-1.4228154671841007
-1.4277365868411507
-1.4264329757352905
-1.4187998458965552
-1.4048223289819783
-1.384573532575628
-1.3582113116999468
-1.325973912207561
-1.2881746919364814
-1.245196111860073
-1.19748317779537
-1.1455365321228692
-1.089905364754684
-1.0311802839782942
-0.9699862751919694
-0.9069758668089741
-0.8428225283752626
-0.7782143924537257
-0.7138482687606098
-0.6504239584593327
-0.588638838166572
-0.5291826404559175
-0.4727323905967456
-0.41994741999961965
-0.3714643917188622
-0.32789226357579865
-0.2898071697328066
-0.25774715888831684
-0.2322067774367645
-0.21363155968200656
-0.20241238777188167
-0.1988798627465799
-0.20329873178502672
-0.2158625074017099
-0.23668843275209803
-0.2658129161737431
-0.30318764547635524
-0.34867650926049243
-0.40205354234009344
-0.4630020370128464
-0.5311149448673986
-0.6058967512530337
-0.686766866300835
-0.7730645914197593
-0.8640557272004586
-0.9589407391943544
-1.056864455124477
-1.1569271322200188
-1.2581967757105152
-1.359722463055187
-1.460548440843492
-1.5597287156434616
-1.6563418213896288
-1.7495054519512967
-1.8383905982412594
-1.922234883581395
-2.0003547301491365
-2.0721561060994045
-2.137143513277126
-2.1949270297464616
-2.245227169025636
-2.2878774788692384
-2.3228247065596817
-2.3501266073165827
-2.3699473718080855
-2.382550825595965
-2.3882915306385835
-2.3876040322870273
-2.380990553393506
-2.3690074074092604
-2.35225051002351
-2.3313403827668124
-2.306907025016219
-2.2795750440374603
-2.249949430671718
-2.218602381322322
-2.186061440300966
-2.152799297011571
-2.11922548489874
-2.0856801161543204
-2.0524298645397776
-2.0196661667922267
-1.9875056825342914
-1.9559929661780375
-1.9251051342711265
-1.8947584316123567
-1.8648163996984146
-1.8350993611079742
-1.8053949442596282
-1.7754692440428317
-1.7450783455394236
-1.7139797778711527
-1.6819436073594838
-1.64876283469457
-1.614262790719501
-1.5783092779684076
-1.5408152722124466
-1.5017459781156999
-1.4611221841417643
-1.4190218204960874
-1.3755797454308187
-1.3309858309710376
-1.2854814091288305
-1.239354281776806
-1.1929324460441328
-1.1465767634692932
-1.100672821720175
-1.0556222288039663
-1.0118336149671512
-0.9697135882768516
-0.9296578757892041
-0.8920429111877028
-0.857218030167481
-0.8254984792949627
-0.797159345221465
-0.7724305316875978
-0.7514928454198385
-0.7344752081733478
-0.7214530100086258
-0.7124475537223917
-0.7074265343582258
-0.7063054745577636
-0.7089500046291395
-0.7151788657185273
-0.7247675345779439
-0.7374523196639419
-0.7529348336793308
-0.7708867114329074
-0.7909544634781707
-0.8127643941100035
-0.8359275075533705
-0.8600443067751695
-0.8847094978377492
-0.9095165061749795
-0.9340618359187124
-0.9579492269858846
-0.9807936270812497
-1.0022249653169486
-1.0218917282337623
-1.039464358518571
-1.0546384207945312
-1.067137575640003
-1.0767162992826809
-1.083162346771848
-1.0862988849897224
-1.085986294554252
-1.082123556228155
-1.0746491999079555
-1.0635417055009477
-1.0488194254967114
-1.030539837136967
-1.0087982408493317
-0.9837257894122858
-0.9554869369347067
-0.924276238347204
-0.8903146486964583
-0.8538452960306105
-0.8151288769017259
-0.7744387538925749
-0.7320558664121962
-0.6882636000393854
-0.6433427415714904
-0.5975666757823623
-0.5511969416937426
-0.5044792736818964
-0.457640269415584
-0.41088475819914894
-0.3643939477765194
-0.31832439488112835
-0.2728078518074407
-0.227951929204089
-0.1838415826520806
-0.14054133213550363
-0.09809817695965097
-0.0565450040112446
-0.01590446348441851
0.023806905398548604
0.0625743766178115
0.10038078485070778
0.13720239447523658
0.17300509535261974
0.20774095005682097
0.2413453072130758
0.2737344573654815
0.3048039526465297
0.3344276031356024
0.3624571415779049
0.38872258182812897
0.4130331694795496
0.43517894929253403
0.45493279964614264
0.47205290516873255
0.4862855804226032
0.49736832639883105
0.5050330594773439
0.5090094155619748
0.5090280908982673
0.5048241385755243
0.4961401765050366
0.4827295070726498
0.4643591036631023
0.44081250623910284
0.41189259701568687
0.3774243079790272
0.33725729250162756
0.2912685561771883
0.23936512534701454
0.18148673906476173
0.11760858188564903
0.04774408374576771
-0.028052267853233226
-0.10968209689868215
-0.19700036923938713
-0.289812732091271
-0.3878730420064865
-0.49088121223728914
-0.5984814359178082
-0.710260926093499
-0.8257493066046069
-0.9444187070893709
-1.0656847293941853
-1.1889083225030423
-1.3133986745809076
-1.4384171403268644
-1.56318223772758
-1.686875705934939
-1.808649586855401
-1.9276342561936612
-2.0429473074180526
-2.1537031656223937
-2.259023264835511
-2.358046654366889
-2.449940792826293
-2.533912373895803
-2.6092179552022703
-2.67517421105059
-2.7311675739845382
-2.776663126182313
-2.8112125340702296
-2.834460892650535
-2.8461523528554227
-2.8461344450622037
-2.8343610011428977
-2.8108936464628167
-2.775901861017163
-2.7296616005033867
-2.6725525071557925
-2.6050538013607025
-2.527738909652827
-2.441268926374267
-2.3463850311430945
-2.243899979826672
-2.134688789090572
-2.0196787809233125
-1.8998390928112647
-1.7761698143095075
-1.649690897158644
-1.5214309745091383
-1.3924161988559915
-1.2636593015372914
-1.1361489276679313
-1.0108394199163577
-0.8886411595839891
-0.7704115403893328
-0.6569467716313446
-0.5489744949415706
-0.4471473556425434
-0.3520376357030706
-0.2641329307735779
-0.1838329865866378
-0.11144769211897709
-0.047196238404167784
0.0087925003125276
0.05647848830250756
0.09590788906152933
0.12720939875081896
0.15058958469735023
0.16632736258248745
0.1747676726519386
0.17631455708364963
0.1714236740707296
0.1605944939092088
0.1443622303505468
0.12328972621360175
0.09795937885950382
0.06896528592636471
0.03690568717742695
0.002375835181748294
-0.03403859023457976
-0.07176753742161188
-0.1102619685066079
-0.14899858658992907
-0.1874839257835366
-0.22525774961574518
-0.2618958398100078
-0.29701223072500205
-0.33026086597752574
-0.36133682698569153
-0.3899771492578665
-0.4159612923681585
-0.43911135703008614
-0.4592920394538905
-0.47641044490415346
-0.4904156803489693
-0.5012983768830677
-0.5090899912027075
-0.5138620129289226
-0.5157249311435316
-0.5148270254281146
-0.5113528501815868
-0.5055214324438013
-0.49758411596874963
-0.48782199647958135
-0.4765429335229731
-0.4640781104892328
-0.4507781506871869
-0.4370087819211206
-0.42314609045183466
-0.4095714039640337
-0.39666589662020574
-0.38480495051662894
-0.37435242139302966
-0.36565486658287955
-0.35903590634957894
-0.35479077046418594
-0.35318119979363666
-0.35443077710405724
-0.35872080667963696
-0.36618681763547967
-0.37691576380518726
-0.39094398107511646
-0.40825592288588575
-0.42878369226495916
-0.45240736578533614
-0.4789561008452434
-0.5082099513786991
-0.539902392228392
-0.5737234545009073
-0.6093234199036115
-0.6463169938567098
-0.6842879209916871
-0.7227939156360446
-0.7613718987430472
-0.7995434546931929
-0.8368204300292433
-0.8727106783423872
-0.9067238376384011
-0.9383771610541318
-0.9672013047306842
-0.9927460585143149
-1.0145859780578863
-1.0323258343431367
-1.0456058804224109
-1.0541068225147208
-1.0575544726246684
-1.0557239807645895
-1.0484435921222262
-1.035597835117927
-1.017130089474938
-0.9930444129664522
-0.9634066166052881
-0.9283444831687622
-0.8880470953667774
-0.84276327256535
-0.792799063434466
-0.738514337875067
-0.6803184761823776
-0.6186652868183417
-0.5540471282795228
-0.4869884364065546
-0.41803871009998134
-0.3477651282538707
-0.276744949138895
-0.20555782474445947
-0.13477821836845477
-0.06496806277216456
0.00333015088003841
0.06959978679207034
0.13335576726417897
0.19414953947307717
0.2515731745234283
0.3052625898962123
0.35489982867189535
0.40021443130909395
0.44098391620008176
0.47703340331556365
0.5082345068578014
0.5345035439273778
0.5557991811207211
0.5721196594659534
0.5834997050696759
0.590007249188739
0.5917401012431002
0.5888226564528685
0.5814027862645794
0.5696489466299649
0.5537476059650673
0.5339010452687742
0.5103255258446292
0.4832498636939848
0.45291436402451307
0.41957012109907416
0.3834785816475697
0.34491136423131036
0.30415017812722484
0.2614868576489213
0.21722331519341534
0.1716714002349509
0.1251525599344322
0.07799717808177896
0.030543583742405477
-0.016863342207365573
-0.06387405768278218
-0.11013667221397011
-0.15529977266527495
-0.19901570485664735
-0.2409442813845509
-0.2807568633840668
-0.31814076247568374
-0.3528038414980479
-0.384479256442321
-0.41293020047835616
-0.437954538296117
-0.4593892314575353
-0.47711439500929514
-0.49105690728403234
-0.5011934080210118
-0.5075526428344387
-0.5102170003212508
-0.5093231991173185
-0.5050620455747854
-0.4976772465833465
-0.48746319513506187
-0.47476180289045533
-0.45995833960654636
-0.4434763419835273
-0.4257716809389005
-0.40732580696733184
-0.38863836177599836
-0.3702191898529
-0.3525799467191156
-0.3362254225763929
-0.3216447373191902
-0.3093025691535558
-0.29963058649774665
-0.29301922600936525
-0.28980999056467005
-0.2902884053590816
-0.2946777669990234
-0.3031337995702774
-0.3157403415920483
-0.332506129625031
-0.3533627411964873
-0.3781637644426806
-0.4066851708501584
-0.4386269447238907
-0.4736158933508593
-0.5112096289182992
-0.5509016494314672
-0.5921274490889737
-0.6342715370487817
-0.6766753115827957
-0.7186456246131839
-0.7594639436062117
-0.7983959794276653
-0.8347016538577311
-0.8676452536102232
-0.8965056767081827
-0.9205866123817602
-0.9392265331537123
-0.951808384348446
-0.9577688341272077
-0.956606986902263
-0.9478924148562027
-0.9312724320197642
-0.9064784954082759
-0.8733316225580905
-0.8317467650225255
-0.7817360258376943
-0.723410677729402
-0.6569819107460527
-0.5827602651619487
-0.501153726935813
-0.41266448302523184
-0.3178843300126332
-0.2174887721517838
-0.11222988937307303
-0.0029280039251335004
0.10953771798228915
0.2242396091321094
0.34021267783893505
0.4564664257810219
0.571997127639532
0.6858004263519539
0.796883993169796
0.9042800796495539
1.0070577504885077
1.1043346017753728
1.1952877756112936
1.2791640716552712
1.3552890344511976
1.423074832273467
1.4820268529109095
1.531748873847196
1.571946791282209
1.602430828738665
1.6231162346642771
