1025
0.6701170095245174
0.6151696072144736
0.5600641215832395
0.5050189759674126
0.4502375801075365
0.3959071186672407
0.342197902383613
0.28926329877042883
0.23724022294571218
0.18625017519683315
0.13640077163828945
0.08778770708065244
0.04049706985232424
-0.005392086450536419
-0.04980500811250556
-0.09266846750408053
-0.13390805397016495
-0.17344565180009577
-0.21119720377631704
-0.24707087255195004
-0.2809656866079339
-0.31277073489448204
-0.34236499114510816
-0.36961777901458664
-0.39438991436291126
-0.41653550612456836
-0.4359043930531523
-0.4523451760194013
-0.4657087540561302
-0.47585230492879077
-0.48264358226669024
-0.4859654345358122
-0.48572040828574414
-0.4818353130963053
-0.47426561080929575
-0.46299950892101865
-0.4480616270168118
-0.42951612176636933
-0.4074691663441808
-0.38207070804179094
-0.35351540672289694
-0.32204273023496977
-0.2879361418253221
-0.2515213893609148
-0.2131638895954408
-0.17326523424567505
-0.1322588589566891
-0.09060495186273411
-0.048784647993408634
-0.00729365529457193
0.03336464207864355
0.07268643101844365
0.11017497649802974
0.14534823966920382
0.17774646586882015
0.20693960933405384
0.23253446019650537
0.2541813133399465
0.27158007387057576
0.28448565782537677
0.29271258351588375
0.29613863970454646
0.29470755551689065
0.28843059735605964
0.2773870399134474
0.26172348352706976
0.24165200913084375
0.21744718420768572
0.18944196828846335
0.15802255819507838
0.12362229353078044
0.08671469078372819
0.04780576785654496
0.0074257883028791705
-0.03387941099221394
-0.07555734632676357
-0.11705786682454172
-0.1578420308132578
-0.19739069230298154
-0.23521261269533872
-0.27085196659978583
-0.30389506093962104
-0.3339761794746129
-0.3607824101915485
-0.3840574124207401
-0.40360405003307837
-0.4192858727435519
-0.43102744624533773
-0.43881355887613127
-0.44268736295936467
-0.442747518969888
-0.4391444329366
-0.4320757062314815
-0.4217809116529909
-0.4085358186221591
-0.3926462227213521
-0.3744414712007549
-0.354267855506748
-0.3324819811201869
-0.30944421703823166
-0.2855123656167851
-0.2610356167133125
-0.23634889559554784
-0.21176767901415783
-0.18758333401310434
-0.16405904841030924
-0.14142639538150464
-0.11988254841419652
-0.09958822356046704
-0.08066631183756452
-0.06320125512850848
-0.04723915258704448
-0.03278858807172319
-0.019822188940600408
-0.00827885851362959
0.0019333311662019432
0.010933626108612628
0.01886454083974436
0.025887314486840837
0.03217698361051953
0.0379171427636949
0.04329452046995482
0.048493469925281654
0.053690506019825994
0.05904903098338455
0.06471433980154861
0.07080907806999079
0.07742923769456822
0.08464081031241553
0.09247721697713111
0.10093753586861812
0.10998564809150972
0.11955029008867368
0.12952602090986853
0.1397751157678197
0.1501302852211226
0.16039818855742657
0.17036363131803003
0.1797942945041688
0.18844592546271388
0.19606776140585516
0.2024080892512532
0.20721974908594024
0.21026543060677985
0.21132261825718937
0.21018804920143103
0.20668155809842906
0.20064923748521946
0.1919658128872263
0.1805362277704803
0.1662963999061316
0.14921318146230206
0.12928356072202069
0.10653318532832322
0.08101428100977627
0.05280310668749259
0.021997041959678595
-0.01128854649099016
-0.04692351185811715
-0.0847661008504917
-0.12466593034473405
-0.16646668616548513
-0.21000842230030045
-0.25512939027967907
-0.30166734319638877
-0.34946028549862274
-0.39834666145040043
-0.44816499947195787
-0.498753072376135
-0.5499466267983155
-0.6015777736249621
-0.6534731521868228
-0.7054519749328543
-0.7573240789337106
-0.8088881138146315
-0.8599299883421764
-0.9102216891630522
-0.9595205809400481
-1.0075692771445122
-1.0540961558055504
-1.0988165610619254
-1.1414347166109675
-1.1816463656055616
-1.2191420864006388
-1.2536112591919673
-1.2847465844070836
-1.3122490837521188
-1.3358334385473851
-1.355233566719136
-1.3702082678940675
-1.3805468049151344
-1.3860742674195967
-1.3866565572820277
-1.3822048612404831
-1.3726794722540685
-1.3580928343359913
-1.3385117167333107
-1.3140584382371725
-1.2849110549668437
-1.251302528741167
-1.2135188108313417
-1.1718959040784438
-1.126815921550353
-1.0787022189484936
-1.0280136885559317
-0.9752383275195987
-0.9208862050896447
-0.8654819769455231
-0.809557082145781
-0.7536418090869244
-0.6982573611295838
-0.6439080939377029
-0.5910740962541232
-0.5402042130975212
-0.49170969502209877
-0.4459585675776907
-0.4032708096083277
-0.36391445771051145
-0.3281026516259221
-0.2959917202343214
-0.2676802664771923
-0.24320928851476392
-0.22256329944359585
-0.20567241202932615
-0.19241531256789993
-0.18262305647124877
-0.17608359539447413
-0.17254693545504948
-0.1717307866845354
-0.17332662476753358
-0.17700599656878271
-0.1824269675409321
-0.18924058288941373
-0.19709719523241642
-0.20565255908337055
-0.2145735630018895
-0.2235435167730436
-0.232266860355806
-0.24047326360423066
-0.2479210002906653
-0.25439958538892343
-0.2597316135737159
-0.2637737897153951
-0.2664171700657951
-0.267586576140518
-0.26723930151820724
-0.26536306629600626
-0.26197337831508033
-0.2571103141718208
-0.25083485176228865
-0.24322484521376464
-0.2343707758211058
-0.2243713665555931
-0.21332921429202167
-0.2013465472331357
-0.1885212250735586
-0.17494310124865148
-0.16069084513700085
-0.1458293060861093
-0.1304075009545945
-0.11445727361886177
-0.09799265425375979
-0.08100993807293042
-0.06348846459304372
-0.0453920662075535
-0.02667112551027518
-0.007265166412540524
0.012894113927077556
0.0338794807212384
0.05576459530470927
0.07862036456761064
0.10251133573810017
0.1274922777829281
0.15360505820550877
0.18087593278081532
0.20931333779836275
0.23890626817899593
0.2696233006619132
0.3014122689753177
0.3342006348660609
0.3678965079212378
0.40239028476197736
0.4375568438502118
0.47325822393574507
0.5093466613514573
0.5456679162785817
0.582064742975379
0.6183804100533881
0.6544621394153293
0.6901643710607944
0.7253517592734328
0.75990180895508
0.7937071081514888
0.8266770799202885
0.8587392820801724
0.8898401883803059
0.9199455045088857
0.9490400328700486
0.9771271257965337
1.0042277831989452
1.0303794459077802
1.0556345559102513
1.0800589330787782
1.1037300342673888
1.1267351404055472
1.1491695199742524
1.1711345948177938
1.1927361356317814
1.214082503904296
1.2352829234046947
1.2564457986755042
1.2776770591756272
1.2990784881442958
1.3207460729604532
1.3427682918665012
1.3652243783184683
1.3881825249794038
1.411698045052801
1.4358114826233492
1.4605467190722785
1.4859090844632303
1.5118835344638648
1.5384329438752773
1.5654965625482884
1.5929887317731226
1.6207979058954678
1.6487860588242274
1.6767885578126651
1.7046145351987367
1.7320478554361551
1.758848663089597
1.784755584534835
1.8094885648012762
1.8327523072271361
1.8542403422921845
1.8736395758779403
1.8906353472115331
1.90491678713767
1.916182474672716
1.924146154899634
1.9285424601292827
1.9291324402603305
1.9257087593775293
1.9181004194206615
1.906176834023347
1.889851170551811
1.8690828002166713
1.8438787602559361
1.8142941808702326
1.7804316280772938
1.7424393097251367
1.7005081980640204
1.6548681091041753
1.605782805350653
1.5535442233824739
1.4984659902479494
1.4408763467504604
1.3811106950748413
1.3195039190655096
1.2563827159562473
1.1920581139661766
1.126818387993986
1.0609225728491827
0.9945947297891639
0.9280191320737212
0.8613365242783831
0.7946415288197742
0.7279813021676464
0.6613554683033589
0.5947173623510645
0.5279765365498401
0.46100249809262767
0.39362959423492616
0.3256629146336301
0.2568851012250687
0.18706390265772654
0.11596028951962635
0.04333695797063592
-0.031032966069720377
-0.10735724395332721
-0.18581602008292172
-0.26655373319406633
-0.3496715907886432
-0.4352207939120272
-0.5231966816415865
-0.613533919209179
-0.706102849529627
-0.8007071315003716
-0.8970827135406872
-0.994898217114184
-1.0937567200529583
-1.1931989928500681
-1.292708094262306
-1.3917153253131218
-1.4896074150677163
-1.5857348581011321
-1.6794212448679073
-1.7699734392515154
-1.8566924191480534
-1.9388845830914103
-2.0158732881214783
-2.0870104415410484
-2.1516878522868863
-2.209348157944609
-2.259495066514532
-2.301702705954382
-2.3356238567400047
-2.360996895950163
-2.3776512741666647
-2.385511386069226
-2.3845987475108905
-2.3750323906128488
-2.3570274725180176
-2.3308920893974387
-2.2970223620558348
-2.2558958937114233
-2.208063706330018
-2.154140860572281
-2.094795933882054
-2.0307395781800097
-1.9627124329715753
-1.8914726136047586
-1.817783084377339
-1.7423991292371752
-1.6660562382782027
-1.5894586084468896
-1.5132685024099892
-1.438096671656444
-1.3644939860101764
-1.292944446193044
-1.2238596370911932
-1.157574716167177
-1.094345946856278
-1.034349778227768
-0.9776834207069721
-0.9243668474693785
-0.8743461266619506
-0.8274979539362999
-0.7836352585248726
-0.7425137237792234
-0.7038390575513415
-0.6672748586634606
-0.6324509154615113
-0.5989717650838791
-0.5664253808150423
-0.5343918176390454
-0.5024517179866609
-0.47019451524893735
-0.437226261835143
-0.40317696640544787
-0.36770734632644986
-0.33051495376214785
-0.2913395502423698
-0.24996776226410602
-0.20623687042843958
-0.16003778186437714
-0.11131708609242845
-0.06007823985977435
-0.006381794474376257
0.04965527138529709
0.10786115463155997
0.16801171812096985
0.22983384840187615
0.29300965679176655
0.35718142215102106
0.42195724650973865
0.4869173111329651
0.5516206490460045
0.6156122951708418
0.6784307229141759
0.7396154063701323
0.7987143714548204
0.8552916110243332
0.9089341668768403
0.9592588229564545
1.0059181718044374
1.0486060136231627
1.0870619311048515
1.1210749715058204
1.1504863472082507
1.1751911101664072
1.1951387997057332
1.2103330109591262
1.2208299627167292
1.2267360823817066
1.228204690822924
1.2254318750656632
1.2186516707704589
1.2081306562225638
1.1941621328758412
1.177059985655463
1.1571524262195227
1.1347757219018448
1.110268070621211
1.0839637659109265
1.056187745484778
1.0272506750221682
0.9974446146732041
0.9670393858942259
0.9362796582363435
0.9053828234446047
0.8745376479035828
0.8439037313819884
0.8136117161087574
0.7837642358222453
0.7544375419422817
0.725683742392253
0.6975335710721839
0.6699996034706895
0.6430798258182167
0.6167614540580721
0.5910249010060777
0.5658477917190315
0.5412089175977158
0.5170920488605167
0.4934894743733078
0.47040522949874447
0.44785789093354667
0.4258828937390282
0.40453428774117395
0.383885906652756
0.3640318919765265
0.34508655550899625
0.32718355564214646
0.31047441541538895
0.29512634804945564
0.2813194691511463
0.2692433937402543
0.259093298427591
0.2510655027890979
0.24535265106347992
0.24213858872368602
0.24159303465419762
0.24386615471273057
0.24908316068885306
0.2573390562920207
0.2686936650667525
0.28316706180679796
0.3007355332801323
0.3213282097322755
0.34482446665144945
0.3710522100224056
0.3997871379382404
0.4307530620134606
0.46362332794551886
0.4980233941143263
0.5335345551311712
0.5696988087454105
0.6060248127002298
0.6419948707230803
0.6770728269142128
0.710712762255174
0.7423683135755548
0.7715024654449903
0.7975975829621782
0.8201655015090892
0.8387574324033665
0.8529734424472084
0.8624713056848075
0.866974471537271
0.8662789424216453
0.8602588806645182
0.8488707488767796
0.8321558724831506
0.8102412670383659
0.7833387388147482
0.751742132920874
0.7158228412006438
0.6760235704206233
0.6328504801934787
0.5868638834400729
0.5386676209367438
0.4888974143073424
0.43820836663703255
0.3872619695973859
0.3367128271141048
0.2871954663898972
0.23931148372855665
0.1936173607668407
0.1506132098852373
0.11073270915672274
0.07433446916254975
0.04169500477486568
0.01300349075539533
-0.011641598691205119
-0.032233905834718246
-0.04885864238273449
-0.0616900864920588
-0.07098723402212746
-0.07708767925211774
-0.08039992889848759
-0.08139428400301196
-0.08059255595146311
-0.07855682427817749
-0.07587749889180599
-0.07316096775235197
-0.07101706538679728
-0.07004665255933623
-0.07082954559311568
-0.07391304252303293
-0.07980125308092938
-0.0889454389861985
-0.10173553377766613
-0.11849297113747474
-0.13946495587886584
-0.16482022458210877
-0.19464637969407544
-0.22894879166072837
-0.2676510699953182
-0.3105970556121941
-0.35755427993989114
-0.4082187836880858
-0.46222119973334586
-0.5191339473937568
-0.578479403554333
-0.6397388711812901
-0.7023621659995576
-0.7657776446375101
-0.8294024539740477
-0.8926528369464214
-0.9549542531393027
-1.0157511611218117
-1.0745162441484488
-1.1307589212607636
-1.1840329678304813
-1.2339431108605576
-1.280150475337323
-1.3223767909044588
-1.3604072659089268
-1.3940921199394287
-1.4233467436214584
-1.4481505217350232
-1.4685443572948151
-1.4846270070755778
-1.4965503106445248
-1.5045134893976972
-1.5087566445446836
-1.5095536652040302
-1.507204715874345
-1.5020285355725391
-1.4943547318409278
-1.4845162804835095
-1.4728424337111305
-1.459652205499129
-1.4452485937665691
-1.429913683317397
-1.413904720903457
-1.3974512478675796
-1.3807533231797489
-1.3639808473979251
-1.3472739480009466
-1.3307443834180126
-1.314477846423946
-1.2985370677053076
-1.2829655720023079
-1.267791921807408
-1.253034262100512
-1.238705025085412
-1.224815568679201
-1.2113805997370495
-1.1984222143895975
-1.185973403569297
-1.17408088827311
-1.1628072033856502
-1.152231931675695
-1.1424520643559049
-1.133581440307231
-1.1257493351985384
-1.1190981736147998
-1.1137805045885312
-1.1099552863786137
-1.1077836448255287
-1.107424196324832
-1.10902811578655
-1.1127340956165708
-1.1186633462172357
-1.126914814927596
-1.137560735901837
-1.1506426965118424
-1.1661682847061814
-1.1841084582083674
-1.204395712990826
-1.2269230686133097
-1.2515439409794242
-1.2780728756602866
-1.3062871496168729
-1.335929143717375
-1.3667094953544452
-1.3983108579787318
-1.4303922489230163
-1.4625937944599838
-1.494541833980246
-1.5258541792155995
-1.5561454727526047
-1.5850324864144218
-1.6121392793513067
-1.6371020919472348
-1.6595739253697452
-1.6792287008037874
-1.695764999050021
-1.7089092758842985
-1.7184186149136624
-1.7240829545226075
-1.7257268189106636
-1.7232105840635266
-1.7164312921897096
-1.7053230477568726
-1.689857035165865
-1.6700412113003842
-1.645919668966139
-1.6175717292951435
-1.5851107763341865
-1.5486828688206546
-1.5084651097540405
-1.4646638209572835
-1.4175124879759426
-1.3672695174265352
-1.3142157660105604
-1.2586518890322405
-1.2008954625717079
-1.1412779367833714
-1.0801414153450932
-1.0178352823452426
-0.954712722989191
-0.8911271726548798
-0.8274287354275819
-0.763960643027267
-0.7010557936138261
-0.6390334527985981
-0.5781961503109693
-0.5188268650486484
-0.46118651073997924
-0.4055117977320105
-0.3520135040822199
-0.30087515185751457
-0.2522521360111097
-0.20627127872954373
-0.1630308010263941
-0.1226006966412489
-0.08502345555157574
-0.050315094066436694
-0.018466454859475553
0.01055530483865499
0.03680507437767977
0.060358061888763415
0.08130803953379372
0.09976560148209443
0.11585647735918085
0.12971994299875886
0.14150733719395878
0.151380724489149
0.1595116894788124
0.166080275376395
0.171274053215792
0.17528733127890295
0.17832045202909733
0.18057919464095099
0.18227423988723881
0.1836206969515698
0.1848376578937874
0.18614776127578095
0.1877767702449198
0.18995312635458664
0.19290746691414104
0.19687210848459344
0.20208046724691575
0.20876639992020932
0.21716346157059
0.22750404610088135
0.24001840194343282
0.254933488552193
0.27247166998070654
0.29284919626915756
0.3162744788716719
0.34294613201027896
0.3730507639974769
0.40676052223394554
0.44423040658169916
0.48559533877928746
0.5309670552327396
0.5804308419486428
0.6340421793323621
0.6918233690309974
0.7537602154746339
0.8197988881195901
0.8898430193676456
0.9637511985862965
1.0413349383116728
1.1223572273632159
1.2065317775934608
1.2935230484968214
1.3829471055575198
1.4743734074344008
1.5673274940925888
1.66129461467415
1.7557242752428446
1.8500356216704115
1.943623623286889
2.0358659015326914
2.126130130533904
2.213781808733511
2.298192300847881
2.3787468962672835
2.4548528089335826
2.5259468624030292
2.5915027225063016
2.6510375388183647
2.7041178246612922
2.7503644971459638
2.7894569432137186
2.821136084414668
2.845206384827281
2.8615368050914998
2.8700607148601094
2.8707748225604095
2.863737184991879
2.8490643929175197
2.8269280519429474
2.797550659716157
2.761201029559093
2.718189383760851
2.668862253985208
2.6135973043560035
2.5527982266674356
2.486889759843343
2.4163129811978106
2.3415209138762902
2.26297451144018
2.18113905661004
2.0964809956191353
2.009465209949995
1.9205527065052803
1.8301986942741153
1.7388510131750174
1.6469488364296925
1.554921615135973
1.4631881736132488
1.3721558980979918
1.28221993541445
1.1937623581886245
1.107151225757504
1.022739477738938
0.9408636536522079
0.8618423799833844
0.7859746370677514
0.7135378023186092
0.644785478668173
0.5799451730319384
0.5192158348961227
0.46276536268565754
0.41072812066128334
0.36320257437249426
0.3202491163633589
0.2818882044573662
0.24809888476324585
0.21881780238892473
0.19393878587490232
0.1733130756657946
0.15675024840465976
0.14401990026757613
0.13485407712567338
0.12895048543224433
0.12597644187323223
0.12557350334112577
0.12736274496409855
0.1309505500296726
0.1359348417757876
0.14191160099393083
0.14848154756086027
0.15525683687883768
0.1618676110912815
0.16796826147306818
0.17324325333169213
0.17741238218220887
0.1802353250318536
0.1815153944703733
0.1811024034154312
0.17889457255381178
0.17483945866917538
0.1689338625445427
0.16122274548154542
0.15179719305071931
0.14079145869511053
0.12837918653059505
0.11476889466813375
0.10019884690986372
0.0849313932990805
0.069246956191247
0.05343776653261088
0.0378014955514471
0.022634897440921786
0.008227622850848212
-0.0051436931902952175
-0.017220975862462067
-0.02776972946446734
-0.03658350137191536
-0.043487686975213144
-0.04834259665971569
-0.05104578066058295
-0.0515335285919053
-0.049781570154911685
-0.045804945384238224
-0.039657064013885975
-0.03142798063872116
-0.021241937401204933
-0.009254201805778938
0.0043527053655341786
0.0193733311793554
0.0355840601192167
0.052748224356933465
0.070621470689354
0.08895722772224984
0.10751217929303658
0.12605159374566247
0.144354398849908
0.16221787454057088
0.1794618140269234
0.19593207798264925
0.21150342397167624
0.22608151984360736
0.2396040640192866
0.2520410245014344
0.2633938877340572
0.2736939902394959
0.2829999485840998
0.29139421817677713
0.298978940138015
0.30587109467457935
0.3121971958110939
0.31808763379280064
0.32367085244420635
0.3290675682634413
0.3343852135144919
0.3397127994698019
0.34511640270250366
0.35063543665117725
0.3562798681376749
0.3620285279655545
0.3678285746827974
0.3735962262530722
0.3792187377122048
0.384557630407863
0.3894531195113337
0.3937296096586575
0.3972021490635109
0.3996836430589038
0.40099262801471586
0.4009613688589238
0.3994440393057221
0.3963246942739246
0.3915248078448408
0.38501010508125144
0.37679642417677783
0.3669544326810891
0.35561296807999343
0.3429608791501365
0.3292472374344665
0.3147798670969384
0.29992216072577266
0.2850882224141182
0.2707364163100051
0.25736143587961097
0.24548505547010419
0.23564579652050113
0.22838770237104553
0.2242485144632628
0.2237475098895039
0.227373298000808
0.2355718663658727
0.24873514885837036
0.26719041943768007
0.29119072952012426
0.3209066492528235
0.3564194963699762
0.39771622608972756
0.4446861011788344
0.49711923898800325
0.5547070737630385
0.6170447553384488
0.6836354183514187
0.7538962786906305
0.8271664299256403
0.902716197041032
0.9797578662123874
1.0574575995143187
1.134948305374225
1.211343214786357
1.2857499262400907
1.3572846417568838
1.425086336192888
1.4883306019578084
1.546242904479133
1.5981110038409323
1.643296327109876
1.6812440649918372
1.7114918234840288
1.7336766535978902
1.7475403630742512
1.7529329780777445
1.7498143280336071
1.738253705326441
1.7184276394389846
1.6906158057135676
1.6551951885126146
1.6126325971837392
1.5634756974064947
1.5083427542272956
1.4479112649682397
1.382905756731459
1.3140849566873916
1.2422286117433858
1.1681242258328588
1.0925539601805334
1.0162819624663202
0.9400423705137136
0.8645282033838144
0.7903813569000728
0.7181838579464414
0.6484505393445205
0.5816232359591297
0.5180665792892427
0.4580654197386966
0.4018238923858398
0.34946608000087576
0.30103820795286995
