1025
-0.06682891402643944
-0.13044231862865346
-0.19921537796210884
-0.27257337479153887
-0.3498660368497889
-0.4303772233571729
-0.5133356986546244
-0.5979267731537373
-0.6833046402827644
-0.7686052148310945
-0.8529592264277353
-0.9355053967520888
-1.015403422498441
-1.0918466071678952
-1.1640738897737601
-1.2313810816329454
-1.2931311118691622
-1.3487631095588308
-1.3978001689605246
-1.4398556544483385
-1.4746379405808796
-1.5019534970876485
-1.5217082801364459
-1.5339073876166143
-1.5386530140520551
-1.5361407551427726
-1.5266542904352036
-1.51055864533286
-1.4882920886567104
-1.4603569076154264
-1.4273091980265304
-1.3897479449186942
-1.3483035567420156
-1.303626183130609
-1.2563739546525958
-1.2072014789118648
-1.1567487780052461
-1.1056308838076971
-1.0544283221019517
-1.0036786012623173
-0.9538689105465867
-0.9054301009654643
-0.858732004406101
-0.814080199456541
-0.7717141441073856
-0.7318067162024952
-0.694465047533529
-0.6597325902983774
-0.6275923304418982
-0.5979709179849598
-0.5707437064478142
-0.5457404358233843
-0.5227514513643208
-0.5015343054831176
-0.48182057954022217
-0.46332278815027683
-0.4457412494170856
-0.4287707968075898
-0.41210725455940295
-0.39545355560834367
-0.3785254945746886
-0.361057018120661
-0.34280501326571633
-0.32355360246091736
-0.30311787629919446
-0.28134706918148805
-0.2581271640402069
-0.2333828983047601
-0.20707916569522028
-0.17922181326856462
-0.1498577868255304
-0.11907463635270683
-0.08699936900003258
-0.053796628552460535
-0.01966619490483044
0.015160155585299729
0.050422454328565465
0.08583697314245975
0.12110119973999112
0.1558993543092802
0.18990832098316485
0.22280393571572576
0.25426748385258435
0.2839923173064979
0.311690416185216
0.3370988018692749
0.3599855973235612
0.38015560383349567
0.39745529919052514
0.4117770219000048
0.42306230891650026
0.4313042708312781
0.4365488837511
0.4388951820118838
0.4384943237027276
0.43554752278055703
0.4303028817465325
0.42305118747136977
0.4141207627677323
0.4038714861696272
0.39268808749488704
0.38097292290864987
0.3691383038739181
0.35759865994781836
0.3467625888149438
0.3370250643051347
0.3287598934774601
0.3223126144024703
0.317993965783141
0.31607403401670864
0.31677720792911984
0.32027801559415064
0.32669788017829016
0.3361028934461352
0.3485025443358356
0.3638494995777462
0.3820403338899892
0.4029171935865086
0.42627039420496843
0.45184176266735876
0.47932881727976867
0.5083894969470116
0.5386475282511702
0.5696981989554403
0.6011144735364489
0.6324533791968779
0.6632625383610821
0.6930866731306441
0.7214741269933923
0.7479831943845481
0.772188225394386
0.7936854311178104
0.812098307289649
0.8270826426136235
0.8383310390373762
0.8455769481639203
0.8485981367734129
0.8472196262552456
0.8413160568309419
0.8308134823929915
0.8156905897476626
0.7959793745199516
0.7717652445670665
0.743186598625517
0.7104338589525027
0.6737480067781068
0.6334185976614922
0.5897813087670468
0.5432149818630487
0.49413823592209194
0.4430055866482083
0.3903032016396138
0.33654415160832585
0.282263343053937
0.2280120608247545
0.174352166381208
0.12185002401715618
0.07107018652227949
0.02256889348130391
-0.02311253322286678
-0.06545436046802827
-0.10396501844203948
-0.1381875851474313
-0.16770599242754108
-0.1921509313099561
-0.21120527723974689
-0.22460898440482496
-0.2321633372893902
-0.2337344492045643
-0.22925592515187584
-0.21873063807862306
-0.20223154084102143
-0.17990143689595128
-0.15195178152121908
-0.11866039551693598
-0.08036817939402263
-0.03747485754996585
0.009566206802009598
0.060254028653702676
0.11404674962285075
0.17036900387196005
0.22861977561209743
0.28818057128534463
0.34842380114665406
0.40872117672838937
0.4684519772139572
0.527011039679418
0.5838163305806532
0.6383159387803726
0.6899944126892388
0.7383783239938431
0.7830409828610938
0.8236062316166481
0.8597513373586436
0.8912089228185509
0.9177679735530704
0.9392739816655121
0.9556282276860041
0.9667863307562347
0.9727561541049983
0.9735950874815666
0.9694069086272792
0.9603382872568604
0.946575008267312
0.9283380524289931
0.9058796030711961
0.8794790874206709
0.849439226205419
0.8160822725943183
0.7797463499955684
0.7407819874774647
0.6995487974677852
0.656412318459108
0.6117409818375563
0.5659031893984823
0.5192644412591454
0.4721844806013847
0.42501443051776505
0.37809392639653117
0.3317480869812859
0.28628452433620055
0.24199021761993297
0.19912834295249346
0.1579351108978114
0.11861664570661007
0.08134592623222492
0.04625996795548721
0.013457294158035643
-0.017004283358619098
-0.04510932689358772
-0.07088587092889902
-0.09440587043737651
-0.11578486422994534
-0.13518076910710766
-0.15279186330666392
-0.16885384706575865
-0.1836359671920956
-0.19743634368937332
-0.21057646452857448
-0.22339496146165694
-0.23624088944351598
-0.2494665025124857
-0.2634198349528258
-0.2784372291973587
-0.29483599666923643
-0.31290746144767895
-0.3329105957435289
-0.35506636947836656
-0.3795531260586755
-0.40650298836423887
-0.43599957076927404
-0.4680769333172561
-0.50271996277802
-0.5398660648974047
-0.5794081929176164
-0.6211990856045297
-0.6650566178722999
-0.7107700121863791
-0.7581068105619884
-0.8068202515894691
-0.8566568822466449
-0.9073641198253227
-0.9586974537637228
-1.0104270908848716
-1.0623437705105343
-1.1142635545060167
-1.1660314032067427
-1.2175234385903757
-1.2686478028703638
-1.3193440596958432
-1.3695812251011397
-1.4193544457880858
-1.4686805123982498
-1.5175923347639995
-1.5661326363601544
-1.6143471008969856
-1.6622772397938081
-1.7099532489103229
-1.7573871748117693
-1.804566626008735
-1.8514493016511795
-1.8979585399580832
-1.9439800966143421
-1.9893602976055627
-2.0339056040333023
-2.0773837158170627
-2.11952609471155
-2.1600319573564937
-2.1985735021345554
-2.2348023278678744
-2.26835673228404
-2.298869771194011
-2.325977748758854
-2.349328922325097
-2.3685921544168096
-2.383465242298652
-2.39368269716936
-2.3990227451871156
-2.3993133915514537
-2.3944373459126247
-2.3843357402910152
-2.369010516895607
-2.34852550208568
-2.3230061421682953
-2.2926379076592673
-2.2576635214676517
-2.218379037257924
-2.175128932095043
-2.1283003702837417
-2.078316737385429
-2.0256307047961304
-1.9707168943082736
-1.9140643928987269
-1.8561692031953905
-1.7975268507747262
-1.7386252107454523
-1.6799377227455476
-1.6219171111869912
-1.5649896024384067
-1.5095498450540807
-1.4559564612023301
-1.4045283261576949
-1.3555415962610315
-1.3092274478087649
-1.2657705621793944
-1.225308313990206
-1.1879306310354205
-1.1536805013857971
-1.122555076887062
-1.094507328883083
-1.0694481746811446
-1.0472490713312113
-1.0277449652636697
-1.0107375768344484
-0.9959989608110974
-0.9832752430940556
-0.9722905556850661
-0.9627510454905835
-0.9543489649190515
-0.9467667400010658
-0.9396810674966191
-0.9327668913532744
-0.9257012833273549
-0.9181672183993324
-0.909857154190663
-0.900476400974479
-0.8897463157384534
-0.8774071600647504
-0.8632207503201826
-0.8469727598586141
-0.828474721296845
-0.807565607658755
-0.7841130993982773
-0.7580144437565297
-0.7291968791311569
-0.6976176385933175
-0.6632635736602618
-0.6261502851872214
-0.5863209459669095
-0.5438446150081407
-0.4988143058751942
-0.45134467414161694
-0.4015694521749497
-0.3496386946819401
-0.29571585587636906
-0.2399748026122182
-0.18259684478830668
-0.12376782742035435
-0.06367538378559152
-0.00250641523021221
0.05955510834813212
0.12233006733926997
0.18564563388875485
0.2493363353465603
0.3132446727234113
0.37722125636756515
0.44112456831522795
0.5048202457162925
0.5681800749997596
0.6310806335597009
0.6934017247910568
0.755024637403635
0.8158303294571246
0.8756976060152141
0.9345014065996438
0.992111216796713
1.0483897169738272
1.1031917442369596
1.1563635422108143
1.2077424084141501
1.257156713141634
1.3044262974828997
1.349363255678306
1.3917730650266724
1.4314560226409911
1.4682089625569712
1.5018271876866174
1.532106567261078
1.5588457220715886
1.581848306651652
1.600925235285466
1.6158969083334953
1.626595348846826
1.6328662033674861
1.6345706504915112
1.6315871560358755
1.623813073498236
1.6111661194766655
1.5935857235133826
1.5710342620748723
1.5434981669143728
1.5109889726235326
1.4735442562271992
1.431228510919559
1.3841339237187535
1.3323810580626199
1.2761194317572437
1.2155279336882236
1.1508150770053698
1.0822190468170434
1.0100074797998766
0.9344769565317724
0.8559521799379163
0.7747847509161911
0.6913516049886177
0.606052999556696
0.5193101068803038
0.4315622383344283
0.3432636231598373
0.254879928910075
0.16688441915893593
0.07975393165385546
-0.006035302482614901
-0.09001195634200161
-0.17171384750456695
-0.2506921097105798
-0.32651519553498654
-0.3987726204106725
-0.4670783644570192
-0.5310739550535083
-0.5904310440929829
-0.6448535901348562
-0.6940795481418943
-0.7378820830935722
-0.7760703141228059
-0.808489635728471
-0.8350216342256022
-0.8555836452414197
-0.87012801974051
-0.8786411255982209
-0.8811421602446993
-0.877681827429955
-0.8683409298207071
-0.8532288837342881
-0.8324822644673321
-0.8062633071139031
-0.7747584745980953
-0.7381770730538677
-0.6967498186454069
-0.6507275448117249
-0.6003798078972191
-0.545993568739417
-0.4878717957091285
-0.42633205108175976
-0.3617049825299073
-0.29433278243549477
-0.22456751024109328
-0.15276938148178962
-0.07930495332111026
-0.004545263331059281
0.07113609317133225
0.14736486728092477
0.22376805396943833
0.29997572597998734
0.3756227651277105
0.45035046503742926
0.5238079639763102
0.5956534544864411
0.6655552036143433
0.7331922965817588
0.7982551637521946
0.8604458430672827
0.9194780239894548
0.9750769072990534
1.0269788451160087
1.074930909881115
1.1186903648353517
1.1580240994281885
1.1927081042269592
1.222527046132009
1.2472739614466353
1.2667501475542242
1.2807653090754783
1.2891379197514892
1.2916959311484466
1.2882777394879084
1.2787334839320221
1.2629266402061459
1.240735882762533
1.2120572089874828
1.1768062582534344
1.1349208178818009
1.0863634150503707
1.03112398394827
0.969222524093754
0.9007116768037469
0.8256792041506046
0.744250265701477
0.656589445445327
0.5629025109919378
0.4634377974598685
0.3584872487905922
0.24838699624449906
0.1335175087519301
0.014303253241703543
-0.1087881389171701
-0.23524721438020738
-0.3645245886957655
-0.4960333156853341
-0.6291518337003382
-0.7632273677772509
-0.8975798743224397
-1.0315064290653042
-1.164286080659617
-1.295185093402606
-1.4234625759946729
-1.54837642123184
-1.6691894917626298
-1.7851760251009454
-1.8956281403171371
-1.9998624125512883
-2.0972263991648403
-2.1871050572353843
-2.2689269551507913
-2.342170167979666
-2.406367802279304
-2.4611130424852017
-2.5060636363027657
-2.5409457288251884
-2.5655570122729436
-2.579769078398903
-2.5835289762148346
-2.576859892867521
-2.559860975707107
-2.5327062471291093
-2.495642663897076
-2.448987320583753
-2.3931238224344464
-2.328497940305238
-2.255612556380129
-2.175022026850079
-2.0873260628084105
-1.9931631714478566
-1.8932038769785902
-1.7881437405211236
-1.6786963624025766
-1.5655864456328348
-1.4495430721098657
-1.3312932548382124
-1.2115559221822116
-1.0910363232912608
-0.9704210876408849
-0.8503737806509267
-0.731531176914612
-0.6145001942416208
-0.4998554485492312
-0.3881375321118357
-0.279851850622926
-0.17546802790512167
-0.07541988375616424
0.019894238336734225
0.11011075663208492
0.19489985216082956
0.2739643630498326
0.3470385270216876
0.41388681550031003
0.47430275608258227
0.5281080336615352
0.5751517170857504
0.6153098225984636
0.6484851520449832
0.6746074593432573
0.6936339370746065
0.7055500204501856
0.7103704531738189
0.7081405695889645
0.6989377747580697
0.682873106729724
0.6600927731218847
0.6307796812815452
0.5951547612849168
0.553478026582709
0.5060493119059329
0.45320854286970713
0.39533552077527145
0.33284911441934484
0.2662058091861999
0.19589756983250406
0.12244903843640077
0.04641397260948549
-0.031628992587706295
-0.11108123925327705
-0.19132969663434615
-0.2717529315886636
-0.3517276678699704
-0.43063571690637276
-0.5078711175746622
-0.5828474355406803
-0.6550050304484673
-0.7238181647515087
-0.7888018512524045
-0.8495182138098667
-0.9055823075120443
-0.9566672243889663
-1.0025083419384928
-1.0429066723789064
-1.0777311603618223
-1.1069198944653593
-1.1304801933071025
-1.14848749240081
-1.1610830967415207
-1.168470790829988
-1.1709123491343998
-1.1687220633628645
-1.1622603395416713
-1.1519265373323222
-1.138151140456142
-1.121387467495712
-1.1021030392011846
-1.080770843794872
-1.0578606221126687
-1.0338303924979224
-1.0091183790212352
-0.9841355363604347
-0.9592587708306578
-0.9348250858952818
-0.9111266752243414
-0.8884071415578887
-0.8668588489118938
-0.8466215152438972
-0.8277819836394483
-0.8103752386801555
-0.7943865607607837
-0.7797548006797329
-0.7663766431275808
-0.7541117750955234
-0.7427887995536698
-0.732211776720939
-0.7221671854286411
-0.712431205243372
-0.7027770484773523
-0.692982305404535
-0.6828359982046287
-0.6721452827617946
-0.6607416225330338
-0.6484862925916021
-0.6352751234477323
-0.621042380171484
-0.6057637008773653
-0.589458063398604
-0.5721887272512812
-0.5540631562803049
-0.5352319341079617
-0.515886725460607
-0.4962572935018503
-0.47660767909512775
-0.4572316151305218
-0.4384472684697939
-0.4205914175930119
-0.40401318849353773
-0.3890674667168036
-0.37610808520763295
-0.365480980974689
-0.35751735456118794
-0.35252703820520515
-0.35079214587097274
-0.3525611072047078
-0.3580432383465892
-0.3674039012585253
-0.3807603484464472
-0.39817832050463414
-0.4196694490403073
-0.4451895726238886
-0.4746378532259079
-0.5078568701976683
-0.54463359214008
-0.5847012364645892
-0.6277419978280189
-0.6733906023018178
-0.7212386164386986
-0.7708394672247605
-0.8217140701250869
-0.8733570200876861
-0.9252432010514208
-0.9768347698418431
-1.027588350510038
-1.0769624167599592
-1.1244246529423048
-1.1694593169402
-1.2115743390715101
-1.2503082614780077
-1.2852367131839855
-1.3159785154117078
-1.3422011986044684
-1.3636259390646501
-1.3800318105506963
-1.391259313318733
-1.397213086526457
-1.3978638196862119
-1.3932492719031708
-1.3834744102016852
-1.3687106262605917
-1.3491940174704606
-1.3252227546977544
-1.297153532618879
-1.2653971229714267
-1.230413059979053
-1.1927034992475274
-1.152806324428745
-1.1112875597089273
-1.0687331656080863
-1.0257403035757748
-0.9829082554677386
-0.9408289742870383
-0.900077598515502
-0.8612028830470749
-0.8247178498990066
-0.7910907491988362
-0.7607365245420735
-0.7340089578991111
-0.7111936182075115
-0.692501852925301
-0.6780659006457337
-0.6679353074273914
-0.66207472308696
-0.660363227783326
-0.6625951852465161
-0.6684827246476146
-0.6776598090369839
-0.6896878885145207
-0.7040630450370439
-0.7202245629823832
-0.7375647343432706
-0.7554398044370502
-0.773181764791377
-0.7901108636224711
-0.8055485010755584
-0.8188303119903602
-0.8293191393599161
-0.8364175750845776
-0.8395799000944607
-0.8383230714221055
-0.8322365371143963
-0.8209906896385163
-0.8043437147754137
-0.7821467260309112
-0.7543470236815129
-0.7209894494800385
-0.6822157652872715
-0.6382620689976045
-0.5894543434687213
-0.5362021943308722
-0.4789909419305499
-0.41837223805432994
-0.35495342329081075
-0.28938586515457126
-0.2223525313990412
-0.15455507254163497
-0.08670071211313986
-0.019489208664938616
0.04639979863281543
0.11031884478182373
0.17166378472526103
0.22988384632518213
0.28449038751261224
0.33506418480892874
0.3812611337337278
0.4228162877017648
0.4595461707762519
0.4913493610168753
0.5182054161825473
0.5401721355475735
0.5573813946153949
0.5700335365714794
0.5783906270985374
0.5827686791994685
0.5835290793537827
0.5810694684970903
0.5758142317061853
0.5682048661125997
0.558690473320042
0.5477185136073321
0.5357260697626735
0.5231317903282293
0.5103286228869581
0.49767751737496285
0.4855021848084546
0.4740849484345342
0.4636637930996234
0.4544305489918647
0.4465303343744684
0.44006204219470607
0.43507997422563327
0.4315964614341859
0.429585393202435
0.42898654712214535
0.4297105811260991
0.43164456690206326
0.4346579497264243
0.438608667505482
0.44334946388876334
0.44873406063367416
0.4546231721798585
0.4608901377871081
0.4674260930087934
0.4741444683079964
0.480984826066908
0.4879157953845936
0.49493712232684156
0.5020807025510723
0.5094106271039855
0.5170221084648267
0.5250394014963733
0.5336126757462805
0.5429139169437431
0.553131924321729
0.5644665426374762
0.5771222051624784
0.5913009822914089
0.6071952878901768
0.6249804323102899
0.644807197785605
0.6667946654522455
0.6910234891622017
0.717529794383952
0.7462998921628453
0.7772659968997954
0.8103030723574873
0.8452269293499886
0.8817936586934576
0.9197004885363995
0.9585880268193115
0.9980439249284019
1.0376078742534305
1.0767778508895254
1.1150175049706743
1.1517645012322157
1.1864396656640732
1.2184567124791774
1.2472323555706342
1.2721965593285365
1.292802702413109
1.3085374601640969
1.3189301249712306
1.32356125674934
1.322070380314168
1.3141626667719637
1.2996143879170297
1.2782771265931172
1.2500805933681745
1.215034093904459
1.173226588259705
1.1248253783978528
1.0700735155399992
1.0092859619473384
0.9428446472404476
0.8711925226868872
0.7948267555714537
0.7142912407337493
0.6301685143568284
0.5430713371729341
0.4536339870820913
0.3625035423980965
0.2703311888974033
0.1777637755242764
0.08543571644350559
-0.006038632236718069
-0.09607204266299654
-0.18411077200868328
-0.26964021434133684
-0.35218973112644236
-0.4313366018610542
-0.5067091099829962
-0.5779886999797039
-0.6449112207024329
-0.7072672471569759
-0.7649015150770961
-0.8177114967590907
-0.865645144098763
-0.908697904540417
-0.9469090044160866
-0.9803571465294045
-1.0091556745417902
-1.0334473351049553
-1.0533986822042745
-1.0691943400239137
-1.0810311331926925
-1.089112299955279
-1.093641866895593
-1.0948193215733064
-1.0928347054305414
-1.0878642604371218
-1.0800666877872167
-1.0695801467312978
-1.0565201023843702
-1.0409780141833425
-1.0230209057323465
-1.0026919469547229
-0.9800118688936312
-0.9549813296618722
-0.927584074416398
-0.8977908739122996
-0.8655641015789947
-0.8308628608553744
-0.7936484838565488
-0.7538902714124686
-0.7115713536197259
-0.666694388390934
-0.6192870835632632
-0.5694072473691746
-0.5171472931817156
-0.46263805455562246
-0.40605170340958063
-0.34760381503028226
-0.28755437215072444
-0.2262076950540276
-0.16391135302114
-0.10105393264211816
-0.038061746439580296
0.024605362842673357
0.08645926466529104
0.14698945801321137
0.20566977903676326
0.2619656010373115
0.31534146541664554
0.3652689319082976
0.41123456344638065
0.452747790691012
0.4893485898050582
0.5206147607710386
0.5461686995667281
0.5656835367943073
0.5788885279933593
0.5855735732700983
0.5855928050471869
0.5788672015229617
0.565386134427884
0.5452078433871138
0.5184588229440351
0.48533215682715614
0.44608474209156523
0.40103355610213226
0.35055093418959515
0.295058945771564
0.23502303746717088
0.17094492919497734
0.1033549589987489
0.032804011003505724
-0.04014489169425398
-0.11492510349313599
-0.1909748791816469
-0.2677457197140167
-0.3447103732328917
-0.42137035043307514
-0.49726278894068104
-0.5719665238299774
-0.6451072541217593
-0.716361685871365
-0.7854605573956741
-0.8521905155418352
-0.9163947889838957
-0.9779726500128254
-1.0368777342526085
-1.0931152130857742
-1.1467379713866919
-1.1978418476868273
-1.246560124695417
-1.2930573782005068
-1.3375228912375272
-1.3801637992388356
-1.421198140190608
-1.4608480058709905
-1.4993329439872385
-1.536863802549129
-1.5736371153086557
-1.609830169283548
-1.6455968320630885
-1.681064235054885
-1.7163302834212153
-1.7514620721647456
-1.7864951396891542
-1.821433542324214
-1.8562506884725105
-1.890890807934791
-1.9252710404753586
-1.9592839816409937
-1.9928005950678365
-2.0256734037838635
-2.057739835111156
-2.08882564405359
-2.118748328943977
-2.147320434015612
-2.1743527233604167
-2.1996571486715584
-2.2230495642516668
-2.244352178380614
-2.263395723046595
-2.2800213070720536
-2.2940819838931974
-2.3054440105337806
-2.313987789160249
-2.31960854848627
-2.322216713370808
-2.321738025558613
-2.31811339340607
-2.3112985062050724
-2.3012632286129207
-2.2879907899152427
-2.2714768150277056
-2.2517282021769387
-2.2287619320592507
-2.202603793421407
-2.173287129564508
-2.140851635518458
-2.105342263259903
