1025
-1.3071120173804647
-1.2708256691588333
-1.2329076085499089
-1.1934359180459373
-1.1525207620795355
-1.110304518365609
-1.066960907662325
-1.0226930751804868
-0.9777306356489065
-0.932325717163404
-0.886748042174694
-0.8412791844764657
-0.7962060767881431
-0.7518139657628203
-0.7083789449759335
-0.6661603012783899
-0.6253928553245569
-0.5862795247530238
-0.5489843353908974
-0.5136260940068147
-0.4802729438241594
-0.4489379948019107
-0.41957621140251433
-0.39208270355698305
-0.36629254823460017
-0.34198222756084984
-0.31887272962476787
-0.2966343089619154
-0.27489286130730806
-0.25323785013848005
-0.23123161622205926
-0.20841990581057038
-0.18434342031962897
-0.1585500763219952
-0.13060774885180962
-0.10011711740503873
-0.06672433699642857
-0.030133160882326423
0.009883843813614292
0.05347528148205101
0.10070246276683852
0.15153275529202248
0.2058350077118728
0.26337724008607083
0.32382673145884805
0.3867525935637981
0.451630856511319
0.5178519804534475
0.5847306859754591
0.6515179222343854
0.7174146772088849
0.7815873731999318
0.8431844279792143
0.90135362908505
0.9552598581848382
1.0041027613514923
1.0471338593431978
1.0836727643940833
1.1131219768785456
1.1349799947928587
1.1488523640464259
1.1544603844348675
1.1516473428530027
1.140382054724048
1.1207597133132898
1.0930000535349707
1.0574428806232647
1.0145411594860594
0.9648518478620901
0.9090247365820144
0.8477896368141828
0.7819422139740915
0.7123288547817789
0.6398309391530701
0.5653488806684022
0.4897863155116305
0.4140347608576711
0.3389590686095482
0.26538395712815604
0.19408185904338723
0.1257622482347197
0.06106265167611278
0.0005413814074877687
-0.05532792064791696
-0.1061599263094211
-0.1516594915634458
-0.19162181706264086
-0.22593100354214207
-0.2545571320453546
-0.27755201369316684
-0.29504377138805954
-0.30723043522116444
-0.3143727456053929
-0.31678629244237466
-0.31483324882048935
-0.3089138114040185
-0.29945751677182086
-0.28691464333982253
-0.2717477382605952
-0.25442352579839833
-0.23540517716055734
-0.21514514915095093
-0.19407862624709055
-0.17261766115617322
-0.15114600907738193
-0.130014835786242
-0.10953918115772478
-0.08999531375461207
-0.07161889725726998
-0.05460404123434781
-0.03910315742214941
-0.02522764122708301
-0.013049263477882399
-0.0026023216363365315
0.006113640561358806
0.013130494237341911
0.01850777614113837
0.0223285540353115
0.024695023677527368
0.025723985229930472
0.025542273961447225
0.02428227787109223
0.022077656307357602
0.019059380887663565
0.015352172946672855
0.011071437851322486
0.006320781712592082
0.001190150574494655
-0.004245353914982601
-0.009925988817027892
-0.015807186547460265
-0.02185872960612992
-0.028063321885670522
-0.03441459769489567
-0.040914716786274175
-0.047571573383121714
-0.05439578791677777
-0.06139758892711557
-0.06858366488820211
-0.07595420714287113
-0.08350015029154116
-0.09120080797343379
-0.09902193815098508
-0.1069143676769109
-0.11481316856811175
-0.12263750413022916
-0.1302910558379752
-0.13766311511062998
-0.14463023632535804
-0.15105841425532848
-0.15680571225420242
-0.16172524158001372
-0.1656683753480919
-0.16848812096122973
-0.17004245439568022
-0.17019759943215002
-0.16883105705779006
-0.16583433087970864
-0.16111525299226628
-0.1545998267491028
-0.1462335587799692
-0.13598223506195142
-0.1238321544860792
-0.10978981200372866
-0.09388108867637512
-0.07615000298574084
-0.05665706982892641
-0.03547739942857896
-0.012698568625878237
0.01158158674404783
0.037257192755530105
0.06421646938842752
0.09234367355949752
0.12152081740019002
0.15162904689119214
0.18254968285652837
0.21416487894917227
0.24635787228372533
0.27901286050983615
0.3120145252673163
0.3452472147812627
0.37859389409127814
0.41193486962268144
0.44514639809213785
0.47809927571265787
0.5106574022605562
0.5426765339368831
0.5740031652979035
0.604473715380809
0.6339140026839175
0.6621391189075151
0.6889536903006044
0.7141525776856845
0.7375220502061233
0.758841358160691
0.7778847808353216
0.7944240592233104
0.8082312112843605
0.8190816469275346
0.8267575799801371
0.8310516239024623
0.8317705185518333
0.8287389283460632
0.821803217364676
0.810835126490264
0.7957352833479908
0.7764364646569839
0.7529064999434518
0.7251508448152256
0.6932146296869253
0.6571842292426208
0.6171882591457768
0.5733979665992692
0.5260269681911323
0.47533038471977324
0.4216032725910504
0.3651784174491186
0.3064235437680408
0.24573791269729908
0.1835483664911609
0.12030494196147322
0.05647607497828865
-0.007456523092479964
-0.07100317007127249
-0.1336716688990406
-0.19497275245864637
-0.2544254694247229
-0.3115623474991828
-0.3659343208086071
-0.4171152635511696
-0.46470609359827786
-0.5083383789060912
-0.5476774149368842
-0.58242470326254
-0.6123198715992858
-0.6371419769807802
-0.6567102998147792
-0.6708845434079174
-0.6795645991700365
-0.6826898354986386
-0.680238073961595
-0.6722241863178205
-0.6586985115628332
-0.6397450657643791
-0.6154796331213563
-0.5860478076560853
-0.5516229978958745
-0.5124044257535988
-0.4686152028855127
-0.4205003976535407
-0.3683251846490051
-0.3123730238075937
-0.25294387701279636
-0.19035241958809235
-0.12492628061949049
-0.05700421662123588
0.013065708358266676
0.0849280300735299
0.15822181972096866
0.2325826872334874
0.3076448331491219
0.3830431040834681
0.45841508915256574
0.5334031536003976
0.6076564388170133
0.6808327457708064
0.7526003259508127
0.8226394684193037
0.8906439344959258
0.9563221797514035
1.0193983505381983
1.0796131001726255
1.1367241810894029
1.1905068847944391
1.2407543405099777
1.2872777276905731
1.3299064492742978
1.368488330459821
1.402889874928725
1.4329966716838827
1.4587139699103067
1.479967461180326
1.4967043216679705
1.5088944805906297
1.5165321426745133
1.5196375253884573
1.5182587584455487
1.5124738842830094
1.502392871416604
1.4881595729043449
1.469953458997354
1.4479910861146768
1.4225271207473182
1.3938548400948652
1.3623059926793128
1.3282499144578532
1.292091854335224
1.2542704154459146
1.2152541276529603
1.1755371005947866
1.1356338514799238
1.0960733129263798
1.0573921178631853
1.0201273218741906
0.984808642908134
0.9519504173576601
0.9220434517150135
0.8955469176960732
0.8728805295681268
0.8544171527210347
0.840476052262034
0.8313169224431142
0.827134873916664
0.8280564540644338
0.8341368714019425
0.845358404784533
0.861630105596775
0.882788743055086
0.9086009826391045
0.9387667625234688
0.9729237124732494
1.0106525951969263
1.0514835400681708
1.094903002287899
1.1403612318031522
1.187280141921805
1.2350613365464558
1.2830942192777515
1.3307639812729057
1.3774593238500443
1.4225798546218955
1.465542966244276
1.5057901885481397
1.542792917294177
1.5760574694665717
1.6051294880525468
1.6295976473039198
1.6490966947955845
1.6633098620632292
1.6719706956575124
1.6748643086552097
1.671828186217856
1.662752496257069
1.6475800809676047
1.626306064967605
1.5989771860958164
1.5656908976187782
1.526594201003995
1.4818823231921825
1.4317971326513206
1.3766254131465951
1.3166969289200665
1.252382230131618
1.1840902904285187
1.112265856952616
1.037386556300838
0.95995971835279
0.8805189085479573
0.7996201712219139
0.7178379725761048
0.6357608836842484
0.5539869651361361
0.47311895238351165
0.39375919267255133
0.3165044750228265
0.2419407133544866
0.17063758653789526
0.10314318892523072
0.03997875808899719
-0.018366486238022145
-0.07144026900979664
-0.11883194969464475
-0.16017687440699022
-0.19516034390437356
-0.22352114502195114
-0.2450546146488517
-0.25961517056242195
-0.26711828710465596
-0.2675418935401259
-0.2609271750926236
-0.2473787570061911
-0.22706427727698664
-0.20021333342484124
-0.1671158475461736
-0.12811980782905655
-0.08362844987668606
-0.03409690305979953
0.019971685861574107
0.07803054511684115
0.1394940638920408
0.20374301257453473
0.270130125414402
0.3379859807044948
0.40662515452736736
0.4753525890691033
0.5434701046403735
0.6102830410416972
0.6751069252930503
0.737274144165678
0.7961405524386985
0.8510919418565273
0.9015503334260675
0.9469800209849212
0.9868932781133347
1.0208557081545238
1.0484911247320223
1.0694859158270322
1.0835928254980738
1.090634063102753
1.0905036834886122
1.0831692047877484
1.0686723352552798
1.0471288194316029
1.0187273443650187
0.9837274481635121
0.9424564562666894
0.8953054158909972
0.842724063591938
0.7852148630541563
0.723326155868642
0.6576445792035841
0.5887867554895181
0.5173904953907636
0.4441055724648353
0.3695843212661611
0.2944721865240436
0.21939843560681493
0.14496727974046447
0.07174950813575819
0.0002749294559481447
-0.06897426235934166
-0.13556900261516927
-0.19913765696508728
-0.2593689495421759
-0.3160134966435342
-0.368883890741096
-0.41785335975346594
-0.4628530478569107
-0.5038680003257731
-0.5409320493526047
-0.5741216558564706
-0.6035490336376342
-0.6293547049854447
-0.6516997536445107
-0.6707580192459397
-0.6867084948029526
-0.6997281647413527
-0.7099855012301792
-0.7176348441173844
-0.72281177900914
-0.7256297255655503
-0.7261777297767724
-0.7245195818007936
-0.7206941932142067
-0.7147171986699291
-0.7065837275023299
-0.6962721225728769
-0.6837485129915241
-0.668971988940643
-0.6519002130745013
-0.6324951503647037
-0.6107287825735594
-0.5865885231365413
-0.5600820874962995
-0.5312417195525388
-0.500127518192013
-0.4668297902016357
-0.4314703015712611
-0.39420243258673027
-0.35521013201337465
-0.3147057811525289
-0.27292704714068977
-0.23013271307357472
-0.1865977628664278
-0.14260779013416958
-0.09845291645720797
-0.05442144466110482
-0.010793401328035898
0.032165804232952955
0.07421148231584916
0.11512523343577172
0.15471998056437464
0.19284420419334863
0.22938533729504745
0.2642722209911939
0.29747653292922327
0.329013209351707
0.3589398011226633
0.38735483328512854
0.41439516094601114
0.4402324546972654
0.46506880715025684
0.4891316592023142
0.5126680966571381
0.5359386616779113
0.5592108283065406
0.5827522581996804
0.6068240029447093
0.6316737975058878
0.6575295672936792
0.6845933288465113
0.7130355843264481
0.7429903468848532
0.7745509214707925
0.8077665286632121
0.8426398488608419
0.8791255819863057
0.9171300104856009
0.9565116487148584
0.9970829203269453
1.0386128681937095
1.0808308351292495
1.1234310039707107
1.1660777701404317
1.208411724097811
1.2500561990449077
1.2906241552152855
1.3297253006078038
1.3669732054576542
1.4019923261951017
1.4344247076447587
1.4639362533110063
1.4902223920797424
1.5130130700246036
1.5320769274901038
1.5472246246812063
1.558311260861869
1.565237882537943
1.5679520887068275
1.5664477881198626
1.5607641604578695
1.5509839126127152
1.53723094263256
1.5196674944415915
1.4984909640228785
1.4739304482090032
1.4462431520975685
1.4157107741260684
1.3826359747619843
1.3473389787115087
1.3101543933604334
1.2714282930834615
1.2315155644656324
1.1907775501123397
1.149579943376025
1.1082909377624546
1.0672795512429507
1.0269141158035766
0.9875608288698239
0.9495823394841811
0.9133363042744967
0.8791738335569869
0.8474378356588722
0.8184611188605125
0.7925643907862415
0.7700539521867017
0.7512192227886204
0.7363300872838708
0.7256339972182447
0.7193530312756244
0.7176807867958794
0.7207792878821161
0.7287758923090181
0.7417603111516953
0.7597817817564251
0.782846435556707
0.8109150185428398
0.8439009029266669
0.8816685268327817
0.9240323110894052
0.9707560593166078
1.0215528874268134
1.0760857704262285
1.1339686651446037
1.1947682080750168
1.2580061109147074
1.3231621204975332
1.3896776138054732
1.4569597833241206
1.5243864050854075
1.5913111442694547
1.6570693533120409
1.7209843020649591
1.7823738400742908
1.840557321933285
1.8948628136042516
1.9446344598893863
1.9892398992925833
2.028077689231918
2.060584595603722
2.086242673594747
2.10458602206746
2.115207140791027
2.117762745129118
2.1119790166575974
2.0976561282473907
2.0746720137809462
2.0429853067953183
2.0026373785959746
1.9537534296313748
1.896542607464282
1.8312971384113
1.7583904173053113
1.6782741268715087
1.5914743702144145
1.4985868272302874
1.400271029780319
1.2972437607963767
1.1902716913826383
1.0801633086882378
0.9677602228625769
0.8539279693785139
0.7395464058259266
0.6254998070918837
0.5126668195026969
0.40191034847542295
0.29406753689919696
0.18993999602185074
0.09028435910237019
-0.0041966456116853835
-0.09286251918640996
-0.1751425538341916
-0.25054253341496285
-0.31865045959532234
-0.37914119138780616
-0.4317799340434191
-0.4764244902660522
-0.5130262310508857
-0.5416297464224333
-0.5623711814427951
-0.5754752541349341
-0.5812509851373995
-0.5800862135498527
-0.5724409892918231
-0.5588398969393773
-0.539863505209882
-0.516139029643852
-0.4883304051495654
-0.4571279102759303
-0.42323756851026223
-0.3873704705095824
-0.3502322507440084
-0.3125128688465357
-0.27487690795906855
-0.23795453430132674
-0.2023332952464478
-0.1685508607578629
-0.1370888525052841
-0.10836782563305584
-0.08274346595344327
-0.06050403647498844
-0.04186907942188059
-0.02698933977989402
-0.015947855662025456
-0.008762168111683417
-0.00538749149841224
-0.005720781337159181
-0.00960554676007997
-0.0168372401307115
-0.027169106308812394
-0.040318316921071885
-0.055972242613472285
-0.0737947062871867
-0.09343212907001214
-0.11451936310835935
-0.1366852190678044
-0.15955749221391002
-0.18276751471685979
-0.205954146688959
-0.22876719313504537
-0.2508702607552387
-0.27194306181918015
-0.29168321858857793
-0.30980760614894637
-0.326053287463204
-0.3401781477189116
-0.3519612571615384
-0.3612030634852723
-0.367725455605348
-0.37137178972383106
-0.37200691899234917
-0.36951723325116687
-0.36381079341076283
-0.35481748837871424
-0.3424893268049176
-0.32680071639181074
-0.30774879995085713
-0.28535374831360477
-0.25965902193727114
-0.23073147659003196
-0.19866133066798028
-0.1635619032178062
-0.12556907969329137
-0.08484051605386671
-0.04155446692670209
0.004091671689556095
0.05188319553269386
0.10159023948281665
0.1529702028172308
0.20577045599390528
0.25973123493605077
0.3145886831937122
0.37007796383988734
0.4259363607288859
0.4819063383541925
0.5377383934081432
0.5931937420423965
0.6480467068749084
0.702086760707111
0.7551202010955756
0.8069714447392982
0.8574838558653818
0.9065202212718837
0.9539627486135781
0.999712751910975
1.0436899462697315
1.0858314936644007
1.1260907659285055
1.1644359962651647
1.200848767892991
1.2353225015492735
1.2678609723619119
1.29847689446211
1.3271906854870865
1.3540293998481
1.3790259279118995
1.4022184105615618
1.4236499562030098
1.4433686271244535
1.4614276594813327
1.4778859277256702
1.4928085810207044
1.5062678099987816
1.5183437034112446
1.5291250674281471
1.5387102105067796
1.547207554997654
1.554736036012918
1.5614252196291334
1.5674150611184519
1.5728552764186776
1.5779042833599533
1.582727702537415
1.5874963962763398
1.5923841070635403
1.5975646839935824
1.603208999809579
1.6094816033723098
1.6165371999772022
1.6245171013224438
1.6335456705766482
1.6437269857000005
1.6551417406204878
1.6678445730273501
1.6818618493452864
1.6971900744261461
1.7137949323095327
1.7316110600725205
1.7505425586086816
1.770464273422415
1.7912237967906928
1.8126442001288232
1.8345273756433131
1.856657947740957
1.878807643372924
1.9007399859842948
1.9222151981546465
1.9429952012776075
1.9628485202054533
1.9815550275725695
1.9989103656812865
2.0147299272223704
2.0288523219821895
2.041142244048201
2.0514926568109204
2.059826280296473
2.0660963535080934
2.0702866758707184
2.072410942368487
2.072511447059926
2.0706571562413827
2.0669412650034626
2.061478318840104
2.0544009578517426
2.0458563969344308
2.0360027316298437
2.025005171423646
2.0130322532543037
2.0002521565355655
1.9868291668479912
1.9729203518310277
1.9586725336422985
1.9442195452526838
1.9296798713206582
1.9151546419093068
1.900726046539948
1.8864561262148254
1.8723859818932744
1.8585354369590164
1.844902992316144
1.831466290925638
1.8181828654243202
1.8049912923109193
1.7918126627088724
1.778552346374427
1.7651021159028484
1.7513424118159764
1.7371449523565647
1.7223754276865115
1.7068964242122753
1.6905703963169871
1.6732627184309155
1.654844745295834
1.6351968117349942
1.6142111348864256
1.5917945622126133
1.5678711013156963
1.5423841700973637
1.5152985592136312
1.486601970439717
1.4563062274345697
1.4244479531510144
1.3910888496832017
1.356315471771351
1.3202385013133293
1.2829915383514052
1.2447294346346474
1.205626165419522
1.1658722992734203
1.1256720996525644
1.0852403252868765
1.044798758963279
1.0045725808402486
0.9647866161374586
0.9256615552994896
0.8874102042367873
0.8502338727618035
0.8143189366203049
0.7798336696648427
0.7469253907640208
0.7157180104361899
0.6863099945470095
0.658772792279023
0.6331497807310899
0.6094557091662594
0.5876766730074956
0.5677706184927652
0.5496683100318739
0.5332748347135255
0.5184714936792305
0.5051181138337544
0.49305569893426054
0.48210937147513894
0.4720915328818234
0.46280516781263387
0.454047264995348
0.44561223263763966
0.43729529308816856
0.4288957557951938
0.42022014033594945
0.41108508189183207
0.40131998209682185
0.39076934933418517
0.379294839447084
0.36677692472628715
0.35311620609874067
0.3382343742793028
0.3220747651782098
0.30460260441686293
0.285804846271848
0.2656897475196476
0.24428607110271636
0.22164206523398028
0.1978241547394959
0.17291542410370928
0.14701391290983643
0.12023074929155791
0.09268814111922999
0.06451728030916483
0.03585615922398
0.006847323981792729
-0.022364385945705632
-0.051634137586700025
-0.08081940423959817
-0.10978223503535937
-0.13839152718660283
-0.16652523647801923
-0.1940725539253304
-0.22093600461096893
-0.24703346560875716
-0.27230007238171494
-0.2966899905613959
-0.32017799816515474
-0.3427609047585354
-0.36445864417645685
-0.3853151366058684
-0.40539873404013255
-0.42480229495920674
-0.4436427679725639
-0.46206024798003464
-0.4802164942071272
-0.49829282273256975
-0.5164873656905862
-0.5350117161439836
-0.5540869034017275
-0.5739388214985237
-0.5947930450399923
-0.6168692262170472
-0.6403750989137266
-0.6655002383027412
-0.692409718682237
-0.7212378417959259
-0.7520820781173301
-0.7849974762638042
-0.8199916488383474
-0.8570205744164584
-0.8959853726072236
-0.9367302035368891
-0.9790414516029609
-1.0226482504011767
-1.0672244545799605
-1.1123920841530732
-1.1577262025388264
-1.2027611869857338
-1.246998303379538
-1.289914369007952
-1.330971439148353
-1.3696271853739563
-1.4053457780428806
-1.4376090230544136
-1.465927392996672
-1.4898507988908534
-1.508978714119172
-1.5229694400794365
-1.5315483001681063
-1.5345144951578864
-1.5317465273842221
-1.523205980003771
-1.508939653804113
-1.4890799555848706
-1.463843618905056
-1.433528734165018
-1.3985102830695848
-1.3592342152270844
-1.3162103317808267
-1.2700040981883534
-1.22122765831448
-1.170530220040229
-1.1185881056088194
-1.0660946243511888
-1.013750026106066
-0.9622517301798634
-0.9122849712491192
-0.864514051329401
-0.8195742943622315
-0.7780647993588409
-0.7405420595420061
-0.7075144767536355
-0.6794377814000783
-0.6567113412268372
-0.6396753366183524
-0.6286087454950505
-0.6237280604062897
-0.6251867495144858
-0.6330752873288826
-0.6474217978396226
-0.6681931825167826
-0.6952967314315115
-0.7285821383747085
-0.7678439150472464
-0.8128241910176173
-0.8632158345921567
-0.9186659479674812
-0.9787796858539406
-1.0431244192399163
-1.1112342145900582
-1.1826146280180136
-1.2567477817266346
-1.3330977362919205
-1.4111160307226887
-1.4902474217581674
-1.5699357163781407
-1.6496296260047731
-1.7287885547175739
-1.8068882339027097
-1.8834261062905022
-1.9579263496452148
-2.02994447721795
-2.099071364080942
-2.1649366907349594
-2.227211693348109
-2.28561119414198
-2.3398948525374057
-2.3898676622532458
-2.435379690122363
-2.476325070127418
-2.5126403208712027
-2.544302057794164
-2.571324161115036
-2.593754507421986
-2.611671356446702
-2.6251795185954157
-2.634406369655759
-2.6394978550198958
-2.6406145472434837
-2.637927860215226
-2.6316164877400627
-2.621863108794139
-2.6088514229866644
-2.5927635479099225
-2.5737777607189347
-2.552066624094196
-2.5277954511725316
-2.5011211421248825
-2.4721912925938625
-2.441143632298723
-2.4081057086471502
-2.3731948004604453
-2.3365180625901756
-2.2981728647180057
-2.258247328342883
-2.216821040654215
-2.173965972095645
-2.129747587717972
-2.0842261720958013
