1025
0.05475892627851633
0.01989497005746311
-0.01333072043322417
-0.04454907829779922
-0.07343394185545085
-0.09970717021985434
-0.1231426003028036
-0.14356878596803765
-0.160870452062565
-0.17498868076945082
-0.1859198338346402
-0.19371329301363485
-0.19846810406109786
-0.20032863866061
-0.19947942643397087
-0.19613931358330172
-0.1905551275063192
-0.18299503214623017
-0.1737417418513588
-0.16308579631802572
-0.15131905343272145
-0.1387285409379558
-0.1255908554864103
-0.11216717040220506
-0.09869897744468943
-0.08540461885574337
-0.07247665387701663
-0.06008009137261907
-0.048351437534927745
-0.03739856573437696
-0.027301337727124415
-0.01811289001557847
-0.009861521155294026
-0.002553036820868867
0.0038265136249021605
0.009307854428567127
0.013935365663730036
0.017763951899943575
0.020855986583342773
0.023278458770980132
0.02510038563826611
0.026390597796574475
0.02721592425837983
0.02763983474831319
0.027721565157400426
0.027515727612002033
0.027072395034207025
0.026437615066321515
0.02565435427827791
0.024763734339528085
0.02380656679385557
0.022825054775247735
0.02186458657955382
0.020975541296238305
0.020214980441457725
0.019648167853781727
0.019349833933406668
0.019405068529581047
0.01990983860439224
0.02097103302167714
0.022706040324922957
0.025241817115099378
0.02871346604881917
0.03326235317080562
0.03903379027774036
0.046174342939625246
0.05482884958258867
0.06513721118438036
0.0772310701494626
0.09123043486190607
0.10724040059459207
0.12534799974145977
0.14561931419637136
0.16809692505840512
0.19279773464304906
0.219711235803171
0.24879827000699525
0.2799902805513306
0.3131890491215248
0.3482669400898516
0.38506758728751633
0.423406992397448
0.46307499406248315
0.5038370414449969
0.5454362145337222
0.587595414117845
0.6300197002110559
0.672398696097664
0.7144090191468754
0.7557167306256564
0.7959797573870705
0.8348502932824016
0.8719771838780972
0.9070082986343185
0.939592941005175
0.9693842852932456
0.9960419237755003
1.0192345224255357
1.038642632227015
1.053961670063455
1.0649050980278436
1.071207798517124
1.072629633526901
1.0689591364330815
1.0600173435183762
1.0456616337819928
1.0257895421987968
1.0003424630377824
0.9693090616793545
0.9327283780428252
0.8906924234990005
0.8433481812351838
0.7908989041964603
0.7336045655936888
0.671781413615319
0.6058005400919529
0.536085377515544
0.4631081695488361
0.38738535357438
0.3094719566901772
0.22995499618883175
0.14944607216942438
0.06857320666341922
-0.012027869011918008
-0.09172279663660154
-0.16988789691598638
-0.2459194114214391
-0.31924252514198187
-0.3893199407040447
-0.4556597498190309
-0.5178224954484184
-0.5754271619620527
-0.6281559990533582
-0.6757580573470211
-0.7180513361877864
-0.7549235303865082
-0.7863313521729098
-0.8122984683269648
-0.8329121697121769
-0.8483188033782553
-0.8587181989398562
-0.8643572235573044
-0.8655226221499185
-0.8625334258967519
-0.8557330710706499
-0.8454814699145305
-0.8321472472331398
-0.816100313424124
-0.7977049498704066
-0.7773135648534052
-0.7552612192301045
-0.7318610389693679
-0.7074005276449633
-0.6821388251210746
-0.6563049403687022
-0.6300968223377944
-0.6036813136628868
-0.5771948429857664
-0.5507447594321992
-0.5244112179116585
-0.49824945760763156
-0.47229240008581835
-0.44655340859821596
-0.4210290952777731
-0.3957021130871902
-0.37054378516527475
-0.345516557931539
-0.32057615598810785
-0.29567345848052906
-0.27075604217256555
-0.24576936745644098
-0.22065765917437116
-0.19536446591312628
-0.16983293734219082
-0.14400587327455264
-0.11782558033813706
-0.09123359551847597
-0.06417031485767424
-0.0365746194049558
-0.008383524542045348
0.02046808384173899
0.050047574309224206
0.08042449803417619
0.1116703100008699
0.14385780013739327
0.17706027107862218
0.21135037798589842
0.24679868173151534
0.28347187153059034
0.3214307058025831
0.3607276862423196
0.40140448224206987
0.4434892130248483
0.48699358473356597
0.5319100147743963
0.5782088072691127
0.6258354695230547
0.6747082816933629
0.7247162571190005
0.7757175049428939
0.8275382381397101
0.8799723926514637
0.9327820153731583
0.9856984580001452
1.0384244418177362
1.090636988391883
1.14199123224134
1.1921250771437972
1.240664631319005
1.2872303048540208
1.331443490957662
1.3729336515778154
1.4113456150427048
1.4463469860587517
1.4776353372675004
1.5049450869209748
1.5280538241999804
1.5467878607471224
1.5610268695576541
1.570707448058606
1.575825446679798
1.5764370324666488
1.5726583755041947
1.5646639697321147
1.5526836178967598
1.536998162915773
1.5179340302663649
1.4958567358525385
1.4711636111187747
1.4442757916125042
1.4156298372918512
1.3856691082646126
1.3548351642209435
1.3235593932734984
1.2922551068775048
1.2613102720392386
1.231081025926008
1.2018861642140037
1.1740026544626545
1.1476622576514866
1.1230493175201357
1.1002996578598092
1.079500602208202
1.0606920071935217
1.0438682588005739
1.0289810367889207
1.0159428444174528
1.0046309629926218
0.9948919091350393
0.9865460354258238
0.9793922957884509
0.9732129016380135
0.9677778793335683
0.9628493152160611
0.9581852661484089
0.9535432562038977
0.9486833305955626
0.9433705974614868
0.9373773435868482
0.9304846362108894
0.9224835296511237
0.9131758690548382
0.9023747799394718
0.8899048611000081
0.8756022062397621
0.8593142701840861
0.840899669702939
0.8202279842658848
0.7971796028249192
0.7716456707542306
0.7435282045459444
0.7127403457504798
0.6792068677992977
0.6428648644455109
0.6036646881797433
0.5615710937925871
0.5165645945843864
0.4686430160498699
0.41782318113200734
0.3641427310217331
0.3076620074577602
0.24846594770735483
0.18666594164281364
0.12240161561760249
0.055842394230181606
-0.012811112616833101
-0.08332607379513596
-0.15543672666031458
-0.22884413586063174
-0.3032164221957802
-0.3781895493703859
-0.45336871216418406
-0.5283303316372912
-0.6026247508486957
-0.6757795551182308
-0.747303584752492
-0.8166916068153843
-0.8834295784341889
-0.9470004995876272
-1.0068907451500204
-1.0625968284210638
-1.113632466570634
-1.1595358525005754
-1.1998769947546015
-1.2342650033534701
-1.2623551626352254
-1.283855653899658
-1.298533783179603
-1.306221542349499
-1.3068204157935737
-1.300305254391751
-1.28672710955798
-1.2662149907451674
-1.238976366792069
-1.2052964581595769
-1.165536228228697
-1.1201291205969337
-1.0695765077231614
-1.0144419990937612
-0.9553445935876262
-0.8929508771893935
-0.8279663368079856
-0.7611259593866821
-0.6931843369015317
-0.6249053908702499
-0.5570519547976039
-0.49037543086021257
-0.4256056475235426
-0.36344120342364217
-0.3045403577030644
-0.24951276560463062
-0.19891206776269083
-0.15322951935163343
-0.1128887587396641
-0.0782416828308998
-0.049565598906725926
-0.027061493791902008
-0.01085353764025003
-0.0009896201667457217
0.002557012536369705
-0.00011474276436415343
-0.008837204849872436
-0.023377909704311545
-0.04344419496547625
-0.06868819089889078
-0.09871211359036913
-0.133073683046173
-0.17129168634539688
-0.21285145451533027
-0.2572102154644244
-0.30380233102969284
-0.3520443357700048
-0.40133971604291174
-0.45108349211681154
-0.5006666114188734
-0.5494801331001294
-0.5969192942653947
-0.6423874574648334
-0.685299989019479
-0.7250881646959932
-0.7612030380691059
-0.7931193936583721
-0.8203397438390801
-0.842398368492964
-0.8588654675634456
-0.8693512778334904
-0.8735101950013575
-0.8710448271592072
-0.8617099129152694
-0.8453159962339278
-0.8217328109358757
-0.7908922853078446
-0.752791017474325
-0.7074922114805726
-0.6551269382681437
-0.5958946379045946
-0.5300628615801971
-0.4579661183173639
-0.38000386593413005
-0.29663758342521485
-0.20838694147478687
-0.11582510671745544
-0.019573182873243274
0.07970612287715934
0.18131553064428338
0.2845308549596889
0.3886091835889723
0.49279745645794015
0.5963413008524209
0.6984940340820343
0.7985256566875223
0.8957317084423303
0.9894418475404829
1.079028020704697
1.1639120788638224
1.243572733533056
1.3175516967095062
1.3854589475982793
1.4469770053775421
1.5018640977656303
1.5499562593613183
1.5911681813053822
1.6254929041043553
1.6530002895386433
1.6738342885538686
1.688209058653447
1.6964040020021505
1.6987577804138168
1.6956614110724544
1.6875506158637363
1.6748975124224121
1.6582018304304742
1.6379818415985548
1.6147651660432476
1.5890796608499054
1.5614445673016373
1.5323621347979977
1.5023098676900344
1.4717335766138926
1.4410414092397459
1.41059892465473
1.3807253730794498
1.351691185605152
1.3237167848862026
1.2969725950918916
1.2715803358860418
1.2476154284657375
1.2251104244156574
1.204059359443837
1.1844227741286426
1.166133287110443
1.1491014505778447
1.1332217180695074
1.1183782685462915
1.1044504839238931
1.091317895649644
1.0788644045237672
1.0669816450807825
1.0555713552865786
1.0445467202116776
1.0338326039512866
1.0233647490341244
1.0130879398983315
1.0029532884687893
0.992914725802446
0.9829249509254183
0.9729309736165779
0.9628695085083757
0.9526624783475939
0.9422128510722664
0.931401036052407
0.9200820888376299
0.9080839382094918
0.8952067276392112
0.8812235066304543
0.8658822335737373
0.8489092388915551
0.8300140305324286
0.8088953932768707
0.7852487010652662
0.7587741786164244
0.7291859480023821
0.6962215827718394
0.6596518850139306
0.6192905306842007
0.5750033380794446
0.526716755865548
0.4744253267891752
0.4181978028031942
0.3581816480708625
0.2946057613135957
0.22778120774714683
0.15809988008379725
0.08603101334162533
0.012115626111165697
-0.06304109689192983
-0.13877930600836547
-0.21439564799886743
-0.2891558799419247
-0.36230858529601534
-0.43309968960858997
-0.5007873743442168
-0.5646570330519156
-0.6240358711728777
-0.6783067380764459
-0.7269208860895112
-0.7694092626045439
-0.8053920543955929
-0.8345862777994464
-0.8568111336054065
-0.8719910935108363
-0.8801565498898194
-0.8814421169812277
-0.8760825509331122
-0.8644064975927029
-0.8468281898647971
-0.8238373321376486
-0.7959874903537698
-0.7638832501854379
-0.7281665074318939
-0.689502248045306
-0.6485641827291071
-0.6060205560227484
-0.5625205320352423
-0.5186814485271488
-0.4750772077156315
-0.4322281081022365
-0.3905922793637576
-0.3505589100943107
-0.31244337012734685
-0.2764842793642059
-0.2428425687314691
-0.2116024275273845
-0.18277412408771213
-0.1562985008916505
-0.13205304130097062
-0.10985925134627458
-0.08949115841481639
-0.07068467510491373
-0.05314756824873303
-0.036569775020101274
-0.020633759419895023
-0.005024721299286301
0.010559660021576925
0.02640014380097806
0.04274771427202226
0.059816432804121064
0.07777748859082649
0.09675458750474389
0.11682075188262975
0.13799656886115347
0.16024993529806764
0.18349722572163654
0.2076058929461708
0.23239831956222703
0.2576568897786085
0.28313008986405613
0.3085394621567654
0.33358721380744
0.35796432862163224
0.3813588932186449
0.4034644713480622
0.42398827538499545
0.44265894393217337
0.45923371006629665
0.47350478353047265
0.485304773955221
0.49451101925168844
0.5010487160785363
0.504892773410867
0.5060683273256416
0.5046499252137246
0.5007594047439858
0.494562523692093
0.4862644179868845
0.47610405270705286
0.4643477728899576
0.45128216493377143
0.4372064037851371
0.4224243126139965
0.40723630949513634
0.39193155147193076
0.3767803510236987
0.36202724561970573
0.34788471198390275
0.33452790885713884
0.3220903860486437
0.3106610271079161
0.3002822142252266
0.29094931437670873
0.28261145951789024
0.27517357765433714
0.2684996875531986
0.262417205962861
0.25672233088467666
0.251186117068717
0.2455612765283451
0.2395893032549628
0.2330078701056962
0.22555817249721163
0.21699202640309448
0.2070785880073274
0.19561034757133963
0.1824084094755615
0.16732675469768205
0.1502554980233939
0.13112294729846966
0.10989654370996994
0.08658256482096861
0.06122472768632115
0.033901663252780774
0.004723464135933952
-0.02617264513640975
-0.05862729716808439
-0.09246446795699594
-0.12749731589919208
-0.16353407463113764
-0.2003839075753263
-0.23786247369574637
-0.27579703863961147
-0.3140309735538877
-0.3524274984092463
-0.390872595753046
-0.42927693925885757
-0.467576901778698
-0.5057345205331936
-0.5437365047762966
-0.5815923348801209
-0.6193315013406114
-0.6570000251585972
-0.6946563615563935
-0.7323668573694924
-0.770200903764139
-0.8082259485296955
-0.8465025664851289
-0.8850797131113053
-0.9239903491689468
-0.9632475770760774
-1.0028414070567109
-1.0427362878665403
-1.0828694717620992
-1.1231502757240923
-1.1634603091212468
-1.203654636790277
-1.243563897764482
-1.2829973036060356
-1.3217464919143866
-1.3595901040313993
-1.3962989979528515
-1.4316419385929156
-1.4653916517305803
-1.4973310584836967
-1.527259511691515
-1.5549988783437727
-1.5803992998344627
-1.6033444193330137
-1.6237559742226806
-1.6415975487161152
-1.656877405194254
-1.6696502410628264
-1.680017839122689
-1.6881284922408657
-1.6941752547637159
-1.6983929634154618
-1.701054102350595
-1.7024635820976308
-1.7029525534091803
-1.7028713446879973
-1.7025817635105824
-1.702448873421724
-1.7028325078435864
-1.704078722514316
-1.706511386507176
-1.7104241862231382
-1.716073238785841
-1.7236705223790816
-1.7333782979773362
-1.7453047424595873
-1.7595008716733649
-1.7759588748923785
-1.7946119250850947
-1.8153354988104333
-1.8379501502823106
-1.8622257158035045
-1.8878868165852263
-1.9146195423486025
-1.9420791135137832
-1.9698983613358143
-1.997696727714062
-2.0250896126922435
-2.0516977493349406
-2.077156418330307
-2.1011241550133333
-2.123290796856163
-2.1433846056926322
-2.161178248227572
-2.176493556283724
-2.1892048110764875
-2.1992406211443076
-2.206584200285792
-2.2112721705337415
-2.21339189630591
-2.2130773897653087
-2.2105040331572634
-2.2058821713585113
-2.1994498677171506
-2.191464955006699
-2.1821967555978996
-2.1719175530121313
-2.1608942368800688
-2.1493802243412374
-2.137608038814782
-2.125782591591209
-2.1140755124700137
-2.1026205821982944
-2.0915104060108884
-2.080794415606434
-2.0704782274273446
-2.0605243007488614
-2.050853946968756
-2.0413504298259406
-2.03186320653859
-2.0222130082734475
-2.0121976175239507
-2.0015981867126587
-1.9901857934490685
-1.9777280391042822
-1.963995534851994
-1.9487679850886444
-1.9318397352571235
-1.9130245906150583
-1.892159804132444
-1.8691091474408965
-1.8437649418991793
-1.8160491299790655
-1.785913292588976
-1.7533377935978043
-1.7183300204346843
-1.6809219604406473
-1.6411671278713034
-1.5991371238342154
-1.5549179573432368
-1.5086062572561851
-1.4603056695522079
-1.4101234652471613
-1.3581676320818052
-1.304544500978968
-1.2493570183483507
-1.1927037671058494
-1.13467871055492
-1.0753717341861837
-1.0148698485744425
-0.9532590805348159
-0.8906268855906367
-0.827064998733748
-0.7626725294063904
-0.6975591999894879
-0.6318484961502822
-0.5656806232119487
-0.49921505078867884
-0.4326325281786076
-0.36613643198898654
-0.2999533564363474
-0.23433281769169745
-0.16954610834345482
-0.10588420971825933
-0.04365484902206994
0.016821284934109067
0.07521506641007128
0.13119404400721466
0.18442808580028058
0.23459530713087526
0.28138816172682574
0.32451949774512145
0.3637284378262152
0.39878584559072744
0.42949927678149213
0.4557172416143784
0.47733267933832674
0.49428552704007306
0.5065643193022378
0.514206808580732
0.5172995615944138
0.5159765793940696
0.5104169767515196
0.5008418238494662
0.4875102148372275
0.47071469513212594
0.4507762010717648
0.4280386109297891
0.4028630795354818
0.37562230689839
0.34669483976010773
0.31645958305203736
0.28529061214154017
0.25355239110050537
0.22159547135613708
0.18975276040841516
0.15833635585745048
0.1276350270461387
0.09791228534891096
0.06940508094525269
0.042323042393323344
0.01684825684013529
-0.006864491302541811
-0.028687090003203523
-0.04851713828706628
-0.06627673452381236
-0.08191109296932067
-0.09538703272093793
-0.10669144355383293
-0.11582975913167415
-0.12282446502803948
-0.12771372906565556
-0.13055013901353038
-0.13139956676399941
-0.13034017804211878
-0.12746156411406542
-0.12286400201937443
-0.11665776019672783
-0.10896253381392075
-0.09990682960169855
-0.08962742468141745
-0.0782687037866342
-0.06598196845498332
-0.0529246339842565
-0.039259271884104524
-0.025152539082594134
-0.01077391310921458
0.003705727686777331
0.01811565055382113
0.03228701957121802
0.046054709599145635
0.05925925388824908
0.07174881863403663
0.08338123889208018
0.09402596381614807
0.10356598837114821
0.11189962342544395
0.11894210751651063
0.1246270010355228
0.128907334785314
0.13175644356899976
0.13316851722354398
0.13315875380844516
0.13176320888571008
0.1290382609825502
0.12505971261842308
0.11992156953752502
0.11373447022453335
0.10662383545629413
0.09872776273382917
0.09019469427308219
0.08118092148460451
0.07184796064089086
0.062359872587085155
0.05288056254266248
0.043571122757719814
0.03458725205855565
0.026076827045436044
0.01817765668843763
0.011015439172110628
0.004701986045600297
-0.0006662806695398455
-0.005009530035050007
-0.00826541378698756
-0.010389666839511523
-0.011356350392865045
-0.01115784786178888
-0.009804537177830915
-0.0073242167296168155
-0.003761287311830194
0.0008242484865413338
0.00635800198559114
0.012752500678182127
0.019908620996655215
0.027717067546882652
0.03605989574771063
0.04481198893079798
0.053842557425810525
0.06301651733012395
0.0721958212568137
0.08124069780633095
0.09001074570369984
0.09836597454909772
0.10616769460506063
0.11327934162589771
0.1195672133708699
0.12490113494899166
0.12915511660450157
0.1322079644597838
0.133943942174091
0.13425344085319024
0.13303374209664978
0.13018985605498426
0.1256354643991414
0.11929397461513676
0.11109969946869132
0.10099914862898274
0.0889524028369388
0.07493459298237819
0.05893741000732737
0.04097062478574964
0.02106357739950229
-0.000733423586093586
-0.024347824401667054
-0.04968379392494757
-0.07662139905663169
-0.10501611892874413
-0.13469870830803038
-0.1654755059724714
-0.19712915532185837
-0.22941982097802788
-0.26208691484441
-0.29485129839005847
-0.32741798836295116
-0.3594793471786713
-0.3907186903950981
-0.42081428913212865
-0.4494436959457924
-0.4762883149754851
-0.5010381624996354
-0.523396676745139
-0.5430855273685772
-0.5598493186292927
-0.5734600270491002
-0.5837211982759677
-0.5904716370569555
-0.5935886783157484
-0.5929907999835982
-0.588639628890074
-0.5805411942266888
-0.5687464249944719
-0.5533508540490464
-0.5344935100237153
-0.5123549575379006
-0.4871545960751502
-0.4591471765058824
-0.4286185726032497
-0.39588095244565596
-0.36126740688731757
-0.3251260276982823
-0.28781374451673364
-0.2496898622069801
-0.21110951349897758
-0.17241719151694593
-0.133940378952855
-0.09598357406495843
-0.05882275835209472
-0.02270040122907701
0.012178724092331412
0.04565099695586471
0.0775963962000935
0.10794000330522983
0.1366524183181924
0.16374909248760627
0.1892885420927119
0.21336951698026635
0.2361270768057322
0.2577277575508553
0.2783638306485564
0.2982468423211397
0.31760054058513226
0.3366533735893676
0.35563076347121
0.37474728764874377
0.39419902921057753
0.41415626310870385
0.4347567180945697
0.4560995197824874
0.47824008926454803
0.5011861036088012
0.5248946210923756
0.5492705513850342
0.5741664422723722
0.5993837109433957
0.6246752528233768
0.64974940261108
0.6742752045942663
0.6978888133642583
0.7202009647260257
0.7408052600791938
0.759287110234849
0.7752331378855177
0.7882407418928576
0.7979276603137353
0.8039412403286587
0.8059672252085429
0.803737802627247
0.7970387406255978
0.7857154712076706
0.7696778933008522
0.7489038878795112
0.72344139756911
0.6934091078766504
0.6589956561508825
0.6204574955655161
0.5781154140093276
0.5323499039913568
0.4835954262103022
0.43233379553748963
0.3790868450478555
0.3244085514257327
0.26887680745040843
0.21308504676070728
0.15763388957656635
0.1031229824660274
0.050143201650107945
-0.0007306975268367698
-0.048946807913852364
-0.09398214695551274
-0.13534799247001172
-0.17259446760758876
-0.2053143451061811
-0.23314609503594697
-0.2557761945880912
-0.27294078427792545
-0.28442665233527226
-0.29007169792310455
-0.2897648762863695
-0.28344572611629415
-0.27110352019092787
-0.25277612977176556
-0.22854859653979986
-0.19855150941035277
-0.16295916747420836
-0.12198755171127253
-0.07589215854169676
-0.02496559967970242
0.030464949349122163
0.09004050210457194
0.15337325188810225
0.22004976111870955
0.2896344000358588
0.3616730137286768
0.4356967946377212
0.5112263886389481
0.5877761178818758
0.6648583629080671
0.7419879856748758
0.8186867572997901
0.8944876912162137
0.968939221894446
1.0416091284935078
1.1120881327978376
