1025
-0.03437096846905797
-0.14857941479198972
-0.2572239134601025
-0.35966166578249287
-0.45530844324230285
-0.5436457402059686
-0.6242272009993524
-0.6966842422227801
-0.7607307461258762
-0.8161667751708872
-0.8628812102895479
-0.9008532613093272
-0.9301528044837001
-0.9509395118410817
-0.963460777370764
-0.9680484326984986
-0.9651143066495746
-0.9551446446879414
-0.9386935158089618
-0.9163752521809263
-0.8888560643771122
-0.8568449752874057
-0.8210841740411066
-0.7823390052502018
-0.7413877336949518
-0.699011254345933
-0.6559829615084795
-0.6130588891619474
-0.5709683618168888
-0.5304052496537437
-0.4920200241290394
-0.4564127001980206
-0.42412679513926604
-0.39564438036359495
-0.3713822892774838
-0.35168949300509017
-0.33684567895908196
-0.3270610038358879
-0.32247694092328005
-0.32316820998968004
-0.3291456290176229
-0.3403598304868121
-0.3567056793439229
-0.3780272556589823
-0.4041232474779336
-0.43475262315053326
-0.46964038905142375
-0.5084833080222997
-0.5509554652698415
-0.596713478179928
-0.6454013516271419
-0.6966548011715721
-0.7501050304330839
-0.8053819388151285
-0.86211670239591
-0.9199437681197157
-0.9785023481774814
-1.0374373608257346
-1.0964000385777182
-1.15504817081261
-1.213046172717352
-1.2700650551521935
-1.3257823869935534
-1.3798823982937978
-1.4320562916916961
-1.4820028226868345
-1.5294292622430912
-1.5740527236968982
-1.6156019266132533
-1.6538193362759994
-1.688463699980846
-1.7193128852458581
-1.7461669635929216
-1.7688514756493277
-1.787220718203098
-1.8011609764541905
-1.8105935882416075
-1.8154777151373818
-1.8158126897843287
-1.8116398729804728
-1.803043919567546
-1.7901533667857539
-1.7731405138184217
-1.752220573720163
-1.7276500633280867
-1.6997244411541281
-1.668775090828363
-1.6351656063727034
-1.5992875575859138
-1.5615556980872467
-1.5224028407184014
-1.482274378908627
-1.441622657174831
-1.4009012025815044
-1.3605589948508532
-1.3210347988348967
-1.2827517026318165
-1.2461119132484748
-1.2114918345357704
-1.1792375587655703
-1.149660745485199
-1.1230349654477727
-1.0995925272383884
-1.0795217771492835
-1.0629649230216986
-1.050016364276137
-1.0407215310644373
-1.0350763232279696
-1.0330269324765653
-1.03447034454759
-1.0392552870902123
-1.0471837472700933
-1.058013010115927
-1.0714582483827866
-1.0871956475477933
-1.1048660771237955
-1.124079242098735
-1.1444183717684744
-1.165445372964037
-1.1867064091787203
-1.2077378790284894
-1.228072720376978
-1.2472469719496861
-1.2648064973420658
-1.2803138003219836
-1.2933547907624046
-1.303545439062121
-1.3105381309468909
-1.314027636085099
-1.3137565929246713
-1.3095202876483454
-1.301170716902977
-1.2886197896064535
-1.271841465281285
-1.2508729641248904
-1.2258147466280453
-1.1968293999177775
-1.1641393320434381
-1.1280232716471499
-1.0888117036153255
-1.0468811766637864
-1.0026476739048407
-0.956559148720484
-0.9090873129511603
-0.8607189277822734
-0.811946700937111
-0.7632600190506371
-0.7151357396465257
-0.6680291827512919
-0.6223655987429418
-0.578532224594218
-0.5368711818928872
-0.49767331316887725
-0.46117315526564306
-0.42754506725247154
-0.39690069549543394
-0.3692877368007207
-0.34469005323399027
-0.32302910636338866
-0.3041666504577129
-0.28790862008195595
-0.27401006458403465
-0.26218103520428926
-0.25209324676044903
-0.24338734623990124
-0.2356806316873454
-0.22857500878186643
-0.221665054900253
-0.21454596015274993
-0.20682123616617593
-0.1981100423037026
-0.18805395702766128
-0.17632316175854423
-0.16262188779995201
-0.14669310546680464
-0.1283224104039292
-0.10734106873999555
-0.08362826931189732
-0.05711254936947042
-0.027772464293252558
0.00436345127922244
0.039217401787903866
0.0766636422086641
0.11653032969242332
0.15860187220894087
0.20262165927322565
0.24829520947839442
0.29529358698515557
0.34325713522546586
0.3917994229794632
0.4405114088171947
0.4889658105753476
0.5367216176272535
0.5833287641496626
0.628332938215563
0.6712804825837622
0.711723385934958
0.7492243580895727
0.7833618461731782
0.8137351069722715
0.8399691250077853
0.8617194201506905
0.8786766056575713
0.8905706783584767
0.8971749040466247
0.898309240000178
0.8938432299864203
0.883698232845788
0.8678489901481508
0.8463244004980517
0.819207500968293
0.7866345919725523
0.7487935240688053
0.7059210929634521
0.658299684580875
0.6062530745990551
0.5501416006029312
0.490356701220222
0.4273149861829125
0.3614519415782542
0.2932154635771504
0.2230592647843049
0.15143647246565112
0.07879339399368812
0.005563748236996928
-0.06783661033930817
-0.14101425639871526
-0.21360203061685354
-0.28526201633153275
-0.3556875868698955
-0.42460459635601355
-0.49177156855822457
-0.5569790640641044
-0.6200481547642712
-0.6808282280835934
-0.7391941122361749
-0.7950427191450584
-0.8482893407271366
-0.8988637424939568
-0.9467062133252826
-0.9917637598179588
-1.0339865329505757
-1.0733246996702173
-1.1097258160751613
-1.1431328499888458
-1.17348288153996
-1.200706580138775
-1.224728390493079
-1.24546752035733
-1.2628395749991532
-1.2767588624719786
-1.2871411887505273
-1.2939071085247602
-1.296985417646949
-1.2963168109785532
-1.2918574936968426
-1.2835826684462854
-1.2714896721547455
-1.2556007025269418
-1.2359649677569406
-1.2126602003492066
-1.1857934223212783
-1.1555009602743083
-1.1219476492659368
-1.0853252585831172
-1.045850181542112
-1.0037604166697118
-0.9593119663492761
-0.9127747154235295
-0.8644279455838113
-0.8145556030190458
-0.7634414226366354
-0.7113641108826082
-0.6585926739587936
-0.6053820337711391
-0.5519690632301845
-0.49856910902338986
-0.4453731571173193
-0.39254562334189147
-0.34022287990980815
-0.28851252656574067
-0.23749340581678502
-0.18721635225143166
-0.13770566608830714
-0.08896120958372233
-0.040961122911630975
0.006334971822959529
0.052982313699111105
0.09904703931051481
0.14460199026711007
0.1897223765630558
0.23448144966586965
0.2789462318762903
0.3231734636624026
0.3672058023153587
0.41106839941318685
0.45476594520909364
0.4982802123691027
0.5415682023557684
0.584560901971907
0.6271627488496643
0.6692517625901032
0.7106803875360627
0.7512770698945156
0.7908484951790321
0.829182494386301
0.866051579955521
0.9012170080695776
0.9344333470197066
0.965453416897252
0.9940335402886221
1.0199389569266508
1.0429493386237596
1.0628641918259696
1.0795081356306029
1.0927358079731544
1.1024363703403735
1.1085374054686556
1.1110081693955136
1.1098620424196575
1.1051581127762542
1.0970018317572963
1.0855446473019277
1.0709826785127383
1.053554318349537
1.0335368697847476
1.0112422464587525
0.9870117654763899
0.9612102079573394
0.9342191735425418
0.9064299702735306
0.878236104893411
0.8500255542229066
0.8221731011182913
0.7950327069056998
0.7689303384760495
0.7441571985171732
0.7209637306329597
0.6995543444390402
0.680083177026294
0.6626508780620586
0.6473025514221564
0.634026893119657
0.6227565808239967
0.6133699245709074
0.6056936740499967
0.5995070133656565
0.5945466456609906
0.5905128399775972
0.5870762564117833
0.5838855378296813
0.5805754180559928
0.5767751130628945
0.5721169565440825
0.5662449946045194
0.5588233433849857
0.5495442422955259
0.5381354533499457
0.524367047790071
0.5080572516060252
0.48907736641180505
0.4673555734501644
0.4428795625391392
0.41569791995472327
0.3859202845883783
0.35371616710713594
0.31931254882734295
0.28299021991385986
0.24507898940921077
0.20595178097592054
0.16601779173685421
0.12571480723375011
0.08550080090716967
0.04584503567499497
0.00721879638922238
-0.029914080525410457
-0.0651066221342224
-0.09793796439661472
-0.12802219813051724
-0.15501663309104732
-0.17862933925633176
-0.19862575517470196
-0.21483426776781211
-0.2271506295130979
-0.23554107552259454
-0.24004412263054528
-0.2407709840748816
-0.237904572583144
-0.2316971028736143
-0.22246638326904106
-0.21059082419607775
-0.196503270213327
-0.1806838191070514
-0.16365172305968312
-0.14595658987893942
-0.12816904725252534
-0.11087102795479396
-0.09464594991202077
-0.08006889484885213
-0.06769703465190513
-0.05806050081195983
-0.05165377534712563
-0.04892786313130364
-0.050283297493659646
-0.05606411826626136
-0.06655289141230188
-0.08196683936454481
-0.1024551107114097
-0.1280971783642235
-0.1589024007458441
-0.19481064130424264
-0.23569396264307774
-0.28135927323351945
-0.3315518732308879
-0.38595979041479134
-0.44421879647022927
-0.5059180394527453
-0.570606113591472
-0.6377975023029331
-0.706979302961513
-0.7776180383200038
-0.8491665680121695
-0.9210708816645111
-0.992776808887085
-1.0637364229088817
-1.1334141764255599
-1.2012926307142846
-1.2668777128062918
-1.3297035081375956
-1.3893364449010979
-1.445378927874361
-1.4974722996038439
-1.545299207405686
-1.5885852552645174
-1.6271000315121038
-1.6606574798496387
-1.6891156150948345
-1.7123756596188753
-1.7303805886391512
-1.7431131626703333
-1.750593503409899
-1.752876247886814
-1.7500473935395315
-1.7422208872818172
-1.7295350345049945
-1.7121488522407782
-1.6902383970866222
-1.6639932062691607
-1.6336129104816908
-1.5993041043983303
-1.5612775500167133
-1.5197457652078847
-1.4749211298198075
-1.4270143584920036
-1.3762336513357996
-1.3227842692272505
-1.2668687191860297
-1.2086874132187246
-1.1484398407020602
-1.0863261699800455
-1.022549208601956
-0.9573166435842352
-0.8908434875834382
-0.8233546017780687
-0.7550871709119573
-0.6862930697733145
-0.6172409378967114
-0.5482178816697688
-0.47953071950339343
-0.41150657303270616
-0.34449286406859536
-0.27885652478416906
-0.21498244225061297
-0.15327104523278895
-0.09413514888777305
-0.03799591786744668
0.014721867381698176
0.063595255726219
0.10820913995985568
0.14816276954994098
0.18307659506855292
0.21259929148809445
0.23641485461261447
0.2542495482931502
0.2658785658052023
0.27113221868211296
0.2699015188423957
0.26214296395598746
0.24788247059876364
0.22721821282782553
0.20032240946135046
0.1674418536501339
0.12889725926919535
0.0850812834135435
0.03645532481026864
-0.01645492429085448
-0.07306513804492391
-0.13273908377278987
-0.19479639336986604
-0.25852120395878414
-0.3231715649809947
-0.38798943277335074
-0.452211150449439
-0.5150781549847346
-0.5758477947184687
-0.633804073158015
-0.6882681076074441
-0.7386081819171042
-0.784249128686555
-0.8246810142899523
-0.8594668270130527
-0.8882491536300888
-0.9107556678420945
-0.9268033075294497
-0.9363011591448827
-0.9392518411425109
-0.9357515143715857
-0.9259883762772781
-0.9102397631698835
-0.8888678030157385
-0.8623137773549426
-0.8310912306453655
-0.795777949529021
-0.7570069529165736
-0.7154566761312698
-0.6718404450908968
-0.6268955157080521
-0.5813717944416065
-0.5360204728966353
-0.49158277557521995
-0.44877899607500504
-0.4082980297216037
-0.37078756363603993
-0.33684510910482524
-0.3070099901607741
-0.2817564475093587
-0.26148795510294615
-0.24653282278626254
-0.23714110330635688
-0.23348292967575546
-0.2356481853689684
-0.24364751975307183
-0.25741467634779475
-0.2768100359012585
-0.30162527919411786
-0.33158906034316177
-0.3663735583614485
-0.405601732964445
-0.4488551586697449
-0.49568225549740375
-0.545606709677928
-0.5981359724238393
-0.6527696016812504
-0.709007344181815
-0.7663567381808175
-0.8243401487356792
-0.8825010911945439
-0.9404097151721297
-0.9976674289467686
-1.0539105218448557
-1.1088127958266036
-1.1620872008917815
-1.2134864314889304
-1.262802636918722
-1.3098661037665154
-1.354543262431297
-1.3967338185426021
-1.436367393104854
-1.4733996169782766
-1.5078078765158816
-1.539586901985278
-1.5687442400392033
-1.5952958601195133
-1.6192619011077838
-1.640662881112051
-1.6595162304091557
-1.6758334785459195
-1.6896180085323558
-1.7008635400019931
-1.709553313498956
-1.7156600113684897
-1.7191464435303976
-1.7199668738984686
-1.7180690273494779
-1.7133966812275665
-1.705892716890604
-1.6955025426471482
-1.6821778498419022
-1.6658803963777498
-1.6465859605248645
-1.6242880470023553
-1.5990014568541777
-1.5707654530721475
-1.5396465151080077
-1.505740506031981
-1.4691742265520238
-1.4301062938439761
-1.3887272614093509
-1.3452590197106635
-1.2999534074475891
-1.2530901276182251
-1.2049739437587423
-1.1559312656057532
-1.1063061696304448
-1.0564559255188457
-1.0067462269381744
-0.9575460893818901
-0.9092226730774816
-0.8621360648891737
-0.8166341559053428
-0.7730477558137535
-0.7316860277452465
-0.6928323225386218
-0.6567405618053264
-0.623632147440229
-0.5936935428596007
-0.5670744968590679
-0.5438869571626579
-0.5242046638567326
-0.5080634073307962
-0.4954619262360658
-0.4863633744860259
-0.4806973036245604
-0.47836210296702264
-0.4792277839717266
-0.48313905255505235
-0.48991856363865205
-0.49937023711202105
-0.5112826349934819
-0.525432210065671
-0.5415864432265145
-0.5595067314575245
-0.578951050971346
-0.5996762888429578
-0.6214402736195871
-0.6440034549656327
-0.6671302790356641
-0.6905902290893947
-0.7141586311907274
-0.7376171969090675
-0.7607544014656237
-0.7833657588641812
-0.8052540137036708
-0.8262293699188288
-0.8461097674240777
-0.8647213001624469
-0.8818987890711489
-0.8974865993805249
-0.9113396616550296
-0.9233247540976199
-0.93332203976709
-0.9412267918019889
-0.9469513385688202
-0.9504271195742782
-0.9516068014880413
-0.9504663800641634
-0.9470072068457321
-0.9412577787161238
-0.9332752599313147
-0.9231466212508812
-0.9109893038141301
-0.8969513265105195
-0.8812108021855326
-0.8639747706069951
-0.845477364826971
-0.8259772729676484
-0.805754545024799
-0.7851067277868783
-0.7643444859950643
-0.743786695723953
-0.723755190324064
-0.7045692149376324
-0.6865398114116587
-0.669964175642983
-0.6551202008296175
-0.6422613436150018
-0.6316119162280105
-0.6233629943021768
-0.6176689758276744
-0.6146449620795617
-0.6143650082991439
-0.6168612449435485
-0.6221239863404125
-0.6301027352639476
-0.640708128837357
-0.6538146986922285
-0.669264469317997
-0.6868711428092295
-0.7064249499158729
-0.7276978497764622
-0.7504490916696691
-0.774430858369288
-0.7993939695034362
-0.825093398314591
-0.8512934993979032
-0.8777728484952291
-0.9043284975395076
-0.9307796087309599
-0.9569703785272942
-0.982772122176328
-1.0080845785501127
-1.0328363062360149
-1.0569842479881486
-1.0805124926494771
-1.1034301879671684
-1.1257687916576842
-1.1475786849453031
-1.1689252333639633
-1.1898844542508706
-1.210538395435321
-1.230970374660169
-1.2512602005477211
-1.2714795181310712
-1.2916874502390636
-1.3119265824954363
-1.3322195356262367
-1.3525660751145416
-1.3729409964121806
-1.3932927150192336
-1.4135427336250475
-1.4335858904508694
-1.4532914695343249
-1.4725050859314945
-1.4910513384318964
-1.5087371220235675
-1.5253555077900818
-1.540690100661441
-1.5545197312988537
-1.5666233254204986
-1.5767848605294066
-1.5847982030226522
-1.5904717629780378
-1.5936327689291723
-1.5941310576633914
-1.591842336154282
-1.5866707423841306
-1.5785507140632515
-1.5674481154475834
-1.5533605798423051
-1.53631710159108
-1.5163769412506212
-1.4936278409751216
-1.46818367278661
-1.4401816037079513
-1.4097788673210538
-1.3771492755053782
-1.3424795674442898
-1.3059657360814274
-1.2678094328552212
-1.2282145352521376
-1.1873840331967425
-1.1455172355294094
-1.1028074269940311
-1.0594399560523862
-1.0155908741664939
-0.9714260193133764
-0.92710063860604
-0.8827594348989058
-0.8385370842722187
-0.7945591064067393
-0.7509430274241091
-0.7077998128012373
-0.6652354546919997
-0.6233526364699561
-0.5822524133065909
-0.5420358429354019
-0.5028054729680799
-0.46466663472038794
-0.4277285095300694
-0.3921048850205798
-0.35791457734517607
-0.3252815315930903
-0.2943344948340192
-0.2652063304820797
-0.238032940990266
-0.21295178338556944
-0.19010003483273405
-0.1696123931536512
-0.1516185397868985
-0.13624032126686386
-0.12358868992018883
-0.11376043645074889
-0.10683478882391749
-0.10286992330908953
-0.10189953425420896
-0.10392941861050113
-0.10893429799601237
-0.1168549021897947
-0.12759541801335358
-0.14102143887271243
-0.15695849479828736
-0.17519123580985288
-0.19546344536918336
-0.21747886275352848
-0.24090293196936233
-0.2653655300242646
-0.29046465701229957
-0.3157711435719472
-0.34083425894094993
-0.36518825991476345
-0.3883596707869315
-0.4098753078204764
-0.42927069960190023
-0.44609894929179905
-0.45993964206195426
-0.47040765897551734
-0.47716168067800163
-0.47991204924095254
-0.4784278980551771
-0.4725431525606607
-0.46216132308230645
-0.4472588719375791
-0.4278870011513107
-0.4041717414713608
-0.3763123465174371
-0.3445779284943229
-0.3093023787356865
-0.27087772830003903
-0.2297460152107472
-0.18638993014112412
-0.14132238735607144
-0.09507540886266518
-0.04818848060042919
-0.0011968347020416144
0.04538017052070178
0.09105010363055198
0.1353577404329093
0.17789425802501282
0.2183050916437224
0.2562962487483715
0.29163891023349015
0.32417220058018364
0.35380409788433426
0.3805104439837414
0.4043321495404092
0.42537066682264085
0.4437819015849059
0.4597687799850737
0.4735727023167846
0.4854641115536143
0.49573252483462105
0.5046763047991291
0.5125924284458029
0.5197666287387959
0.5264641059222102
0.5329211110203148
0.5393376216451727
0.5458712551129077
0.552632639877319
0.5596822691350909
0.5670289354225659
0.5746297501810501
0.5823917129251295
0.5901747328414754
0.5977959842062608
0.6050354859993657
0.6116426296627643
0.6173435326044845
0.6218489493684314
0.6248624739071011
0.6260888706894833
0.6252422161941863
0.6220536568079619
0.6162786218100131
0.6077032198631902
0.5961497443427934
0.5814811277795338
0.563604271851797
0.542472216713225
0.5180851137888469
0.4904900714581435
0.4597799106884888
0.4260909220638214
0.3895997724883294
0.3505196559854289
0.30909591221953575
0.2656012030729041
0.2203304675144958
0.17359576765091622
0.12572122617738052
0.07703812357477054
0.027880312827944752
-0.02141999607354562
-0.07053601161144595
-0.11914966590782289
-0.16695446741921596
-0.21365786759286337
-0.25898325402938116
-0.3026715669929606
-0.34448264277126023
-0.38419629928463944
-0.4216133205849127
-0.45655632226739995
-0.488870582531922
-0.5184248919119309
-0.545112418290226
-0.5688515816376646
-0.5895869551900828
-0.6072901168430016
-0.6219604201060578
-0.6336256175191264
-0.6423422419575486
-0.6481957217246113
-0.6513000871031648
-0.6517972561903671
-0.6498558569309868
-0.6456694697152878
-0.6394544086543433
-0.6314469353064275
-0.6219000004966808
-0.611079610135321
-0.5992607964268415
-0.5867233899003241
-0.5737476885356912
-0.5606101172847582
-0.5475790663133068
-0.5349109791596641
-0.5228468399130871
-0.5116091726952288
-0.5013996171424893
-0.4923971007961792
-0.4847567723419059
-0.47860952484645847
-0.4740621906977925
-0.47119835850974323
-0.47007962214917176
-0.47074735192449546
-0.47322465315789286
-0.477518555258923
-0.4836222565393945
-0.4915172227262944
-0.5011751689969473
-0.5125597174529936
-0.5256276674207377
-0.5403299004205864
-0.5566117942720843
-0.5744132126245717
-0.5936681104130693
-0.6143037410600798
-0.6362396236584574
-0.6593863356716291
-0.6836441945221491
-0.7089020777804396
-0.7350363069522243
-0.7619099230687268
-0.7893722708422617
-0.8172591105014547
-0.8453932458589675
-0.8735857790501689
-0.9016379083094263
-0.9293433618835973
-0.9564913914158643
-0.9828702147766519
-1.0082708830412375
-1.032491436392718
-1.0553412067523846
-1.0766451621361965
-1.096248122846288
-1.1140187212633856
-1.1298529605390109
-1.1436772744398125
-1.155450918091927
-1.1651676480696804
-1.1728566300742755
-1.1785824654941988
-1.1824444040464224
-1.1845746768207812
-1.1851360427766413
-1.1843185872631339
-1.1823358141522688
-1.1794202523219572
-1.175818535776326
-1.171786224799622
-1.1675824295715445
-1.163464420368745
-1.1596823231268785
-1.156474071033751
-1.1540607099185358
-1.1526422204590254
-1.1523938549566508
-1.1534631605688919
-1.1559676998796797
-1.159993513548903
-1.1655943033912
-1.1727913848182705
-1.1815743143823183
-1.1919021795367901
-1.203705471025246
-1.216888418480659
-1.2313317589116932
-1.246895759778244
-1.2634234522907797
-1.280743883046363
-1.2986753620566385
-1.3170285385995457
-1.335609238293203
-1.3542209550765987
-1.3726669940173446
-1.3907521329284263
-1.4082838437518725
-1.4250730192289214
-1.4409342811185524
-1.4556858222896076
-1.4691489270299567
-1.4811471693398826
-1.4915054500812979
-1.500048924724326
-1.5066019345494617
-1.510987127233496
-1.513024787063903
-1.512532546854215
-1.5093255902924065
-1.5032173759136638
-1.4940210104049518
-1.4815512794034817
-1.465627354289744
-1.4460761974327432
-1.4227365432501067
-1.395463485399359
-1.3641334783096721
-1.3286496775817256
-1.288947433074319
-1.2449997779155455
-1.196822717118172
-1.1444801302140308
