1025
-0.6030832787821921
-0.601866910316405
-0.5966450803956203
-0.5872564234094045
-0.5735872794789172
-0.5555763651888361
-0.5332183616591615
-0.5065663357251124
-0.4757329476774628
-0.4408904004564563
-0.4022691619131789
-0.3601554828020948
-0.3148877945870161
-0.2668520728337759
-0.21647628464342958
-0.16422407598734193
-0.11058783956187683
-0.05608133457597273
-0.0012320312368094668
0.053426649258382794
0.107363030080047
0.16005465235946
0.21099536579132028
0.2597019313931571
0.3057200057951091
0.34862942383390677
0.38804871667478413
0.42363881888865207
0.45510596004695364
0.4822037232768316
0.5047343268897306
0.5225491527034521
0.5355485815987225
0.5436812404311714
0.5469426947913268
0.5453737226237884
0.539058214791789
0.528120833332465
0.512724454581389
0.49306751876089955
0.46938131312849685
0.4419272496909888
0.41099416906001013
0.3768957023498007
0.33996767792834215
0.3005656007258852
0.25906216686131567
0.21584480621036045
0.17131324736236817
0.1258770309984741
0.07995301671476548
0.0339627984573174
-0.01166994184273788
-0.05652216605863891
-0.10017429958615619
-0.1422131117253072
-0.18223464093818936
-0.21984714887069937
-0.25467402517914445
-0.2863566423349265
-0.3145570752956957
-0.3389606462563372
-0.3592782509807942
-0.3752483956145824
-0.3866389319995603
-0.3932484315393332
-0.39490719252222306
-0.3914778604548002
-0.38285567385656577
-0.3689683423510167
-0.3497755863434135
-0.325268393986696
-0.2954680158864266
-0.2604247761209748
-0.22021676580020585
-0.17494845374492934
-0.12474930671945474
-0.06977244485590718
-0.010193415084880161
0.05379093054019878
0.1219633682762325
0.1940870919085123
0.269906321459229
0.3491467831073555
0.4315160682373693
0.5167039218704319
0.6043825245652251
0.6942068158241209
0.7858149242744769
0.8788287707254484
0.9728549107919493
1.0674856446098995
1.16230047085473
1.256867887100096
1.3507475656748522
1.4434929093396591
1.5346539634047491
1.6237806749543655
1.7104264233611228
1.7941518006631512
1.874528585806795
1.951143775207712
2.0236037166423455
2.091538135508559
2.1546041005325485
2.212489775625826
2.264917947220911
2.3116492700146494
2.3524851430396625
2.387270244872525
2.415894654661329
2.438295548000835
2.4544584843543387
2.4644182238116206
2.4682591262278413
2.4661150975850155
2.4581690645698653
2.444652017100759
2.4258415794853403
2.4020600997907504
2.3736722630710556
2.3410822060512326
2.3047301069430794
2.2650882627602202
2.222656647275314
2.1779579090614707
2.1315318740327065
2.0839295382544853
2.0357065918358903
1.9874165518866367
1.9396035031179026
1.8927946287639197
1.8474925657892334
1.8041677240364475
1.7632507083457032
1.7251249932190151
1.6901200118746498
1.6585048165092533
1.6304824495837595
1.6061852593928156
1.5856712192661342
1.568921441682126
1.5558390194432254
1.5462492237579324
1.539901205032589
1.5364711765656136
1.5355670956297383
1.5367348440310653
1.5394657892023147
1.543205662938902
1.5473645974082584
1.5513281487905182
1.5544691220981346
1.5561599577133527
1.55578541294387
1.55275532544232
1.5465171234907034
1.5365678382650174
1.5224653339300753
1.5038384740545911
1.4803959936558895
1.4519338046180628
1.4183405759347725
1.3796013687640793
1.3357992452511576
1.287114698593617
1.233822914464763
1.1762888372315878
1.114960103094105
1.0503579480365393
0.9830662492194204
0.913718911909811
0.8429858254263439
0.7715577355571508
0.7001302959284728
0.6293877244382733
0.5599863823631582
0.4925387276359496
0.42759798508426994
0.36564396907404495
0.30707039468616426
0.2521740509433715
0.20114613241686805
0.15406599689631448
0.11089755278208913
0.071488440898926
0.035572077893399556
0.0027725753061826073
-0.027387521189997835
-0.05547681458096645
-0.08214215837182261
-0.10809356839809034
-0.13408723794898306
-0.16090710987558704
-0.1893453565989058
-0.2201822941297319
-0.25416617186959534
-0.2919933582019002
-0.3342893630217624
-0.38159122644037485
-0.4343316183283096
-0.4928251355939883
-0.5572570431451157
-0.6276748040088016
-0.7039825446932265
-0.7859386258120563
-0.8731563577418808
-0.9651078136044597
-1.0611306756072818
-1.1604379224053671
-1.262130117290065
-1.3652100137223444
-1.4685991201412316
-1.5711558439891968
-1.6716948285646387
-1.769007019594609
-1.8618800459152578
-1.9491185041243495
-2.0295637335956886
-2.1021126640278993
-2.165735466580145
-2.219491626711904
-2.2625442320271145
-2.2941722462955836
-2.3137806281559303
-2.3209081797354663
-2.3152330938408645
-2.296576202236132
-2.264901941485766
-2.220317188016247
-2.163068007600025
-2.0935345609233638
-2.012224263353047
-1.9197634822072023
-1.8168878934212491
-1.7044317654139058
-1.5833163902303637
-1.4545378189522276
-1.3191541619647014
-1.1782725996951182
-1.033036295442861
-0.8846113600461454
-0.7341740198150775
-0.5828981046058926
-0.43194294800273875
-0.28244183675452117
-0.1354910235255078
0.007860540767114293
0.14662079393048993
0.2798633313806814
0.40673536978629776
0.5264648101635097
0.6383664235339972
0.7418470395398606
0.8364097863768005
0.9216572636698726
0.9972936945061691
1.0631259516451315
1.119063484896012
1.165117117530499
1.2013966864849295
1.2281075558606582
1.2455460027710155
1.2540934942189395
1.2542099509310087
1.2464259965128597
1.231334335111608
1.209580324728254
1.1818518926173314
1.1488689030365802
1.111372177767262
1.070112272164384
1.0258382576054463
0.9792866349845628
0.9311705958368813
0.8821698244248629
0.832920988727756
0.7840091288877521
0.7359600741757802
0.689234046498576
0.6442205532614869
0.6012346719354147
0.5605147963145355
0.522221884715568
0.48644020267996074
0.45317956830752243
0.42237900899965963
0.39391179628333167
0.3675916927785018
0.34318033162743056
0.3203955132050922
0.29892028864489667
0.27841259320061756
0.25851524592118635
0.23886608830884387
0.2191080385064309
0.19889884827970508
0.17792034675437327
0.15588697356447223
0.1325534151031152
0.1077211685567703
0.08124391877289244
0.05303159495197365
0.023053034317070148
-0.008662796414036406
-0.04202703354469292
-0.0768925752958319
-0.11305713344840923
-0.15026755395269156
-0.1882253213124825
-0.2265930832629191
-0.2650020171426928
-0.3030598818477166
-0.3403595135025513
-0.3764875841815846
-0.4110334037968171
-0.44359756234166176
-0.4738001967118505
-0.501288738130027
-0.5257449292542097
-0.546891021081403
-0.5644949982411525
-0.5783747654043553
-0.5884012484959233
-0.5945003690877204
-0.596653892061506
-0.5948992171676873
-0.5893281049937003
-0.5800844619983496
-0.5673612421051236
-0.5513966067187526
-0.5324693995342323
-0.51089408540957
-0.4870152960734706
-0.4612020054821494
-0.43384155429445775
-0.4053335351921404
-0.3760836983833437
-0.34649789540524334
-0.31697620757526934
-0.28790727515711484
-0.25966290916452717
-0.2325930536965599
-0.20702110897457213
-0.18323973204000413
-0.16150709422540527
-0.14204365890350257
-0.1250295717147558
-0.11060264588561128
-0.0988569792571093
-0.08984230651582138
-0.08356404171986903
-0.07998407344744876
-0.07902229229999276
-0.08055889001709657
-0.08443735916512699
-0.09046821118712946
-0.09843330556727992
-0.10809076025900656
-0.11918032382359184
-0.13142911608305316
-0.14455760594439168
-0.15828566865174545
-0.17233861960820313
-0.18645302909327438
-0.20038218851671763
-0.21390108244769385
-0.22681071595385827
-0.23894170504660542
-0.25015700352039055
-0.2603537090542312
-0.2694639112540704
-0.27745454997094826
-0.2843263106262211
-0.2901116106268672
-0.29487174489915097
-0.29869332650986197
-0.30168409907657073
-0.3039683421882847
-0.30568197954910065
-0.30696758828750015
-0.307969481325538
-0.3088290320722331
-0.30968038597728964
-0.3106467327693575
-0.31183721937189646
-0.3133446143713364
-0.3152438009614074
-0.3175910900092772
-0.3204243956743276
-0.3237641864669242
-0.3276151987879111
-0.3319687749802732
-0.3368057307391299
-0.34209960490127234
-0.34782013144553153
-0.35393679762809577
-0.3604222865688261
-0.3672556790609826
-0.3744252593197085
-0.3819307612360759
-0.3897850060315734
-0.3980147761879814
-0.4066609180069487
-0.41577762041794497
-0.4254308931332507
-0.4356962549280697
-0.44665572921151137
-0.4583942193283518
-0.47099539769712967
-0.48453723439115076
-0.49908733623002915
-0.5146982504374671
-0.5314029051956368
-0.5492103519323304
-0.5681019842698315
-0.5880283507371116
-0.6089067186678991
-0.6306194776634283
-0.6530134696708624
-0.6759002938082755
-0.6990576083377903
-0.7222314309591912
-0.7451393640055946
-0.7674747375042565
-0.7889115095395935
-0.8091098573442836
-0.8277223099277763
-0.8444002481527161
-0.8588006637877657
-0.8705929531556448
-0.8794656365083657
-0.885132801436974
-0.8873401297617647
-0.8858703793882438
-0.8805481865756908
-0.8712440724621162
-0.8578775902016447
-0.8404195375866019
-0.818893168757361
-0.7933744532768314
-0.76399130358919
-0.7309218495965729
-0.6943917935916197
-0.6546708982191651
-0.6120686904791476
-0.5669294782822379
-0.5196267869017192
-0.47055729052349354
-0.42013442441761856
-0.368781742082342
-0.31692616074594754
-0.26499120256696396
-0.2133904102871217
-0.1625209476864436
-0.11275760066869528
-0.0644471924299975
-0.01790355414622198
0.02659688150992366
0.06881883355431077
0.1085711623422421
0.1457091072218327
0.18013572350008777
0.21180252557046655
0.24070930193069856
0.26690319185978295
0.2904769876173942
0.31156675190740135
0.33034879707148723
0.3470360796886931
0.3618741144253685
0.37513648629044755
0.387120031061265
0.39813979837610264
0.4085238984384346
0.41860828312481213
0.42873160400582816
0.4392301904011394
0.450433229650313
0.4626582215637371
0.47620674984849815
0.4913606214244724
0.5083783771691535
0.5274922201097939
0.5489053434460505
0.5727896595473029
0.5992839075054847
0.6284921215844959
0.6604824348974045
0.6952861843132114
0.7328972829120323
0.773271856408705
0.8163280907171042
0.8619463112111009
0.9099692615069044
0.9602026149455644
1.0124157177907362
1.066342589637435
1.121683228527355
1.1781052478217264
1.2352459080828238
1.2927145542684564
1.3500955660174934
1.4069517722683438
1.4628284393251436
1.5172577983932531
1.5697641199651793
1.6198693273979266
1.667099088551006
1.7109893353398538
1.7510931146130921
1.7869876630542976
1.8182815812873316
1.8446219457152024
1.8657012284236354
1.8812638063917904
1.8911119377925363
1.8951109963754997
1.893193809330427
1.885363957655514
1.8716978818874321
1.8523457070893474
1.827530694415073
1.7975472701095951
1.7627576251936
1.7235869157189405
1.6805171125451173
1.6340796103159898
1.584846735043824
1.5334223149678377
1.4804314988308647
1.4265100691342327
1.3722934625558691
1.31840575240867
1.2654488459203397
1.2139921370501536
1.1645628652841868
1.1176373808925686
1.0736335124317555
1.0329042272711004
0.9957326771732342
0.9623287528997088
0.9328271877863683
0.9072872277136055
0.8856938361998262
0.8679603699892577
0.8539326271453316
0.8433941136238396
0.8360723875431627
0.8316462820964906
0.8297538085211354
0.8300005269571655
0.8319681693829518
0.8352233268406642
0.8393259446093312
0.8438375284165672
0.8483288058279395
0.8523867603099626
0.8556209320675947
0.8576688304241744
0.8582004953352701
0.8569221235262192
0.8535787564643627
0.8479560974234694
0.8398814482501932
0.8292238915045882
0.8158937292257653
0.7998413102869173
0.7810553254157568
0.7595606482391828
0.7354158260820904
0.708710288938212
0.6795613805830097
0.6481112139607318
0.6145235117918297
0.5789803449878275
0.5416789367946292
0.5028284531947135
0.46264687942021954
0.421357939714491
0.3791881226333666
0.33636380319058423
0.2931084679679062
0.24964009341268967
0.2061686563157399
0.1628938612956217
0.12000304651083728
0.07766935830844066
0.03605021217751312
-0.004713938236835868
-0.044500474537266396
-0.0832050919901248
-0.12074187606418478
-0.15704295732769152
-0.19205772137322805
-0.22575161483557743
-0.2581045422661204
-0.2891088826076693
-0.31876721851902384
-0.3470897844764958
-0.3740917351180863
-0.39979033031212546
-0.42420208943141285
-0.4473400341039995
-0.4692111178529232
-0.48981390520675155
-0.509136605081847
-0.5271555244781425
-0.5438340141909469
-0.5591219341533964
-0.5729556748242529
-0.5852587625449762
-0.5959430124510289
-0.6049102185215368
-0.6120543530036293
-0.6172641766137386
-0.6204262319738469
-0.6214281006641714
-0.6201618470277923
-0.6165275619017486
-0.610436872830726
-0.6018163521772144
-0.5906107144037331
-0.5767857050614703
-0.5603306103666867
-0.541260302204785
-0.5196167791537524
-0.4954701341205005
-0.46891892249922307
-0.4400899204066552
-0.40913726379770127
-0.3762409729956157
-0.3416049016382984
-0.30545412207708234
-0.2680318398166879
-0.22959584901048694
-0.19041464335347913
-0.1507632321082674
-0.11091877360293734
-0.07115610306098338
-0.03174325593061762
0.00706290679619339
0.04502088115941621
0.08190841097889873
0.11752599598612389
0.15169992854615152
0.18428479499893596
0.2151653747430889
0.24425786955552498
0.2715104741840858
0.2969032171605429
0.32044712738943676
0.3421827120533381
0.3621778024782412
0.38052482321123793
0.3973375680289257
0.41274757051720423
0.4269001614657338
0.4399503584235882
0.4520586747363093
0.4633869986266369
0.47409462765009835
0.4843346289855704
0.4942505613686208
0.5039737016487236
0.5136208212751197
0.5232925793118002
0.5330725278236567
0.5430267924382877
0.5532043498492343
0.5636379046268023
0.5743452556864342
0.5853311358466802
0.5965893532479137
0.608105172696965
0.6198578104919175
0.6318228873976686
0.6439747870802536
0.6562887333619559
0.6687425508763751
0.6813179790054376
0.6940014794969793
0.7067845437899647
0.7196633816058273
0.7326380974117059
0.7457113056856527
0.7588862888311915
0.772164708324698
0.7855440394415526
0.7990147578869913
0.8125574504353276
0.8261399200679922
0.8397144817825457
0.8532154930909247
0.8665573089369673
0.8796326920805989
0.8923118421465177
0.9044420542383498
0.9158481082164964
0.9263333596636042
0.9356816051037583
0.9436596372875854
0.9500204788238469
0.9545072415775734
0.9568574808093468
0.9568079849949378
0.9540998610332678
0.9484837917114339
0.9397253209085425
0.9276100487937169
0.9119485952352763
0.8925812023257104
0.8693818403014046
0.8422617576094465
0.8111723499953482
0.7761073041279019
0.7371039533890265
0.6942438439538711
0.6476524875563763
0.5974983582471592
0.5439911319374685
0.48737925633039714
0.42794694018465573
0.36601060349610215
0.30191494794048124
0.23602870252208646
0.16874016914771378
0.10045267788156294
0.03158002262958406
-0.037458010097443005
-0.10623996638723257
-0.17434682617169966
-0.24136584572215197
-0.30689411502726915
-0.370541815024598
-0.43193514841108177
-0.49071901624672165
-0.5465593878951556
-0.599145472178321
-0.6481916497178831
-0.6934392669129491
-0.7346582710010873
-0.7716487568982486
-0.8042424007029619
-0.8323038328108824
-0.8557319061379122
-0.8744608685087477
-0.8884613952400614
-0.8977414342144606
-0.9023468439674108
-0.9023617061911263
-0.8979082950105775
-0.8891466155724621
-0.8762734530523635
-0.859520850766477
-0.8391540065126329
-0.8154685263696924
-0.7887870176122614
-0.7594550458670802
-0.727836463509323
-0.6943081674839577
-0.6592543502120617
-0.6230603557184992
-0.5861062447779274
-0.5487601958193821
-0.5113719009198292
-0.47426611245429184
-0.4377364920279308
-0.4020399221816298
-0.36739144384763667
-0.3339599466777572
-0.3018647507970911
-0.27117316902087013
-0.24189914849466126
-0.2140030207403428
-0.18739240340360075
-0.161924230605377
-0.13740789884555318
-0.11360943357537724
-0.09025660932030688
-0.06704491592951427
-0.0436441899740366
-0.01970585137856305
0.005129498948168978
0.031224247667416494
0.05893584422311521
0.08860899059895934
0.1205680661601952
0.1551099472565639
0.19249735140354665
0.2329527863584303
0.27665326613295166
0.32372580296727227
0.3742437761989101
0.42822418483345775
0.4856258389950051
0.5463484530958135
0.6102326679594795
0.6770609156189563
0.7465591724723337
0.818399427026261
0.8922029302587502
0.9675440412409301
1.0439546892755258
1.120929288255171
1.197930077029295
1.274392800842873
1.349732595323931
1.4233500623241697
1.494637428135668
1.5629846924146584
1.6277857585412636
1.6884444257093931
1.7443802239696764
1.7950340557781368
1.8398735991207291
1.8783984259071633
1.9101448747972642
1.9346905901937264
1.9516587967563586
1.9607222437326843
1.9616068870697587
1.9540952221355414
1.9380293607909589
1.9133137625510288
1.8799176752272853
1.837877214062643
1.7872970868636886
1.728351917058471
1.6612870946932992
1.5864191451007792
1.504135521178115
1.4148937654060085
1.319219961312511
1.2177064276051979
1.1110085738527773
0.9998408861019205
0.8849719688448608
0.7672186639316766
0.6474392064259303
0.5265254798203778
0.40539436574004156
0.28497831568325366
0.16621522314388507
0.05003772499140472
-0.06263789810668503
-0.1709230616797689
-0.27396823441987805
-0.3709741312749215
-0.46120250090700915
-0.5439862924304014
-0.6187389812740307
-0.6849628664732135
-0.7422561088745224
-0.790318392547785
-0.8289550411026511
-0.8580794880424177
-0.8777140363873632
-0.8879888932181994
-0.8891394605983021
-0.8815019634862021
-0.8655074924804003
-0.8416745792687627
-0.8106005003201258
-0.772951443024202
-0.7294518056843832
-0.6808728201473401
-0.6280207487976761
-0.571724917784684
-0.5128257914186426
-0.45216336959351633
-0.39056608116028435
-0.32884041725081664
-0.26776143843480404
-0.20806433746130418
-0.15043714964726643
-0.09551470981122061
-0.043873895278646276
0.003969828796044679
0.04756456951876672
0.08652293782165267
0.1205218051145584
0.14930100383319916
0.17266108358285268
0.19046027949053143
0.20261079467732532
0.2090746131612687
0.2098589558159836
0.20501156215527186
0.19461593097882404
0.17878665183823259
0.15766497778219576
0.13141471925735748
0.1002185565379042
0.06427483046418396
0.02379487442251441
-0.020999121828901242
-0.06987569022231112
-0.12259513134338243
-0.17891008136578176
-0.2385656345150996
-0.30129910275450816
-0.3668394995595497
-0.4349068168852435
-0.5052112076921984
-0.5774521506571566
-0.6513177133744875
-0.7264839686501038
-0.802614671986494
-0.8793612408766092
-0.9563631267560861
-1.033248566764923
-1.1096357920115392
-1.1851346736580244
-1.2593487969591095
-1.3318779373331806
-1.4023209229231415
-1.4702787968894657
-1.535358239978746
-1.5971751566615149
-1.6553583950174282
-1.7095534229337528
-1.7594260022752861
-1.804665655242076
-1.8449889340544763
-1.8801423925611882
-1.909905170919277
-1.9340912037363724
-1.9525509736000566
-1.9651727609484229
-1.9718834824231082
-1.9726489723477756
-1.9674738536921552
-1.95640094901484
-1.939510288670213
-1.9169177573646583
-1.888773431114181
-1.8552596407224655
-1.8165888321659942
-1.7730012617780395
-1.7247625702231504
-1.67216130072118
-1.6155063634630356
-1.555124510565484
-1.4913578194929882
-1.4245612128043523
-1.355100026410405
-1.2833476242655766
-1.2096830511266201
-1.1344887473870935
-1.0581482885854907
-0.9810441600388835
-0.9035555690190032
-0.8260562687287734
-0.7489124328207118
-0.6724805429756002
-0.5971053428622842
-0.5231178428028119
-0.450833406403953
-0.38054995337493513
-0.3125462825902545
-0.24708056005350332
-0.1843889971759299
-0.12468472583038691
-0.06815692866081376
-0.014970200693280943
0.03473580941589241
0.0808465097981852
0.12327218980653198
0.16194760029964173
0.1968313067909756
0.22790480333739752
0.25517147154105674
0.27865536761704385
0.2983999199633364
0.3144665408066621
0.3269332216641907
0.3358931107946193
0.34145316775043805
0.3437328555730708
0.3428629406572447
0.3389844047914303
0.33224747159266416
0.32281075047385904
0.3108405117847336
0.29651005185024754
0.27999915147953286
0.26149361408985716
0.24118482453946963
0.21926934514761473
0.19594849236141101
0.17142788677047885
0.14591694225701404
0.11962827100424665
0.09277700810935596
0.06558001918271135
0.038254993680005345
0.01101942699726554
-0.015910523733935818
-0.042321293048364496
-0.06800326661923513
-0.09275223740713426
-0.11637095009242167
-0.13867069619440084
-0.15947299020569572
-0.17861125520191345
-0.19593253243316922
-0.21129920464380553
-0.22459067697381105
-0.23570501626480123
-0.24456054615098724
-0.2510973166911872
-0.25527848172691103
-0.25709151058865265
-0.25654923588910933
-0.253690673685771
-0.24858159924542292
-0.2413148528668499
-0.23201031510685624
-0.22081453839662304
-0.20789999358934982
-0.19346391843622884
-0.17772673155662233
-0.1609300151703539
-0.14333405132850868
