1025
0.7669550863106813
0.8712015386664677
0.9772763488411735
1.0846593234440534
1.1927819416713041
1.301031947342911
1.408758705679265
1.5152792103502222
1.6198846849601345
1.721847664516795
1.8204294906182847
1.9148881283243748
2.004486233638683
2.08849939795873
2.1662244964382036
2.236988072430422
2.300154684126896
2.355135156950676
2.401394636751919
2.4384603840655132
2.4659292101607577
2.4834744379690132
2.4908523039004193
2.487907659433784
2.474578862388908
2.4509017072598103
2.417012283205815
2.3731486215854307
2.319651012295629
2.25696088791317
2.1856181724258676
2.106257054137098
2.019600116410069
1.9264508495209771
1.8276845631147243
1.7242377876085677
1.6170962537124363
1.5072816421925317
1.3958372698847146
1.283812959196938
1.1722493660447322
1.0621620277136767
0.9545254909264849
0.8502577969319314
0.7502057079175758
0.6551309443967667
0.5656977993448894
0.48246238861607876
0.40586380024296537
0.33621739085218194
0.2737103625820383
0.21839979048522695
0.17021315576802384
0.12895137838624726
0.0942943395125841
0.06580879724046379
0.04295848134125431
0.02511624619504015
0.011577947876010334
0.0015778222788538725
-0.0056950217179724425
-0.011079300001550246
-0.015423826297725492
-0.01956973341881003
-0.024333019512218928
-0.0304877513998595
-0.03875031243784896
-0.04976496455582615
-0.0640910556654982
-0.08219207114338452
-0.10442676852415976
-0.13104253550751663
-0.16217107319190557
-0.19782648368516959
-0.23790575569542166
-0.28219158902443453
-0.3303575145858585
-0.38197513069565936
-0.43652332051762205
-0.49339919239254376
-0.5519305728805332
-0.6113896977512658
-0.671007884813825
-0.7299908493225529
-0.787534350401584
-0.8428398445940062
-0.8951298802348203
-0.9436628471240435
-0.98774688687926
-1.0267525959898396
-1.0601243729298102
-1.0873901205468761
-1.1081691864843908
-1.1221783374156902
-1.1292357437068983
-1.1292628367812176
-1.1222841227121727
-1.108424902136366
-1.0879070348817146
-1.061042854999866
-1.0282273948806375
-0.9899291496447487
-0.9466796053141864
-0.8990617661333762
-0.8476980162264598
-0.7932375873466169
-0.7363439263862648
-0.6776823135859902
-0.6179079189592483
-0.557654703655607
-0.4975253089157259
-0.43808219199556636
-0.37984015484947625
-0.32326043825000156
-0.2687464310294408
-0.21664102967411078
-0.16722566511682974
-0.12072089482780164
-0.07728849213259659
-0.0370348620087585
-1.5604925936900777e-5
0.03375894592680107
0.06431750329672074
0.09172110370144712
0.11605617123932689
0.13742756296243197
0.15595187254859816
0.17175115664160814
0.18494730584031766
0.1956571657079253
0.20398856377632865
0.21003731957412605
0.2138852103463918
0.2155990553773714
0.21523066170612473
0.21281779432746067
0.20838592631450772
0.20195071769628825
0.19352107811606922
0.18310268075831826
0.17070176043678917
0.1563290544850216
0.14000375177054608
0.12175729324251638
0.10163691379311457
0.07970882935721882
0.05606095533768296
0.030805096825100693
0.004078576735140654
-0.02395476406918555
-0.0531041715701938
-0.08315221711852566
-0.11385564225582431
-0.1449467913381751
-0.17613557809844868
-0.20711196413400954
-0.23754889485391345
-0.26710564887870736
-0.295431528496712
-0.3221698624880296
-0.3469622552767616
-0.3694530202030393
-0.3892937599752442
-0.40614802343975637
-0.4196959792128654
-0.4296390660767121
-0.43570452407268107
-0.43764978455967096
-0.435266601491814
-0.42838489532027424
-0.4168762395101162
-0.4006568632004921
-0.37969019087106975
-0.353988767045762
-0.3236155719835251
-0.28868463094807467
-0.24936091145925068
-0.20585945709573847
-0.15844375889348208
-0.10742334043734388
-0.05315063566391878
0.003982885942689397
0.06355121242687892
0.12509888397336263
0.1881465649336729
0.25219699435630344
0.3167412449164886
0.38126508039302925
0.44525537964563416
0.508206421220668
0.5696259470266647
0.6290408749988782
0.6860025399040833
0.7400913591268934
0.7909208803050854
0.8381410926669776
0.8814409968353523
0.9205504066586047
0.9552409426472559
0.9853262882395369
1.0106617132744353
1.0311429091108881
1.0467042382074467
1.0573164530159742
1.0629839954201843
1.063741947406289
1.059652775862777
1.0508029390218874
1.0372994852502189
1.0192667053504672
0.9968429825104111
0.9701778472607365
0.9394293856580294
0.9047619809606431
0.8663444932797072
0.8243488538040026
0.7789491420921054
0.730321091183687
0.678642031199384
0.6240912650448457
0.5668508018863739
0.5071063896907255
0.4450488663793779
0.38087564852921046
0.3147923850195483
0.2470146295969117
0.17776951924722362
0.1072973159853439
0.03585279342804376
-0.036293630494807626
-0.10885507647676804
-0.18152774153668705
-0.25399085493666734
-0.32590705588219854
-0.3969232670384268
-0.4666720239843291
-0.5347732751957184
-0.6008366597689124
-0.6644641957896215
-0.725253385739282
-0.7828006684486769
-0.8367051569491525
-0.8865726427406594
-0.9320197514576773
-0.9726782209116442
-1.0081992325026479
-1.0382577066342513
-1.0625565284717917
-1.0808306321231105
-1.092850881828909
-1.0984277201979489
-1.0974145210131896
-1.0897106180179155
-1.075263981921369
-1.0540734886241432
-1.0261907779120973
-0.9917216778178124
-0.9508271357467062
-0.9037236954825288
-0.8506834143517925
-0.7920332996598909
-0.7281541412009075
-0.6594787923013692
-0.5864898550763512
-0.5097167335278293
-0.4297320987235676
-0.34714769929254696
-0.2626095816884091
-0.1767926764486779
-0.09039484017787612
-0.004130344952223273
0.08127710242985325
0.16510175521635984
0.24662352795377732
0.32513592884104275
0.39995409914785457
0.4704228368254147
0.5359244572890082
0.5958863849882174
0.6497883192763392
0.6971688271089685
0.7376312506534306
0.7708488104206961
0.7965687695224696
0.8146156128164835
0.8248931341774477
0.8273854033924324
0.8221565802323751
0.8093495748190055
0.789183600455131
0.7619506204960927
0.7280108117927482
0.6877870840066923
0.6417588035615716
0.5904548102356728
0.5344458552751123
0.4743366353763449
0.410757511944613
0.3443560910609826
0.2757887740103381
0.20571245408086183
0.13477643148736332
0.06361469047764329
-0.007161345835304144
-0.07696950920565397
-0.14526295541163742
-0.21153548569984057
-0.2753261460972895
-0.3362229679338828
-0.3938658854421923
-0.44794877343166983
-0.498220587512015
-0.5444856339551236
-0.586602958778451
-0.6244848625419106
-0.6580946272892357
-0.6874434414452387
-0.7125866347865124
-0.7336192483926077
-0.750671052314539
-0.7639011200652575
-0.773492025171835
-0.7796438396768989
-0.7825679912130539
-0.7824812017276831
-0.7795995594197769
-0.7741329340442656
-0.7662798449499377
-0.7562229029467522
-0.7441249833685266
-0.730126202617758
-0.7143418040028527
-0.6968610416559698
-0.6777470386041419
-0.6570377349688491
-0.6347477856371823
-0.6108715164178858
-0.5853866977291373
-0.5582591814092427
-0.5294481679087466
-0.4989120083714313
-0.46661433173229105
-0.4325303630608891
-0.39665316849362053
-0.358999666806138
-0.3196162314763786
-0.2785836508628125
-0.23602128246660622
-0.1920902744543282
-0.14699571528356628
-0.10098760892970894
-0.05436056155647935
-0.007452291512216972
0.03935921143304937
0.08565970880013796
0.13100388190588527
0.1749215591963178
0.2169248019956417
0.2565157668191691
0.29319507948007384
0.3264705648573071
0.35586611607627205
0.3809304775836423
0.4012457114118037
0.41643521548882767
0.4261709905995572
0.4301800866089049
0.4282499989115329
0.4202329588057136
0.4060489516760669
0.38568745110777564
0.35920782653626304
0.32673838173814884
0.2884741189447325
0.24467325895467507
0.19565256782636337
0.14178168538293065
0.08347652353959797
0.02119192005418452
-0.04458628662297828
-0.11334958829585402
-0.18457535446441048
-0.25773540380257093
-0.33230443395671017
-0.40776810967189103
-0.48363065929406485
-0.5594218321261548
-0.6347030589272991
-0.709072717947136
-0.7821704349425767
-0.8536802959148968
-0.923332981640358
-0.9909067739763177
-1.056227450948371
-1.1191671039501427
-1.1796419275246064
-1.2376090521078154
-1.2930625323866982
-1.3460285810769115
-1.3965601865618837
-1.4447312740501497
-1.4906305053571702
-1.5343549237524068
-1.5760035688156238
-1.6156712243888824
-1.6534424440574036
-1.6893860033384673
-1.7235499104061645
-1.755957081613736
-1.7866018215828645
-1.8154471361741213
-1.8424230256546525
-1.8674257303091437
-1.8903180076874528
-1.9109304166874654
-1.9290635981820954
-1.9444915249096724
-1.9569656168140024
-1.9662196686437186
-1.9719754878094573
-1.9739490661790358
-1.971857220866562
-1.9654244629146065
-1.9543900315198124
-1.9385148275415651
-1.9175881448809284
-1.8914340189964651
-1.8599170013443884
-1.822947284446219
-1.7804849751475673
-1.7325434600544922
-1.6791917546901431
-1.6205558028814078
-1.556818643352199
-1.4882195086581722
-1.4150518440665594
-1.3376602956025851
-1.2564367734003843
-1.1718156725800772
-1.0842683662783452
-0.9942971477477011
-0.9024287065302377
-0.8092073451854441
-0.7151880595942968
-0.6209296425416991
-0.5269879498131546
-0.4339094420478841
-0.34222516214879956
-0.252445154961644
-0.16505351907855917
-0.0805040525888174
0.0007834412879678056
0.07842611860082037
0.15208046450187257
0.22144390807629918
0.2862558621052489
0.34629814047449864
0.4013948421143598
0.45141171983632145
0.4962551213510607
0.5358705266452295
0.570240762069496
0.5993839104003863
0.6233509870730473
0.6422234102693269
0.6561103097570357
0.6651457064773995
0.6694856013572307
0.6693049881534476
0.6647948609303884
0.6561591912494423
0.6436119769606803
0.6273743351963529
0.6076717473702209
0.5847314129744496
0.5587798561565697
0.5300407443803986
0.498733021239942
0.4650693388525761
0.429254907271201
0.3914866990789193
0.3519530973456125
0.31083396875437397
0.2683011764403733
0.2245194997337825
0.17964794907286283
0.13384141592840146
0.08725259666804282
0.04003417243557994
-0.007658939340287713
-0.05566726028317598
-0.10382451665430942
-0.15195555571721944
-0.19987457405966527
-0.24738369108762637
-0.29427201435680184
-0.34031527569581355
-0.38527606728612473
-0.42890478840326
-0.470941276176903
-0.511117151626767
-0.5491588705874929
-0.5847914222811773
-0.6177426127892924
-0.6477478168373136
-0.6745551328645213
-0.6979307523429843
-0.7176644493437218
-0.7335749612466362
-0.7455151835399919
-0.7533769176968095
-0.7570950961781425
-0.7566512686888158
-0.7520762466418007
-0.743451798681383
-0.7309112492193728
-0.7146390037502353
-0.6948688728543961
-0.6718812842969046
-0.6459993161078128
-0.6175837040585985
-0.5870268623822058
-0.5547460428258552
-0.5211757963566839
-0.4867599067899808
-0.45194293328967144
-0.4171616383265101
-0.3828364248267867
-0.34936302702406474
-0.3171046487051844
-0.2863847420841833
-0.25748058519825134
-0.23061784797201818
-0.20596625892744502
-0.18363650403808326
-0.1636784380161686
-0.14608067666979693
-0.13077159432678653
-0.11762169747340748
-0.1064474129156447
-0.09701616278875563
-0.08905265192029967
-0.08224626662442446
-0.07625942860591194
-0.07073671366770877
-0.06531457636081875
-0.05963144463124504
-0.053337959894563726
-0.04610714393727015
-0.03764423772701872
-0.027695946807939957
-0.016058909339973535
-0.0025870839478786315
0.012802092680303153
0.030122996736071245
0.04931875571080688
0.07025988113205647
0.09274477668997272
0.11650211562680994
0.14119508126043517
0.16642751275008336
0.19175171003496974
0.2166779051132169
0.240685055638774
0.2632328663324334
0.28377461870131426
0.30177061028080493
0.31670175149352
0.32808307574470963
0.3354767132476482
0.3385039903510067
0.3368563432327631
0.33030468013865344
0.31870696614542254
0.3020137103338109
0.28027128010132457
0.25362284501909277
0.22230692374242952
0.1866535501740071
0.14707813741302986
0.10407319967690197
0.05819812117031552
0.010067282043594295
-0.03966315282275661
-0.09030949403734834
-0.14117531127660543
-0.19156645516239337
-0.2408059048683539
-0.288247941008349
-0.3332914495365272
-0.37539183930429143
-0.41407140178840696
-0.44892779598932425
-0.47964053803511864
-0.505975276418158
-0.5277859024633003
-0.5450144208048706
-0.5576886596901807
-0.5659179949216715
-0.5698871797923442
-0.5698485894220632
-0.566113063372543
-0.559039689437022
-0.5490247887702632
-0.5364904102212864
-0.5218727216385735
-0.5056104269809991
-0.4881336844259106
-0.46985363606399333
-0.45115281565753523
-0.4323766324104699
-0.4138260783491702
-0.39575172821235743
-0.37834916739830377
-0.3617558117998033
-0.34604917662734
-0.33124651457333704
-0.31730577521642506
-0.30412779585281935
-0.29155961231554445
-0.2793987678647522
-0.2673984666895049
-0.2552734444215343
-0.24270641570752038
-0.2293549221909299
-0.2148584777145558
-0.19884586022587772
-0.18094239989077787
-0.16077720845631818
-0.1379901871065268
-0.11223877976814993
-0.08320433136722215
-0.0505980701855612
-0.014166573824820809
0.026303227808599946
0.07097962686712632
0.11998222869154261
0.17337866096217047
0.23118180576052683
0.2933476438672927
0.3597736788303855
0.4302979202595357
0.5046984737332307
0.5826936931365868
0.663942948231106
0.7480479626513993
0.8345547930833596
0.922956397248538
1.0126958550078715
1.103170238351217
1.193735115386385
1.2837097442258982
1.3723828968017024
1.4590193443899688
1.5428669538240023
1.6231643910502713
1.6991493195978695
1.7700670929099158
1.8351798187033115
1.893775683418777
1.9451784456524959
1.9887569313870628
2.023934423698653
2.05019772962777
2.0671058176331125
2.074297819589694
2.071500240454344
2.0585332160310443
2.0353156536725394
2.0018691384680216
1.9583204701126604
1.9049027397881242
1.8419548775741919
1.769919632397118
1.689339986155472
1.600853999417611
1.5051881704224845
1.4031493910657182
1.2956156168354673
1.1835254140141467
1.067866523488604
0.9496636854494099
0.8299659255787808
0.7098334901419405
0.5903247229100297
0.472483096720439
0.35732458638070214
0.24582570519629357
0.13891229733945812
0.03744937213646836
-0.057767943874682544
-0.14602213377755519
-0.2266796281968173
-0.29919568539560987
-0.3631177438837531
-0.4180873187368161
-0.4638403670928101
-0.500206285044136
-0.5271055759905254
-0.5445463050448751
-0.5526195200932741
-0.551493736435287
-0.5414087040413166
-0.522668607503125
-0.4956348576760976
-0.46071868180001274
-0.418373662066392
-0.3690883327212023
-0.3133790441770874
-0.25178314241385896
-0.18485258573580562
-0.11314806878215555
-0.037233706006789095
0.042327702737186175
0.12497883618336449
0.21017140114092386
0.29736916918167644
0.38605046579836766
0.4757102267043327
0.5658616241439186
0.6560373626265777
0.7457906689726855
0.8346960908667025
0.9223500742737363
1.0083714485115165
1.0924018268190616
1.1741059406960763
1.2531719721571493
1.329311874256447
1.4022617011117904
1.4717819715778588
1.5376580223168115
1.5997003922693989
1.6577452331309044
1.7116546672377344
1.7613171958498632
1.8066480380835748
1.8475894469875258
1.8841109681785038
1.9162096542828158
1.9439101528743998
1.9672647264926275
1.98635313719803
2.001282387398739
2.0121862954040037
2.0192248784897986
2.02258352107679
2.0224718979004095
2.019122629592521
2.012789653746383
2.003746272101021
1.9922828910273773
1.9787044072046431
1.9633272845757213
1.9464762725658251
1.9284808441848122
1.9096713275861872
1.8903748317374331
1.8709109400544401
1.8515873027876035
1.8326951712936497
1.8145049422027069
1.7972618027486733
1.7811815803501667
1.7664468790829035
1.7532035669080472
1.7415577323308364
1.731573173742299
1.723269479398478
1.7166207633010824
1.711555116626082
1.70795474943162
1.7056568997364907
1.7044554604792903
1.7041033045858538
1.7043153043057544
1.704771938922564
1.7051234665099324
1.7049945829056206
1.703989455706165
1.7016970515833036
1.697696691979922
1.6915636852125675
1.6828750136693302
1.671214903742723
1.6561802899467428
1.6373860077882003
1.6144697133468164
1.587096461396502
1.554962877739334
1.5178008954049087
1.4753810951567792
1.427515516422497
1.3740600494731185
1.314916339832291
1.2500332438062354
1.17940783871984
1.103085978784152
1.0211624513924726
0.9337807245879202
0.8411322954582091
0.7434556404624528
0.6410348528959016
0.5341978644214864
0.42331433465873863
0.308793208999994
0.19107994169621248
0.07065339765461327
-0.05197758321075146
-0.17627785860379686
-0.3016899705383254
-0.4276383595611709
-0.5535337931200635
-0.6787779742928113
-0.8027682697534165
-0.9249025371579329
-1.0445839705640096
-1.1612259265264147
-1.274256674295118
-1.3831240018083422
-1.4872996075105847
-1.586283265585256
-1.6796066717470608
-1.7668369557615482
-1.8475797804714236
-1.9214820518207851
-1.9882341928559553
-2.0475719576797844
-2.0992777909566724
-2.1431817665720376
-2.179162072534229
-2.2071451011094623
-2.2271051539435427
-2.2390638019433586
-2.243088922244707
-2.2392934656358556
-2.227833980061551
-2.2089089246332105
-2.1827567864188078
-2.149654087436938
-2.1099132100623974
-2.063880135219052
-2.0119320785175345
-1.9544749962429275
-1.89194101913041
-1.8247857635166118
-1.753485536549208
-1.678534430713233
-1.6004412711914586
-1.5197264584453718
-1.4369186774062452
-1.3525514601989774
-1.2671596625185202
-1.1812758125737726
-1.0954264186535845
-1.0101282033657082
-0.9258843695787684
-0.8431808811367734
-0.7624828572589148
-0.6842311248083877
-0.6088389590376226
-0.5366891114154587
-0.46813116955066797
-0.4034792604265533
-0.34301020810436283
-0.2869621354950389
-0.23553356338675407
-0.1888829985846925
-0.1471290531351657
-0.11035104664890584
-0.07859011085229231
-0.05185071667520791
-0.03010264729988655
-0.01328329385122455
-0.0013002891549259588
0.005965663845506129
0.00865776475302864
0.006939996485617413
0.0009939712879451035
-0.008984191367148056
-0.022786918002017164
-0.04019808208141448
-0.060995756906863735
-0.0849547462558615
-0.11184888783462205
-0.14145315740208375
-0.1735454843815935
-0.2079083872821566
-0.2443303562940635
-0.28260707819768377
-0.3225424484884019
-0.3639494827129705
-0.40665107182431653
-0.4504806625434004
-0.4952828800441871
-0.5409140721022817
-0.5872428272269011
-0.6341504734388825
-0.6815315222052353
-0.7292941035758035
-0.777360340100618
-0.8256666416607398
-0.8741639689057781
-0.9228179141315338
-0.9716086935769018
-1.0205309717567872
-1.069593437792708
-1.1188182204769033
-1.168239999536754
-1.2179048415914202
-1.267868799024919
-1.3181961145372048
-1.368957173196724
-1.4202261364227056
-1.472078258593715
-1.5245869412363762
-1.577820544778314
-1.6318389709373298
-1.6866901171037163
-1.7424062091194734
-1.7990001085424048
-1.8564616905271025
-1.9147543401901121
-1.9738116474570313
-2.033534477938783
-2.093788377595224
-2.1544015575140936
-2.215163415088143
-2.275823750594429
-2.336092739117942
-2.3956416807349945
-2.4541046097931463
-2.5110807872804894
-2.5661380092215462
-2.618816823654428
-2.6686355004569933
-2.715095747788997
-2.757689078997895
-2.795903680096053
-2.8292316933040884
-2.857176749595774
-2.879261546223482
-2.895035421095029
-2.904081593502968
-2.906024085460936
-2.900533990144571
-2.887335099842342
-2.8662086643722184
-2.836997232389856
-2.799607450417434
-2.754011816395345
-2.7002493478233522
-2.6384251404446837
-2.5687088782739327
-2.4913323579504874
-2.4065860703851185
-2.3148149820813133
-2.2164135972892276
-2.1118204214704903
-2.001512004662272
-1.8859966496344864
-1.7658079220816405
-1.6414981216722349
-1.5136317928020993
-1.3827794111672305
-1.2495113239199898
-1.114392018785018
-0.9779748022295729
-0.8407969378253503
-0.7033752412910355
-0.5662022354247512
-0.4297427849555814
-0.29443128881277175
-0.16066939018859222
-0.028824208248729506
0.10077294183362578
0.22782733305923233
0.3520811433611335
0.473313331393579
0.5913390999374647
0.7060089457328655
0.8172073494417574
0.924851087902457
1.0288872621138303
1.1292909918409886
1.2260628810837835
1.3192262188288202
1.4088240154618048
1.4949158793519086
1.577574758889581
1.656883663634378
1.7329323193651875
1.8058139018219277
1.8756218159309033
1.9424466251138135
2.0063731595590584
2.0674778679646106
2.1258264132230273
2.181471623077162
2.2344517645546893
2.284789232850986
2.3324896252950538
2.3775412672863205
2.4199151752320045
2.4595654675149685
2.4964302063321853
2.530432688323325
2.561483125965817
2.5894806895739944
2.614315913450631
2.6358733457141073
2.654034442670349
2.668680612230765
2.6796963513744165
2.686972368993319
2.6904086780789256
2.6899174935507153
2.6854259577435697
2.676878512387744
2.6642389577553596
2.6474920534761335
2.6266446687733227
2.601726436068395
2.5727898806233536
2.539910038336432
