1025
0.4478307130216839
0.5051778192689231
0.5633817672603502
0.6219038727204205
0.6802228336948027
0.7378419378571279
0.7942954280916936
0.8491539889250064
0.9020292818097018
0.9525775585896816
1.0005023097428647
1.0455559862627033
1.0875408200310466
1.1263087578841189
1.1617606003687615
1.1938443385866444
1.2225528094884046
1.2479206754167305
1.2700208477917097
1.2889603839097423
1.304875964570547
1.317929016481635
1.328300561617207
1.3361858948129044
1.3417891759422758
1.345318025062303
1.3469782440006195
1.346968736680082
1.3454767579570375
1.3426735779785104
1.3387106762052114
1.3337165301555376
1.327794128437937
1.3210192403710943
1.3134395150392009
1.3050744653484498
1.295916335511076
1.2859318629030536
1.2750648929839203
1.2632398251526102
1.250365783477904
1.2363414131538424
1.2210601990398429
1.2044161436712382
1.1863096390441463
1.1666533809707096
1.1453781207852456
1.1224380796431452
1.097815856176692
1.0715266396785446
1.0436216008336985
1.0141902894398476
0.9833619742125113
0.9513058248422943
0.9182298978305137
0.8843789052745278
0.8500308355686478
0.81549241993193
0.7810936249037194
0.7471812246210705
0.7141116519640673
0.6822433035785799
0.6519284716276909
0.6235051424380711
0.597288848189451
0.573564791758841
0.5525804643270279
0.5345389235256848
0.5195929314165901
0.5078400802488042
0.4993190537740911
0.49400710699878797
0.4918188403801466
0.49260629631961544
0.4961603887881452
0.5022136257250938
0.5104440947312883
0.5204805990684608
0.5319088612081077
0.5442786527797535
0.5571117170666418
0.5699103195677917
0.582166259179173
0.5933701822440893
0.60302099215779
0.6106352087971209
0.6157560940392928
0.6179623561259082
0.6168763320275368
0.6121714148681788
0.6035786763487698
0.5908925082415392
0.5739752161712223
0.5527604281279389
0.5272553232313114
0.4975415578281728
0.46377492296365463
0.4261836874109392
0.3850656448854744
0.3407839362855327
0.2937616713976393
0.2444754257225516
0.1934477679389382
0.14123886461032323
0.08843735142329522
0.035650619435795526
-0.016505335509566465
-0.0674162914878888
-0.11648025843887873
-0.16311777745511338
-0.20678190195574966
-0.24696765743698812
-0.28322081108310493
-0.3151457384868151
-0.3424123020437407
-0.3647615095768493
-0.38200992316651566
-0.39405267974472563
-0.400865033478404
-0.40250246692412045
-0.3990992624411714
-0.39086561850025064
-0.3780833790986407
-0.3611003846505519
-0.34032365073950377
-0.3162114280451031
-0.28926437352386714
-0.2600159790754776
-0.229022435123009
-0.19685220325419428
-0.16407545758323702
-0.13125363174469495
-0.09892927909331392
-0.06761649555505732
-0.037792037599042025
-0.009887363823269654
0.01571825770058629
0.03870344957029799
0.058809123202518354
0.07584148310557738
0.08967363230547908
0.1002457203560373
0.10756371155701833
0.11169678222157138
0.11277346974533595
0.11097665958719331
0.10653757319796683
0.09972892063551747
0.09085736743465647
0.08025555182564469
0.06827380409878206
0.05527180430032329
0.041610353556472975
0.02764345907989779
0.013710883275039854
0.0001313339493570603
-0.012803579879707259
-0.024834527754745442
-0.03573868085113684
-0.04533293734555056
-0.05347612789302466
-0.06007019218383664
-0.065060383387428
-0.06843454386031624
-0.0702215216688406
-0.0704888536606218
-0.06933979456082459
-0.06690983251823537
-0.06336281905404656
-0.058886825111873264
-0.05368986113553758
-0.047995581160800625
-0.04203906522542055
-0.03606279125262792
-0.030312871419484102
-0.02503560850094822
-0.02047444542190076
-0.016867297225970926
-0.014444327846240477
-0.013426132829160208
-0.014022319259850705
-0.01643047768991551
-0.020835467396361843
-0.027409002196334516
-0.036309465727824695
-0.047681895532831475
-0.06165809727633971
-0.07835680474716804
-0.09788385244168443
-0.12033229250167395
-0.14578241911832074
-0.174301666464797
-0.20594432288467654
-0.24075107387868472
-0.27874832880757655
-0.3199473409082188
-0.36434311770533345
-0.4119131462725941
-0.4626159327305208
-0.5163894010516762
-0.5731491977767484
-0.632786927220696
-0.695168368739723
-0.7601317693639248
-0.8274862249215474
-0.8970102434207999
-0.9684505595681826
-1.0415212555430786
-1.1159032584939317
-1.1912442831469008
-1.2671592791665616
-1.3432314256811335
-1.4190137401567369
-1.4940312979838892
-1.5677841299559916
-1.6397507825101763
-1.7093925280317368
-1.776158244503605
-1.8394898715890022
-1.8988284450625432
-1.9536206156816198
-2.003325539948611
-2.0474221255585228
-2.0854164036747065
-2.1168490012631263
-2.1413025234582657
-2.158408710631613
-2.1678552255369437
-2.1693919257001886
-2.162836473421203
-2.1480790978399047
-2.125086467169687
-2.0939044591550378
-2.0546597840469847
-2.0075603614255426
-1.9528943872773432
-1.8910280882745407
-1.822402114121865
-1.7475266619130854
-1.666975312846587
-1.5813777539692906
-1.4914114429672016
-1.3977923872533535
-1.3012652320394325
-1.202592803721893
-1.1025453659716105
-1.0018897955734296
-0.9013789046626173
-0.8017411414171103
-0.7036708887027741
-0.6078195945399077
-0.5147878868973177
-0.42511885972443836
-0.3392926747211635
-0.25772254204979483
-0.18075219002393025
-0.10865479265568088
-0.041633374258860614
0.02017740097664292
0.07670813777284298
0.12795048059861722
0.17395188176404836
0.2148096099122205
0.25066417511088795
0.2816924291741604
0.3081005718396881
0.33011727497508
0.34798718125470585
0.36196492888529014
0.37230993830619535
0.3792820456436508
0.3831381276357778
0.38412975202875776
0.38250191449408155
0.37849279778552253
0.37233451037483634
0.3642547047880569
0.3544789132243104
0.34323346456825454
0.33074874860786035
0.31726264402569765
0.3030238958229414
0.2882952018140121
0.2733558176852159
0.2585034911063015
0.24405554115718217
0.23034897152946276
0.21773950137585832
0.2065994628280369
0.19731454543483007
0.19027942799561465
0.1858923586754586
0.18454879864892157
0.18663429125337783
0.19251671510291535
0.20253816924411724
0.21700666454539816
0.23618791013331275
0.26029739750282965
0.289493058603648
0.32386865784513785
0.36344819945508566
0.4081814752398838
0.4579409039062517
0.5125197986394378
0.5716321212682559
0.6349137528679989
0.7019252942784121
0.7721563391644678
0.8450311624795714
0.9199156952557245
0.9961256677994962
1.0729357571804174
1.1495895606578674
1.2253102078319604
1.2993114200369116
1.370808817090424
1.4390312611775053
1.5032320740077834
1.562699907980517
1.6167691403411482
1.6648296002790866
1.7063355074360818
1.7408134768929262
1.767869498760378
1.7871947982500243
1.7985704606100295
1.8018708205134037
1.7970655186207682
1.7842202241257
1.763495983242696
1.7351472221530158
1.699518417792484
1.6570394239044988
1.6082195810835525
1.5536406121573487
1.4939484271789445
1.4298439152154838
1.36207287359189
1.2914151988591511
1.2186734931270038
1.1446612504402174
1.0701908603834664
0.996061544188992
0.9230474808142847
0.8518863294003689
0.7832683299580482
0.7178261935659291
0.6561259727470286
0.5986591123504164
0.5458357927555865
0.49797973405530993
0.45532457329891596
0.4180118612495201
0.3860907639347664
0.359519456177753
0.3381681678538818
0.3218238777774395
0.31019649678943867
0.30292646671149276
0.299593593652356
0.29972692696462766
0.3028155159373692
0.3083197921586824
0.3156833380719376
0.32434485170212457
0.3337499876208755
0.3433629149673819
0.35267729631811423
0.3612265070417965
0.3685928898068924
0.37441584178680903
0.3783986144187142
0.3803136728036169
0.38000652833260484
0.3773979790386766
0.37248472417276957
0.36533834852264624
0.3561027121751875
0.3449898104255543
0.33227418568127864
0.318286037946587
0.3034031337002979
0.2880417448941334
0.2726467461052706
0.2576811167402822
0.24361504845377494
0.23091487774081534
0.2200320830788393
0.2113925817691425
0.205386524474647
0.20235883802924565
0.20260068334887688
0.2063420445892701
0.2137455851125077
0.2249019341022968
0.239826484019096
0.2584578084687772
0.2806577181505541
0.3062129781877974
0.3348386554023047
0.3661830326154316
0.39983399147165666
0.4353267178778944
0.47215259358034717
0.5097690345741281
0.5476101052419377
0.5850976202884155
0.6216525289534668
0.656706281057376
0.6897119175845685
0.7201546597149739
0.7475616929239947
0.7715109751556164
0.79163882198242
0.8076461073193762
0.8193029658469323
0.8264518530780129
0.8290089430885464
0.8269638419314389
0.8203776306724647
0.8093793411132421
0.794160946893255
0.7749710666143933
0.7521075163322781
0.7259089545436186
0.6967458614547988
0.6650110624432064
0.6311100979234308
0.5954516543542802
0.5584383311208431
0.5204579426797855
0.48187560858998496
0.4430267660766713
0.4042113025758264
0.365688885369886
0.32767560523662975
0.29034194791099516
0.2538121257832822
0.2181647059083906
0.1834345080963095
0.14961564144167275
0.11666557335208406
0.0845100784431605
0.053048896039796255
0.02216192596269188
-0.008284251675795343
-0.03842967886495253
-0.0684144003305857
-0.09837204639987546
-0.12842383054855885
-0.15867310013231375
-0.1892005921996135
-0.22006051295084084
-0.25127752163834766
-0.2828446949648151
-0.3147225089700846
-0.34683885912744256
-0.37909007171343456
-0.41134289273051267
-0.4434373544087857
-0.47519044570919183
-0.5064004370293357
-0.536851757326642
-0.5663202334734413
-0.5945785674184831
-0.6214018524204707
-0.6465729931077653
-0.6698878245541382
-0.6911598579482608
-0.7102244209104375
-0.7269421742688863
-0.7412018353714025
-0.7529221266693266
-0.7620528315291408
-0.7685750239379633
-0.7725004592423493
-0.773870192197823
-0.7727524883350705
-0.7692401560701471
-0.7634473828621996
-0.7555062339026
-0.745562929229253
-0.7337740445505104
-0.7203027796734636
-0.7053153912386241
-0.6889779132087588
-0.6714532412915855
-0.6528986757676222
-0.6334639079600752
-0.6132895220275242
-0.5925059621786585
-0.5712329579042574
-0.5495793304773168
-0.5276431449944164
-0.5055120816693582
-0.4832639749288939
-0.46096740952161314
-0.43868229061311
-0.416460298984552
-0.3943451894852319
-0.3723728409448473
-0.350571050618715
-0.3289590654756538
-0.3075468411432825
-0.286334068309918
-0.265309012976981
-0.2444472374318569
-0.2237102930043677
-0.20304444757488563
-0.18237957943777347
-0.161628292420881
-0.14068538900688649
-0.11942775158629108
-0.09771470654985746
-0.07538895758782282
-0.05227807813945516
-0.028196628558926226
-0.002948850193426781
0.02366805151782223
0.05186010895325614
0.08183233311576935
0.1137840739327938
0.14790410094923298
0.18436551489680642
0.22332059758741288
0.26489572911627374
0.309186481680505
0.3562530241354949
0.4061159223854258
0.4587524728898553
0.514093627817511
0.5720216295370043
0.6323683743527565
0.6949146075608792
0.7593899505811293
0.8254738047805393
0.8927971317755137
0.9609450907634199
1.0294605524853857
1.0978484140500167
1.1655806877642474
1.232102316589147
1.296837630497879
1.3591973835476794
1.4185862575625452
1.4744107714322874
1.5260874453619846
1.5730511460646612
1.6147634628276486
1.650720992277356
1.6804634113962864
1.7035811722504581
1.7197227167485154
1.7286010392681896
1.7299994767902533
1.723776614503166
1.7098701418980278
1.6882996102230483
1.6591679574089382
1.6226617280861773
1.5790499820744721
1.5286818062486804
1.4719824850044507
1.4094483070000456
1.3416401294891975
1.2691757099983534
1.1927210145909897
1.1129805784478288
1.0306871143420198
0.9465905848547816
0.8614469196005236
0.7760066295868925
0.6910035413022768
0.6071438985521347
0.5250960671409911
0.44548106395297943
0.36886413009008445
0.29574753832449313
0.22656478033424785
0.1616762913540201
0.10136677865197281
0.0458442268714257
-0.004759433892391407
-0.050385981711093895
-0.09104701326598742
-0.12681859376535068
-0.15783458212062385
-0.18427890164998795
-0.20637685958316307
-0.22438587524636303
-0.23858579594801602
-0.24926912341924803
-0.2567314048456707
-0.2612620540077683
-0.26313586872444544
-0.26260547455819544
-0.2598949037998621
-0.2551944846698692
-0.2486571589788632
-0.24039634981938088
-0.23048539529297785
-0.21895855587255417
-0.205813555251803
-0.19101555840952358
-0.1745024123114347
-0.15619105291805993
-0.13598476424453645
-0.11378115268439946
-0.08948049388559397
-0.06299425402171502
-0.03425343708666494
-0.0032165568712679885
0.03012308278201117
0.065731003008725
0.10352631026367154
0.1433777484770308
0.18510121996143075
0.228458861015398
0.27315973369710783
0.31886216219965235
0.36517764860396007
0.4116763180702884
0.4578937584643699
0.5033390834263504
0.5475040366558743
0.5898729053748822
0.6299329717373691
0.6671852783112596
0.7011553888679232
0.7314038984634192
0.7575364030371031
0.7792126916186073
0.7961549081757332
0.8081544841813127
0.8150776610553624
0.8168694684423945
0.8135560370131912
0.8052452154803305
0.7921254456986915
0.7744629422444189
0.7525972272310227
0.7269351358512697
0.6979434321642428
0.6661401917148917
0.6320851779166663
0.5963694060042054
0.5596041429339071
0.5224095798962746
0.4854034341573695
0.44918971750276143
0.4143479032222919
0.3814227302941154
0.3509148330192025
0.323272377227656
0.29888386606648354
0.2780722385482072
0.2610903423444267
0.24811785413160228
0.23925967777113935
0.23454580204317355
0.2339325933898022
0.23730546077486941
0.24448279318472907
0.2552210560325224
0.2692209247155411
0.2861342778171353
0.30557190843514986
0.3271117768942031
0.35030760484821966
0.37469767749405747
0.3998136274659867
0.42518907973896725
0.4503679758486786
0.474912414601741
0.4984099406098696
0.5204800907191134
0.5407801634313057
0.5590100917131157
0.574916375326945
0.5882950533267461
0.5989936402149543
0.6069120687008842
0.6120026282653743
0.6142689173849267
0.613763863316475
0.6105868712492524
0.6048801163963857
0.5968241354215592
0.5866327311988976
0.5745473338327088
0.5608309072512341
0.5457614976143098
0.5296255870249372
0.5127113260669396
0.4953018131322654
0.47766852601950244
0.46006505293774164
0.4427212306250942
0.42583784254617985
0.40958196171465283
0.39408306358912537
0.37942998826391666
0.36566885860002735
0.3528019568027903
0.3407876519878591
0.3295413843739932
0.31893765692070897
0.3088130637122576
0.2989702662435523
0.28918282410708873
0.2792008276436102
0.2687571612555374
0.25757430785791763
0.24537149269675085
0.23187206200802613
0.2168108832058664
0.19994162625257592
0.181043756516356
0.1599290699915963
0.1364476379927827
0.11049302036398476
0.08200662120564961
0.050981113543749734
0.017462834000754195
-0.01844688014202219
-0.05659146968439164
-0.09676001792770475
-0.13868920326958922
-0.18206629098196053
-0.2265330905499423
-0.2716907991385939
-0.31710562957904276
-0.3623151104250513
-0.40683490031381464
-0.4501660159282816
-0.4918022945658794
-0.5312379493548633
-0.5679750869388883
-0.6015310048637968
-0.6314451655205472
-0.6572856867942907
-0.6786552603586904
-0.6951963685509075
-0.7065957331599648
-0.7125879312604407
-0.7129581234890366
-0.7075438877331617
-0.6962361466672495
-0.6789792312126396
-0.655770097121682
-0.626656789490259
-0.5917362198336262
-0.5511513661604468
-0.5050879803640083
-0.4537709641628938
-0.39746048566471265
-0.33644800799407465
-0.2710523048066354
-0.20161560554205454
-0.12849994734494144
-0.0520838321662032
0.027240757453068934
0.10907093219855951
0.19299503243617616
0.2785943434756434
0.3654443863023581
0.4531158326331205
0.5411751242069789
0.629184843504533
0.7167039350798726
0.8032878850073158
0.888488948148175
0.971856519147941
1.0529377725167282
1.1312786194055344
1.2064250956997757
1.2779252074733256
1.3453312867605047
1.408202878887368
1.4661101384436956
1.5186377140530398
1.5653890682589604
1.6059911305307408
1.640099242350269
1.6674022079656199
1.6876273798750845
1.7005456345718633
1.705976062789191
1.703790290565293
1.6939162569068682
1.6763413431791314
1.6511147455555473
1.618349008844111
1.57822062955075
1.5309697092103678
1.4768986341101638
1.4163697841426621
1.3498023016032983
1.2776679755914733
1.2004863383117903
1.118819034331151
1.0332636026981472
0.9444467935342603
0.8530175352719982
0.7596396944300923
0.6649847733924863
0.5697246353562091
0.47452444556014733
0.3800358517752876
0.28689056753419157
0.19569442394497816
0.10702192086240458
0.021411365654035105
-0.06063938763335366
-0.13867657398292427
-0.2122935485399249
-0.28113317158630935
-0.34488962965363945
-0.4033096716372086
-0.4561933072179689
-0.5033939980085096
-0.5448183932291923
-0.5804256058371071
-0.6102261150371083
-0.6342802663407376
-0.6526964270548291
-0.6656288092443894
-0.6732749792888517
-0.6758730455780896
-0.6736985646825884
-0.6670611484096811
-0.6563007898667166
-0.6417839202529625
-0.6238991994834536
-0.6030530735142798
-0.5796651026077715
-0.5541631124833387
-0.5269781983828642
-0.4985396213230423
-0.4692696679883021
-0.4395785494520818
-0.40985938217955575
-0.380483368758188
-0.3517952450729733
-0.3241090916179575
-0.29770461418618077
-0.2728239518668746
-0.2496691514055843
-0.2284003400066575
-0.20913468840406632
-0.19194622329229125
-0.1768665157387945
-0.16388627980526246
-0.15295784987261557
-0.14399855756484561
-0.13689490045305358
-0.13150747987988737
-0.12767656354087176
-0.1252281809686753
-0.12398057983009336
-0.12375090506485943
-0.12436188861122698
-0.12564840829365073
-0.1274636726896564
-0.12968488715557341
-0.13221818778315772
-0.13500269296025683
-0.13801351669858875
-0.14126362927625374
-0.1448044648363797
-0.14872524043416582
-0.15315094956104228
-0.1582390785050619
-0.16417509473502195
-0.1711668300694521
-0.1794379047062179
-0.1892203773899042
-0.20074681932448366
-0.214242084602051
-0.22991499004940313
-0.24795020726037711
-0.26850059457031467
-0.29168024641556095
-0.317558488461645
-0.34615501647664054
-0.3774363842348147
-0.4113139432982993
-0.4476433522086776
-0.4862256831253232
-0.5268101460596692
-0.5690983340493598
-0.6127499362468358
-0.6573897400808888
-0.7026157340307365
-0.7480081334288099
-0.7931390239417603
-0.8375824083134153
-0.8809243647871193
-0.9227730433273159
-0.9627682314217407
-1.000590252921273
-1.035967944522377
-1.0686855318500421
-1.0985882381612655
-1.1255864574005465
-1.1496584551952571
-1.1708514936353578
-1.189281400927275
-1.2051305995833121
-1.218644644548272
-1.2301273863406037
-1.2399348696505534
-1.2484681181962383
-1.256164979354242
-1.2634912005555383
-1.2709309469051506
-1.2789769586853235
-1.2881205338615593
-1.2988415711200236
-1.3115988437801733
-1.3268206766624089
-1.3448962684069716
-1.3661677337501594
-1.3909230829347345
-1.4193902212863294
-1.451732099064671
-1.488043096291294
-1.5283466893655737
-1.572594445981726
-1.6206663838233224
-1.6723726464948572
-1.727456469123735
-1.78559839116348
-1.8464216110867517
-1.9094983637620717
-1.974357209360959
-2.0404910621730616
-2.107365811968762
-2.174429333545775
-2.2411207026732467
-2.3068794593822184
-2.3711546497565683
-2.433413553505626
-2.4931498412857085
-2.5498910534425243
-2.6032052312127
-2.6527065861934944
-2.6980601287527315
-2.738985171866303
-2.7752576936962674
-2.8067115217101066
-2.8332384024485795
-2.854786971160776
-2.871360708408514
-2.88301497959338
-2.8898532696733676
-2.8920227293264626
-2.889709192196037
-2.8831317640017895
-2.8725371656528758
-2.858193952205008
-2.8403867192068324
-2.8194104586166406
-2.7955651387983416
-2.7691506168195987
-2.740461983494518
-2.7097853678114117
-2.6773942920800495
-2.643546591139566
-2.6084819088513225
-2.572419818945946
-2.5355585196390327
-2.4980741101154758
-2.4601204282853657
-2.4218294027199163
-2.3833118778016487
-2.3446588752676423
-2.3059432178847756
-2.2672214768802412
-2.2285361588697077
-2.189918087992164
-2.1513888829028676
-2.112963501392486
-2.074652742316639
-2.036465677098057
-1.9984119114696657
-1.9605036569003482
-1.9227575420666234
-1.8851961124108383
-1.8478490368845484
-1.810753927406538
-1.773956839265156
-1.7375124043623458
-1.701483631777874
-1.6659414108467905
-1.6309637450559107
-1.5966347488490806
-1.5630434944237466
-1.5302827170589848
-1.4984474772074596
-1.4676337957565546
-1.4379373403707723
-1.4094521738445003
-1.3822696390933817
-1.3564773366642804
-1.3321582772815264
-1.3093901514790236
-1.2882447269909476
-1.2687873464267636
-1.2510764870954088
-1.2351633563873943
-1.2210914717940768
-1.2088961915425813
-1.1986041651160984
-1.1902326640261651
-1.1837887795129063
-1.1792685014416247
-1.176655646369535
-1.1759207048870182
-1.1770196126307353
-1.1798925157180182
-1.1844625990069744
-1.1906350403537906
-1.1982961826659495
