1025
2.52717708407017
2.550034930089299
2.572496614684886
2.593980781768024
2.6139015122174825
2.631677359032027
2.646739951170633
2.658542051244539
2.6665649793331587
2.670325281095169
2.6693806108164955
2.6633347508939256
2.651841760152062
2.6346092185648793
2.6114005647919236
2.582036550156918
2.5463958318202575
2.5044147546517728
2.4560863412265888
2.401458592156171
2.34063214529249
2.2737573635626926
2.201030975268827
2.1226923232038803
2.0390193290692857
1.950324267860646
1.8569494592177
1.7592629482705218
1.6576542682745117
1.5525303644958595
1.444311734500107
1.3334288427177343
1.2203188560448806
1.105422682231482
0.989182374843566
0.8720388508330918
0.7544299039129044
0.6367884894584455
0.5195412171904942
0.40310700955653206
0.28789584124620243
0.17430752463445534
0.06273045995639909
-0.04645970515005484
-0.15290152745337315
-0.2562494079437287
-0.3561754010742879
-0.4523712032130286
-0.5445503693741275
-0.6324505962970853
-0.715836185665541
-0.7945005062827137
-0.8682684292247861
-0.9369986793665002
-1.0005859555833925
-1.0589627620615705
-1.1121008924946485
-1.1600123980329415
-1.2027500605471526
-1.2404072173206813
-1.2731169677880703
-1.30105067239607
-1.3244157536671726
-1.3434528183984387
-1.358432121610365
-1.3696494048179724
-1.3774212202341853
-1.3820797783255565
-1.3839674727266038
-1.3834311524464713
-1.3808163044031696
-1.3764612402518008
-1.3706914513784478
-1.3638142605732795
-1.3561138631693097
-1.3478469115777314
-1.339238736197115
-1.3304802795901034
-1.3217258270390464
-1.3130915878689347
-1.3046551500147567
-1.2964558203837935
-1.288495835904162
-1.2807424319959984
-1.2731306887641902
-1.2655670784234507
-1.2579336716542617
-1.2500928410846304
-1.24189239158371
-1.233170957679997
-1.2237635893538232
-1.2135073296482417
-1.2022467273221487
-1.1898390943696946
-1.1761594435723575
-1.1611049440027905
-1.144598871276251
-1.1265939058871346
-1.1070747359084172
-1.0860599322316011
-1.0636030549538744
-1.0397929649807571
-1.014753399756593
-0.9886417505815663
-0.9616471907644042
-0.9339881091000237
-0.9059089981946551
-0.8776768796901383
-0.8495772472039527
-0.8219098190148711
-0.7949840361748031
-0.7691144927264165
-0.7446164093774738
-0.721801191853487
-0.7009722556864243
-0.6824211193014137
-0.6664238681418003
-0.6532380690524399
-0.6431001274285917
-0.6362231725943855
-0.6327953844252513
-0.6329788680929401
-0.6369089302534774
-0.6446937857995901
-0.6564146329811688
-0.6721259796055694
-0.6918561828070896
-0.7156081452438001
-0.7433600108946418
-0.7750658773474881
-0.8106563647233443
-0.8500390697207106
-0.8930988301888935
-0.9396977012139314
-0.9896748198911534
-1.0428459566495076
-1.0990029545537983
-1.1579130397867072
-1.2193180553012146
-1.2829337845782394
-1.3484493633750303
-1.415526943868978
-1.4838017173522198
-1.5528823414641746
-1.622351935148743
-1.6917696500360178
-1.7606729196820123
-1.8285804196868083
-1.894995713614368
-1.959411621391056
-2.021315223669389
-2.0801934328546663
-2.1355390794769455
-2.1868573433020595
-2.2336723942330825
-2.275534136645659
-2.3120248548670435
-2.3427655964855387
-2.367422166459153
-2.3857105435597608
-2.3974016288408015
-2.402325146626589
-2.4003726784189596
-2.3914996996806495
-2.3757266353184248
-2.353138882564579
-2.3238858359585115
-2.288178982147226
-2.246289083409545
-2.1985425713916733
-2.14531726822736
-2.087037497076562
-2.0241687300767097
-1.957211914229238
-1.8866975258030214
-1.8131795105809012
-1.7372291788409766
-1.659429147654878
-1.5803673653368566
-1.5006312950710174
-1.4208022783336687
-1.3414500950735924
-1.2631277333047182
-1.1863663755465155
-1.1116705783850205
-1.0395136927790012
-0.9703334496231774
-0.9045278012120234
-0.842450976085701
-0.7844098085932715
-0.7306603737586272
-0.6814049636920301
-0.6367895162311286
-0.596901521533923
-0.5617685042407942
-0.5313571927719727
-0.5055734044577781
-0.4842627600180175
-0.4672123195734126
-0.45415309155246597
-0.44476358160947915
-0.4386742798162638
-0.4354731244945389
-0.4347118743648844
-0.43591334053363795
-0.4385793483029204
-0.4421993023352469
-0.4462592385085107
-0.45025113430568475
-0.45368232479503695
-0.45608480438565663
-0.45702423334331993
-0.4561083928191015
-0.4529949742741521
-0.44739840892476407
-0.43909567647447834
-0.42793088433572185
-0.41381851780084095
-0.39674529701224664
-0.376770575295628
-0.35402523430736255
-0.3287091855864507
-0.3010874000320366
-0.2714846852088841
-0.24027921396312424
-0.20789505077266895
-0.17479372402558752
-0.1414651082823434
-0.10841781630423089
-0.07616921155193533
-0.04523536580116
-0.016121077049239863
0.010689805263414813
0.03474362442656243
0.0556254366913455
0.07296675151688657
0.08645235403479419
0.09582598555403943
0.10089490870762682
0.10153321789566085
0.09768382919788875
0.0893592032439816
0.07664071530495284
0.05967676014324363
0.03867959568869307
0.013921052218005596
-0.014272892336833503
-0.04552841817938714
-0.07943107395907814
-0.11553360937385067
-0.15336438830802596
-0.1924360785125649
-0.23225457946522965
-0.27232788152303056
-0.31217474756454144
-0.3513329875155447
-0.3893672033658089
-0.4258757541435527
-0.46049689572992697
-0.4929138603132669
-0.5228588511293419
-0.55011581506419
-0.5745219551424811
-0.5959679684817165
-0.6143969982328596
-0.6298023659997275
-0.6422241293143712
-0.6517445936091301
-0.6584828983917297
-0.6625888378007355
-0.6642361152836843
-0.6636151886950596
-0.6609259640184757
-0.6563705179014431
-0.6501460689111632
-0.6424384158800235
-0.6334160110064052
-0.6232248688037608
-0.61198442776606
-0.5997844975807903
-0.5866833808019017
-0.5727071917541182
-0.557850400032249
-0.5420775903626034
-0.5253263018384808
-0.5075109496852411
-0.4885275846347584
-0.468259452160405
-0.44658305539250753
-0.42337461847079916
-0.39851669250189786
-0.37190471835241495
-0.3434533498612391
-0.31310230524077304
-0.28082163765878293
-0.24661621063150685
-0.21052925630761618
-0.17264494458998547
-0.13308986373846424
-0.09203339307192493
-0.049686927713902554
-0.0063020210108548
0.037832518164727866
0.08239450331723827
0.12703311336919507
0.17137435178452248
0.21502712380573807
0.257589743123484
0.298656721507861
0.33782570191401806
0.3747043304820309
0.4089169479938546
0.4401109526861797
0.46796266618374793
0.4921826296891
0.5125201878198479
0.5287672896821971
0.540761408412633
0.5483876053280126
0.5515795959817683
0.550319907690402
0.544639082838846
0.5346139510672934
0.5203650801289998
0.5020533813055564
0.4798760174750259
0.4540617032710002
0.4248654754883005
0.39256310712635484
0.35744524054324656
0.3198114709802523
0.279964436977892
0.238204109897484
0.19482248411993766
0.15009866191862903
0.10429469180939892
0.057652020366060215
0.010388924565706299
-0.03730123788531746
-0.08525068616397168
-0.13331692327696118
-0.1813813784938472
-0.22934706835432817
-0.277135349258679
-0.3246817827810572
-0.37193134776521347
-0.4188330982643297
-0.46533437251189486
-0.511374888533662
-0.5568808736226502
-0.6017594084324114
-0.6458932106889422
-0.6891361745841804
-0.7313097372124302
-0.7722002866274024
-0.8115578053278802
-0.8490958007163824
-0.884492645831938
-0.9173943466428213
-0.9474187021247659
-0.9741608487401348
-0.9972000429744612
-1.0161075670740485
-1.0304555736271208
-1.0398266043694313
-1.0438236287857403
-1.0420802565569014
-1.0342708969001027
-1.0201205553023622
-0.9994140289485791
-0.9720042299709164
-0.937819352717586
-0.8968687814939995
-0.8492474622491226
-0.7951386439405029
-0.7348149502890053
-0.6686376277883649
-0.5970540921991124
-0.5205937276869701
-0.43986206876334166
-0.35553349415265345
-0.26834256581482535
-0.17907422619107072
-0.08855307080730719
0.00236813676732497
0.09282039243706032
0.18193062321118308
0.26883390736869484
0.35268544821231884
0.43267214519219266
0.5080235471842355
0.57802203428888
0.6420120644455518
0.6994083917690862
0.7497031190491946
0.7924715595937792
0.8273768365377746
0.8541731928619103
0.8727080200744158
0.8829226478765059
0.8848518330581409
0.8786221404092517
0.8644491419658513
0.8426335710808767
0.8135565032169061
0.777673646392617
0.735508811726354
0.6876466931130539
0.6347250516355512
0.5774263857217817
0.5164692276019772
0.45259915130860623
0.3865796346600803
0.31918285993677614
0.25118059031791545
0.18333523572932073
0.11639119741435798
0.05106663436100762
-0.011954263621106876
-0.0720284203353293
-0.12856029218758624
-0.18100756674657717
-0.22888597386927356
-0.2717733026047086
-0.30931243081936266
-0.34121348345320435
-0.367255058686019
-0.38728451194914076
-0.40121743354296535
-0.4090362196031612
-0.4107879466553043
-0.4065814919628986
-0.3965840642213221
-0.3810171901319907
-0.3601522459134246
-0.33430563456459983
-0.3038336846749724
-0.26912737019429894
-0.23060688913120533
-0.18871622763714918
-0.14391772681755396
-0.09668672169659968
-0.04750630741596576
0.0031377359772921305
0.054761846659655875
0.10688933871263125
0.15905485558903526
0.21080853672987818
0.2617199308082794
0.31138161505307077
0.35941249452151264
0.4054608016149162
0.44920667031415384
0.49036446806543943
0.5286845712360384
0.5639548469227053
0.5960015895870988
0.6246900248273505
0.6499243167996736
0.6716470212468535
0.6898380512559256
0.7045130991842619
0.715721551017453
0.723543875813366
0.7280886035889643
0.7294888263947341
0.7278983881609417
0.7234877555301698
0.7164396840781555
0.7069447830920069
0.6951970393818436
0.6813894354626773
0.665709726247376
0.648336560452189
0.629435893085607
0.6091579562662125
0.5876347309103583
0.5649780372218993
0.5412782903157862
0.5166039352194127
0.49100159682130146
0.4644968647003506
0.4370957784735203
0.40878688659779205
0.37954380491146983
0.3493282458257821
0.3180933581523303
0.2857872657462018
0.25235675177447
0.21775087072910157
0.18192446010042448
0.1448413521334281
0.10647729357835538
0.06682234900564764
0.025882852359321012
-0.01631722822216831
-0.05973553308585832
-0.10431110677456493
-0.1499648201893495
-0.19660029640849253
-0.24410534340970572
-0.29235377118638073
-0.3412075755448357
-0.39051930700765225
-0.4401345799204052
-0.4898946274332649
-0.53963876317781
-0.5892067142453256
-0.6384407030925988
-0.6871872730734767
-0.7352987601716857
-0.7826344346134948
-0.8290613008364766
-0.8744545390866193
-0.9186976997307954
-0.9616825860318808
-1.0033090026596994
-1.0434843580303064
-1.0821232194535244
-1.1191468813723375
-1.1544830109798574
-1.188065439649724
-1.2198341026354875
-1.2497351733139046
-1.277721423497093
-1.3037527178936494
-1.3277967104946178
-1.3498296061577564
-1.369836984009042
-1.3878145703526068
-1.4037689139703167
-1.4177178390186702
-1.429690636806166
-1.4397278941539617
-1.4478808907687022
-1.4542105473401543
-1.4587858898905897
-1.4616820157274253
-1.462977557534135
-1.462751782608548
-1.4610812858941724
-1.4580364401333237
-1.4536776924976182
-1.448051845535664
-1.4411884302306843
-1.4330963591747439
-1.423760968435174
-1.413141582884554
-1.401169756884045
-1.387748282111897
-1.3727510231191116
-1.356023704844672
-1.3373855910383463
-1.3166321573358022
-1.2935386467055807
-1.267864492071853
-1.2393585109982077
-1.2077647453257598
-1.172828834163776
-1.1343047616066233
-1.0919617545679239
-1.0455912978341035
-0.9950138940709222
-0.9400856077642059
-0.880704024288185
-0.8168136414550005
-0.7484104272838983
-0.6755455281382119
-0.5983279436053346
-0.5169261709032823
-0.43156875979638304
-0.3425436959114334
-0.2501967642417704
-0.1549287323754084
-0.05719164478136574
0.042515931948734265
0.14365438703945613
0.2456493583801536
0.3478985377912047
0.44977897334806805
0.5506546740978938
0.6498843639434768
0.7468293046110425
0.8408609820390759
0.9313685479143273
1.017765919606346
1.099498436908119
1.1760489167736412
1.2469431322701228
1.3117545328645825
1.3701082999904561
1.4216845671462552
1.4662209047531347
1.5035139879668027
1.5334205147272755
1.555857378250299
1.5708011150879466
1.578286687872064
1.5784056595118185
1.5713037875021763
1.5571781036389285
1.536273558591456
1.5088792536078874
1.4753243377867913
1.4359736639884193
1.3912231482652857
1.3414950523536768
1.2872330801138436
1.2288974511477426
1.166959963871986
1.1018990803188482
1.0341951132100469
0.9643255592675424
0.8927605815638987
0.81995877394985
0.7463631522193215
0.6723974923579971
0.5984630116296502
0.5249354361458134
0.45216251336744334
0.3804619425399118
0.31011979269702356
0.24138940522021377
0.17449077293034218
0.10961042399199321
0.04690176977819038
-0.013514066065686779
-0.07154695334334349
-0.12713607250187114
-0.18024781543057136
-0.23087333841302476
-0.27902578280913765
-0.3247372433034677
-0.3680554847396545
-0.4090404933011833
-0.4477608792135562
-0.4842902132343891
-0.5187033096262876
-0.5510725725625656
-0.5814643975894088
-0.6099357253231269
-0.6365308213698607
-0.6612783030142895
-0.6841885314723761
-0.7052513946325947
-0.7244345753600984
-0.7416823495571642
-0.7569150052445172
-0.7700288877357618
-0.7808971677298553
-0.7893713204639943
-0.7952833668292882
-0.7984488520630331
-0.7986705576093259
-0.795742882272883
-0.7894568440127128
-0.7796056369536691
-0.7659905650595372
-0.7484272837030957
-0.726752184161939
-0.7008287361539841
-0.67055362536898
-0.6358625329073831
-0.5967353280554683
-0.5532005534989863
-0.5053390042696279
-0.4532863072701618
-0.3972343261291673
-0.33743138681283924
-0.2741812030747231
-0.2078405399301848
-0.13881558251060092
-0.067557153140268
0.005445204089382922
0.07967009828518429
0.15457196832257333
0.22958940017316135
0.30415383469386037
0.37769851067153365
0.4496673771093224
0.5195237577426233
0.5867586407031684
0.6508982463114855
0.7115108902501975
0.768212837006715
0.820673156874457
0.8686173904735951
0.9118301167221927
0.9501562513329763
0.9835012544055355
1.0118301539413552
1.0351656030917722
1.0535849382417937
1.0672164706653884
1.076235068694939
1.0808572087214607
1.0813356172846047
1.0779536763805762
1.0710196652560873
1.0608610814262747
1.04781896396303
1.032242553900893
1.0144841568172824
0.9948943921353726
0.9738178638830258
0.951589244968051
0.928529793815905
0.9049443513755657
0.8811187610051492
0.857317709357537
0.8337829562099152
0.8107319424782989
0.7883567487891552
0.7668233340862461
0.746271102012005
0.7268126860518523
0.7085340306824697
0.6914946819395863
0.6757283309652379
0.6612435626386421
0.6480248605944564
0.6360338530138381
0.6252107821667858
0.6154762538656158
0.6067331976866397
0.598869115592488
0.5917585394356891
0.585265719442237
0.5792475091937906
0.5735563945197371
0.5680436770043296
0.5625626601945877
0.5569718769824574
0.5511382406002275
0.5449400351831513
0.5382697046357
0.5310363432979943
0.5231678016630656
0.5146123830483456
0.5053400365645231
0.49534300671444925
0.48463591751668733
0.47325528479442464
0.46125841901330344
0.44872179961896846
0.43573889983737213
0.4224175723316272
0.4088770318680447
0.39524453828621314
0.3816519212011572
0.3682319639058765
0.3551148572777866
0.34242480053142926
0.330276855042884
0.31877415655574765
0.3080056082005042
0.2980440975728868
0.2889453226767065
0.2807472307125926
0.27347012411698474
0.2671174087129604
0.26167692249203484
0.2571228219618461
0.2534179444175149
0.2505165315115143
0.24836719926410722
0.24691605930968194
0.24610983818344942
0.24589886935603208
0.24623983130334878
0.24709813233743913
0.2484497952031218
0.25028281700065
0.2525978866138973
0.2554084436956762
0.25874006341642497
0.2626291815515474
0.2671211652000702
0.2722678695972284
0.2781246590924044
0.28474709460594
0.29218733038842404
0.3004904223834558
0.30969062895521177
0.31980784158680486
0.33084435756610864
0.34278199660658865
0.35557979260122685
0.36917227546529086
0.3834684459326064
0.39835149948545556
0.4136793341907676
0.4292857845606512
0.44498264347583905
0.46056235885628183
0.47580134533420915
0.4904638493018876
0.5043061990874942
0.5170813870433902
0.5285437710007871
0.5384538768950616
0.5465829813896353
0.5527175862407435
0.5566634106608904
0.5582489748466772
0.557328591138912
0.5537847055598967
0.5475295431073361
0.5385060114032866
0.5266878510775463
0.5120790903118806
0.4947127628492481
0.4746490217447064
0.45197269639825477
0.42679038968211724
0.39922720585090615
0.36942329410702496
0.337530224430782
0.3037074223591632
0.26811871417349364
0.23092915319531265
0.19230215268109382
0.15239710511760945
0.11136746366728227
0.06935943592642882
0.02651121760860926
-0.017047159576768806
-0.06119342753841218
-0.10581212157626844
-0.15079317268396486
-0.1960300931240132
-0.24141788491835736
-0.2868507363760183
-0.3322196657907048
-0.37741018269294624
-0.42230014163255203
-0.46675785850333723
-0.5106406115567065
-0.5537936054047526
-0.5960495229369047
-0.6372286589594868
-0.6771397064724403
-0.7155812300913825
-0.7523437699591206
-0.787212597393763
-0.8199710312781838
-0.8504042587424736
-0.878303578213142
-0.9034709178257706
-0.9257235579440323
-0.9448988867296295
-0.9608590778580242
-0.9734955159990709
-0.982732883108715
-0.9885327265190877
-0.9908964021014492
-0.9898672946860277
-0.9855322085633144
-0.978021831573263
-0.9675102812071086
-0.9542136054062457
-0.9383873217742386
-0.9203229748391285
-0.9003437100312175
-0.8787990241487503
-0.8560586963021828
-0.8325060744304118
-0.8085308139095019
-0.7845212310680386
-0.7608564716224693
-0.7378986141869069
-0.7159849477947998
-0.695420579196523
-0.6764715867554973
-0.6593588821790568
-0.6442529406302263
-0.6312695830283407
-0.6204669117264282
-0.6118435240378942
-0.6053380589172634
-0.6008301403939731
-0.59814270399104
-0.597045691460575
-0.5972610290602184
-0.5984687920553768
-0.6003144350620669
-0.6024168481298405
-0.6043771346199925
-0.6057877998061509
-0.6062421874021792
-0.6053438132686343
-0.6027154654336334
-0.59800773190439
-0.5909067510019295
-0.5811409982269928
-0.5684868849832165
-0.5527730132819927
-0.5338830372262959
-0.5117569711489819
-0.4863909953130798
-0.4578357289393314
-0.42619306530718615
-0.3916116798589642
-0.354281329410895
-0.31442618244992765
-0.27229736783211694
-0.22816493728829354
-0.18230960921200706
-0.1350144298854079
-0.08655667398079359
-0.03720025836299295
0.012811172303314501
0.06326022268454207
0.11396062565924218
0.16476089297575244
0.2155466206937643
0.2662413872814195
0.3168062812731715
0.36723797173593886
0.4175655258071586
0.4678460111271198
0.5181589660938192
0.5686000826569813
0.6192741332295182
0.6702874354576476
0.7217401531003748
0.7737184786085765
0.826287193339106
0.8794826516031384
0.9333064352612521
0.9877200151600233
1.042640395926901
1.097937056532932
1.1534302441069089
1.2088906789315175
1.2640407502154931
1.3185572191194312
1.3720753149582345
1.4241942564395516
1.4744839779947523
1.5224929680245227
1.5677570500167746
1.609808801297162
1.6481874926741549
1.6824491704295124
1.712176717697524
1.736989551307432
1.7565527150535358
1.7705850761289024
1.7788664754302903
1.7812434880104324
1.7776336973237123
1.7680283438104056
1.752493181369283
1.7311675805195095
1.704261804581501
1.672052548321238
1.6348768561047438
1.593124541636645
1.5472293427211379
1.4976590210826688
1.4449047250075115
1.3894698890351735
1.33185897770323
1.2725664447446998
1.2120661730404583
1.150801751336476
1.0891778292482222
1.02755282355303
0.9662331950128943
0.905469388589038
0.8454536442409919
0.7863196290863915
0.7281439357848943
0.6709493499497843
0.6147097931073574
0.5593567245000485
0.5047868264636816
0.45087066946734694
0.39746213115671986
0.34440822831523743
0.29155906004374704
0.2387775687782222
0.18594882229573248
0.13298853780932388
0.0798506159188277
0.026533478325433707
-0.02691498012089324
-0.08039388372950647
-0.13374746358257572
-0.18676470263044032
-0.23918055955858225
-0.29067867143384807
-0.34089546704172385
-0.3894255348627798
-0.43582810261484306
-0.47963439460485546
-0.5203557609209418
-0.557492263992302
-0.5905416038419943
-0.6190081246475402
-0.6424117454945591
-0.660296600653845
-0.6722392750120629
-0.677856442456859
-0.6768118326910195
-0.6688224141089447
-0.6536636917381693
-0.6311741411934694
-0.6012586698747957
-0.5638911269738499
-0.5191159000462238
-0.4670485502639496
-0.40787558083069503
-0.34185335354813645
-0.26930620316357107
-0.19062383127737792
-0.10625800026692626
-0.016718644552821363
0.07743058108051323
0.17557720019165465
0.27706524125497506
0.38120088736720775
0.4872583938024012
0.5944862158053406
