1025
0.2731520834138398
0.2983966354466418
0.3215166090959309
0.34257352411981634
0.3616395988863808
0.37879759513609107
0.39414088632648214
0.40777368601581493
0.41981134364783107
0.43038059537859813
0.43961971746659423
0.4476784714021929
0.45471780284841096
0.46090922775480747
0.4664338727822746
0.4714811858592393
0.47624729846634795
0.4809330895413709
0.48574199613223784
0.4908776316931546
0.49654128639272116
0.5029294181453363
0.5102311743605622
0.5186260760966033
0.5282819094011968
0.5393529109114992
0.5519783113656671
0.566281230734202
0.5823680022202316
0.600327877573792
0.6202331265389651
0.6421394599568211
0.6660867615416057
0.6921000039021332
0.7201903419139019
0.7503562120775541
0.7825844217273601
0.8168511091435049
0.8531224856348876
0.8913553239310118
0.9314970998771233
0.9734857851458145
1.0172492662540287
1.062704363055052
1.1097555326229804
1.1582932542100575
1.2081921993535145
1.2593092559696188
1.3114815173247212
1.3645243563862224
1.4182296910470782
1.4723645833189827
1.5266702819124385
1.5808618353523016
1.6346283569155795
1.687634041699908
1.7395200171578766
1.7899070114336442
1.8383989087445007
1.8845871400751848
1.9280558676873008
1.9683878795764589
2.00517109688872
2.0380055377139943
2.0665106052562816
2.0903324889507036
2.1091515190524146
2.122689241113913
2.1307150486155777
2.133052121168728
2.12958253856811
2.1202513563859675
2.105069515256458
2.0841154769650685
2.0575354921020366
2.0255424272947686
1.9884131932766356
1.9464847840982398
1.9001489652517218
1.8498457737546645
1.7960559461922616
1.7392924410244115
1.6800912740845608
1.6190018866988298
1.5565772571232352
1.4933640232218464
1.4298928440399246
1.3666692119054151
1.3041649796817647
1.242810731487083
1.182989217029046
1.1250299820490035
1.0692052796749105
1.015727330820496
0.9647470044372518
0.9163538598099336
0.8705775622323048
0.8273905601789177
0.7867119455449304
0.7484123721722936
0.7123198429618101
0.6782262817903161
0.6458946224590233
0.6150662990455412
0.5854689114928566
0.5568239225265168
0.5288541779010698
0.5012911335781743
0.4738815672511124
0.44639374160282613
0.41862283391870797
0.3903955829844791
0.3615740536126235
0.33205851085231486
0.3017893370312154
0.27074803398869346
0.23895727492209165
0.20648006511749067
0.17341807326059736
0.1399091554183752
0.10612419390299571
0.07226329151653144
0.03855146624876667
0.005233880535329561
-0.02742923389566826
-0.05916788136694426
-0.08970769716214874
-0.11877539840509213
-0.14610412345951196
-0.1714385643194402
-0.1945398653011033
-0.21519014755308322
-0.2331965848137512
-0.24839504164498893
-0.2606530952592982
-0.2698725213563832
-0.27599115487648224
-0.2789840835044479
-0.27886425155310135
-0.275682359647996
-0.26952620844275177
-0.2605193990249119
-0.24881950943014058
-0.23461574044898292
-0.21812613462182426
-0.1995943741303072
-0.17928629431115808
-0.1574861137535182
-0.13449252177619878
-0.11061464682778338
-0.08616802794723605
-0.061470600635777216
-0.03683885836126578
-0.01258413260968698
0.0109908327228579
0.0335950540864418
0.05495214030305639
0.07480277731137824
0.09290683732556317
0.10904510575699676
0.12302062274994864
0.13465966639935592
0.14381236527754362
0.15035301274797583
0.15418004718289743
0.15521582452474741
0.15340613210128354
0.14871956069773604
0.14114672058254574
0.13069938024997851
0.11740955521119463
0.10132854953345699
0.08252604984236872
0.0610891940110116
0.03712172739528901
0.010743186536985704
-0.017911860574400775
-0.048694522572678714
-0.08144226036186171
-0.11597956048554123
-0.15211858967877437
-0.18965989127983418
-0.22839314507279843
-0.2680979890256124
-0.3085449744972389
-0.34949661104701063
-0.3907086171840084
-0.43193126622633987
-0.4729109646374937
-0.5133919540995454
-0.5531181959031474
-0.591835403843823
-0.6292932062941236
-0.6652473984336306
-0.6994622631474957
-0.7317129133062831
-0.7617876048370313
-0.7894899981795919
-0.8146412558266516
-0.8370819993345879
-0.8566740276692879
-0.8733017511532698
-0.8868733111051996
-0.8973213424549326
-0.9046033397733756
-0.9087016118991831
-0.9096227782101298
-0.9073968624637733
-0.9020759183428517
-0.8937322451075163
-0.8824562053200249
-0.8683536687121964
-0.8515431705358887
-0.8321527663655081
-0.8103167357690363
-0.78617213165211
-0.759855307952246
-0.7314985035512922
-0.7012265070071526
-0.6691536287651488
-0.6353809051436615
-0.599993742233069
-0.5630600314397931
-0.5246288157646625
-0.48472954398825885
-0.4433720068128671
-0.4005469420027597
-0.3562273387303032
-0.3103704351405801
-0.2629203866905833
-0.2138115401073252
-0.1629722728112108
-0.11032928638772055
-0.05581225864259749
0.0006412707002922271
0.05908088757882929
0.11953837125373559
0.1820229086729437
0.24651667370370314
0.3129708847636042
0.3813024713396613
0.4513914952243367
0.5230794238240294
0.5961683249424528
0.6704210841987577
0.7455626284888398
0.8212822091069935
0.8972366781433533
0.9730547403293494
1.0483420732549067
1.1226872263765724
1.1956681593691318
1.2668592669911627
1.3358387458476038
1.4021961025602225
1.465539641535249
1.525503746146268
1.5817557758782241
1.634002424517417
1.6819953668512715
1.7255360943884976
1.7644797825773886
1.7987381409810208
1.8282811626278745
1.8531377304243635
1.8733950829436268
1.8891971520855462
1.900741807150856
1.9082770653780814
1.9120963723746631
1.9125330428872316
1.909953972189847
1.9047527787835157
1.897342493485379
1.888147962485508
1.8775980956570637
1.8661181208879694
1.8541220211061664
1.8420052260371496
1.8301377522600542
1.8188578883873667
1.808466535107893
1.7992222746728688
1.791337287109867
1.7849741134500368
1.7802433542805782
1.7772023000246386
1.7758544945849293
1.776150245323983
1.7779879884999554
1.7812165632018147
1.7856382139408655
1.7910123729313259
1.797060037162178
1.8034687350027643
1.809897949829695
1.815984898770673
1.8213506161380657
1.82560618101182
1.8283590696276284
1.8292194701177027
1.8278065375920014
1.8237544699974488
1.8167183329076644
1.8063795988306874
1.7924512905332997
1.7746826955139263
1.752863614898007
1.72682805537961
1.696457374871542
1.661682789447859
1.6224872761275495
1.578906757843073
1.5310306596319976
1.4790016989448689
1.4230150242428135
1.3633166057642534
1.3002009550005134
1.2340081652460553
1.165120303221937
1.093957218375397
1.020971793205448
0.946644741433449
0.8714789703789496
0.7959936699266951
0.7207181323576396
0.6461854845430895
0.5729263731548325
0.5014627093950405
0.4323016149638194
0.36592959651549695
0.30280707855113015
0.24336335897669187
0.18799201566972554
0.13704688239391155
0.09083852461207664
0.04963135385383155
0.013641275602034882
-0.016966044108078764
-0.04207638405620381
-0.061627623195807696
-0.07560990141193633
-0.08406527972310883
-0.08708700955663753
-0.0848183787212991
-0.07745116381257718
-0.06522376022476432
-0.04841895626673644
-0.027361398306349025
-0.0024146889412311498
0.02602179606149945
0.05751644603050872
0.09160933238852063
0.1278164270475255
0.16563420037395707
0.2045445908365743
0.244020266884298
0.28353025397191206
0.32254576740404445
0.3605463184471125
0.39702589613300154
0.4314992351482721
0.4635080052477723
0.49262683930297196
0.5184690212330567
0.540691781857905
0.5590010107500641
0.57315526858455
0.5829689925026473
0.5883148005061067
0.5891247612186449
0.5853906421317296
0.5771630315642601
0.5645493607191849
0.5477108433443627
0.5268583995284868
0.5022476320236168
0.47417295428312406
0.44296106396031687
0.4089638510806313
0.37255098684272275
0.3341023213763399
0.29400033718001306
0.2526228202856109
0.21033596001834018
0.1674880255209112
0.12440382083522836
0.08138003668567406
0.03868156649841467
-0.003461045463350518
-0.04485304636222956
-0.08533578387075855
-0.12478587853769266
-0.163113342872739
-0.20025872037077963
-0.23618936465048926
-0.2708950119241447
-0.3043827904108204
-0.3366718716237825
-0.36778793097225715
-0.39775760415156425
-0.4266031711427919
-0.4543375873474014
-0.4809600711534084
-0.5064523781732877
-0.5307758737132775
-0.5538695110618314
-0.5756487586206169
-0.5960055219257866
-0.6148090102911812
-0.6319075856365459
-0.6471314271991031
-0.6602959905130213
-0.6712060920409441
-0.6796604981031187
-0.6854568550466614
-0.6883967837907242
-0.6882910065882373
-0.6849643179946201
-0.6782602222156084
-0.668045193914879
-0.654212325589837
-0.6366843731656652
-0.615416055101791
-0.5903956203620366
-0.5616456441954488
-0.5292230742326263
-0.4932185722268469
-0.45375520538193603
-0.4109865610338402
-0.36509441880947596
-0.31628602815443213
-0.2647911218853762
-0.2108588204087513
-0.1547544561847053
-0.09675645534189549
-0.03715337403047661
0.023758880963695113
0.08567955416908173
0.14830524801114897
0.21133182615701063
0.2744559880226344
0.3373765370032818
0.3997953838335185
0.4614183100189049
0.5219555433404915
0.5811221930539912
0.638638614807487
0.6942307434553139
0.7476304651843662
0.7985760819728647
0.8468128580721249
0.8920937831835074
0.9341804439603241
0.972844139088893
1.00786717118606
1.0390443285728537
1.0661845136904111
1.0891125654750322
1.1076711398721697
1.1217227079007346
1.1311515385485476
1.135865697735636
1.1357989520982705
1.1309125669295552
1.1211969192192741
1.1066729115177316
1.0873930998194896
1.0634425390177793
1.0349392710593925
1.0020344633464928
0.9649121592762838
0.9237886017016148
0.8789111607869532
0.8305568713804701
0.7790305277179487
0.7246624307177001
0.6678057488714098
0.6088335822958063
0.548135697277529
0.4861150620602293
0.42318416588128904
0.3597612012181868
0.2962661809671907
0.23311702331690243
0.17072568650364608
0.10949440899968285
0.049812116808136235
-0.007948993637649046
-0.06343654843631964
-0.11632085086264023
-0.1662973395828725
-0.21308871904253
-0.2564466964127994
-0.2961533167287367
-0.3320219466624447
-0.3638978318051396
-0.3916583415576124
-0.41521285858477663
-0.4345023797453643
-0.4494988694768003
-0.46020438573821915
-0.4666500331089743
-0.4688947861179477
-0.4670242303667146
-0.4611492265128168
-0.45140456041780563
-0.4379475606746689
-0.4209567491528033
-0.40063045827124
-0.3771854832504039
-0.3508556903707824
-0.32189059745325993
-0.29055390713364243
-0.2571219152912194
-0.22188183330423708
-0.18512992140674303
-0.14716948595693272
-0.10830862313469243
-0.06885782812253026
-0.029127342359556496
0.010575657216146844
0.04995003973084589
0.08870380474975995
0.1265572652554964
0.16324617925011886
0.19852484263557088
0.23216900169807944
0.2639785095769062
0.2937796636309671
0.3214271014505195
0.3468052165039089
0.3698289919391328
0.39044424751533274
0.4086272147499945
0.4243834713552798
0.43774622855505707
0.44877399565588977
0.45754767065129265
0.4641671579172897
0.4687475796529561
0.47141518099418384
0.4723030775778255
0.4715469406472226
0.46928076806089614
0.46563286735754156
0.46072215081837203
0.4546549013136566
0.447522046259958
0.43939708801821187
0.43033468471757613
0.42036996595555076
0.4095185914224517
0.3977775381982066
0.38512656851260246
0.3715303671623951
0.35694124712683994
0.3413023237571772
0.32455110345701355
0.306623299490899
0.2874568202617231
0.2669957416788617
0.2451941902245638
0.22202000192942017
0.19745796673735996
0.17151270809091407
0.14421090351796825
0.11560296168411864
0.0857639755213742
0.054793920828884145
0.022817169799716652
-0.010018786770902878
-0.04354531318856385
-0.07757529702088875
-0.1119063638299625
-0.14632467011579167
-0.18060908900623568
-0.2145356768141383
-0.24788234628624478
-0.28043354697140865
-0.31198489429931586
-0.342347523395991
-0.3713521373554209
-0.39885255234679146
-0.4247286676854506
-0.44888880085869276
-0.4712712821866793
-0.4918452578537058
-0.510610772887126
-0.5275979950401373
-0.5428657581129913
-0.5564993878500724
-0.5686079402267697
-0.5793209076509118
-0.5887845572227849
-0.5971579888102908
-0.6046090475293595
-0.6113102658344326
-0.6174348776804012
-0.623153140942099
-0.6286289616008238
-0.6340169793225571
-0.6394601580625593
-0.6450879222091904
-0.6510148744032389
-0.6573400562003797
-0.6641467611995695
-0.6715028287786238
-0.6794613317736229
-0.6880616114645246
-0.6973305313992731
-0.7072838440012044
-0.7179276051025743
-0.7292594902601468
-0.7412699623488027
-0.753943195637031
-0.7672576948190016
-0.7811866048057721
-0.7956976640055774
-0.8107528223266298
-0.8263075653872975
-0.8423099928930678
-0.8586997235025193
-0.8754067185537782
-0.8923501189887463
-0.909437204423371
-0.926562577414161
-0.9436076877556326
-0.9604407557396702
-0.9769172082074062
-0.9928806536889573
-1.008164460007209
-1.0225939085202853
-1.0359889497960069
-1.0481674660999767
-1.058949029917021
-1.0681590018919085
-1.075632917338953
-1.0812209691166188
-1.0847924967753744
-1.0862402984661403
-1.0854846213884433
-1.0824767035793386
-1.0772017114845955
-1.0696809600246673
-1.05997332079277
-1.0481757553695064
-1.034422895686585
-1.018885680847394
-1.001769073300063
-0.983308843472636
-0.9637675879396991
-0.9434299688147008
-0.9225973902576389
-0.9015821947105843
-0.8807015690703963
-0.8602712776523048
-0.8405994432121358
-0.8219805024494067
-0.8046895016070823
-0.7889768752679491
-0.7750638378027981
-0.7631384929807978
-0.7533527388652542
-0.7458200323409054
-0.7406140290891481
-0.7377681281627948
-0.7372758737523138
-0.7390921734536172
-0.7431352743278066
-0.7492894085134498
-0.7574079926941665
-0.7673172991637757
-0.7788204401224071
-0.7917016003457321
-0.8057303499096489
-0.8206659577374942
-0.8362615875574392
-0.8522683256917352
-0.8684389074382276
-0.8845311211111356
-0.9003108658364466
-0.9155548072544223
-0.9300526273849142
-0.9436088712055596
-0.9560444608286279
-0.9671977984617338
-0.9769256254142464
-0.9851035517495083
-0.9916264108727958
-0.9964083733848911
-0.9993829552663552
-1.0005028839967147
-0.9997398754800632
-0.9970843599294728
-0.9925450943533436
-0.9861487684670127
-0.9779394995501408
-0.9679782605472452
-0.9563422033184744
-0.9431238539701329
-0.9284301676138293
-0.9123814197741718
-0.8951098854695976
-0.8767583541916443
-0.8574784033717049
-0.8374284703530113
-0.816771731212959
-0.7956737923418465
-0.7743002184548661
-0.7528139524753943
-0.7313726464436976
-0.7101259916634071
-0.6892130408226507
-0.6687596725711171
-0.6488761630957339
-0.6296550118417276
-0.6111689922691412
-0.5934695858342248
-0.5765857316102633
-0.5605230193936308
-0.5452633062646906
-0.5307648090267623
-0.5169626262295799
-0.5037697619428994
-0.49107857597602866
-0.47876264874881774
-0.46667905043574887
-0.4546709551177947
-0.44257053894531284
-0.430202131574884
-0.4173855317773403
-0.4039394487163424
-0.3896850050200421
-0.37444919605464777
-0.3580683099946507
-0.3403911776871097
-0.32128224005623907
-0.30062436709557605
-0.27832138149519114
-0.25430021832230637
-0.2285127331064095
-0.20093708152873951
-0.17157866982373707
-0.14047065534206388
-0.10767398241933242
-0.07327695641740593
-0.037394363022920166
-0.00016614461071180764
0.038244349494967314
0.07765250737953747
0.11785493463534287
0.158632265242656
0.19975219730068608
0.24097276496512668
0.28204570192386486
0.3227198950041422
0.36274480370715173
0.4018738190116637
0.43986747072115207
0.47649638848963055
0.5115440058098779
0.5448089251675338
0.5761068902706576
0.6052723384846553
0.6321595323826553
0.6566432340137506
0.6786189460275808
0.6980027420522021
0.7147307209149433
0.7287581066217018
0.7400581325357218
0.7486206732323708
0.7544507720893475
0.7575671334480292
0.7580006337409171
0.7557929322810827
0.7509952864830486
0.7436675615993621
0.7338775323027873
0.7217005047156397
0.7072192294030574
0.6905241772624263
0.6717140626113792
0.65089667800711
0.6281899029886541
0.6037228830961479
0.5776372826454509
0.5500885174296409
0.521246891467198
0.49129859185450486
0.4604463528126095
0.42890986128038233
0.3969257014161914
0.36474686082571134
0.332641740858086
0.3008926560300621
0.26979379588355296
0.23964867262311684
0.21076710897366685
0.18346176394869132
0.15804432845465902
0.13482135253448338
0.11408993875346068
0.09613329084411766
0.08121622734991488
0.06958081917358772
0.061442196508978246
0.05698470528939877
0.05635837267506546
0.05967594053325794
0.06701040594630889
0.07839320969295636
0.09381311195573823
0.11321576705170144
0.13650403254887608
0.16353903160168445
0.1941419194461353
0.22809634393903255
0.265151543629993
0.3050260112028728
0.34741164752052245
0.39197831671187383
0.43837868802362506
0.48625325116294005
0.5352354030526657
0.5849564919687898
0.6350506745764076
0.6851595067136852
0.7349361606705517
0.7840491752569686
0.8321856735539914
0.8790539846940946
0.9243856606536712
0.9679368327980236
1.0094889567339143
1.048848950437039
1.0858487918678799
1.1203446069895406
1.152215381291991
1.1813613474786344
1.2077021601606326
1.2311749771685558
1.2517325217912152
1.26934125014617
1.2839797057879696
1.2956371109244207
1.304312308613501
1.3100130130385867
1.3127554786634243
1.31256451517826
1.309473845153955
1.3035267790606504
1.2947771111993245
1.2832902097168066
1.2691441484269614
1.2524308603304166
1.233257145888379
1.2117455008995883
1.188034649220803
1.1622796980439
1.1346518876226726
1.1053378610018951
1.0745384268130889
1.0424668505757448
1.009346651630089
0.9754089614851348
0.9408894947193007
0.9060252129278219
0.8710507467556182
0.8361946943211995
0.8016758624710827
0.7676995916530533
0.7344542170815941
0.7021077908572422
0.6708051094680426
0.6406651534972786
0.6117789432585079
0.584207899580101
0.5579826669041638
0.5331024450642453
0.5095348137920349
0.48721599718201786
0.466051556834041
0.44591744531265975
0.4266614288205615
0.4081047270969766
0.3900439349388841
0.37225310643422344
0.3544859996977171
0.336478438295168
0.31795079804072374
0.29861058408033836
0.2781551083044768
0.2562743251772922
0.23265377190544176
0.20697769372852834
0.17893237720278787
0.14820968928754266
0.11451087078421332
0.07755059373623376
0.037061251898014874
-0.007202462998582293
-0.05545879065840764
-0.10789398594074887
-0.1646572549081326
-0.22585572046871746
-0.2915494615451298
-0.36174676498594316
-0.4363997393777238
-0.5154003841817952
-0.5985773232047572
-0.6856933079532144
-0.7764436317009393
-0.8704555931548287
-0.967289098445576
-1.066438536628419
-1.1673359163582406
-1.2693553388886603
-1.371818797199859
-1.4740032705038064
-1.5751489780767753
-1.674468725739762
-1.7711582379846713
-1.8644071574538037
-1.9534106850191324
-2.0373814610189602
-2.1155615675890678
-2.1872343174355975
-2.2517356241765976
-2.308464655692091
-2.356893562910928
-2.396576025559239
-2.427154468312435
-2.4483656894082237
-2.460044875303978
-2.4621277968809716
-2.454651209043073
-2.4377514027552714
-2.411660940920458
-2.376703658777659
-2.333288047242312
-2.281899119180112
-2.223089035204047
-2.157466598430564
-2.085685927807191
-2.008434517893152
-1.9264210001788507
-1.8403628065405826
-1.7509740845126254
-1.6589540886439398
-1.5649762555740105
-1.4696782916719202
-1.3736533975279441
-1.277442811120767
-1.1815298576042867
-1.086335553240479
-0.9922158559285822
-0.899460585431919
-0.808293967932545
-0.7188767498882138
-0.6313097966517314
-0.5456390223575335
-0.4618614451807026
-0.3799322346631613
-0.2997724506086156
-0.22127728796086252
-0.1443245427814958
-0.06878304961224506
0.005479126522534534
0.07858704801355937
0.1506519486613462
0.22176520388800364
0.2919933772419118
0.36137446127095546
0.4299153750370184
0.4975907796630095
0.5643431942118441
0.6300843784961823
0.69469784803218
0.7580424439211433
0.8199567714493593
0.8802643384194914
0.9387791435775704
0.9953115542407761
1.0496742131183172
1.1016877671077887
1.1511862103208867
1.198021646562692
1.2420683259170224
1.2832258143404618
1.3214211993101115
1.3566102626116134
1.388777658136967
1.417936042534368
1.444124284403212
1.4674047987562953
1.487860197797954
1.5055893470344737
1.5207030477913193
1.5333194977361153
1.543559773166952
1.551543447999298
1.557384583626594
1.5611882374106447
1.5630476068409838
1.5630419442105061
1.5612352858442924
1.5576760737895332
1.5523976261065855
1.5454194636144984
1.5367493907385226
1.5263862399013022
1.5143231493363327
1.5005512239648835
1.4850633888813092
1.4678582976251922
1.4489440596819072
1.4283416648682175
1.4060879137444589
1.3822377156175591
1.3568656521043108
1.3300667044554053
1.3019561053183761
1.2726683001931742
