1025
-0.1815437903893931
-0.15150994830948325
-0.12193826900916237
-0.09309978724059938
-0.06523844369509157
-0.03857006512966193
-0.013281886959637092
0.01046743981975285
0.03254743567987879
0.0528550622364434
0.07131374699553981
0.08787226518735045
0.10250353309031839
0.11520339972459828
0.1259895019051495
0.13490021094908675
0.1419937208838638
0.14734727505440623
0.15105656360834716
0.15323523282279564
0.15401451092943358
0.1535428895193496
0.15198580056898744
0.1495252237937676
0.14635915572397956
0.1427008739504902
0.13877788758850518
0.1348305472522719
0.1311102192558165
0.12787700134986085
0.125396923890837
0.12393863689779436
0.123769588475792
0.1251517287340695
0.12833678040526594
0.13356117108240348
0.14104073396399275
0.15096527838303772
0.16349321284626364
0.17874633202408485
0.19680499989655104
0.2177038418337172
0.24142817012237697
0.2679112865130355
0.29703281619399263
0.3286182211400139
0.36243958560609224
0.39821774469677534
0.43562582615894757
0.474294135630891
0.5138164123433837
0.5537573018556743
0.5936609431778951
0.6330604775891763
0.6714882713546296
0.7084865825704322
0.7436184475550801
0.776478426377725
0.8067029810361267
0.8339801326160174
0.8580581643192001
0.8787530639339023
0.8959544983026445
0.9096301372671658
0.9198281578695042
0.9266778461323981
0.930388271256564
0.9312450291085199
0.9296051541210906
0.925890308017612
0.9205784518211242
0.9141941986200374
0.9072981354985148
0.900475388121
0.8943237413962802
0.8894416164949667
0.8864162550605234
0.8858123487569446
0.8881614531593812
0.893952383154125
0.9036228280580451
0.9175523355946477
0.9360567845290276
0.9593844288122785
0.9877135076391934
1.021151421724136
1.0597353771199436
1.1034344195481707
1.1521526768608603
1.205733678919874
1.2639655280269222
1.3265867467743593
1.3932925894942092
1.4637416001846282
1.5375622616909734
1.6143595030040525
1.6937209841820822
1.77522295185259
1.8584356105606687
1.9429279294352917
2.028271797352304
2.114045564303363
2.199836935981215
2.28524525160287
2.369883201064343
2.453378053661292
2.535372435658782
2.6155247804190696
2.6935094973073483
2.769016953386015
2.841753351156114
2.911440551913692
2.9778159126067405
3.0406321838820034
3.0996574818914797
3.154675390660635
3.205485158024978
3.25190201428445
3.29375757526963
3.3309003514160715
3.363196248813293
3.3905291565336046
3.4128014543361136
3.4299345120422555
3.4418691169428515
3.448565788072843
3.450004972441837
3.4461871452756063
3.437132745513541
3.422882006313977
3.4034946437655735
3.3790494511572113
3.349643781474647
3.3153929410315293
3.276429542511463
3.232902768981888
3.1849776064577977
3.132834053767928
3.0766662627560084
3.0166816738356976
2.9531000806332024
2.8861526449102
2.81608083408979
2.743135271793144
2.667574469172208
2.5896634400929623
2.509672184066692
2.4278740133719583
2.3445437488916636
2.2599557723031687
2.174381980973493
2.0880896216810707
2.0013391109001977
1.9143818260940701
1.827457938470462
1.7407943719283447
1.6546029192919276
1.5690785738175357
1.4843981838045952
1.4007194178906173
1.3181801621611737
1.2368983249610515
1.1569721227150502
1.0784808325053294
1.0014860274982356
0.9260332687131784
0.852154214617041
0.7798691323690926
0.7091897052969609
0.6401220913520723
0.5726701574572052
0.5068387706815946
0.4426370696127127
0.38008162789659894
0.3191993894494329
0.26003028976471443
0.20262949746824296
0.14706917076567955
0.09343967451512722
0.04185018914355137
-0.007571304237529714
-0.05467871939537108
-0.0993092402812845
-0.14128536295918293
-0.18041761374392842
-0.21650785533827138
-0.24935320230108207
-0.27875039764607173
-0.30450063649368786
-0.32641469348303587
-0.3443182791863316
-0.3580574922308441
-0.3675042316583705
-0.3725614652116676
-0.3731681861398776
-0.3693039339332791
-0.3609927573373336
-0.3483064595806787
-0.3313670223584983
-0.31034812241012105
-0.285475596456455
-0.2570268270389339
-0.2253289991631098
-0.19075617813912385
-0.15372523887453532
-0.11469068007101188
-0.07413838594354895
-0.03257843520108748
0.009462921833198102
0.05145193974655023
0.09285655448886151
0.1331558636770271
0.17184964193853008
0.20846776087061455
0.2425791864314536
0.27380037662015827
0.30180289174053954
0.3263199273825547
0.34715169755564856
0.3641694193027733
0.3773178542061945
0.3866162738081272
0.39215785354865595
0.39410742012789074
0.3926976843945591
0.38822397441652495
0.3810376129929162
0.37153806235054704
0.3601641107371464
0.3473842019835387
0.33368620759401374
0.3195668982954553
0.30552130802329547
0.29203230213037035
0.27956057032977094
0.268535288669441
0.2593456226630156
0.2523333352310947
0.24778656258880435
0.2459349520661701
0.24694622193450186
0.2509241662911796
0.25790816149432344
0.26787408101290033
0.28073663603297416
0.29635292800282415
0.31452721769096403
0.3350166022003459
0.35753756693110095
0.3817731076265755
0.40738029136081205
0.4339979898664158
0.4612546464836758
0.48877581788058494
0.5161913384627043
0.5431419418757979
0.5692851849629594
0.5943005439550475
0.6178936495818492
0.6397995116252703
0.6597847869757165
0.6776490524542673
0.6932251100257986
0.7063784084554343
0.7170056447513251
0.7250326705462814
0.73041180533921
0.7331187268263771
0.7331490500069018
0.7305147772964121
0.7252407510425345
0.7173612572915943
0.7069169205130307
0.6939519977724166
0.6785121922236874
0.6606430317001765
0.640388916703851
0.617792825859301
0.5928967111564327
0.5657425576413945
0.5363740593729606
0.5048388462306899
0.47119117142462436
0.4354949837427517
0.3978271950487664
0.35828109746837594
0.31696972629204834
0.27402907283081573
0.22962097957162067
0.18393560688046218
0.13719334986578255
0.08964608086748756
0.041577663973680554
-0.006696380875512164
-0.05483003565717901
-0.10244885583153106
-0.1491529228377819
-0.19452063659913274
-0.23811332290788836
-0.27948055548194384
-0.3181661217266897
-0.3537144957741788
-0.3856776911467557
-0.41362235738021336
-0.4371369751106561
-0.4558389610181088
-0.4693815719452866
-0.477460418721537
-0.4798194518830328
-0.47625631622890263
-0.46662690489575387
-0.45084904414321786
-0.4289052328849272
-0.4008443399780376
-0.3667822683399742
-0.326901540414055
-0.28144982019862935
-0.2307374050322583
-0.17513375471460477
-0.11506309315900812
-0.050999211884310856
0.016540454818657558
0.08700135139507405
0.1597987997712496
0.2343253568252583
0.30995838271549564
0.3860677162639112
0.46202330821507787
0.5372026905826173
0.6109982176988201
0.682823882438736
0.752121714997851
0.8183676182471065
0.8810765792224646
0.9398072588181543
0.9941657986475249
1.0438089662124799
1.0884464761653878
1.1278426126214538
1.1618170339876954
1.1902449064124567
1.2130562768507989
1.2302348138602073
1.241815904793882
1.2478841915318677
1.2485705989751077
1.2440489368375198
1.2345320840711405
1.2202679338062579
1.2015351028933734
1.1786384912815393
1.1519047732329637
1.1216779284123652
1.0883148548415171
1.0521811107611476
1.013646896459843
0.9730833048390316
0.9308588698516802
0.8873364954963706
0.8428707084211224
0.7978053455452098
0.7524715989225049
0.7071864419577107
0.6622514303848386
0.6179517842346618
0.5745557937478392
0.5323144549808372
0.4914612772430034
0.4522122318104553
0.41476578082390303
0.37930293459195197
0.3459872565912848
0.3149648441821258
0.28636417249675
0.26029582206035323
0.2368520771132073
0.21610637198764254
0.19811260641663103
0.18290435979401604
0.17049402364308158
0.16087191193379977
0.15400538326496407
0.1498380420077621
0.14828909237332327
0.14925286371401247
0.1525986157831158
0.15817065868694127
0.1657888099088959
0.1752492631625277
0.18632585694983883
0.1987717891428967
0.21232172787309592
0.2266943353578747
0.2415951443656637
0.2567197520008251
0.27175724565929865
0.28639381690089377
0.30031644367981386
0.3132165937684075
0.32479380373542743
0.33475911904103445
0.3428382285929109
0.34877428301034347
0.3523303063959262
0.35329114274770124
0.3514649175502807
0.3466840079752666
0.338805487086817
0.3277110996499704
0.3133067946802263
0.29552185789078966
0.2743077368343581
0.24963660629433085
0.2214997861794829
0.18990609230344702
0.15488020184586895
0.11646113669975383
0.07470092082299053
0.029663482352170815
-0.01857612270699009
-0.06993219474807055
-0.12430849300234692
-0.18159804735570834
-0.2416826049464655
-0.3044318735493712
-0.36970253356212884
-0.43733712812364983
-0.5071629556059098
-0.578990975151025
-0.6526149271557314
-0.7278106769679712
-0.804335922507223
-0.8819303246260901
-0.9603161196068936
-1.0391992708990168
-1.1182711731830104
-1.197210897627424
-1.2756879679595834
-1.3533656254470245
-1.4299044757497779
-1.5049664787133883
-1.5782191174028233
-1.6493396749551341
-1.718019461008765
-1.7839678787465851
-1.846916173469919
-1.9066207920088223
-1.9628661835387995
-2.0154670104517987
-2.064269666658418
-2.1091530423545852
-2.150028567873569
-2.1868394637871824
-2.219559308973638
-2.24818991068481
-2.272758596594902
-2.2933150005397773
-2.309927467161464
-2.3226791917875023
-2.331664207083497
-2.336983375290061
-2.338740481064982
-2.3370385796664968
-2.3319766503632957
-2.323646703654353
-2.31213138627755
-2.297502140589507
-2.2798179421995
-2.2591246576832065
-2.2354549570523443
-2.2088288260693623
-2.1792545628107804
-2.1467302235845502
-2.1112454823043043
-2.072783729435281
-2.0313244317615777
-1.9868455908547091
-1.9393262277271204
-1.8887488234888978
-1.8351016462649903
-1.778380869919268
-1.718592450456335
-1.6557537246909746
-1.5898946856463008
-1.5210589187922794
-1.4493042233231908
-1.374702898987035
-1.2973417229318411
-1.2173216794773083
-1.134757428595336
-1.0497766201092826
-0.9625190277488331
-0.8731356292532564
-0.7817876167921786
-0.6886454258731123
-0.5938878046296007
-0.4977009548761104
-0.400277805991027
-0.3018173905066965
-0.20252438863705202
-0.10260881421641166
-0.002285843232740622
0.09822422557975741
0.198695890086622
0.29889827195002966
0.3985949016509225
0.4975434694295505
0.5954955911852402
0.6921966500948447
0.7873857070146192
0.8807955793116761
0.9721530633841217
1.0611793873550137
1.1475908840111808
1.2310999336508142
1.3114161665150097
1.3882479570790485
1.461304205406867
1.5302963934115168
1.5949409008767594
1.6549615652399978
1.7100924574280292
1.7600808249638942
1.8046901553642578
1.8437033351038585
1.8769258003239924
1.9041886688906868
1.925351735621698
1.9403063144073918
1.9489778028743219
1.9513279507210561
1.9473567211521103
1.9371037166564176
1.9206490889400152
1.8981138774918331
1.8696597607092724
1.8354881741944864
1.7958387792987505
1.750987270804936
1.7012425735328505
1.646943412808635
1.5884543412002772
1.5261612623935288
1.460466562924762
1.3917839040657474
1.3205328345497274
1.2471332998727727
1.1720001900121118
1.0955380668582282
1.0181361861199856
0.94016393775162
0.8619668456934254
0.7838631709802281
0.706141297751925
0.6290578560687414
0.5528367159556258
0.4776688186659145
0.4037128315461227
0.33109660542287705
0.25991937894691375
0.19025455619674994
0.12215308506518818
0.05564714555403671
-0.009245871858435986
-0.07251933563012329
-0.13417339492372454
-0.19421125222202754
-0.2526357757506576
-0.3094466393909094
-0.3646380404548714
-0.4181970921523521
-0.4701029805657637
-0.5203268036772397
-0.5688322041295708
-0.6155766098401345
-0.6605131249979921
-0.7035928550644637
-0.7447676252592853
-0.7839928585721575
-0.821230510382225
-0.856451869775648
-0.8896400550008852
-0.920792066867374
-0.9499202590486552
-0.9770530902546718
-1.0022351115630121
-1.0255261324022582
-1.0469995203164044
-1.0667396864960301
-1.0848388261836313
-1.1013929996287741
-1.1164976567782559
-1.1302428245220217
-1.1427080718588296
-1.1539574796334888
-1.1640348109285719
-1.1729590512748878
-1.1807205428634322
-1.1872778685454364
-1.1925556165528077
-1.1964431612077535
-1.1987945457630367
-1.1994295021382113
-1.1981356024336045
-1.194671555088172
-1.1887714975727153
-1.180150263085526
-1.1685094004125955
-1.1535438403287621
-1.1349489836529951
-1.1124280206991626
-1.0856992697612995
-1.054503318343553
-1.0186097631739188
-0.9778233742092965
-0.9319894844233451
-0.8809984756543855
-0.8247892563446875
-0.7633516024276265
-0.6967273873316886
-0.6250106025802522
-0.548346267201767
-0.4669282401409879
-0.3809960413077934
-0.29083080376603854
-0.1967504798301244
-0.0991044918326166
0.0017320191101868783
0.10536415528339557
0.2113832710364435
0.3193728187505356
0.4289138889694049
0.5395902971946687
0.650993081151931
0.7627243017539411
0.8744000946695061
0.9856529087730876
1.0961329329333156
1.2055087278388297
1.3134671217802167
1.4197124272047479
1.523965116355069
1.6259600397632525
1.7254443488414857
1.8221752637759367
1.9159178268470707
2.0064427918364345
2.09352478683235
2.1769408604885303
2.256469530702273
2.3318903875763524
2.402984323407959
2.469534404340922
2.531327366015406
2.588155712463281
2.6398203320699123
2.6861335820020225
2.726922681613668
2.7620333288300696
2.7913333991515272
2.8147165693310185
2.8321057468855835
2.8434561675990055
2.8487580496667504
2.8480386744874533
2.8413638493053064
2.828838665311816
2.8106075186916915
2.7868534058250574
2.757796480035569
2.723691943057973
2.6848272880769457
2.6415190283517127
2.5941089658479646
2.5429601087181872
2.4884523832544465
2.4309781803757935
2.370937937175513
2.308735756925923
2.244775239958992
2.1794555564425906
2.1131678094556006
2.0462917900300064
1.9791930871388725
1.91222061322986
1.8457045011202762
1.779954405755979
1.7152581090494867
1.6518804842134882
1.5900626807863425
1.5300215856553978
1.471949422900982
1.4160135272855046
1.362356229013054
1.3110948105397038
1.2623215437451645
1.2161038091511498
1.1724842495814098
1.131481051007325
1.0930882692452804
1.0572763720637521
1.0239928637141869
0.9931631776615569
0.9646917761288717
0.9384635331905925
0.914345414489232
0.8921884938123641
0.8718302783877621
0.8530973666592677
0.8358084314985175
0.8197774549986107
0.8048172311887799
0.7907429842478516
0.7773761375176624
0.7645480395938001
0.7521036385238895
0.7399049235202124
0.7278340950858984
0.7157962907695625
0.7037218384128372
0.6915678824125331
0.6793193089383393
0.666988971771714
0.6546170677836144
0.6422697524161302
0.630036913641121
0.6180291927992073
0.6063742793184786
0.5952125719099042
0.5846923321428434
0.5749644079701638
0.5661767551056195
0.5584688423023131
0.5519661408034474
0.5467748831982511
0.5429772276064652
0.5406270094293933
0.5397462188019934
0.5403223121151762
0.542306481153915
0.5456129276135978
0.5501191919067304
0.5556675280519376
0.5620673267876837
0.5690984721584115
0.5765155997249508
0.58405308842011
0.5914306691705683
0.5983594912233993
0.604548432931064
0.6097105497221331
0.6135694042625355
0.6158651405909789
0.616360132596979
0.6148440717659003
0.6111383280243183
0.6050995263408327
0.5966222316420539
0.5856407222491148
0.5721298050642565
0.556104700415557
0.5376200431824703
0.5167680500473544
0.4936759322064868
0.46850267545205027
0.4414353015857166
0.4126847228968339
0.38248133632840936
0.3510704944282635
0.3187079695528694
0.28565554355342704
0.25217683867746454
0.21853347202427825
0.18498163344535756
0.1517691491826266
0.11913306044070578
0.08729775667753471
0.0564736781011317
0.026856533801724453
-0.0013729394493057457
-0.02804878067987309
-0.053019189370053656
-0.07614560265978307
-0.09730152179301678
-0.1163711920833394
-0.13324822868908207
-0.14783427289267653
-0.1600377884938588
-0.16977305653362715
-0.1769594590641471
-0.18152110020974713
-0.1833868434319493
-0.18249072608778819
-0.17877285006406318
-0.1721806638641915
-0.1626706491559013
-0.15021035524350948
-0.13478070231043504
-0.11637849317665762
-0.09501899557512247
-0.07073855192566685
-0.04359699995070767
-0.013679900497340346
0.018899667549625965
0.05399978529711257
0.09144897542302574
0.13104620131263878
0.17256164400758736
0.2157383147192169
0.2602945554129571
0.30592740097935733
0.35231680880499977
0.3991306857926364
0.44603064739307496
0.4926783514713712
0.5387423452795244
0.5839051654874495
0.6278706121186673
0.6703709123173648
0.711173624630302
0.7500880415645439
0.7869709167811406
0.8217312847619381
0.8543342365493203
0.8848034463066583
0.9132223740225908
0.9397340133227509
0.9645391436282909
0.987893064286474
1.0101008499357007
1.0315111689378778
1.0525088155917655
1.0735060675126775
1.0949330850007417
1.1172275415840376
1.14082376403918
1.16614160622499
1.193575369151966
1.2234830001974928
1.256175896239767
1.29190952886447
1.3308751462443758
1.3731927822812586
1.4189057194076344
1.467976587574484
1.5202851615279265
1.5756279258275319
1.6337194413975533
1.6941954137778508
1.7566174538652148
1.8204793491776405
1.8852147267663681
1.950205878712533
2.014793573521207
2.0782875805813874
2.1399776926882463
2.199144971311561
2.2550729918895516
2.307058825641552
2.3544235771436868
2.396522231097442
2.432752684484013
2.4625638053506576
2.4854623790882497
2.5010189250963046
2.5088722800518104
2.5087329754696537
2.500385403420084
2.483688808374361
2.458577198559475
2.425058213980456
2.3832110955468924
2.3331838101233457
2.2751895093068932
2.209502372631465
2.136452998197684
2.0564234286676775
1.9698419359916157
1.8771776502534605
1.7789351311714423
1.6756489691681786
1.5678784781177293
1.456202552804218
1.3412147387275188
1.223518545552076
1.1037230946930774
0.9824390247089517
0.8602747856505628
0.7378332528827244
0.6157087061172817
0.494484125483717
0.3747288403503999
0.25699647338055237
0.14182315940217147
0.029726018612041424
-0.07879817342113117
-0.18327417378619149
-0.28324932490874033
-0.378294576960334
-0.4680054953910958
-0.5520033143666159
-0.629936085799312
-0.7014799573750955
-0.7663406114407544
-0.8242549023143397
-0.8749926590073424
-0.9183587183161241
-0.9541950807020554
-0.9823832475605294
-1.0028466267166125
-1.0155529759491904
-1.0205167988507033
-1.0178016148606785
-1.007522019996608
-0.9898454226591776
-0.9649933675418041
-0.9332423563094849
-0.8949240846724844
-0.8504249430576298
-0.8001848291623997
-0.744695135144832
-0.684495833263798
-0.6201717907945721
-0.5523481548746619
-0.48168492190662265
-0.4088707553091375
-0.3346160199101771
-0.2596452677067289
-0.18468917760685669
-0.11047609779752526
-0.03772339788911322
0.03287130727898662
0.10063882934306943
0.16494683961142922
0.22520789685807557
0.2808869099216755
0.33150786862362697
0.37665973698663036
0.41600134633053454
0.4492652437488033
0.47626035984974896
0.49687347486167366
0.5110694628221945
0.5188902873044288
0.5204528165574612
0.5159454671434553
0.5056237998314784
0.48980514393844327
0.4688624007871688
0.44321711075602555
0.41333201641958567
0.3797032310490044
0.3428521602377357
0.30331741825763026
0.2616467951936096
0.2183895118998243
0.17408884752054612
0.12927526647825296
0.08446015120993278
0.0401302100977376
-0.0032573730937081446
-0.04527903807649399
-0.08554817555741373
-0.12371767482528798
-0.15948176211388132
-0.19257713475231772
-0.22278348191182176
-0.2499234279440156
-0.2738620033546873
-0.2945056959930187
-0.31180114714503104
-0.3257336007466544
-0.33632511599691695
-0.343632626223585
-0.34774587011030617
-0.34878523625491714
-0.34689951221678705
-0.34226357182794837
-0.33507596156161173
-0.325556414456885
-0.3139432330862212
-0.3004905436433983
-0.28546538658301224
-0.26914463226146224
-0.25181171003060304
-0.23375313656148214
-0.2152548581595708
-0.1965984158886282
-0.17805698126843952
-0.15989128318513335
-0.14234550783474584
-0.12564321934103823
-0.10998340742477135
-0.09553672750480587
-0.08244204031324856
-0.07080333859304813
-0.06068717865723123
-0.05212066220192451
-0.04509010059698579
-0.039540383864569026
-0.03537513521770381
-0.03245766974926005
-0.03061277635958756
-0.029629304169279416
-0.02926352648755313
-0.02924322837899148
-0.02927242617840398
-0.02903664744576728
-0.028208624753165736
-0.026454302730240346
-0.023439015434377736
-0.018833680861104256
-0.01232088854638866
-0.003600733352689888
0.00760373675887189
0.021541552174034514
0.03842946194310765
0.05844822248130432
0.08173962590388924
0.10840426881319669
0.13850010244329186
0.17204171100705415
0.2090003178096618
0.24930444810961014
0.292841176604493
