1025
-0.5376328252622877
-0.5196738034271823
-0.5041072165597108
-0.49071618740039236
-0.47926627791837195
-0.4695104110733269
-0.46119358344787015
-0.4540573221800422
-0.44784379966306953
-0.4422995679398769
-0.43717887817727874
-0.4322465598250123
-0.42728046130367875
-0.42207344562216326
-0.4164349623329771
-0.41019222621381785
-0.40319104581500226
-0.39529632798179604
-0.3863923258338925
-0.3763826764572513
-0.36519027570559065
-0.35275706003934754
-0.33904371241602993
-0.3240293690262872
-0.3077113220725926
-0.290104761474361
-0.2712425897489989
-0.25117523495589156
-0.22997053932984798
-0.20771361957131962
-0.1845067312171507
-0.1604690276482539
-0.13573623481719913
-0.11046010483995913
-0.08480770117608895
-0.05896035585305035
-0.033112331332305296
-0.00746914497573511
0.017754506056043128
0.04233716782726782
0.06605343356756999
0.08867706421754522
0.10998438841703043
0.129757936165464
0.14779018323417317
0.16388734553828216
0.17787310419777747
0.1895921501820153
0.1989134413593352
0.20573306769190197
0.20997659784529937
0.21160087207234893
0.21059510832691697
0.20698131834757613
0.2008139907360353
0.19217903999212238
0.18119202987653515
0.16799577749091085
0.15275733233003666
0.13566448779273044
0.116921931691964
0.09674712785781307
0.07536612073354748
0.05300935683197361
0.02990769232404718
0.006288708687111419
-0.017626549723989273
-0.041626302275221766
-0.06551017002674987
-0.08909063158035933
-0.1121938167846565
-0.13465960430507637
-0.15634107532904337
-0.17710337786674457
-0.19682209232630377
-0.2153811694666306
-0.23267061223962687
-0.24858401242849965
-0.2630160637017202
-0.27586022651508985
-0.28700666524871715
-0.2963405806906291
-0.30374104904418564
-0.3090804835075285
-0.3122247357145384
-0.3130339270050343
-0.31136399822786665
-0.3070689481358303
-0.3000037689423658
-0.29002792719066633
-0.27700935677815414
-0.26082883487527275
-0.24138458911397748
-0.21859698403772593
-0.19241317136206953
-0.1628115007177126
-0.1298055674342042
-0.09344776088745087
-0.05383212043983938
-0.01109648812697108
0.034576262939691946
0.08295787569078948
0.13377536404540427
0.1867126469193698
0.24141320515643366
0.2974836502115015
0.35449824276582825
0.4120041845060849
0.46952769550022005
0.5265806484219645
0.5826677084594283
0.6372937947007137
0.6899717661958286
0.7402301158049448
0.787620595741868
0.8317255565343175
0.8721649298642036
0.9086026897403526
0.9407526525545209
0.9683835821677198
0.9913234024371049
1.0094625486293136
1.0227563080828712
1.0312261602259365
1.0349600629479523
1.0341116725770092
1.0288984671919006
1.0195988870738664
1.0065484184884368
0.9901346945970745
0.9707917470579019
0.9489933935921595
0.9252458875965992
0.9000799792640376
0.8740424163396062
0.8476871025129423
0.8215660028308968
0.7962199377094522
0.7721694994113704
0.7499061117466501
0.7298835647512888
0.7125100355807932
0.6981408664553037
0.6870721741392128
0.6795354907138598
0.6756935033879272
0.6756370769349256
0.6793835449370215
0.6868764364007954
0.6979865832524054
0.7125146886528784
0.7301952331054343
0.7507017858629805
0.7736534802427049
0.798622670204757
0.8251434970893151
0.8527212756566752
0.8808424305188035
0.9089847924313313
0.9366280233039861
0.9632639082090327
0.9884062754342664
1.0116003261425703
1.0324311093343874
1.0505309890866723
1.0655858645717435
1.0773400426942819
1.0855996097143386
1.090234265328337
1.0911775419625034
1.0884254555284645
1.082033634170708
1.0721129785178376
1.0588240851753508
1.0423704850330364
1.022990985504072
1.0009513187014458
0.9765353103188098
0.950035863816612
0.921745999247793
0.8919501767217345
0.8609161800092334
0.8288877471755084
0.7960781453463645
0.7626648734734145
0.7287855580801068
0.6945352121109112
0.6599648051690251
0.6250812497245977
0.5898486768780736
0.554190996803223
0.5179956067131534
0.4811181284192362
0.44338802114269177
0.40461486874226443
0.36459520951758595
0.3231196505871814
0.2799801634054214
0.23497726227937585
0.1879270050873794
0.13866758327117865
0.08706538855573538
0.03302041437029102
-0.023529079959547627
-0.08260273731462853
-0.14417515839795275
-0.20817388160962993
-0.2744782797125877
-0.3429193815490587
-0.41328060700454955
-0.48529935529073936
-0.5586694132076466
-0.6330441085712597
-0.7080401835343967
-0.7832422540302428
-0.8582078355176481
-0.9324728338929271
-1.0055573982937545
-1.076972116900345
-1.1462243844740443
-1.212824954628949
-1.2762945168151723
-1.3361702492021883
-1.3920122502212862
-1.4434097866578803
-1.4899872238557152
-1.5314096138153594
-1.5673878142450433
-1.5976830720591966
-1.6221109925152781
-1.6405448425908322
-1.6529180719382959
-1.6592260586487966
-1.6595269959237746
-1.6539418884494048
-1.642653632591731
-1.6259052262610778
-1.6039970327561954
-1.5772831920924932
-1.5461672212426407
-1.5110968121258135
-1.472557959304869
-1.4310684964011195
-1.387171104377721
-1.3414259803303805
-1.294403230189557
-1.2466751423148974
-1.1988084754030608
-1.1513569021753935
-1.1048537298526862
-1.0598050260757603
-1.0166832912729253
-0.97592175754295
-0.9379094318474338
-0.9029869636171655
-0.871443376405724
-0.8435137462819501
-0.8193778283839519
-0.7991596335938578
-0.7829279746443575
-0.7706979066574677
-0.7624330362671561
-0.7580486289463524
-0.757415413205005
-0.7603639939242455
-0.7666897636569082
-0.7761581750250339
-0.7885102726017378
-0.8034683113977386
-0.8207413775392834
-0.8400308481301028
-0.8610355618464606
-0.8834566166973266
-0.9070016664534141
-0.9313886327330012
-0.9563487623923241
-0.981628972992712
-1.006993487527534
-1.0322246891657778
-1.0571232651352753
-1.0815076418987966
-1.1052127895712698
-1.1280884456636782
-1.1499968775652973
-1.1708102747941818
-1.1904078856052938
-1.2086730523793767
-1.2254902384687183
-1.2407422217118893
-1.2543075200705829
-1.2660582555919437
-1.2758584674125621
-1.2835630467256267
-1.2890173123603532
-1.2920573114219804
-1.292510867034852
-1.2901993694994747
-1.2849403183843804
-1.2765505400596193
-1.264850066252431
-1.2496665282253743
-1.230840024927247
-1.2082283085955166
-1.1817121469752645
-1.1512007733365148
-1.1166372105397933
-1.0780033583952213
-1.0353246969460117
-0.9886744343279291
-0.9381770089294976
-0.884010768898311
-0.8264097902447198
-0.7656646587384012
-0.7021222678940423
-0.6361844402304865
-0.5683055039883715
-0.4989887020926207
-0.4287815448629087
-0.3582701402211044
-0.2880725439277192
-0.21883130488890856
-0.15120525067362037
-0.08586073845284632
-0.023462447849436626
0.03533603564932834
0.08990172074385724
0.13963157273847376
0.18396155890310986
0.22237522103976293
0.25441154528658877
0.2796720381734829
0.2978268096892031
0.3086195565090976
0.3118714077284279
0.30748346354852035
0.2954380953108902
0.2757989282206257
0.24870958912210286
0.21439122399045588
0.17313892307451556
0.1253171379769246
0.07135422679864796
0.011736258251567487
-0.05299970294819209
-0.12227271517664305
-0.19546533261145296
-0.27193098014077194
-0.35100129375047856
-0.43199317230468764
-0.5142155540895662
-0.5969756822029804
-0.6795849116796597
-0.7613639777020752
-0.8416476524658015
-0.9197888935668638
-0.9951624756584279
-1.0671681070954693
-1.1352332294860823
-1.1988153885163624
-1.257404482546876
-1.310524753705118
-1.3577367587285913
-1.3986393228487035
-1.4328715285954434
-1.4601147823772507
-1.4800950090984302
-1.49258491995216
-1.497406381355617
-1.4944327932890336
-1.4835914772213203
-1.464865910688937
-1.43829781928442
-1.4039889462412978
-1.3621024223548315
-1.3128636604363386
-1.256560639980428
-1.1935435235234664
-1.1242234866016558
-1.0490707659942131
-0.9686118173785955
-0.8834256240680177
-0.794139108090361
-0.701421701345
-0.6059791189470346
-0.5085463910413714
-0.40988023636332455
-0.3107509115518992
-0.21193363780382332
-0.11419969444879197
-0.018307404016109155
0.0750068969221069
0.16503778319420884
0.25111933041118606
0.3326332995106474
0.40901673736291977
0.4797688579188549
0.5444571141890991
0.6027223010481703
0.654282654332918
0.6989368051259052
0.7365655688095364
0.7671325282631214
0.7906833566740249
0.8073439236717066
0.817317183085859
0.8208789019790417
0.8183723078672293
0.8102017513773093
0.7968254934843904
0.7787477603796009
0.7565102707905563
0.7306833302536428
0.7018567534650391
0.6706307781368432
0.6376071631449588
0.6033807005898575
0.5685312681327328
0.5336166666018458
0.4991663382590775
0.465676087633403
0.43360396932827544
0.40336730141364535
0.37534091543900877
0.3498565572168894
0.3272034399722358
0.30762981281301444
0.29134543907915467
0.2785248269445436
0.26931100777671485
0.2638196795074969
0.26214350861785457
0.2643563562456923
0.27051720837154336
0.28067368584300634
0.2948648674499536
0.31312334222714605
0.33547638495322485
0.3619461592162364
0.39254894781276056
0.4272934252713041
0.46617803879035336
0.5091875990236004
0.55628923726744
0.6074278900517553
0.6625215248149249
0.7214563197996532
0.7840820326190374
0.8502077694840535
0.9195983858775948
0.9919717125916256
1.0669967605861703
1.1442930952428527
1.2234314016288763
1.303935391551834
1.3852849998719412
1.4669208501573745
1.5482499415698043
1.6286524632233488
1.7074894773614522
1.7841114455840053
1.8578672712223914
1.928113713614248
1.9942248877486715
2.055601687610963
2.111680847417322
2.1619434867302627
2.2059229061779164
2.243211517972734
2.2734667423887736
2.296415819353059
2.311859402789811
2.319673959329438
2.3198129826122664
2.3123070146917697
2.297262535501342
2.2748598706970276
2.2453501223241443
2.2090513165846293
2.1663438351995548
2.117665320577366
2.0635050887717212
2.004398262607803
1.940919685756603
1.8736777105241447
1.803308003954754
1.7304673473363097
1.6558275852988145
1.5800696956142168
1.5038780691295666
1.4279349328167783
1.3529150405259596
1.2794805085276562
1.2082758733677341
1.1399233536146731
1.0750182570939526
1.0141246035778337
0.9577708812502068
0.906445995592321
0.8605953951698218
0.8206173811446126
0.786859640508588
0.759616014325181
0.7391235300932567
0.7255597608148079
0.7190405333561883
0.7196180409583158
0.7272794064124583
0.7419457340675258
0.7634717419151852
0.7916459443648052
0.8261915061283053
0.8667677353041925
0.9129722782312688
0.9643440367043428
1.0203667600367614
1.0804733906022772
1.1440510463865494
1.2104467080375554
1.2789734427021915
1.3489172433702512
1.4195442692686702
1.4901085096480529
1.5598596933903761
1.628051394111137
1.6939491573131509
1.7568385871184686
1.8160332122319713
1.8708820425781516
1.920776689534632
1.965157914535408
2.003521546879594
2.035423621125972
2.0604847186082123
2.0783934029416815
2.088908742078655
2.0918618888023923
2.0871567085676683
2.074769482513808
2.054747735664058
2.0272082209392766
1.9923341310622726
1.950371654376924
1.901625909457703
1.8464564067323428
1.7852720942260978
1.7185261140286745
1.6467103533249559
1.5703498707994386
1.4899972982301777
1.4062272629623043
1.31963091747887
1.2308106102239889
1.140374728888923
1.0489327444730396
0.9570905205041031
0.865445809877528
0.7745840154863668
0.685074216021582
0.5974653625730625
0.512282801773178
0.4300249479653162
0.35116027171802744
0.27612445910372074
0.20531784808965414
0.13910316141098783
0.0778034110861847
0.02170023121567066
-0.02896759012595632
-0.07400522026365419
-0.11326248897458036
-0.14663430878146078
-0.1740606817213984
-0.19552630620422662
-0.21105981320248562
-0.22073264884979069
-0.22465753438671726
-0.2229865908764697
-0.21590916219203257
-0.2036493028678736
-0.18646302414384044
-0.1646352999068309
-0.13847690406379715
-0.10832109723721633
-0.07452020134917274
-0.037442146253842845
0.0025330427206399298
0.045016736189741585
0.08961511407940081
0.13593258761736163
0.1835750427881342
0.2321530454904028
0.28128488735865154
0.3305995175550335
0.3797393203045358
0.4283627536344181
0.47614682569875166
0.5227893959503048
0.5680113317370075
0.6115584356047766
0.6532032276751717
0.692746476217245
0.7300185261768204
0.7648803663887904
0.7972244507898962
0.8269752373161248
0.8540894213502548
0.8785558620798151
0.9003951883744047
0.9196590650991595
0.936429116972435
0.9508155280670888
0.962955274479354
0.9730100681597311
0.9811639619463154
0.9876206878133766
0.9926007171108577
0.9963380877527267
0.9990770543266498
1.001068560095978
1.0025665986415266
1.0038244926700213
1.0050911566089744
1.0066073592232267
1.0086020532442657
1.0112888050801678
1.014862380731664
1.0194955212451318
1.0253359729769247
1.0325037735858358
1.041088899824492
1.051149255066235
1.062709092742728
1.0757578660718714
1.090249581228649
1.1061026540268675
1.123200325954243
1.1413916329008766
1.1604929700145419
1.1802902325338933
1.2005415526043988
1.2209805967683933
1.241320394060709
1.2612576759049299
1.2804776409398901
1.2986590908454871
1.315479843246807
1.3306223309538405
1.3437792662277137
1.3546592501898702
1.3629922235701526
1.3685345794662993
1.3710738890159788
1.3704330197345918
1.3664736168236533
1.3590987905958098
1.3482549614296409
1.3339327647281374
1.31616701560243
1.2950356865213488
1.2706579383229606
1.2431912299122518
1.212827592051634
1.1797891594984957
1.144323076683703
1.1066959427642555
1.0671879180894264
1.0260866984959622
0.9836815240623435
0.9402573586989453
0.8960894755235003
0.8514385395693301
0.8065463640730027
0.7616324244164157
0.7168912327015428
0.6724906291187122
0.6285709882418642
0.5852453507758986
0.5426004201525574
0.5006983790144875
0.4595793727829845
0.4192645644600027
0.37975962801184293
0.3410584998808932
0.3031472235498212
0.26600772374997067
0.22962139102970344
0.1939722514558714
0.15904970067644406
0.12485058308570916
0.09138064606454224
0.058655228868143595
0.02669925306320517
-0.004453536176841799
-0.03476201528579121
-0.06417970206983895
-0.09265733659249682
-0.12014580963644567
-0.14659938067831288
-0.17197901765924442
-0.19625571028698244
-0.21941360325210033
-0.24145284867227346
-0.26239199213715353
-0.2822698723290416
-0.3011468313603065
-0.319105297057824
-0.33624959051693815
-0.3527050111539581
-0.3686161711300209
-0.38414464905567264
-0.3994659835182279
-0.414766121395288
-0.43023736269064594
-0.44607397630682677
-0.4624675142724412
-0.479602032007682
-0.49764924552962214
-0.5167638409644457
-0.5370789246468309
-0.5587018464477412
-0.5817103862136349
-0.6061494487981934
-0.6320282900384638
-0.6593183884129495
-0.6879519271015904
-0.7178209955936914
-0.7487774867930186
-0.7806337109895461
-0.8131637024408319
-0.8461052512168629
-0.8791626077623139
-0.9120098369512155
-0.9442948013451457
-0.9756436846020419
-1.0056660819001686
-1.0339605067213826
-1.0601203132865542
-1.083739927674868
-1.1044212931239348
-1.1217804576312416
-1.1354541955760928
-1.1451065263400486
-1.1504350616845973
-1.1511770173133011
-1.1471147934019341
-1.1380809901798867
-1.1239627492943005
-1.1047052974005145
-1.0803146041150038
-1.050859058554456
-1.0164701043096702
-0.9773417516961403
-0.9337289948307946
-0.8859450507446598
-0.834357547135158
-0.7793835943558722
-0.7214839166196247
-0.6611560688546055
-0.5989269166819807
-0.5353445071615713
-0.47096947869169714
-0.40636621010362367
-0.34209389257552136
-0.27869769579246884
-0.2167002262416626
-0.15659346359101958
-0.09883132893772094
-0.04382304388767651
0.008072580794384082
0.0565518420786426
0.1013697464541733
0.14234242387290186
0.1793484020757378
0.21232870353875907
0.2412857977094246
0.2662815056166932
0.2874339009184656
0.3049133418033936
0.3189377314648501
0.3297671752727665
0.3376981036103263
0.34305707447911366
0.3461943317116883
0.3474773131222695
0.34728413878458314
0.3459972992618944
0.34399755171879876
0.34165811871716384
0.3393392973676522
0.337383471894191
0.3361105717446138
0.3358140304316223
0.3367571697349572
0.33917008541297927
0.3432469817637794
0.34914393452426606
0.35697706785690186
0.36682113196478866
0.3787084907984457
0.39262843552755816
0.4085269041298811
0.42630654181883665
0.44582718324892584
0.46690667377962286
0.4893221136047905
0.5128115844657298
0.5370762427962483
0.56178298468058
0.5865674918291618
0.6110379097448209
0.6347789279040476
0.6573564167132048
0.6783225280061026
0.6972212472226367
0.7135943267796138
0.726987590657058
0.7369574580125482
0.7430776558923196
0.744946011262382
0.7421911622535774
0.7344791528826171
0.7215196997484438
0.7030720897196959
0.6789505268149453
0.6490288661456975
0.613244577718541
0.571601887785983
0.524174005920464
0.47110437373758624
0.41260689961872776
0.3489651502964407
0.28053050212824693
0.20771927702569468
0.13100888771178912
0.0509330717515923
-0.03192372141806234
-0.11693268929632629
-0.20342767676195098
-0.2907126822037006
-0.3780697606982762
-0.4647671848977777
-0.550067701464419
-0.6332367947869142
-0.7135507746874789
-0.7903046010038788
-0.8628193274843055
-0.9304490281282621
-0.9925871957570689
-1.0486724389441169
-1.0981935363416335
-1.140693742246749
-1.1757743444808546
-1.203097495075445
-1.2223883038084637
-1.2334362745952034
-1.2360960504628766
-1.230287614661001
-1.215995913911042
-1.1932700372215934
-1.1622219730918673
-1.1230250061313445
-1.0759118177203597
-1.0211723315363261
-0.9591513101168446
-0.8902457801431979
-0.8149022473826464
-0.7336137280532806
-0.6469165923186265
-0.5553871925936956
-0.4596382640451346
-0.3603150678250089
-0.2580912547152992
-0.15366443902708501
-0.04775144145001235
0.058916778104164604
0.16560052143710255
0.271557051169724
0.37604657761372484
0.47833846616442427
0.5777176475033258
0.6734911260974648
0.7649945176437745
0.8515985382287219
0.932715326981378
1.0078045213524205
1.0763789590881665
1.138009939189777
1.192331922422264
1.2390465881136665
1.2779261936347919
1.3088161599324575
1.3316368350097623
1.3463844256047754
1.3531310771566105
1.3520240970129473
1.343284358945247
1.32720392374753
1.3041429084972218
1.2745256924265944
1.238836504205215
1.1976144663192214
1.1514481986785006
1.100970012583337
1.0468497981085605
0.9897887064185599
0.9305125980767925
0.869765423041622
0.808302512791088
0.7468838407000542
0.6862673140218136
0.6272020704570977
0.5704218710913583
0.5166385685135841
0.4665356645254632
0.4207620124973225
0.37992563386251627
0.3445877572991729
0.3152570059808745
0.29238387196313675
0.2763554538815204
0.26749058383295055
0.2660353237256586
0.27215895683725316
0.28595057689179965
0.3074162647582129
0.3364770492153896
0.37296763404467786
0.4166360484127575
0.46714422594279464
0.5240696385066598
0.5869079798903631
0.6550769572388186
0.7279211884346336
0.8047182331677011
0.884685657239534
0.9669891682015099
1.0507516440623115
1.1350630362039247
1.218990982285767
1.3015919894855117
1.3819230262060669
1.4590533671966666
1.5320764396555209
1.600121583275488
1.6623654109373112
1.7180426548043588
1.7664562554136798
1.8069865681042951
1.8390994592727692
1.86235320337903
1.876404044670689
1.8810102822811063
1.876034893961745
1.8614466063085975
1.8373193961522083
1.8038305038436868
1.7612569740431567
1.7099708091065524
1.6504328875292096
1.5831857385708992
1.5088453550361005
1.4280922164263692
1.3416617232622832
1.2503341703119244
1.1549245448818841
1.056272253171523
0.9552310024206379
0.8526589783912929
0.7494094685566729
0.6463220799514531
0.5442145919727844
0.4438755991302368
0.34605793014005526
0.25147290198171335
0.1607853830226195
0.07460967294338826
-0.006493853892602426
-0.0820214029636428
-0.15152779331341557
-0.21462787917312903
-0.2709975115484927
-0.3203740650056989
-0.36255662036459047
-0.3974058059767124
-0.42484341137081644
-0.44485174413987183
-0.45747275183867286
-0.46280691031976806
-0.4610118370044693
-0.45230060809820566
-0.4369397218142526
-0.4152466592414479
-0.38758695821471023
-0.3543708032607582
-0.31604901934278445
-0.2731084700958054
-0.22606682788190927
-0.17546673646013428
-0.12186936233987525
-0.06584741182643693
-0.007977664541374265
0.05116681687337007
0.11102474630053026
0.17105472219811002
0.2307432459394687
0.2896124505085119
0.34722734573467334
0.4032024043535745
0.45720725723987277
0.5089713677628906
0.5582874916532946
0.6050138127182498
0.6490746561520776
0.6904597040381643
0.7292217167979043
0.7654727620731919
0.7993790194498653
0.8311543061953326
0.8610524204315428
0.8893585210035946
0.9163797590929456
0.9424353931085759
0.9678466471402734
0.9929265888654314
1.0179702813549225
