1025
-0.8402060688956935
-0.8839612800007387
-0.9284148988164889
-0.9731667023984885
-1.0177800591097161
-1.061790307974751
-1.1047139286018173
-1.1460583088694103
-1.185331871051776
-1.222054332922771
-1.255766861497316
-1.286041867789191
-1.3124922221794446
-1.3347796374958671
-1.3526220842723007
-1.3657999811527226
-1.374161076809687
-1.3776238731099533
-1.3761795496316598
-1.369892317348429
-1.3588982283282305
-1.343402483060194
-1.3236752968550876
-1.3000464464221053
-1.2728986369307165
-1.242659875181332
-1.2097949731323028
-1.174796461810289
-1.138175058863168
-1.100449948679742
-1.062139041210785
-1.023749445529913
-0.9857683258524554
-0.9486543413141765
-0.9128297751464182
-0.8786735573653226
-0.8465152410408836
-0.8166300197057981
-0.7892349239826008
-0.7644861230730572
-0.7424774907882674
-0.7232403041014102
-0.7067441640149599
-0.692899039309826
-0.6815584060489671
-0.6725233925354009
-0.6655479027178431
-0.660344536210113
-0.6565912977865045
-0.6539388920443343
-0.6520185408210075
-0.6504501531397756
-0.6488507122238671
-0.6468427404565619
-0.6440626704595285
-0.6401689747394848
-0.6348498893550012
-0.6278305783614511
-0.6188795603250388
-0.6078142755754273
-0.5945056580060898
-0.5788815324917537
-0.5609288146088738
-0.5406943550643382
-0.5182843982300163
-0.4938626309555023
-0.46764679913904095
-0.4399039301246671
-0.41094425444090393
-0.3811138646056748
-0.35078633461751874
-0.3203533809853639
-0.2902148364799691
-0.2607681125356056
-0.23239743507765084
-0.2054630790565907
-0.1802909321006284
-0.1571625807412826
-0.13630627938708678
-0.11788900726819358
-0.10200983818553275
-0.08869489469461779
-0.0778939900378259
-0.06947914124300392
-0.06324500765131491
-0.05891132591083495
-0.05612727587612768
-0.054477773771639405
-0.05349149636184687
-0.05265054481101249
-0.051401446549870174
-0.04916731966167042
-0.04536083373732389
-0.039397701592722115
-0.03071035566106767
-0.018761414832832196
-0.0030567292487727843
0.016842503766554474
0.04130867663931439
0.07063816272360117
0.10504334558915718
0.14464647035713413
0.18947548301911815
0.23946194917262748
0.2944410229785114
0.3541535443123779
0.41825008603848113
0.4862969313439191
0.5577836780569352
0.6321324151588946
0.7087081119210114
0.7868300247228857
0.8657838077655556
0.9448340794173239
1.0232371432801177
1.100253599982672
1.1751605933204523
1.2472634554882853
1.3159065801689624
1.3804832653213086
1.4404445215830934
1.4953065626267616
1.5446570969016686
1.5881601936215242
1.62555981885526
1.6566820397533195
1.6814359074550789
1.6998130629114063
1.7118861638092688
1.717806198273572
1.7177987632924394
1.712159415736426
1.701248191392756
1.685483362128137
1.6653345715675647
1.6413154055655448
1.61397554753277
1.5838925468598104
1.5516633581858044
1.517895744171143
1.4831996068786808
1.4481784071938775
1.4134207617157746
1.3794923091867486
1.3469280121668565
1.316224972369929
1.2878358598032105
1.2621631453883442
1.2395541509783878
1.2202970789899488
1.204618038799205
1.192679223442364
1.1845781681063008
1.1803482223330692
1.1799601334949685
1.1833247741081914
1.190296902172518
1.2006799190128128
1.2142314391357163
1.2306696036542601
1.2496799111914698
1.2709224318500818
1.2940392190778325
1.3186616933584085
1.3444178396263633
1.3709390414537144
1.3978663627658974
1.4248561541215314
1.4515848565996237
1.4777529296985359
1.5030878253897082
1.527346007376371
1.5503140459552884
1.5718087815740698
1.5916767091207413
1.6097926566909992
1.626057855754653
1.640397613322858
1.652758680161873
1.6631065045704607
1.6714224995922047
1.6777014502689598
1.6819492100421074
1.684180742479818
1.6844185751663885
1.6826917273808857
1.6790350825712097
1.673489188409692
1.6661004263954355
1.656921476029953
1.6460119696777955
1.6334392364150174
1.6192789968742693
1.6036159087267334
1.5865438657235789
1.5681659108944017
1.5485937631643614
1.5279468188158496
1.5063507016924464
1.4839353003896643
1.4608323656858324
1.4371727305965134
1.413083279709167
1.3886837171276647
1.3640833395753982
1.3393779330317217
1.3146469047258598
1.2899508962850106
1.2653298384586826
1.2408017506440898
1.2163622368891174
1.1919847530906973
1.1676217617155282
1.1432066355642694
1.1186563178586997
1.0938747390559709
1.0687566979173442
1.0431922745908098
1.0170714093657445
0.9902887161602506
0.9627481071415525
0.9343672467275819
0.9050815373136928
0.8748475973552893
0.843646009930713
0.8114832865837381
0.7783929890744371
0.7444359985723741
0.7096998276022307
0.6742971591559536
0.6383636071344699
0.6020547644247246
0.5655428003486737
0.5290125797815035
0.49265760374212425
0.45667581922798023
0.42126559529122715
0.38662182349017776
0.3529324842892942
0.3203756091912973
0.28911687037524836
0.2593077293233841
0.23108426682037506
0.20456666706599527
0.17985924021857674
0.15705109185096894
0.13621714657996892
0.11741961495380898
0.10070966689635025
0.08612921688425043
0.07371272143417222
0.06348886508781451
0.055481998890481825
0.04971326405420148
0.04620135943439941
0.044962813103330675
0.04601186728906663
0.0493598794592058
0.05501427805624004
0.0629772138943123
0.07324385996845878
0.08580053571393276
0.10062273076022622
0.11767312658508229
0.13689975396157686
0.15823437344784003
0.18159116310758358
0.20686584116433146
0.2339352641130264
0.262657535984882
0.29287269998823373
0.3244039525803273
0.3570594278712809
0.3906344669187987
0.4249143103132593
0.45967719885020664
0.4946976900846792
0.5297501994434201
0.5646125990303464
0.5990697788840855
0.6329170960792994
0.6659636026979467
0.6980349744586076
0.7289760430135115
0.7586529574784485
0.7869548181544453
0.8137948600833121
0.8391111136936332
0.8628665850327053
0.8850489308055323
0.9056696986676478
0.9247631307430242
0.9423845789872107
0.9586086161420468
0.9735267884153777
0.9872451758702556
0.9998817238910157
1.0115634054018445
1.0224232680006142
1.032597393142237
1.0422218012313105
1.0514293423681154
1.0603466225761724
1.0690909448403165
1.0777673998784907
1.0864660460763378
1.0952592881871515
1.1041994875926553
1.1133168199003705
1.1226175207587363
1.1320824598645727
1.1416661838428335
1.1512964514018604
1.160874313394852
1.1702747517174483
1.1793479665974307
1.1879212552070637
1.1958015425804234
1.2027785579784491
1.2086285351427843
1.2131185214259945
1.2160111006174135
1.2170695262948137
1.2160631293594344
1.2127728623982985
1.206996881758598
1.1985560157627575
1.1872989673641874
1.1731071136041915
1.155898763608852
1.1356327501348575
1.1123112338942465
1.085981640070543
1.0567376319065405
1.0247190900818426
0.9901111064254512
0.9531419269158063
0.9140799790877813
0.8732299765166016
0.8309282534944565
0.7875373831189223
0.7434403110960671
0.6990340828860963
0.6547233515146246
0.6109138668154138
0.5680060989741679
0.5263891203306944
0.4864350235784484
0.44849382499872187
0.4128891523603207
0.37991467562759923
0.34983142231901987
0.32286597421053825
0.29920951091856635
0.27901776509781556
0.2624117498875569
0.2494791783099732
0.24027655414073093
0.2348316594630317
0.23314650676189883
0.2352003887253037
0.24095308006270333
0.2503479162262557
0.26331469042525335
0.2797722515877293
0.29963066455833104
0.32279288939118495
0.3491559724036767
0.37861163408199344
0.4110463588376358
0.44634092981961554
0.4843695655233298
0.5249986105031941
0.5680849951613895
0.6134744927547366
0.6609999232376846
0.710479406900227
0.7617148089852
0.8144904398602888
0.8685721673170056
0.9237069685268859
0.9796230165413371
1.036030331044876
1.092622013133124
1.1490760530793371
1.2050576945274472
1.2602222702405672
1.3142184999152442
1.366692073329783
1.4172895229829603
1.4656621789749371
1.5114701575582383
1.5543862466410563
1.594099579796854
1.6303189884149274
1.6627759966999323
1.6912272896116602
1.715456717886079
1.7352766872199705
1.7505290248891237
1.7610852292954489
1.7668462067216595
1.7677414735561128
1.7637279197073517
1.754788174888493
1.7409286841208522
1.722177521681785
1.6985821104563488
1.6702068612291838
1.6371308624829628
1.5994456701945068
1.5572532875202065
1.5106644185591476
1.459796983145404
1.4047750113803668
1.3457278876836856
1.2827899851042666
1.2161006938694015
1.145804831812776
1.0720534044183152
0.9950046997286432
0.9148256701492905
0.8316935625481637
0.745797699590235
0.6573414055037506
0.5665439762762142
0.4736425952889967
0.3788941823768754
0.2825770279475718
0.18499218727641242
0.08646453122568518
-0.012656636294522038
-0.11199740015264534
-0.21115965172502837
-0.30972206307207917
-0.40724171249817076
-0.5032563865112905
-0.5972875562052601
-0.6888440220544516
-0.7774262044826824
-0.862531065881797
-0.9436575668730712
-1.0203125681224992
-1.0920171120783584
-1.1583129242798034
-1.218769039063951
-1.2729883349754534
-1.3206139393831664
-1.361335185444079
-1.3948930927078864
-1.4210851825257325
-1.4397694309893798
-1.4508673058860198
-1.454365765228635
-1.4503181086686399
-1.4388436648311258
-1.4201263199364895
-1.3944118357768056
-1.362004102025131
-1.3232603222527657
-1.2785853399545308
-1.2284251735778657
-1.1732599512598132
-1.1135964989265508
-1.0499606872072051
-0.9828897794410537
-0.9129249939115002
-0.840604477640078
-0.7664567836092117
-0.6909951719938885
-0.6147126662568567
-0.5380780561899278
-0.4615329499866817
-0.3854897449045989
-0.31033065849961544
-0.2364076509101938
-0.1640431866404644
-0.09353174022192562
-0.025141857037596284
0.04088133217142309
0.10431341245033339
0.1649478437979702
0.22259328287305657
0.2770711419941743
0.3282135344485935
0.37586181497675003
0.4198656952403421
0.4600830406667841
0.496380422249627
0.5286343352316005
0.5567331055004446
0.5805793750236488
0.6000930781829968
0.6152147709399092
0.6259091757598461
0.6321687780258988
0.634017296167247
0.6315128998470547
0.6247509548541647
0.6138662278630949
0.5990343826032395
0.5804726713941747
0.558439791576963
0.5332348364357421
0.505195371043886
0.4746946344530884
0.4421379465017545
0.4079584463383295
0.37261218112790645
0.33657281637834774
0.3003259700720703
0.26436344465831046
0.22917744787859054
0.1952549395135476
0.16307230538447715
0.13309039960428273
0.10575012174540659
0.0814685250132396
0.06063559363457508
0.04361161968605132
0.0307252390309309
0.02227204162435325
0.018513742545917557
0.019677824157192818
0.025957539252762722
0.03751224422190974
0.05446788376346119
0.0769176135836369
0.10492239575683593
0.13851156676009993
0.17768325474900057
0.22240465608165585
0.2726120975444932
0.3282109426450289
0.38907532776596687
0.4550477661368396
0.5259386965652816
0.6015260433325477
0.6815548607240771
0.765737153594053
0.8537519751850595
0.9452458568356557
1.0398336901329186
1.1371000751238935
1.23660124085297
1.3378674964940314
1.44040630813778
1.5437059101154722
1.6472394738100746
1.750469748189521
1.8528541015635567
1.9538498722146045
2.0529199517427132
2.1495384335089107
2.2431962254919386
2.333406538059605
2.419710047150498
2.5016796868488766
2.5789249661602036
2.6510955945614874
2.7178845839413106
2.7790304741268503
2.8343189126879604
2.8835833977797125
2.926705265774933
2.9636129784286465
2.9942806640732607
3.018726074755093
3.0370080045165038
3.049223230302021
3.055503107243352
3.056009971721309
3.050933295516517
3.040485892155191
3.024900146574556
3.004424370460258
2.9793193585646724
2.949855272966615
2.9163087840488573
2.8789605741123774
2.8380932095739184
2.793989359372532
2.7469303507336873
2.6971950300549916
2.645058883547792
2.5907933950944617
2.534665557292107
2.476937507079077
2.4178661750505115
2.3577029986359475
2.296693542176019
2.2350770375512594
2.173085830243925
2.1109446647471173
2.0488698174168576
1.9870681100830112
1.9257357440589897
1.8650570484887001
1.8052031333165746
1.7463304884848014
1.6885795864638253
1.63207350086779
1.5769166803043273
1.5231937822567236
1.470968761215854
1.420284156564933
1.371160675565492
1.3235970772105443
1.2775703970978656
1.2330365123862288
1.189931106482992
1.148170966669272
1.107655658807863
1.0682695543290686
1.0298841670480083
0.9923607967711975
0.9555534216928919
0.9193118172745683
0.8834848085777761
0.8479236881973815
0.8124856338824551
0.7770371631404632
0.7414574983380798
0.7056418231545266
0.669504326458324
0.6329809924990667
0.5960320801404362
0.5586442102678857
0.5208320223826423
0.4826393193286
0.44413969886621674
0.4054365756703706
0.3666626001646686
0.32797844509055046
0.2895709202987459
0.2516504536766196
0.21444792236999022
0.17821087911563152
0.14319919814761078
0.10968020830732852
0.0779233863615368
0.04819468614434812
0.020750603648934916
-0.004167896264706145
-0.026341509082619917
-0.04557860663767427
-0.06172105031673279
-0.074649624329481
-0.08428900682197323
-0.09061212691902273
-0.09364378548586741
-0.09346346245690239
-0.09020720448261968
-0.08406852190531694
-0.0752982401145726
-0.0642032926119268
-0.051144443075970845
-0.036532926482947176
-0.02082608373850724
-0.004522047824711913
0.011846480444631909
0.027719209008704837
0.042515907284385875
0.05564458509540856
0.06651006694285158
0.07452282508525082
0.07910789538700509
0.07971373647213613
0.07582089793076804
0.06695033336207803
0.0526712113570683
0.03260813495212187
0.006447624357745241
-0.026056263155878757
-0.06507720650735123
-0.11071294032297567
-0.16298259857973577
-0.2218252226445859
-0.28709938343636826
-0.3585839954012162
-0.43598028881685874
-0.5189149094591751
-0.6069441835238949
-0.6995594265760361
-0.7961932489691763
-0.8962268007796252
-0.9989978531193637
-1.1038095687447158
-1.2099398789080953
-1.3166512755635909
-1.4232009319115166
-1.5288509093233673
-1.632878342313592
-1.7345853718750044
-1.8333087121664378
-1.9284285779512669
-2.0193769449598635
-2.10564482881011
-2.1867885487579857
-2.2624347763554513
-2.332284372846162
-2.3961147715447244
-2.4537810253803944
-2.505215366221747
-2.5504253922899807
-2.5894908109009385
-2.622558957992052
-2.6498390556577704
-2.671595410078129
-2.688139732219393
-2.699822679515127
-2.7070248935546464
-2.7101476631501322
-2.709603497628279
-2.7058067669891877
-2.699164636123292
-2.6900685036597216
-2.678886078307722
-2.665954330398436
-2.651573383180013
-2.6360015208828003
-2.6194513248527853
-2.6020870842541175
-2.584023399150011
-2.5653250592083134
-2.546008120058482
-2.526042088202872
-2.5053531758467154
-2.4838284913621504
-2.4613210342663887
-2.437655332290959
-2.412633633827755
-2.386042424473217
-2.357659165291501
-2.3272590640639206
-2.2946217656891243
-2.2595378121530336
-2.221814742364776
-2.1812827404531627
-2.1377997496665326
-2.0912559628754908
-2.0415776536120025
-1.98873030364767
-1.9327210230595913
-1.8736002318106413
-1.8114626511162475
-1.7464475939016577
-1.6787385979183298
-1.6085624452751923
-1.5361875895466928
-1.4619220574384417
-1.3861108676231764
-1.309132964083041
-1.2313978020129832
-1.1533415253844077
-1.07542284143002
-0.9981185919931383
-0.9219190796800943
-0.8473231609655187
-0.7748331489046043
-0.7049495446248404
-0.6381656564469311
-0.5749621163618965
-0.5158013330316342
-0.4611219485120465
-0.41133333411974193
-0.3668101646712122
-0.3278871578865801
-0.2948540183574348
-0.267950679054845
-0.24736290049676823
-0.2332182987905133
-0.22558290207215156
-0.22445829333521844
-0.22977944586221136
-0.24141329133314685
-0.25915810126679667
-0.2827437896319062
-0.31183309200364967
-0.34602379131064576
-0.38485187911125734
-0.4277957681629429
-0.4742815135936256
-0.5236889975548135
-0.5753590470055253
-0.6286014165641232
-0.6827035631983783
-0.736940032435625
-0.7905824045333986
-0.8429095879617005
-0.8932183286058252
-0.9408336927621327
-0.9851194078057868
-1.0254877652597947
-1.0614089478428985
-1.0924195515094
-1.1181300981768145
-1.1382313618807978
-1.1524993930707887
-1.1607989942062364
-1.1630856580824838
-1.1594058390335535
-1.1498954881069725
-1.134776935389893
-1.114354091876037
-1.0890061120563164
-1.0591795457135316
-1.0253793074117439
-0.9881584456933665
-0.9481071371536497
-0.9058409977000074
-0.8619890564573844
-0.8171816231470435
-0.7720383857167548
-0.7271568619448869
-0.6831016440165423
-0.6403944988482593
-0.5995056542609044
-0.5608463841654704
-0.524763009490815
-0.491532521273332
-0.4613597233099308
-0.4343760940706684
-0.41064021230921544
-0.39013975250241356
-0.37279492941941067
-0.35846331429741923
-0.34694581018026555
-0.3379936486169938
-0.3313162357706842
-0.32658959674546806
-0.32346525667513476
-0.32157933072296946
-0.32056163441255053
-0.32004458405186637
-0.31967175308897366
-0.3191058629802799
-0.3180361224355919
-0.31618469488339745
-0.31331228130275013
-0.3092226655129559
-0.3037661831643155
-0.2968420675228302
-0.28839966737494144
-0.2784385297090184
-0.2670073880758911
-0.2542020876359537
-0.24016254161674389
-0.22506878279204004
-0.20913623249872562
-0.19261027481203172
-0.17576030839344764
-0.15887336479590874
-0.1422474757592147
-0.1261848903889875
-0.11098535830676252
-0.09693952698037239
-0.08432268326522233
-0.07338889313401471
-0.06436570600208148
-0.05744948546513553
-0.052801488338165864
-0.05054473402134567
-0.050761708482541544
-0.05349296079566306
-0.058736552427661036
-0.06644841367590132
-0.0765434863955159
-0.08889769638820591
-0.10335060840065644
-0.1197087534050823
-0.1377494722409588
-0.15722520510626933
-0.1778681388937452
-0.1993950253720053
-0.22151214042863873
-0.24392020523487454
-0.26631917263991534
-0.2884127943670642
-0.30991284284531456
-0.3305428917665393
-0.3500416341023728
-0.3681655998721506
-0.38469127284101035
-0.399416549077372
-0.4121615963898909
-0.42276896608577175
-0.43110315361175855
-0.4370495276557417
-0.440512757015487
-0.4414147443508999
-0.4396922166102244
-0.43529406303021756
-0.4281784567730245
-0.4183100528262915
-0.40565716156393783
-0.39018919809129327
-0.37187446554422565
-0.35067834117154195
-0.3265620598366165
-0.2994820689663598
-0.26939010763282406
-0.23623399071425266
-0.19995915594948888
-0.16051091438615273
-0.1178374107023965
-0.07189319944620517
-0.02264336623499381
0.02993196556203369
0.08583284141592198
0.14503455893397607
0.20748280011521797
0.27308897704623053
0.3417260041612673
0.4132246035827369
0.4873703425519471
0.5639015467866605
0.6425082164734216
0.7228319653163361
0.8044671776534681
0.8869633145237465
0.9698283486992435
1.0525334307196188
1.134518556966508
1.2151992215015937
1.2939739134672568
1.3702322680566779
1.4433637586758994
1.5127666826412194
1.5778572501166426
1.6380785891797398
1.692909472353103
1.7418725417848284
1.7845418578281946
1.8205496626209696
1.8495921139305722
1.8714340105084293
1.8859122745420915
1.8929382798682712
1.8924988435223482
1.8846560330648046
1.8695456931754832
1.847374831249261
1.8184178534097537
1.783011846725161
1.741550925593491
1.6944798465306472
1.6422869553771926
1.5854966834600346
1.5246616845753893
1.4603547794058733
1.393160842404522
1.323668799389944
1.2524637934410476
1.1801197404098753
1.1071922866420498
1.0342123036483468
0.9616800276222249
0.8900598716475124
0.8197759705446986
0.7512085283400812
0.6846909587245191
0.6205078573308062
0.5588938103402697
0.500032990564875
0.4440595798146883
0.3910589371727445
0.34106950605256736
0.2940853961997287
0.2500595817695306
0.208907681254927
0.17051221394909977
0.1347272956661139
0.10138366496839672
0.07029399400671861
0.04125837642752374
0.014069895452342874
-0.011479803698133376
-0.03559499824309217
-0.0584706042523724
-0.08028713969946324
-0.10120605470467023
-0.12136553393346146
-0.14087684696958164
-0.1598213037896663
-0.17824793652726323
-0.19617191794447875
-0.21357380116233465
-0.23039961771381895
-0.2465618244965843
-0.26194113433827276
-0.2763891836324308
-0.28973203407062154
-0.30177440445211673
-0.3123045815265671
-0.3210999228095453
-0.3279327691457321
-0.3325767163813408
-0.3348130155711893
-0.33443701382484836
-0.33126442551346297
-0.3251372766405576
-0.31592937995037684
-0.3035511747477678
-0.287953808533951
-0.2691323057234734
-0.24712778179490802
-0.22202858747463086
-0.19397036781086133
-0.16313499843893972
-0.12974846101602255
-0.09407765151700892
-0.05642625867455109
-0.017129755697541747
0.023450293043364358
0.06493254095474829
0.10692256839048393
0.14901983118078227
0.1908246986738067
0.23194538283851
0.27200460245045355
0.3106458351670294
0.34753901879519733
0.3823855722577008
0.41492267469569727
