1025
1.17397
-0.487529
-1.00476
-1.06859
-1.46116
-1.70106
0.763568
-1.85735
-0.485017
0.639498
0.345829
-0.551771
0.607918
0.578693
-0.135081
1.86873
1.90058
0.265222
0.598398
0.814906
-0.144771
-0.0844909
-1.80698
-0.308147
-0.96153
-0.517624
1.37944
0.230287
0.358222
2.39429
-1.36177
0.0575087
0.059801
-0.964283
-0.930647
-0.208912
-1.27738
-0.221751
0.511161
-1.22054
-0.7548
-1.45261
0.0391133
0.265123
1.25227
-0.476634
0.982053
-0.678143
0.0963495
1.71455
0.0519938
-1.30131
0.745327
-0.643501
0.288628
0.480173
-0.489254
-0.22737
-0.548036
-0.21123
-1.26083
-0.828125
0.718522
-0.744647
-0.98189
-0.670086
0.463242
-1.58126
1.96098
0.556379
-0.974879
-0.0894741
-0.481222
-0.382329
0.564054
0.0778317
0.376315
-0.0546765
-0.0382819
0.499423
1.53374
0.925566
-0.118144
-0.596371
-0.0699794
-0.0268102
0.228874
-0.903266
-0.352208
0.514347
1.77561
-1.0906
0.630943
-1.99383
1.84868
0.952298
1.52683
-1.10726
1.28859
1.33117
-0.00548063
-0.474279
-2.53214
0.995725
-0.0856736
-0.327505
-1.30556
0.293292
0.904428
0.988191
1.10162
0.854492
-0.436224
0.00712737
1.17873
-2.68313
-0.575639
-1.43654
-1.41455
1.09615
-1.19169
-1.27304
0.773391
0.161794
-2.27452
1.04645
1.6736
-1.30554
-0.210045
-0.906551
0.212945
0.68273
-1.98254
0.385019
-0.549309
-1.17024
-0.424135
1.20255
-0.150117
0.9875
-0.0413078
-0.876803
-0.406303
0.106888
-0.288362
0.668382
1.26847
-1.28805
0.756012
-0.709883
-1.27433
-0.627347
-1.13194
-0.059383
0.284437
-1.93859
-1.90644
-1.10926
-2.43991
-0.370663
-0.259019
-0.818448
0.133977
2.11827
0.547009
0.277483
-0.292985
-0.152861
1.80849
1.48964
0.37861
0.959273
2.05015
0.360935
-0.0348846
-0.906045
-0.86862
3.00816
-0.0660114
2.74676
0.782908
0.315598
-0.124638
0.388071
0.669185
1.17871
-0.91986
1.18983
-1.81414
0.293522
1.06405
0.117774
-0.697986
1.5507
0.655629
1.50207
-0.294749
-0.820669
1.19781
0.101109
1.75041
1.53739
0.872717
0.834053
-0.445289
-0.838232
-0.715561
-0.795192
-0.86236
-0.567645
-1.32352
-0.401156
-1.05411
0.523402
1.91771
-1.11988
1.70243
-0.203863
-0.762636
1.28654
1.97521
-0.661676
-1.30071
-0.346064
0.840214
-0.0154216
0.594138
1.87712
-0.520027
-0.205837
1.99799
-0.205327
1.56816
-1.33411
1.54698
0.102802
0.69196
-0.877487
0.321284
0.507669
0.170516
-0.408344
-0.190193
-1.04283
0.156005
-0.838555
0.424784
-1.53268
0.19801
-0.660648
-0.945487
0.762817
-0.31418
0.507915
-0.820423
2.41451
-0.988448
0.684012
1.02645
0.694329
1.152
-0.423713
-0.558809
1.23413
-0.888086
0.579335
0.581635
1.05461
-0.373185
-0.827551
0.980702
-0.352744
-1.89124
2.2526
-0.924858
-2.08026
0.834782
0.830068
-0.41291
-1.08638
-1.58708
-0.184423
0.584855
0.789756
-0.463556
-0.487249
0.654967
0.70924
-1.25479
1.66918
-0.534985
-0.20228
1.45679
-0.410313
0.323913
-1.6242
-1.12169
0.453917
1.02319
1.36239
2.51684
2.51917
-1.27938
-0.146278
0.818476
0.875626
-0.0545926
0.540828
1.21228
-0.19261
1.20383
-0.395762
-0.119308
1.18183
-1.21178
0.684119
-0.409775
-0.673532
-0.563774
-0.349698
0.224627
-0.0977535
2.25863
0.727195
0.783032
-0.702725
1.23748
-1.04713
0.265128
-0.0387508
-2.19575
0.979736
-0.273198
0.267831
-0.759562
-0.759761
-1.05794
-1.12207
0.531746
1.43353
-1.42366
-1.13839
0.247538
0.460556
0.281186
0.63562
1.7553
0.114676
1.32751
0.233936
0.386208
2.56267
1.48501
-1.22107
1.20772
1.26539
1.04212
0.613789
-1.83137
1.03925
-1.5572
0.0466164
-0.214321
1.89102
-0.395268
-0.594157
-0.41828
0.686483
1.16703
-0.262665
-0.103848
-1.22704
1.60179
0.467108
-0.873348
-1.25927
0.991541
-1.44907
0.527257
1.2798
-1.2058
-0.242649
-0.893953
0.262299
0.598067
1.32653
0.360731
-1.04152
1.5582
-1.43589
-0.417299
-0.904532
0.796068
-0.541968
0.643686
-0.316612
1.62636
0.179831
-0.596519
0.685116
1.0718
0.848246
0.783731
-2.57011
1.19507
2.26429
0.735714
1.28605
-1.18063
0.476524
0.165759
0.284569
-0.168941
0.357409
-0.796602
-2.31668
-0.197748
1.02697
0.915945
-0.0521119
0.330608
0.820377
-0.483422
-1.38468
0.583296
0.899358
-1.23048
0.775618
-0.868834
1.35342
-0.358787
0.317779
-1.2674
-0.657433
-1.57654
-0.0477257
-1.51408
0.183861
1.01857
-1.29595
-0.159997
-0.153293
-0.79618
0.17593
-3.04318
-1.46896
-1.34774
-0.469748
-0.93409
-0.725086
-1.27937
0.778907
1.68214
-0.144505
-0.265362
1.21522
0.613145
0.489716
-0.212146
-0.736433
0.947595
-0.0283994
0.151542
-0.473267
0.193626
1.36096
-1.29871
-1.60233
-0.751558
1.83093
0.250298
0.100046
-0.98513
-0.0380361
0.85352
-0.0775393
0.0553019
-1.29115
1.26073
-1.91901
0.9196
-0.474158
-0.304819
0.214054
-0.776061
-0.753959
0.192823
-1.7315
-0.0513055
-0.443425
1.74204
0.27716
-0.1791
0.746894
0.581117
0.0901407
-0.948213
-1.05137
-0.392132
0.460223
-1.22748
-0.879898
-0.570782
0.714546
-0.558286
-0.385547
-0.181207
1.4764
0.86744
0.0770835
0.179643
1.08605
-0.956707
0.979959
0.828132
-1.83129
0.648966
0.407021
-0.32904
-1.30131
-1.24984
-1.6772
1.2064
-1.55056
-0.293668
-2.15663
-1.37148
0.056801
0.551355
0.710113
-0.00465052
1.40345
-1.30259
-0.394617
-1.58227
1.249
1.28121
0.360479
0.269153
-0.376931
0.236637
-1.56684
0.124658
-1.32183
0.702884
-0.791181
1.17214
-1.19099
0.611832
1.13982
1.02127
1.26331
-2.05646
-0.102636
0.319549
0.373774
1.25103
0.349971
-0.838416
-2.33361
-0.928169
-1.61729
-0.0557759
-0.239359
0.653207
0.133134
-1.31418
1.62444
-3.43598
7.35395e-17
1.16283
-0.964613
0.942791
-0.810834
0.684664
-0.661489
0.852899
0.543484
0.0508486
-1.18089
-0.334362
-1.69274
1.04577
1.26393
-0.243566
-0.114737
0.100333
-0.669674
0.377736
-0.76031
-0.580939
-1.00694
-0.0347186
0.574289
0.087488
-1.25396
1.0768
0.0186865
-0.486556
1.19556
0.798421
0.28494
0.991149
0.23212
-1.36119
0.966252
0.252344
-1.56628
-0.878456
-1.10719
0.841263
-0.459396
0.207852
0.535762
0.996946
0.224499
-0.808157
1.008
-1.62113
-2.00271
-1.29839
-1.1126
0.580875
0.512301
0.526664
-1.16837
0.896526
0.275585
-1.75474
-0.241044
-0.967555
0.743776
0.55311
-1.12109
0.864672
-1.35103
1.59729
0.784547
1.33992
0.115563
0.909428
0.610365
-0.730521
0.406398
1.31082
1.08902
-1.20909
0.779332
-0.322822
-0.383687
-0.484784
-0.941417
-0.913615
-0.0257273
1.09444
-0.236935
-0.254791
-2.57118
-0.727772
-0.392445
1.42456
-0.793192
0.032297
-0.804318
-0.321696
0.0846443
0.00992654
-0.335349
0.0668986
1.65613
-0.914092
0.411835
-0.262527
-0.431397
-0.212336
-0.846785
1.78309
0.866725
-0.979678
-0.333456
0.438344
-0.732568
0.393619
-0.341237
0.864248
0.227457
-1.06773
-0.699283
-1.10385
-1.93379
-0.919736
-2.25093
0.445596
0.116129
1.34197
1.46949
-0.244865
-0.833654
0.997803
1.17416
-0.698464
-0.497332
-0.422182
-0.0844467
0.605837
0.60192
-1.88247
-0.756317
0.200568
-0.193607
1.91692
0.104726
0.0234828
-0.00969365
-0.512228
-0.954428
0.544024
-0.959852
-2.03771
-1.46198
-2.16316
-2.37689
-0.375742
-1.22396
-0.0652856
-2.16443
-0.830261
-0.720533
-0.729822
-1.90261
1.13372
-0.990575
0.141733
-1.40362
-0.129063
-0.604001
0.565812
-1.2907
-0.157305
0.299832
0.636944
1.00914
-1.45143
-1.19575
0.604888
-1.49386
1.70009
-0.736065
-1.09589
-0.560908
-0.0736713
-1.26249
-0.200408
0.81554
-0.36085
1.47566
-0.114643
-0.173092
-0.984339
1.1012
1.15247
-0.532543
-0.449959
0.397478
-1.6063
-0.975526
-1.12045
0.148088
1.00561
-0.381095
-0.381771
0.443902
0.2777
0.183677
0.328503
1.8161
1.24739
-1.32633
0.709129
-0.884513
1.62107
-0.913762
0.566653
0.198922
0.488083
-1.06317
0.337228
0.125267
0.782263
0.313054
0.903432
-0.618577
0.468573
0.350313
-1.76892
0.679263
-0.410343
1.34307
0.611919
0.794441
1.66201
-3.42983
0.935877
0.280065
1.83946
0.685321
0.411016
-0.0183629
-0.709075
1.1817
1.90615
-1.01358
-0.233843
0.634542
1.7114
-0.536387
-1.41876
0.437972
-0.0778847
-0.162588
0.511179
0.840329
0.181768
0.345901
0.168856
1.51203
0.0167496
-2.11085
-1.8532
1.86252
-1.17121
0.0732366
2.16539
0.570031
-0.0177707
-0.23326
-0.237903
2.08241
0.219666
0
-1.21485
-0.599313
1.96202
-0.555869
-0.78562
1.46307
-2.33959
2.23088
-0.0079892
-0.397361
0.00426443
0.584489
-0.622123
1.37102
-0.53921
-0.477744
-0.353261
-0.272009
-1.03576
-1.11097
-0.00213517
0.667432
1.03524
-1.99278
-1.46631
-0.511886
0.924332
-0.379752
-0.509017
-0.610388
-2.76365
-1.3408
-0.907994
-1.31358
1.65472
-0.00762678
0.483638
0.973469
-1.11272
-1.55283
1.45684
1.50089
0.425662
0.365649
-0.0827056
0.408157
-1.51224
-1.27038
-0.695856
0.84056
-2.26108
1.1895
1.14018
-1.25054
-0.0240521
-0.959873
-0.775758
2.39104
0.0684894
-0.0270287
0.682503
0.606087
-0.157351
-0.80926
-0.00296294
-0.966283
-0.476982
-0.282065
0.367216
1.05371
0.492248
3.25469
0.0187778
-0.680597
-0.454923
0.300882
0.942163
0.469837
1.61462
-1.50402
0.877814
0.391265
0.0414626
-0.66855
0.907332
-0.47127
0.287243
0.866385
-0.898331
-1.06353
1.88005
2.438
-0.580809
-0.327864
-0.388419
-0.478344
0.965693
1.78716
2.07816
0.327039
-0.124319
-0.813602
0.456499
1.33285
-2.93489
-0.65436
-1.12637
1.41056
-1.4503
0.638413
0.54277
-1.25994
0.587733
0.370924
-1.52702
-2.07769
0.94334
-0.81765
-1.40595
0.325908
-0.171976
-1.91111
-0.0767111
1.4232
-0.107557
0.185805
2.83944
-0.380138
-0.553364
1.7926
-0.0737801
1.2487
-0.951736
-1.39832
0.25098
-0.0946221
-1.72559
-0.860626
0.488409
-0.439765
0.724022
-1.17026
-0.710167
-0.778304
0.281543
-0.416681
1.27969
0.390358
-0.236095
-0.0296546
1.13676
-1.30786
0.209665
0.949953
0.245956
0.76754
1.33666
-0.335582
-0.674751
1.26535
-1.0505
-0.404531
1.09673
-0.523272
-0.112589
-1.48361
2.06076
0.612079
-1.00829
1.32062
0.27848
-1.67671
-0.666458
0.244749
0.807141
0.635453
-1.35151
0.854093
2.39426
1.88209
0.582361
-1.24942
0.382571
0.256334
0.455423
