1025
0.194259
0.89223
-0.199842
-0.545484
0.38942
0.942063
0.752493
-0.315135
-0.863024
-0.579422
-0.910729
1.00723
-1.19427
0.190252
1.95278
1.41871
-0.0913004
0.583488
0.0488155
0.0417842
0.489115
-0.850336
-0.303026
-0.352242
-0.182928
-1.09068
-0.909344
-0.79825
-0.61896
-0.763942
2.65834
0.345419
0.62633
-0.141511
0.508627
-0.514118
0.460697
-0.988963
-0.233624
-0.290726
0.471606
-0.599903
2.09302
-2.01617
0.0531514
-2.1516
1.60862
0.631598
-0.810569
-0.80241
-0.520746
0.241701
0.0149466
-1.52871
2.21774
-0.421891
0.523472
-2.28202
-1.12502
1.26747
-1.02434
0.363428
-1.68553
-1.07661
-0.735556
0.504127
2.51396
-2.13884
-0.529008
0.410587
0.731596
2.46511
0.36322
1.04073
-0.351719
1.63755
-0.855484
0.428741
1.79918
1.06755
0.288351
0.101879
0.856237
0.923301
-0.605416
-0.243003
-0.403004
-1.18455
1.35686
0.641758
0.736312
0.372065
-0.664881
0.991475
0.399935
-1.09034
1.04141
-1.19254
-0.83873
0.303546
-1.19582
0.352818
1.51957
-1.70043
-1.34766
-0.212138
0.599057
0.28364
-1.55734
1.82353
0.459634
0.584916
-0.211637
-0.114596
-0.738129
0.66667
1.7059
0.302924
-0.339272
1.19983
0.383751
0.449095
0.892456
-1.53804
-0.631676
-1.5367
-0.49354
1.88531
-1.9876
0.378203
-0.425132
0.999231
1.68369
-0.289439
0.103747
-1.18426
-0.0156281
1.64337
-0.486128
0.4463
-0.247478
-1.00451
0.510644
0.589373
0.0807875
-1.15558
-0.542356
-2.28303
0.442402
0.332229
1.07391
0.131861
-0.453114
-0.86438
-0.361882
1.21665
0.740097
0.399426
-0.31386
-0.916058
-0.222456
2.88762
2.34105
-0.0400292
1.83075
-0.878933
-0.955062
1.416
-1.70811
0.123826
0.61174
1.51457
0.555478
1.31891
-0.250689
0.581832
0.417855
0.356504
1.48888
0.496189
2.23667
0.113857
-1.99816
1.0337
-0.668445
-0.529426
0.040926
-0.30974
0.74343
0.240537
0.784306
0.766422
-0.380574
-0.362962
0.539688
1.35155
0.360075
0.0919444
-0.391179
0.572087
-1.03996
1.33721
1.01179
0.223832
-1.93907
-0.657941
0.379159
1.55062
0.856626
-2.11706
0.429013
1.90639
0.760371
-0.0101807
-1.12259
0.828026
-0.855808
-0.941345
-2.02486
-1.46139
-1.46685
-0.991389
2.10635
1.70498
-1.02968
-0.0524675
-0.00895807
-1.99206
0.391105
-0.338281
-0.322666
-0.862281
-0.111477
-0.511228
0.361004
-0.0920359
-0.713314
0.824019
-0.903344
0.550837
0.856464
-2.18276
1.29707
0.172846
0.244755
-1.41078
-0.258828
-1.69863
0.809414
-0.413636
1.30165
-0.557793
-0.273781
-0.0145355
-0.500392
-0.261835
-1.02703
-0.276379
1.67106
-1.50461
1.67233
-0.589498
-0.852078
-0.295576
0.436877
1.06145
1.16736
2.29963
0.0540489
0.975042
0.92768
1.22885
0.980113
0.544481
-1.36697
0.568568
-0.514782
-0.0421108
0.42542
0.676157
0.000161433
0.153958
0.0373227
0.300845
0.00580801
0.0734936
-0.588574
-1.1184
1.14117
0.269177
0.725363
0.759849
1.4422
1.39683
-0.533855
0.994104
0.229833
-1.59459
-0.266208
-0.0596022
0.617691
-0.0602705
0.578272
-0.467659
-1.38082
0.00904995
-0.968336
1.3889
-0.808161
0.921999
1.42112
-3.21087
1.00602
1.59248
0.56242
-2.13218
-0.572351
1.29393
1.33213
-0.624165
-0.0475035
-1.1089
-1.37736
-0.229404
-0.788908
0.202271
0.763225
2.7729
-1.14624
0.946134
-1.4316
1.04324
-0.70247
2.0383
-0.281186
-0.560376
1.19994
-1.67758
-0.725393
-0.454724
0.497255
-0.847153
1.24849
1.59582
-0.939648
-0.337945
-1.99446
-0.348305
1.07749
0.184745
-0.749128
-0.570643
-1.64272
-1.33584
-1.17361
-0.541838
-0.972973
-0.720611
-0.0638722
-1.55939
-0.11491
-0.0299127
0.178073
-0.517851
-0.607421
-0.460999
-0.0103159
1.18336
-1.24949
1.08009
-1.05855
-0.00922228
-1.14965
0.232609
-0.13105
-0.370792
1.49968
-0.2052
0.31694
0.795867
-0.265633
0.299747
0.136381
0.250182
-1.01619
-0.87028
-1.20902
2.08861
1.0612
1.17349
-0.638111
0.625068
-1.29187
1.90956
1.50407
0.131323
-0.982653
0.0243243
2.09642
-0.880562
1.08079
0.94317
-1.93312
0.836582
-1.30445
0.327918
1.68782
-0.824661
0.333317
-0.00831453
1.67052
-0.638253
2.67791
-0.87817
-0.478773
-0.303309
-1.41116
0.610109
0.26419
-1.1828
1.09368
-0.605423
0.277579
-0.0173528
-0.370026
-0.33582
1.03963
1.05924
-0.196934
0.926526
2.34156
-0.81204
-1.71075
-0.9255
0.149072
0.419607
-0.574094
1.19397
0.043554
-1.76971
1.26477
0.0926288
1.21214
0.257454
-1.03971
0.543651
0.244685
-0.670078
0.0879173
-0.777282
0.342206
0.527757
0.447299
-0.636525
1.44188
0.932088
0.117254
0.0630033
-0.360444
0.906171
-1.23784
0.603522
0.932534
-0.26734
-1.31643
-0.381414
1.54771
-0.866443
-0.286709
-0.397207
0.40363
1.21304
0.435165
-0.126895
2.39684
-0.926575
0.917399
-0.331542
0.00798459
1.46232
0.0141672
0.361695
-1.04056
0.860178
-0.956301
-1.47116
0.213709
-0.176535
-0.427225
-2.40145
-0.814307
-0.633885
-1.92015
-0.892863
0.282557
-1.66673
0.0461484
1.30276
1.60028
0.542394
0.0979421
1.10298
0.249026
1.2596
0.469152
-1.22892
1.01621
0.252092
-0.308174
-1.18419
-0.498144
-1.41266
0.21021
-1.02469
1.04152
-0.609984
-0.0777617
0.39267
-1.18868
-1.01139
0.198713
-0.778398
0.0575006
0.756158
0.750816
-0.297637
0.853008
0.15455
0.808408
1.51937
-0.00967556
1.70232
0.113024
-0.370674
0.0658246
2.1534
0.313946
-0.764697
1.57824
1.17835
1.36396
0.812259
0.868394
-0.778011
-0.544902
-0.669928
-0.136817
-1.50607
1.75682
0.134343
1.53584
0.152299
-0.30577
0.917144
1.07205
-0.413961
0.582299
0.428607
0.903469
-1.10564
-0.232295
0.53683
1.85361
-0.108301
-0.264482
-1.04943
-0.0295775
-1.46832
0.945648
-0.676648
0.55821
0.548316
0.355426
1.55008
-2.05514
-1.5153
0.941964
0.681792
0.032068
-0.939267
0.0768151
3.51974
-0.998601
1.13881
1.31591
-0.760722
-1.24088
-0.127958
0.137912
-0.240337
-0.408931
-1.1666
0.398421
1.03767
-0.899869
-0.387463
1.34004
-0.587787
0.76601
1.11774
-1.31078
-1.41407
0.567013
0.428435
1.11885
-0.0998761
-0.598332
-0.403487
-1.00137
0.334427
1.03719
0.86548
-1.15878
0.0490342
-0.0598773
-0.0406942
-0.466859
-0.179613
0.726108
0.443721
-0.584149
0.200885
0.982151
0.142584
0.299956
0.219583
-1.34015
-0.14471
0.961247
0.190001
0.430101
0.55462
-0.948512
1.28837
1.38786
0.348212
0.81027
0.197376
-0.0324115
0.150467
-0.972104
2.50111
0.142034
-0.937213
-0.619201
0.77884
1.64464
-0.322006
0.0849781
-0.649468
-1.73585
0.134063
0.0582748
0.982794
0.939582
-0.137136
0.601833
0.288067
1.11531
1.52978
0.35561
-0.214275
1.36091
-0.600213
-0.561314
1.00323
0.204206
0.781301
-0.266699
-1.79532
-1.13458
-0.404036
0.70628
-1.47216
0.366717
-1.20189
0.327868
0.336926
-0.0695428
-0.164767
0.862009
-0.550215
0.598774
-0.238952
1.08345
-0.110181
0.427895
-0.0107713
-0.626275
0.493432
0.594143
0.478146
0.348597
-0.440674
-0.240366
1.63405
0.986017
1.51434
-1.25055
-1.49301
0.504705
-0.784036
-0.476414
1.40946
-0.63618
0.0365497
0.124589
-1.7494
-0.809636
0.993544
1.07221
-0.568949
-0.470197
-0.401395
-0.492109
-0.086872
0.213763
-0.000924021
-0.450638
-2.53135
-0.354393
-0.166754
0.444626
-0.470567
-1.1887
2.55362
-0.0286213
0.841061
1.07062
0.606535
0.175102
1.49223
-0.0764915
-1.05103
0.0133506
-0.236764
1.22698
-0.502829
-0.0435443
-0.323582
-0.882902
-0.614902
0.737062
0.0205275
0.0608877
0.418058
1.61842
-0.997011
0.565769
1.57119
-2.4067
0.329907
-0.78033
0.280322
0.899988
-0.963101
-0.31746
-0.703706
-0.742768
0.187545
0.0111157
-0.329285
0.937416
-1.53648
-0.54784
0.502149
-1.68546
-0.23088
-0.0612404
0.443707
-1.24852
0.224425
1.72381
1.2906
-3.06755
0.543534
1.63007
-1.33474
-0.838556
-0.600589
0.415785
0.153607
-0.136045
0.141186
-0.0778628
-2.05876
0.26107
-1.23919
1.7379
2.30697
0.417074
0.0549741
2.85735
-0.226577
0.466336
0.376346
-0.0722324
0.412757
-0.13801
-0.400467
0.124086
1.03986
-0.649901
-0.367562
1.32731
-0.631448
-0.338022
0.232351
-1.49646
-0.0798406
-0.515347
0.300627
-0.769113
0.613012
1.03825
0.378933
1.98951
0.947709
-0.615958
-0.344417
2.11566
-0.550269
-0.862386
1.31332
0.110135
-0.296318
-0.603769
0.807932
-0.899026
0.108262
-1.1541
0.503789
-0.0989819
-0.209482
-0.111067
-0.626711
-1.47623
0.706223
0.795314
1.06605
0.260189
-0.485526
-0.573357
-1.35666
0.780153
-0.902507
0.99523
-0.474121
0.375423
-1.83393
1.64313
0.524283
-1.53441
-0.684564
-0.437826
2.58005
0.263029
-0.225706
-0.796099
-1.26815
1.81242
-0.738798
-0.871396
-0.580061
0.626449
1.26063
-0.173298
-2.50635
1.85513
-0.664552
1.16283
0.801093
-1.13332
0.487654
0.242795
-0.509541
-2.16706
-1.01213
-1.24897
0.645809
-1.55843
-0.118515
-0.857065
-1.92804
0.568807
0.0808755
-0.103602
-0.49673
-2.20774
1.52785
-0.873577
-1.23969
-0.035077
-0.0190387
0.255337
1.12792
-0.544278
0.0961432
1.6882
0.116177
-0.606684
0.0361699
-0.100639
2.48286
-0.00584706
0.296752
-1.07101
-1.36682
2.78201
-1.5375
-1.03301
1.16056
0.240878
-1.74881
-1.11108
0.217567
-0.334888
-0.921848
-0.620865
0.000770787
1.04169
0.975973
0.0791267
-0.859527
0.62501
-0.495557
-1.38632
0.0303687
0.204904
0.0674819
-0.347065
-1.20862
1.9293
1.29352
0.351901
1.39244
0.154882
-0.36986
-0.0211945
-0.871371
-0.189883
-0.655444
-1.8856
-1.21462
-0.705043
-0.84289
0.155401
1.77294
0.277891
0.595942
-0.132198
0.146023
-0.441249
-1.53607
0.0127376
-1.33349
-0.493045
-0.284937
0.71231
0.49249
-0.235454
0.344776
1.81213
-0.0736505
-0.733109
-1.07712
1.75573
0.124604
0.0486238
-1.3193
0.700439
0.586531
0.625988
-0.227956
-0.505657
-2.20668
-0.413537
-0.452739
0.280528
-0.0737857
-0.37594
1.22705
-0.062375
-1.25263
0.383151
-1.21424
0.164065
-0.447516
-0.202825
-0.466555
-0.628047
1.06677
-0.372383
-0.904365
1.15189
0.878563
-0.560443
0.365898
-1.42897
1.19186
0.939124
1.29704
1.63925
0.488128
1.81288
0.279897
0.366509
0.404381
0.0824467
0.245156
-1.28989
-0.405398
-1.04373
-0.368698
0.627008
-0.751938
1.01084
1.38852
1.10828
0.985805
0.138335
0.0373345
-1.07941
1.54008
0.926976
