1025
-1.04061
1.15627
0.279467
0.709546
0.88769
0.109988
0.0860572
2.34025
0.645392
1.95128
1.52544
-0.525871
-0.838956
0.096181
-1.22219
0.785967
1.014
-0.912874
-0.0752975
0.0708899
-0.855062
0.711187
-0.966684
-0.289295
-0.23046
-0.0728356
-1.4299
-1.10799
-0.405074
0.0246285
0.0701618
0.0288416
-0.15649
-0.27299
-1.3781
0.375908
0.585559
-0.341311
-1.14245
3.08692
-0.227102
0.374676
-0.802088
0.551963
0.489437
-0.697143
-0.687023
0.399952
0.0547938
1.73404
0.204507
1.33815
0.0147371
1.9398
-1.19209
-0.21869
-1.48913
1.40922
-0.0686813
-0.49802
-1.64483
-1.00545
-0.182721
-0.452922
0.48192
0.492057
1.15253
0.433882
0.318166
-0.748194
-0.512775
1.81046
-1.28409
0.739726
-1.35757
0.439246
-1.35546
-1.70167
0.0508362
-0.32133
0.486628
1.86098
0.175427
0.130306
1.19771
-1.07928
-1.37595
-0.831526
-1.25207
-0.774542
1.2984
0.561435
-0.399511
1.35163
-1.31518
1.12971
1.12226
0.353474
-0.0219547
0.232395
0.166955
-0.0248444
-1.10833
2.66739
0.979937
-0.200434
0.378958
-0.768014
1.02541
0.674906
0.285523
0.455363
0.944935
-0.0912514
-0.392437
0.226953
-1.33555
-0.798429
-0.471515
0.703148
-0.414281
-0.0199617
-2.06898
-0.283553
-0.423186
0.498791
0.256235
-0.496183
-1.10698
1.06446
0.15918
-0.256633
-0.393322
-0.402575
1.11814
0.371358
-0.794934
-0.671172
-0.509281
-0.992221
-0.428466
-0.518005
-0.132658
0.159916
2.25719
-0.181783
-0.0620432
1.2405
2.05275
-0.241079
2.20716
0.39341
0.683369
0.506584
0.365993
0.0402133
0.178935
-2.0474
-0.451518
0.384566
0.279539
-2.10555
-1.68862
-0.123453
-0.148979
-1.54483
1.85789
-0.920027
1.01945
0.00650367
-1.35022
-2.60904
1.53265
-0.110101
0.765678
0.605014
1.50075
-0.735689
0.165896
0.0932026
-0.316713
0.375435
0.276691
1.26198
-0.564592
1.15834
0.697266
-1.55361
-0.407785
0.321406
-0.742284
1.40345
-0.236527
0.109719
0.204253
-0.0923031
0.402635
-2.05166
-1.07939
1.77015
1.16775
-1.14035
0.237329
-0.845839
1.09013
1.16725
-0.116334
-0.168821
-0.603898
0.132892
0.519238
0.847375
1.90709
0.912841
0.384857
-0.981846
1.3444
-2.6965
1.8091
-1.0539
-0.142591
-0.724532
0.199325
1.94247
-0.639987
1.06272
-1.03889
-1.8103
-0.0591239
-0.20585
-2.64176
-1.38871
-0.345689
2.9873
0.368999
0.226243
0.11184
1.5427
-0.0254407
1.33885
1.61455
-0.789442
0.354431
-0.365456
-0.065006
0.00310986
0.0548197
-0.290762
1.4758
-0.141926
0.41174
-0.356041
-0.174258
-0.728566
-0.724714
-0.633979
0.984762
0.71129
0.0940814
-0.649206
-0.23953
0.339372
-0.41918
0.762816
-0.0387076
-1.32728
0.83336
-0.0547887
0.155085
0.843275
-1.15535
1.07249
-0.0288974
-1.40683
0.307368
-1.66861
0.528916
0.786379
1.80206
0.870385
0.758007
-1.01122
-1.83044
0.95887
-0.563424
-0.22695
0.118978
-1.34491
0.441453
1.573
-0.595991
1.25003
-0.487584
0.51797
-0.31789
-2.07587
-0.185113
0.497689
-0.563649
-0.872455
0.548498
-0.156478
0.349787
-0.667084
-0.703196
-0.793617
0.0817401
0.0017764
1.54581
1.13321
-0.214046
-0.858926
-1.30613
0.456683
-1.72
0.646318
-0.349039
-0.467849
-0.47326
-0.179515
-0.487362
1.09371
0.433017
-0.626814
-0.69392
0.705465
-0.378312
0.957175
0.591553
0.844875
-0.385246
-0.821694
-1.64296
-0.447653
-1.00267
-1.11577
-1.51186
-0.846694
-0.219916
1.26463
0.0257395
-0.757609
2.09904
-2.00598
1.01576
1.12549
-1.42528
-0.535098
1.89861
-0.0478149
-0.0960131
1.8117
0.269377
-0.390645
1.37776
-0.245799
-0.357543
-3.33582
-0.308078
0.398613
-1.45453
-0.279619
-0.74997
0.881942
1.12902
-0.996196
-0.838375
-0.709797
-0.372357
-0.526812
-0.417629
0.87534
0.672052
0.685709
0.125533
0.360284
0.495527
1.17202
1.07009
0.603837
1.45999
-0.885241
0.463579
2.44094
-0.405197
-1.10155
1.65332
0.174709
-0.517761
-1.73276
0.909357
-0.67326
-0.70844
0.743151
0.0265597
0.219958
0.960706
-0.531293
0.318676
0.653036
-0.810191
-0.403961
2.04265
1.21131
-2.51113
-0.663113
1.02297
-0.900699
0.0610712
0.0095252
-0.206877
1.62498
0.456533
0.116718
0.672296
-0.725627
2.06918
-1.45095
-0.459843
0.490262
-0.0802954
-0.153316
1.12327
2.36321
1.03144
0.0563019
-0.657497
-1.20186
-0.0515705
-1.52668
-0.2524
0.109425
-0.135483
0.183441
-1.2355
-1.55632
-0.9899
-0.691847
-1.08944
-0.135401
0.237192
-0.881328
0.280054
0.391345
1.25174
-1.12613
0.949019
-1.16976
-0.896825
-0.60083
0.71102
0.0755496
1.56248
-0.123179
-1.53157
-0.376795
-0.386613
0.0214973
-1.31632
1.31451
0.0329152
-0.64635
-0.733541
-1.34598
0.388428
0.324011
1.05857
-0.874342
-0.326689
-1.06734
-0.0283901
-0.663697
-1.7399
0.167387
-0.55089
0.0216224
-0.663897
1.42122
1.79774
-0.468561
1.38574
0.264778
0.951074
-0.981102
-0.0061587
0.671371
-0.337465
0.609042
0.586548
0.65052
0.936829
-1.73057
-1.14825
0.405182
-1.14895
-0.452876
-0.306304
0.946405
1.60995
-0.875755
1.56331
-0.04747
2.0727
0.529259
0.199153
1.83706
-0.771894
0.442386
1.26916
-0.103686
1.95191
-0.598723
-0.948824
-1.18217
0.766286
0.333566
0.883089
-0.953425
-0.848417
-1.68898
1.42771
1.72597
-0.384433
0.685231
1.73328
0.871123
0.346223
-1.24097
1.49113
-0.408939
-3.42445
0.908466
-0.225344
-1.13361
0.341395
0.581663
0.737861
-0.246131
-0.0106611
2.59796
2.4567
0.0494059
-0.706392
-0.456026
-0.946419
0.614159
0.804497
0.525385
0.830146
-0.345322
0.404376
-0.916632
0.835638
1.12294
-2.34807
-0.497392
-1.58606
0.946765
-0.21389
-1.38946
-0.316335
0.147447
-0.295748
-0.141575
-0.693938
-1.92782
-0.644123
-1.00582
-0.718185
-0.384177
-0.0282707
0.726339
-0.835223
0.806886
-1.75807
0.49414
-2.9014
0.298231
-0.372886
-0.61536
1.20229
-0.0868304
0.947343
-1.52113
-1.23294
-0.359527
-2.39212
0.423761
-0.0500254
0.441953
-0.947054
0.702974
0.144475
0.212225
0.809072
0.551165
-1.50466
0.85629
0.346457
-1.11181
0.0773422
-0.185308
1.17195
-2.06202
0.145307
0.994879
1.81179
-1.17546
-0.750663
0.832836
0.917466
-0.172774
1.03254
0.337034
0.639473
-0.856843
-1.06727
-0.830967
-0.425686
-0.428748
0.723992
-0.358649
1.00059
0.871295
-0.502907
0.148892
0.959002
0.369493
-1.1602
-0.486433
0.814227
-1.36255
-1.0662
1.54105
0.118548
-0.44172
-0.426718
1.26494
1.23605
-0.0333072
-0.47936
-0.666076
-1.17411
-0.0951563
-1.80519
1.25698
0.536056
-0.524206
0.38868
-0.774039
-0.430314
2.41865
0.846778
-0.463234
2.33419
1.02873
0.627904
0.680784
0.788367
-1.15028
-0.110564
0.973405
-0.0924663
-0.418139
-0.846987
-0.421587
-0.926947
0.418189
-0.811938
-0.255312
-1.03603
1.87645
0.323268
0.426769
-1.33343
0.219016
0.0122653
-0.694618
-1.79923
-1.40112
0.478942
-1.01161
-0.321688
-1.17098
-2.39122
-0.832806
-0.479393
-0.863801
-1.43907
-0.101593
1.06812
0.166037
2.38663
1.05204
-0.0869689
0.776342
0.807756
-0.446231
0.735372
-1.23595
0.0897219
2.4274
0.470132
-0.746359
-0.119827
-0.559389
-0.953501
0.313081
0.482598
-0.482459
0.0327498
-1.70841
0.89939
-0.622131
-0.699262
-0.268316
1.49102
-0.419699
0.296214
-1.73325
-0.706923
-0.182918
0.859674
-0.110417
-0.582177
0.453813
2.70198
-0.14009
-2.09953
1.08507
-1.77923
-0.629376
-0.773772
1.78353
0.476978
-0.116434
-0.145953
-0.238802
-1.00055
0.390201
0.681651
0.77444
-1.51586
1.62566
-0.968202
0.469394
-0.762634
1.53852
0.903221
-1.0136
0.280724
0.501399
-1.35977
0.02516
1.99334
-1.64216
0.556553
0.328079
0.158127
0.282264
-1.39692
-0.320599
2.92561
0.252921
-2.11642
-1.95456
-0.0735741
-0.242102
-0.821951
0.147306
-0.885358
-1.13887
-1.26886
0.202875
0.584439
0.438699
0.391636
-0.571307
0.14603
0.333919
-1.71158
-0.267259
-0.345588
-0.0728597
-1.0633
0.466113
0.058453
0.641163
0.594162
0.69299
-0.324107
-0.59937
-0.462278
1.76418
1.80599
1.01861
0.500431
0.52894
-0.955256
-0.474977
0.76111
-0.951976
0.764795
-1.55257
2.01048
1.23414
0.278639
0.00336909
0.0651314
0.34796
-0.0857323
0.729654
-0.517708
0.800275
2.82671
0.434395
0.882866
1.39749
-0.291285
-2.01722
-0.967409
-1.81802
-0.0755268
1.62764
0.772548
-0.102164
-0.467452
-1.24406
0.89445
-1.45017
-0.371068
-0.48352
-0.857682
-0.678568
-0.173202
0.4447
0.151688
-0.981623
-0.336577
-0.576529
0.250372
0.935
-1.13004
-1.26561
-0.0208558
1.49327
-0.662806
0.275265
0.560395
0.257703
-0.295593
0.355272
-0.65918
-1.9471
0.716623
0.363288
0.850686
0.287437
1.42085
-0.0354049
-1.77922
0.154188
0.0366689
-2.24457
-1.58622
-0.930596
1.69779
-1.65364
-0.726396
-2.34461
0.532333
-0.339688
2.14761
0.983272
1.14511
0.890758
0.195842
0.561244
0.0842799
0.384812
0.696552
-0.298605
0.321138
0.704141
-0.557378
-1.64626
-0.579972
-1.35817
1.74414
1.01037
-0.275098
-0.0329313
0.713733
-0.14494
0.994935
-0.940471
2.21142
-0.0514339
-0.837911
-0.61821
-0.0929658
0.17651
-0.308171
-1.80246
-0.563367
0.654792
-0.00678171
-0.0234494
0.563855
-1.284
-0.73163
0.291608
-0.769696
0.302947
0.383815
0.215822
-0.283786
-0.453667
1.48336
0.97025
-0.968175
0.87961
1.00831
1.37023
-0.841308
0.544935
2.02732
1.23979
-0.380282
-0.727043
-0.635037
-1.16191
1.69209
0.339791
-0.504909
-0.016359
-0.401861
-0.361202
0.344082
-1.30411
1.89175
-0.690283
0.72063
-0.815291
0.543794
-1.767
0.522635
-0.531324
-0.636181
-0.737791
1.09707
-0.518173
-1.21713
-0.692297
1.66514
-0.937189
0.706256
-0.532606
-1.1609
-1.83362
-2.32951
0.405771
-0.440903
0.578919
0.30333
0.172965
1.89122
-1.33554
-1.16498
-0.00557652
-0.344182
1.00341
-0.985659
0.77687
-1.44391
-0.403866
-0.311585
-0.0118018
-1.83712
0.324612
0.246328
-1.00804
0.320971
-0.824687
-0.59321
-0.447882
-0.870613
-0.273449
0.264116
1.24149
-0.157822
0.84422
-1.31384
0.337514
1.77079
0.874829
-0.129486
0.546027
1.10989
0.79661
0.857784
-1.05035
-0.42585
-1.98514
-1.37936
-0.984605
-0.279538
1.47526
-0.350077
1.86297
1.15066
0.450096
0.915804
0.559914
1.00932
0.651911
1.27377
0.461539
1.35384
-1.05654
0.413328
0.10828
-0.181212
-0.852604
-1.27291
