1025
-0.807719
-0.943184
1.26252
0.00274218
-1.67973
0.0990699
-2.09258
-1.39641
-0.0205943
-0.101548
2.72681
0.855597
-1.20864
-2.50163
-1.20138
2.18429
0.523169
0.0389448
1.19401
0.408329
0.695577
0.123382
-1.31563
0.418176
1.40511
0.619215
-1.16842
0.264877
1.22772
-0.0751753
0.534609
-0.987871
0.909415
-0.692455
0.212499
1.44332
-0.00122117
-0.285515
-0.985927
1.77812
-1.43286
-0.389065
1.54833
-0.0871731
0.0671088
0.892998
0.340902
-0.491432
-1.20709
0.0460756
0.5826
-0.917968
0.793204
-1.43618
-0.888004
1.74298
0.631221
-0.282022
-1.23984
-0.771953
-0.556562
-0.674561
0.773024
-0.486309
0.938622
-0.607532
-1.12026
-0.847506
-0.363062
1.30077
-0.164812
-0.535798
1.12453
0.199232
-0.491742
-0.863324
-0.856155
0.532303
-0.0710663
-1.75895
-0.00429321
1.22098
1.08623
0.596379
-0.766725
0.663408
-0.785574
-0.00946374
0.601323
-1.86361
0.791712
-1.63079
-0.821178
-1.57024
1.25217
0.137839
-1.42929
-0.979381
2.54046
-0.0670493
-0.421256
0.296029
0.0278515
-0.342741
0.697959
0.499511
1.12054
0.240247
-0.0913697
1.66834
-0.249016
1.47672
-0.14882
-0.626437
1.79379
-1.09507
1.39785
-0.420647
-1.23903
0.411082
-0.563884
0.408169
0.701394
1.27364
0.122045
0.126384
-1.24846
-1.76936
2.39126
0.770325
-0.0664979
0.415074
-0.256835
-1.24097
-1.18011
1.59666
0.631017
0.0381737
-1.13821
-0.0259773
-0.19161
-0.154711
0.944664
-0.260776
0.0709019
1.01388
1.53508
-1.17318
-0.502535
1.066
1.57166
0.348876
-0.482909
0.253648
0.747937
-0.138862
-0.624124
-0.408516
-1.20219
0.609113
-1.21768
2.02356
0.0909651
-1.02685
0.324562
-2.12119
-0.183437
0.39933
0.424988
-1.059
0.20798
-0.195852
-1.20235
-0.169774
-0.154362
-0.320953
-0.5195
0.637055
1.52411
-0.559481
-0.385365
-0.753474
-0.354745
-0.524241
-0.510915
-2.12618
-1.11182
0.472845
-0.0576894
0.400046
-0.197227
0.763966
1.86655
0.577657
-0.485447
0.558237
-1.83418
-0.431673
1.05444
1.73445
-1.05684
-0.686892
-1.54698
0.0225893
-0.42242
1.79834
0.44392
0.506046
0.594464
0.118725
-0.365384
1.16041
-2.04054
1.25539
0.601136
-0.222895
-0.598338
-0.376993
0.762731
0.258997
1.16932
-0.396909
-0.737561
-1.12944
0.599069
0.87635
1.73942
-0.935874
1.03741
1.14972
0.751943
1.35184
-0.275764
-0.801098
0.636555
-0.597838
1.93693
-0.595894
1.18506
-0.409554
-0.922543
-0.0406316
-0.190526
0.164258
-0.0340898
-0.82509
2.19414
-0.474234
0.689566
-0.321066
-1.06407
-0.0271603
-0.219482
-1.92786
-1.13438
-2.74219
1.28491
1.65273
-0.470545
1.11944
-0.291893
1.13324
1.02927
-0.310026
1.16303
-0.577134
-0.66738
0.638805
-1.9789
-1.15923
-0.45346
1.26622
-1.2334
0.360511
-0.732249
1.0099
0.608376
-0.67436
0.327136
-0.089155
1.83727
0.47676
0.401069
1.41289
1.74208
-0.0854773
-0.0122953
2.74818
-2.93118
-1.23622
-0.213834
0.0862073
0.284441
0.89853
0.741174
-1.46633
0.0260354
0.927685
1.18969
-0.584609
0.134487
0.291507
0.903356
0.394391
0.172583
0.0212387
0.54507
0.986939
-0.417262
-0.635755
-2.34449
1.70143
-0.273914
-0.421718
0.183997
-1.79839
-0.650611
-1.12484
1.70432
-0.0914399
-1.82115
-0.497154
-0.915039
-1.05713
1.06278
0.126259
0.721062
0.815943
-0.650624
0.0891735
0.363791
-0.470532
1.12683
0.286357
-0.489723
0.205969
0.488382
-0.261682
-0.753735
1.39272
-0.793683
-1.60709
-0.142556
-0.31042
0.309696
0.455384
-2.23183
0.301184
1.26951
-0.494706
0.790628
0.190114
0.523286
-0.441406
0.101602
0.65775
1.99868
-0.58049
0.505345
-0.159888
0.764209
0.448379
1.6268
0.35642
-0.308711
0.392707
0.171332
-0.665819
0.673831
-0.8757
-1.12541
0.761329
0.979135
-0.567419
2.22502
0.600276
0.813675
-1.57757
0.797795
1.74973
1.4161
-0.354524
1.48763
0.348773
-1.78401
-2.06102
-0.401417
-0.55799
0.245705
-1.01711
-0.345339
2.37532
-0.626172
0.249105
-1.16163
-1.82563
0.357192
0.549051
0.223615
-0.439128
-0.0571499
-0.595943
-0.206208
0.161863
-0.48895
-0.273278
-0.603713
0.812844
0.280769
1.11937
1.73733
2.1268
-0.926894
-1.03584
0.362552
-1.14673
0.563641
-0.83656
-0.452435
-0.713491
-0.859842
0.205315
0.899536
-0.196251
1.61166
1.38749
0.671687
2.02043
-0.88548
1.38324
1.12621
1.73256
-1.37627
0.89878
-0.282105
0.375066
-0.914477
-1.21905
1.21904
-0.584125
1.21361
-1.02304
-0.646275
1.86897
-0.0986963
-0.659279
-0.00140963
0.0603108
0.930967
0.611503
-0.159242
2.1391
0.618199
-0.17596
-1.37346
-1.78516
0.963954
0.910855
1.76368
1.33451
0.46064
0.531406
-1.48315
0.0993499
0.449868
1.81787
-0.788747
-0.957635
1.33804
1.53211
0.0494617
-1.62915
-1.01462
-1.12572
0.610961
0.149473
0.994009
1.22964
-1.66099
0.132728
-0.756552
-0.0351188
0.0234602
0.675297
-1.57309
-0.178447
-1.37388
-0.800187
0.318532
-0.326906
-2.24126
0.481329
-0.24527
0.541573
-0.535014
0.719455
-0.913085
-0.233329
-0.398757
0.754815
-0.314356
0.508355
-0.815433
0.168244
0.261936
1.17315
-1.02274
-1.88543
-0.357369
-2.06071
-0.910474
-2.51394
0.010104
0.325749
0.712101
-0.671139
-0.108831
-0.650992
-0.426042
0.200258
3.2538
1.03574
-0.646013
0.924488
1.13016
1.72428
1.41926
0.373197
1.06646
-0.263741
-0.747655
0.878754
-0.0129607
0.0344814
-0.971299
0.476165
-0.0158754
1.27575
-0.438557
-1.00649
0.646674
0.916587
-1.28447
0.0827064
-0.412498
2.36643
1.87314
-0.705104
-2.71537
0.375161
1.35734
0.633891
0.192967
-0.572126
-0.531273
0.793299
0.170282
1.48922
-0.299247
-1.25897
1.44946
1.67588
1.3749
-0.295319
-0.523882
-0.485909
-2.265
-1.37778
-0.946851
1.65592
-0.508175
0.36078
-1.46907
-0.00419409
-0.181574
-0.552584
-0.124623
-1.19357
-0.836014
-1.42105
1.20327
1.24255
0.0218142
-0.521653
-0.626532
0.33479
-1.6423
0.636933
-0.494709
-0.0311156
-0.680053
2.00178
0.0771973
-0.72235
0.546418
-1.78774
-1.85057
-0.305696
-1.64202
-2.3959
0.703131
-1.00388
0.0584167
3.18167
-0.326096
-0.883385
0.55132
-0.428146
0.200894
0.534251
2.65275
-0.171945
0.613267
-1.48489
2.77995
-0.372841
1.35739
-1.50055
0.944535
1.685
-0.903339
-1.30076
0.225807
-1.87184
-1.49538
0.149476
-0.356233
-1.92508
-0.279102
-0.215562
-1.69764
-0.337344
0.502842
-0.710821
-0.501511
0.449304
1.03945
1.4489
-0.603672
0.0688587
-2.28449
-0.36059
-1.03845
-2.16489
0.569633
-0.263269
-0.811491
0.276811
-0.220137
0.847088
-0.585053
-0.530944
0.0555514
-0.915092
-0.658295
1.38461
-2.12086
0.400541
0.080758
1.67007
0.466987
0.133637
0.0846088
1.74505
-0.864137
-0.269734
0.388288
-0.126898
-1.2568
0.425804
-0.28606
0.0364767
0.20713
-0.241461
-0.382032
-0.399061
1.14869
1.23314
0.581869
-0.66357
0.402393
1.38979
-0.470403
-0.278754
-0.121622
0.226357
1.83685
0.51634
-1.0907
-0.301585
-0.0476885
-1.79895
0.341068
-0.90133
0.0375977
-0.261531
-0.0893151
-2.35564
0.563474
-1.38125
-0.689071
0.499155
1.53726
0.917977
-1.04916
0.514042
0.213859
1.66326
0.00791614
1.35739
-0.862576
1.27632
-0.569186
0.320248
0.513939
-0.732837
0.569235
-0.293658
-0.998188
-0.486806
0.495826
-0.0285611
-1.08525
0.100852
-1.00626
-0.41798
1.02831
-0.530891
-0.0997167
-0.735024
0.12566
-0.722599
0.89425
0.709145
0.0130554
2.33522
1.09811
0.542475
-2.86033
-0.0241602
-0.247656
0.657957
-1.61286
-0.303269
1.09039
0.188047
-1.3676
-1.18847
-0.366834
0.997437
-0.922368
0.873028
-0.794053
-0.753958
0.21715
-0.658627
0.722208
1.02585
0.184483
1.21476
-0.868917
0.145117
-0.883856
2.1709
0.0977813
1.0456
1.19846
-0.626864
-0.329401
-0.323817
-1.38996
-1.3414
0.474053
0.00624622
0.0160806
1.04438
-0.29843
-0.823578
-1.3798
-0.558075
-0.862743
1.34469
-0.759812
0.618306
1.0852
-1.5117
-0.138657
-1.84242
1.708
2.13935
-0.157572
0.71894
0.581203
-1.59304
1.38126
2.27445
-1.34979
-1.93153
-2.40928
1.96022
-0.222712
0.470801
-0.452724
0.290853
-0.0338845
1.0904
0.525144
0.566227
-1.24578
-0.454428
0.805517
-1.86232
0.0675462
1.84166
1.32272
-1.27477
0.736118
-2.13685
0.00890426
-2.58442
0.295343
-1.3245
-1.42921
1.0587
0.286858
-0.101
-0.619795
-0.457277
0.0130069
1.31021
2.62354
-0.0660977
0.845912
0.09036
0.233853
0.111
-0.979017
0.141174
0.00832269
0.771869
0.544561
-0.427308
-0.0808832
-0.859312
0.327291
2.61162
0.0309094
0.386546
0.683091
-0.695272
-1.8475
-1.43733
-0.77951
-0.05187
0.493713
0.844818
0.254403
0.800933
0.398588
-0.971536
-0.712226
-0.843125
-1.85083
0.172633
0.402787
1.42635
-2.26582
-0.947924
-0.880692
0.0331874
2.08734
-0.56972
0.843544
-1.25892
0.360791
1.03321
-0.226667
-0.934369
0.826533
1.70203
0.289344
0.83337
-0.225684
-0.29202
-1.39527
1.99586
-1.03525
-0.793985
1.05726
-0.162855
0.39728
-0.926613
-1.4668
-0.496659
1.05269
0.329935
0.391277
-0.141675
-2.47943
-1.65216
0.540732
-1.84384
-0.801086
-0.189832
-0.826391
1.61538
0.0781441
-0.456181
-0.735263
1.43859
-0.0235086
-2.15903
-0.26246
-0.118868
1.33963
-0.0296622
0.260332
-0.214453
1.24622
0.816079
1.36209
0.300835
-0.669388
-0.673571
-0.0924796
-0.0737416
0.272071
2.26402
-0.164682
0.506068
-0.502857
-0.72085
0.50122
-0.81407
-0.0693891
-0.649908
-0.757569
0.0487362
0.207461
0.662946
-0.824952
0.478674
-0.384749
0.929054
0.231537
0.691774
0.866445
-0.0575745
1.25008
-0.910854
1.66618
-0.792698
0.511787
2.0936
2.45732
0.0430263
0.557534
-0.680338
0.918116
1.78657
-0.385656
1.44409
1.76168
-0.652702
-1.38373
-0.988536
-0.38108
-0.214171
1.24457
0.192973
-0.212374
0.671485
0.646228
1.13798
3.59669
-1.18359
-0.495205
0.273664
1.42913
1.83628
-1.10482
0.311339
1.07893
-1.1428
-0.17697
-0.931782
-0.533274
0.275362
-0.406974
-0.993232
0.326728
0.276898
-0.917116
-0.241544
-1.4773
0.641451
-1.26348
-0.0961353
0.729892
0.692877
1.05947
1.52024
0.850609
0.139518
1.24826
-0.666931
0.359479
0.214322
0.581472
-0.371211
-0.025543
0.338903
-0.173936
-0.0303131
-0.0526222
-1.27555
0.609641
1.16252
1.48903
1.69171
1.63111
0.116652
0.0631164
0.476195
-0.351498
