1025
-0.10704
-0.460315
-1.45627
-0.620569
0.665553
-1.89578
0.073038
-0.274049
-1.03302
-0.410367
1.19723
0.338961
0.954145
1.97156
-1.10321
0.846457
-0.27719
0.135159
-0.0991424
0.693086
-0.0684177
-0.101616
0.291001
-0.364196
-0.416017
-0.927725
-1.95744
-0.187259
0.930648
1.66569
2.25426
-0.86638
0.422669
0.930886
-0.674725
0.784267
0.852295
-0.660903
-0.522303
-1.02668
-0.564094
-0.928727
-1.71833
-0.991207
-0.354066
0.826391
1.33721
-1.01316
-0.847703
0.673311
0.188588
-0.253006
-1.01061
-0.318012
1.40295
1.2471
2.15089
-0.0508537
-1.46022
-1.67014
-0.342871
-0.808156
1.41325
-0.185813
-0.617219
1.46433
-1.33533
-0.607914
0.441228
-0.00965316
-0.220797
-1.18813
1.66807
-0.627076
-1.331
2.17473
0.205121
-0.803684
-0.0775395
-0.0692312
0.487728
-0.269414
-1.40054
-0.944671
0.553904
-0.227876
0.66046
0.631416
-0.87466
-0.00367988
0.192994
-1.73036
0.829301
0.717786
-2.02825
0.501206
-1.586
1.09571
0.575062
-1.8924
1.18078
1.1878
-1.12841
-0.763715
1.07569
0.788342
0.992567
-1.14386
0.807922
0.443514
-0.253076
-0.30743
-1.37255
-0.859678
0.0739177
-1.84004
-0.73724
-0.713104
0.240389
-0.294764
0.152086
-0.185898
-0.173527
-0.620521
-1.45902
-0.0621619
-0.302941
0.287244
-0.877642
-0.53068
1.37557
-0.217531
-1.12855
0.289498
-0.363946
-0.217125
1.253
1.79868
0.180653
-0.112095
0.114622
2.35649
0.121462
-0.49729
-2.66668
-1.37914
-0.916344
0.0760048
-0.257479
1.3323
-0.709109
-1.24217
0.457975
-0.170234
-0.182548
0.353459
0.979411
1.07253
1.46164
-0.100028
0.440628
0.709701
-0.665305
-0.44811
0.537231
-0.122465
-0.718931
0.690622
-0.179585
1.29222
0.791256
-1.91474
1.25899
-0.0981734
-1.03924
1.63625
-0.0366477
-1.1403
0.315881
-0.512048
0.0631664
-0.874628
0.271832
1.58767
0.53528
-1.16604
1.60158
1.57552
-1.23654
-0.168215
-2.80429
-2.04284
-0.537975
1.03133
0.944326
-0.690198
0.402409
-0.027179
0.221749
0.74241
0.518641
-0.274477
0.555189
-0.765398
0.331292
-1.14527
-0.847984
0.414795
0.264994
0.425399
1.62855
0.460298
2.49932
-0.980722
0.128377
0.452098
0.155279
-0.373819
1.93769
-1.67129
-0.188035
2.12475
-0.259179
0.730562
-1.51239
0.553889
-0.24528
1.56181
-0.704526
-1.43964
0.0758343
-0.582131
-0.0904252
0.870139
-1.13657
-0.386956
-0.124012
-0.193774
-0.245942
-0.22555
-1.14616
-0.140056
-0.427941
-1.84468
-1.33212
0.189238
0.569763
1.09568
-0.102152
1.83262
0.993616
-0.338291
-0.460232
0.580643
0.577786
0.34085
0.305003
0.473924
1.84522
1.01508
1.33814
-1.28926
-0.734176
3.12141
0.642291
0.265161
1.81375
-0.230047
0.62998
2.03091
-1.70629
-0.067184
1.03281
-0.881849
0.65943
-0.509832
0.631116
-0.794399
-0.41571
-0.978882
-0.620217
-1.14872
0.200955
0.67805
-1.54741
0.934599
-1.88762
1.26557
1.75511
-0.0458536
-0.25939
1.72932
0.272865
0.139538
-0.488482
0.451378
-0.444827
0.457192
-1.77215
0.0910397
-0.080149
1.93933
-0.571079
-0.374138
1.20006
0.894071
-0.227523
1.57026
0.612511
-1.02739
0.875097
-1.46821
-2.15013
-0.670379
0.354779
0.708868
0.576827
-1.39151
0.952463
-0.76505
-1.18438
0.603148
0.629517
-0.326599
0.966912
1.56121
-2.06974
0.840385
0.312331
-0.986789
-0.0705002
0.20986
-0.212118
0.0789146
0.476837
1.88771
-0.0510178
-1.61202
-0.635308
-0.624763
0.536716
0.680061
-1.52252
1.02094
0.40477
-0.466578
0.0641738
0.609814
-0.765504
0.0618965
-0.160367
-0.135374
0.571051
0.405471
-0.151432
-1.5148
-1.58619
0.917602
0.00936195
-0.366293
1.75418
-0.102977
-0.60025
0.911716
-1.64026
-0.935491
0.23712
0.575286
-0.0980549
-0.604197
-0.992947
-0.628841
-1.07282
-1.09631
-1.34108
-0.199432
-0.597689
0.873642
-1.15394
-0.238471
-0.898026
0.496806
0.865578
0.565261
0.960839
-1.60712
0.315872
-0.425814
-0.832196
0.143185
-1.35179
-0.145727
-1.44442
-1.51133
0.80975
-0.189533
-1.52269
-1.19864
-1.60971
1.02636
1.82357
-0.239775
1.93696
-0.172214
-1.11724
-2.11456
-1.747
-0.0998345
-1.18479
1.39667
-1.38028
0.690448
0.239295
0.441802
-1.87228
2.13041
0.477209
1.60739
0.10318
0.531138
-0.577458
0.324132
0.135476
0.304809
0.620048
0.358803
0.864439
-0.0167421
0.0972614
-2.22484
0.00670807
-0.392599
-0.276954
0.490892
-1.76687
-0.115345
-1.05384
0.133746
0.119708
-0.531195
1.07977
2.4926
-0.220832
-0.934109
-0.721214
0.157008
0.83862
0.369536
-0.140093
-0.537671
-0.635503
-0.807564
-0.21457
0.141943
-0.0149582
2.21275
-1.57731
1.246
-0.701863
2.0223
0.358637
1.19458
-0.072226
0.403911
2.46977
-0.347498
0.128359
-0.575159
-1.22967
2.40787
1.23931
1.13006
1.96704
0.566126
-0.270223
-0.691225
-0.390002
-0.870327
-1.06777
1.03604
-0.488544
0.434237
0.19971
-0.843388
0.491694
1.07627
0.63993
-0.12137
-0.0163145
0.796901
0.301742
1.58366
0.271733
-0.191463
-1.51293
0.0089138
-0.283464
1.16646
-0.0966562
-1.09374
0.626479
-0.527656
-0.590351
-1.16993
1.4247
-0.919866
-1.02441
0.445999
0.712095
-0.0948463
-0.933602
0.670242
0.164747
0.970527
1.21311
0.743986
2.35705
-1.44403
-0.50716
2.52854
0.732337
0.129576
0.666222
-0.0341527
-0.244149
0.371472
-0.344496
-0.0690984
-1.5152
-1.89786
-0.105601
0.329317
0.294028
-0.331864
1.12071
-1.36328
0.953717
0.0621085
-0.457098
1.8309
0.239733
-1.9543
0.350038
-0.556158
0.398873
-1.37553
1.10944
-1.62129
0.500122
0.382246
-1.76295
-0.79652
0.2654
-0.304156
-0.367241
-0.747671
-0.0188571
-0.658696
0.105852
0.205645
0.733266
-0.415644
0.0407439
-1.32571
-1.13785
0.683852
0.0957997
-0.326884
0.252956
1.21329
-0.266666
0.624377
0.816596
0.166354
-0.332785
1.84028
2.15067
0.357421
1.31297
1.53059
-0.35544
-1.56699
1.65011
0.906471
0.151339
1.6264
-0.102822
-1.19991
-2.0186
1.6942
1.37585
-1.80949
-1.49826
-0.390035
-0.241265
-0.56504
0.0486829
-1.85736
-0.825478
0.0180603
0.272887
-0.819069
-0.455535
0.99684
-1.61915
0.538683
0.368571
0.101749
-1.11046
-1.17042
1.07164
-0.47565
2.07998
0.993143
-0.730748
0.0930033
0.92412
0.732287
1.61632
0.719448
-0.983639
0.173878
1.95166
1.43586
1.45721
0.997284
-2.185
0.761701
0.221417
-1.50728
-0.833808
0.391465
0.241702
-1.45182
1.26741
0.588148
-0.206724
0.329645
0.593671
-0.0383283
0.117528
-0.776631
-0.740185
1.64547
0.459838
0.212979
-1.26189
1.62509
-0.0345863
0.222704
-0.530492
1.02956
0.636258
0.254422
-0.290198
1.2041
1.02683
0.892858
-0.997364
0.38165
0.385882
-0.906869
-0.582353
-0.735937
-0.231969
0.465062
0.610423
1.66769
0.887332
-0.125685
0.739899
-2.22363
1.17966
-0.0416973
-0.826518
-0.756545
0.315004
1.15029
0.587808
-0.117261
0.82174
-0.510683
-0.146263
1.37312
-0.927521
0.161125
0.65215
-0.185779
2.07503
0.556154
-0.439326
1.44901
0.618845
0.511488
0.319778
0.68125
-0.929587
-0.600928
-0.999896
-0.14904
1.08619
-0.272843
-0.138565
-1.52545
0.239035
0.101663
-1.01821
-0.774007
0.120084
0.876338
-1.80702
-1.67802
-0.0109723
0.368167
-1.85391
2.3234
1.8415
-0.871049
-0.548402
-0.33709
0.842317
0.678626
0.110846
-0.862783
-1.56371
0.269536
0.302814
0.209759
1.11213
-0.0452681
1.65157
-2.11803
-0.202924
0.678437
0.659505
0.695708
0.19683
0.294198
-0.66486
1.6784
-0.404062
-1.2171
0.263704
0.375653
-0.153404
-0.0632053
-1.14921
-1.17064
-0.282156
-0.998783
2.44318
-0.940409
-0.793028
0.354607
-0.983593
0.0351848
-0.260215
-0.740232
1.3921
-0.878285
-0.0986025
0.37656
1.04287
0.727709
-0.157245
1.68086
-1.19962
-0.14773
0.0919731
-0.0182675
-1.94165
-1.17478
0.850521
0.763633
0.77052
-1.78164
0.422336
-0.480072
0.893674
0.362743
0.038095
1.33216
1.63634
0.643878
1.50261
-0.00756534
1.71193
1.41545
-1.77691
0.766139
-0.833063
-0.0311505
0.759256
-0.294895
2.5469
-1.01952
0.0190406
-0.725469
-0.13068
1.32825
-1.78182
1.95527
-0.51342
-2.11565
1.20682
-0.38784
-0.089589
-1.25173
1.24298
-0.730661
-0.704611
-0.855545
-0.285408
-0.151288
-1.5401
0.479233
-0.214041
-0.153019
0.0366902
1.84006
-1.89796
-0.303593
0.0347131
1.68201
-0.445967
0.492846
0.136466
0.455001
-1.32564
0.677184
-0.618017
-2.09565
0.795048
-1.67675
0.74342
0.884196
1.75682
1.62902
-0.389979
2.38407
0.0392683
-0.759462
0.734513
0.163105
1.2367
0.617152
0.63717
0.0324454
0.375764
-0.515017
-0.0869689
0.0226779
-1.29065
0.280245
-0.729516
0.283415
-1.55888
-0.396409
0.618165
0.488467
1.69763
-1.21074
-1.46535
1.55909
-0.562317
0.147389
-0.288706
1.52565
-0.107782
-0.449352
1.33151
0.377661
-0.780719
0.73656
0.24132
-0.491864
2.18722
-0.511019
2.02858
0.192315
1.52627
1.4186
-0.7566
-0.469824
-1.71018
-0.509518
0.638858
-0.672755
1.92289
-0.802816
0.328447
0.443469
-0.878115
-0.56324
0.11591
0.18905
0.699068
-1.89322
-1.54222
0.247037
0.0771592
-1.77774
-1.57877
-0.304802
-0.297638
1.03117
0.542699
0.394782
1.18507
-0.748385
-1.52114
-1.98569
-1.60656
-0.337054
0.115187
0.150081
-0.657063
-0.00163396
0.386316
0.615718
-0.726346
0.260592
-0.0578148
-0.777901
2.34155
-0.226269
2.07452
0.453881
-0.667787
1.14459
-0.340967
0.557249
-0.102379
-0.673762
1.50549
1.48547
0.682794
0.283916
-0.740254
-1.13312
-0.570058
1.40912
-0.249093
1.00766
-1.3251
-0.624754
0.171402
0.320412
0.207922
0.654555
0.758985
-0.213655
1.39552
0.532514
1.21367
-0.0529235
0.0233206
-0.126214
1.64118
-0.56472
-0.649409
-0.25293
0.72568
-1.49759
0.646944
-1.78122
0.83264
-1.0047
0.798567
0.462943
-0.286019
-1.0519
0.279825
0.489474
-0.458411
-0.576812
-0.0686318
-1.14841
0.466088
-0.496976
-0.00644605
-0.0696126
-1.65391
-0.205289
0.381171
0.515387
-1.10001
2.91531
0.119471
0.87758
0.498856
-1.34625
0.282714
-0.37754
0.549106
0.610921
0.312259
0.541406
-1.49115
0.982706
1.94382
-0.0285815
0.210565
-0.261843
0.414066
1.62577
0.0127905
-0.207688
1.42529
-0.822282
1.13325
-0.386456
1.03509
-0.350373
1.08951
-1.13237
1.20991
1.15351
1.79607
-0.343486
0.703066
0.138236
0.43475
-0.742923
1.59172
