1025
-0.624345
0.844393
-0.390706
0.728281
-1.32043
-1.56153
-0.333119
-0.383421
-0.219659
-0.418509
1.94653
0.431629
-1.95785
0.753868
0.00663214
0.079449
-0.196196
1.1721
1.14953
-0.0501288
0.550157
-1.196
1.02949
-0.297467
-0.489304
0.46399
-0.692562
0.453545
-0.310211
0.152772
-0.0510944
-0.737764
1.21888
1.35789
0.144765
-0.374548
-0.099984
-0.609591
-0.386974
0.202656
-0.430266
0.611841
1.79029
1.44329
-1.49246
-0.989177
-0.325593
-0.242186
0.635447
-0.154663
-0.418372
0.588418
0.685668
0.506817
0.112679
1.15099
1.59055
-2.55972
0.517072
-1.12779
1.95316
-0.676761
-0.662743
-0.868509
-0.387066
-0.699375
-0.693139
-0.643758
-0.393991
-1.1207
-1.05355
1.10397
0.586029
-0.488946
-0.306021
0.0244681
1.22761
0.0376876
1.06698
0.982115
-0.663904
1.50595
2.99389
-1.34955
0.645951
1.51278
-1.64245
-0.372377
-0.60247
0.559228
-0.513933
1.53738
2.87919
-0.917918
-2.01934
-0.717024
-1.0754
-0.868665
-0.181941
0.832519
-1.09103
-1.37015
-0.629882
0.716865
1.0165
-0.227684
0.0132307
2.68886
0.103856
-0.955431
1.45683
-2.3133
0.716163
0.121729
-0.706793
0.917076
-3.44366
0.0801908
-0.935506
-0.555517
-1.84322
0.291839
0.337985
-0.156101
-0.178198
-0.642286
-0.25379
0.734427
1.19203
0.698036
-0.0456571
0.958935
0.252256
-0.205112
-1.74784
-1.70298
0.497841
0.530249
0.397261
0.283544
2.63235
1.19513
-1.50336
-1.11508
0.968403
1.59228
0.260958
-1.6457
-1.18161
-0.159659
0.77311
0.0100005
2.06595
-0.241662
0.25341
-0.818699
-0.14701
-0.403212
0.502561
0.187784
1.18101
0.336832
-2.40048
0.646281
1.63462
1.03457
0.831492
0.995586
-1.22188
-2.91323
0.0590536
-0.594685
0.205962
-0.750901
0.292105
-0.184646
0.5737
-0.0746569
-0.248478
-1.24057
0.55587
-1.14062
-0.763803
-1.30518
-1.41454
-1.0194
-0.0736994
-0.411885
1.65982
-1.60548
1.74917
-0.0426526
1.65907
-0.151592
-2.20498
1.32588
-0.701736
-0.291666
-0.0510527
0.0973673
0.69251
1.41357
0.503662
0.128647
0.860852
-0.917855
-1.02595
0.133035
-0.797261
0.565868
-0.0447007
-0.250196
1.47691
0.411167
0.385988
1.03707
0.265254
1.60444
0.589725
-1.50477
1.83102
-0.626474
-0.685024
0.819896
0.450123
-0.183329
0.69757
-0.740535
-2.09646
-0.0307485
-1.30814
-0.189514
1.25683
-1.58225
-0.00309369
-0.822168
-0.331351
1.31096
-0.713944
1.06971
1.29373
-2.2767
-0.641029
-0.0891422
0.831846
0.241507
1.12879
-1.1848
-0.344903
-1.02874
0.878065
1.90137
-1.58054
0.713444
0.408607
1.14159
-1.55189
-0.61098
1.93262
1.11518
-1.54378
1.36546
-0.0957715
-0.0750806
0.160582
-0.3157
-1.92481
1.51774
0.189595
-0.815441
1.92919
-1.04234
0.170394
0.24661
1.22618
-1.23156
0.104533
1.46134
-0.637408
0.385831
-0.305645
0.0502394
-2.14071
-0.116925
1.46977
1.6267
-1.11829
-0.986177
0.399873
-0.650143
-0.778917
-1.73895
0.72506
1.13012
-0.919897
-0.663532
1.33213
0.493126
-1.98607
-0.226161
-0.980723
0.950329
0.711916
-0.104248
-1.12892
-0.862971
-0.84746
-0.717019
-1.15742
1.40984
-0.242135
-0.243677
-0.661768
-0.956991
-0.811945
0.492872
-0.621019
0.196519
-2.01827
0.163934
-0.751259
0.0194501
-0.937581
-1.86227
0.449416
-0.183885
-1.34843
-0.526738
0.358242
0.588866
1.6933
-0.568594
1.22265
-0.447662
1.19126
-0.389112
-0.246715
1.83936
-0.512565
-0.401735
1.07203
-0.0988661
0.0559474
-0.167422
-0.652465
-0.91934
-1.574
0.317851
1.42606
-1.17044
-1.07977
0.651691
-0.255169
-0.403771
0.240402
0.407547
-0.404109
-0.704547
-1.00691
0.664004
1.19184
2.30081
1.02603
-0.17281
0.529538
2.29296
-0.572345
0.029928
0.0514935
-2.38834
-0.161933
1.16934
0.354262
-0.395664
0.447632
0.643355
-0.392016
-0.179243
0.0760517
0.227257
-0.556013
-0.571506
0.930495
1.24601
-1.1973
-1.36617
-0.421876
0.325179
-0.449716
0.524822
-0.740986
-0.195812
-0.122377
-0.409213
0.261095
0.8035
-1.71698
0.957779
0.761776
-0.595368
-0.594044
-0.088512
0.733441
0.370241
-0.36103
0.149328
1.38158
-0.810253
0.0611431
-1.33884
1.05373
1.69195
-0.472961
0.33489
1.54409
-0.66255
-1.9283
0.714316
-1.16716
0.225533
-1.56551
-0.0525457
0.0582377
-0.00616149
-0.431625
1.53925
1.15488
0.636833
0.0908165
0.631679
1.53318
-0.348812
0.843775
3.04268
-0.977015
-0.635594
-0.561968
-0.759406
1.1042
0.836628
0.324035
-0.467177
0.856618
-2.15333
-0.912064
-1.25155
-0.437811
-0.112979
0.655293
0.951231
0.495321
0.0416557
-1.54181
-0.146656
-0.577104
1.91478
1.21607
1.07474
-0.119998
-0.472014
0.59801
-0.265575
1.82622
-0.310986
-0.432518
-1.05018
0.591196
0.198328
-0.689525
0.190557
-1.226
-0.992016
-0.7598
0.756906
-0.431943
0.811839
1.02116
0.343552
0.58886
-0.341531
0.269333
0.0419659
-1.25781
0.474561
-0.15081
-0.756877
0.530836
-0.0285964
-0.959695
0.863194
-0.175735
-0.665209
-0.502196
0.920096
1.0137
-0.3282
0.411219
0.698679
1.18108
0.755777
0.567941
-0.0499378
0.556375
1.22791
3.04051
-0.109033
1.34857
-0.649778
0.694314
1.83639
0.119246
0.455657
-0.00876616
-0.918453
-0.875995
-0.212866
0.893959
-1.45762
0.122312
-0.443599
0.175796
-1.77951
1.05313
-1.02859
0.311812
-1.11177
0.622156
0.278921
1.54072
1.0042
-0.598935
1.41178
0.112462
-0.206455
1.9527
-0.975745
0.500392
0.493652
-0.157524
1.76221
-0.740578
0.594969
0.863215
-1.95803
-0.780397
1.20897
0.302069
-0.259984
-1.30153
-0.708004
0.474062
0.657343
0.494464
0.0278357
-0.636209
-0.00305404
0.767137
-1.8129
-0.207723
-0.663973
0.0760446
1.29063
0.754369
-0.406679
-0.587049
-0.607724
-1.03582
1.24823
0.284698
-0.0789185
0.837514
0.773151
2.49643
-0.638296
-0.390896
-0.0459635
0.660213
-1.46538
-0.432486
-0.970971
0.275425
0.300193
-0.254714
-0.537143
2.11193
-0.768083
-0.416262
0.79133
-0.678218
-0.166323
0.0253519
0.651363
-0.232415
-0.00511073
-0.161004
0.324961
1.51614
-0.89073
0.0579079
2.62825
-0.434376
-0.425964
0.49378
0.0404234
2.09614
0.851726
0.026075
2.37419
-1.0471
0.0998689
0.470221
-1.90285
-0.307038
1.48143
-1.01024
0.483991
0.537286
1.92387
1.99251
1.84693
2.53575
0.251132
0.661259
1.21365
-1.65794
0.0630368
1.02876
1.43123
1.9963
-0.732434
0.524028
1.01665
-0.0144514
-0.299077
-0.543596
0.921969
1.41864
1.06018
-0.0609547
-0.00156688
-0.370221
1.91937
-0.363999
-0.416637
-0.703688
0.679223
-0.994217
0.335247
1.23829
0.630544
0.668559
0.226029
-1.02546
-0.126579
1.09831
-0.876348
0.0995578
-0.200112
-0.561484
1.4427
-1.97383
-0.374094
1.47992
-1.3249
-1.09381
0.0470308
-1.3952
2.54226
1.0332
-0.20311
0.176873
-0.388529
1.50559
0.562247
-2.4085
-0.0288004
-1.21588
-2.36751
-0.175384
1.60234
0.472184
-0.561023
0.14823
-0.835287
0.330926
-0.100698
0.509469
0.559303
0.28375
-1.67632
-0.970741
0.138399
0.323295
0.448457
0.691445
-0.718115
-0.125853
1.34599
-0.174656
1.239
1.55555
-1.12767
1.30736
0.588762
1.50374
-2.0789
1.12888
0.656795
0.667945
-1.31145
1.55056
0.608272
-0.352582
-1.93632
-0.8829
-0.76635
1.66909
0.605596
-0.929778
-0.277585
1.06957
-0.853326
-1.85185
0.314524
-0.113384
-0.206314
-1.27508
0.931405
1.2401
0.178952
-0.0737583
-0.54233
0.3151
-0.43387
0.233837
1.31468
0.11343
-2.07972
-1.16006
-4.05592
0.629811
2.44145
1.97097
-1.23585
0.302589
-0.563557
2.36056
0.415185
-0.420174
-0.132088
0.104802
0.81767
1.46529
0.209046
-0.498156
0.566052
-0.595066
-0.367951
-0.142908
0.66405
0.177768
0.533337
-0.733449
-0.142251
-0.87585
-0.782543
-0.247647
0.12579
-0.149829
0.437354
0.569903
-0.276846
-0.395083
1.17533
-0.26226
-3.00114
-1.53015
-0.0704036
0.262775
-0.0360819
-0.530662
-0.515597
-0.0635779
1.84592
-0.564545
0.0787379
-0.0439395
1.63318
0.635324
0.154386
1.07768
0.835739
2.78063
1.13862
1.4682
1.76376
0.0883814
0.358792
-0.091167
-0.561164
0.130131
-2.01042
0.417533
-0.343234
-0.697674
-0.283967
-0.837117
0.0298217
-0.723161
3.13257
0.405807
0.392271
-1.45165
0.0947435
0.222899
0.855297
1.12857
-1.08731
-2.23207
0.221477
1.02304
0.183669
0.32476
0.185719
0.340292
1.93129
1.41561
0.564409
1.37055
-0.19151
1.08989
-0.0219588
-2.99901
-1.99699
1.80231
0.543877
-0.032595
-0.171899
-0.881696
-0.834075
-1.12026
0.624899
-0.22045
-0.930514
-1.27336
-2.40737
0.820398
-0.776333
-0.00913872
0.168106
0.593519
0.308017
0.528339
-0.453216
0.407944
-1.19878
2.00671
0.801075
-1.39797
1.45915
-0.39323
-0.937516
-0.471243
0.118848
0.407604
-0.262207
-2.44641
0.761812
-1.21746
-1.18011
0.291287
-1.9352
0.325342
-1.42326
-0.152559
0.510021
1.21475
-0.937439
1.01921
0.397162
1.25633
1.17253
0.673073
0.543263
0.272321
1.0533
-0.0311147
0.616909
-0.502266
0.263688
-1.49591
-0.213122
0.592791
0.993558
-0.692877
-0.651124
0.215548
-0.937407
-0.77936
-0.851744
-0.172334
0.925503
1.12331
1.76621
0.2838
1.56221
-1.40492
0.657729
-0.615829
-0.557765
-0.951325
-0.764722
-2.78036
2.4057
-1.14947
0.564772
-0.380793
1.29828
0.787381
1.01514
-0.280051
0.499597
1.23479
-0.0450024
0.494914
0.961916
-0.0651661
-1.38517
-0.923837
-1.60807
1.79249
-0.211815
-0.36546
1.13993
0.11715
0.171524
0.154175
-0.416894
-1.33183
0.479736
-0.773781
-0.259835
2.51128
0.62435
-0.910585
-0.255746
1.07497
-0.346067
-0.795873
-1.6237
1.3195
-0.940352
0.891556
-1.25109
-0.0110136
1.60548
0.173992
-1.67958
1.01766
-1.60117
-0.221504
1.41345
2.03878
-0.540635
-0.903103
0.416973
-1.70801
2.87487
0.801847
-2.24104
0.993274
0.136517
-0.209671
1.38435
-0.715097
0.926859
-1.44503
0.0784713
-3.21499
-1.82949
0.81358
-1.4212
-1.16739
1.277
-1.52407
0.356292
0.234151
0.508561
-2.89844
-0.035246
-0.663663
0.575405
-0.831304
-0.891234
0.417867
0.373891
1.91442
-0.816141
-0.702782
1.74686
-1.49797
-3.05446
0.397225
-0.479462
-0.0969408
0.639602
-1.30956
-0.705311
-0.0580124
0.548223
1.99254
0.112652
-0.551963
-0.790049
0.0510959
-0.319073
-1.53432
0.962286
-0.577862
1.12639
1.00647
-0.42412
0.335107
-0.559865
-0.971693
