1025
-0.57057
0.485936
-0.11315
0.630247
0.316352
-0.795209
-1.16648
-0.159784
2.19888
0.717339
0.700263
-1.45791
1.20267
2.15553
0.614183
0.711263
-0.275431
1.7145
1.4539
0.580577
0.134431
0.293211
-0.609605
-1.36613
0.888943
1.01089
0.738877
0.103578
-0.945179
-0.265754
0.49502
-0.451534
-0.225642
-0.348365
0.408433
0.643073
0.360987
-0.974597
1.41496
-0.229993
1.07462
-0.384363
-0.101947
-0.719679
0.931291
-1.0388
0.287898
-0.608735
0.119919
-0.728111
-1.81545
0.890281
-0.840478
-0.443365
2.31552
-0.500786
-0.249073
-0.330933
-1.07024
-1.15751
1.75612
-1.55814
-1.34538
-0.11998
0.966568
-0.772517
1.86936
-0.151714
1.75572
-0.419329
-0.39865
0.927788
0.732883
-0.723325
1.77305
2.52454
0.910918
-0.457049
0.90624
0.0319926
-0.471426
-2.37669
-0.389394
0.289593
1.07754
-0.431615
-0.391048
-0.481469
0.112838
-1.34637
0.193788
-0.565141
1.23437
-0.370434
-1.51744
-0.562053
0.389033
-0.313949
1.81554
-0.408394
0.424776
0.923165
0.590027
0.270295
1.65406
-0.1286
0.129268
1.03608
0.970959
0.538331
-0.38311
-0.214091
1.04023
-0.478362
-0.302695
-1.87834
0.355516
-0.461591
-0.92783
-0.432992
-0.000886907
-0.964317
1.18642
3.19204
-0.0662482
1.16651
0.6193
-0.380429
-1.9123
1.18375
-0.114751
-1.33851
-0.00601176
0.0101538
0.733696
-0.302834
-0.345301
0.52429
-0.885338
-0.226588
0.591696
-0.584378
1.80467
0.887504
0.511043
0.307311
0.32252
-1.20454
0.11791
0.796115
0.420953
-0.12171
-2.12131
-0.516851
1.08927
1.41849
-1.04334
-0.79185
-1.61205
0.835658
-0.881125
0.325483
0.300662
-0.502739
-0.116408
-1.02024
-0.325245
0.4225
0.550295
-2.0166
0.930728
-0.24657
0.85268
-1.16783
0.643795
-1.06108
-0.184517
0.0898096
0.578947
-0.0609914
-0.650225
-1.66847
0.711295
2.06022
-1.26317
-1.3555
-1.18492
1.8591
0.17939
1.10932
0.876918
0.175809
1.16153
1.15349
-0.630288
-1.03324
-0.00451945
0.958965
-0.792815
-1.25742
-0.556129
1.14155
0.572494
0.791547
0.490931
0.058721
-0.426807
0.330472
-0.367567
0.237373
0.865908
-0.825647
0.38311
1.74403
-0.792914
0.783216
-0.916688
-0.262478
-1.34198
-1.55179
1.34593
0.333635
-0.125541
1.21759
-1.1775
0.0175106
-0.221684
0.0322659
1.0114
-0.783244
2.82189
0.284087
1.63381
1.06775
0.704034
-0.0277748
-0.563912
0.51219
-1.10046
-1.01274
-1.1634
-1.21059
1.86756
0.5346
0.157095
0.229933
2.06043
-0.852439
1.84956
0.210757
0.737211
0.104619
-0.17665
-0.503121
1.30884
0.375102
0.290443
-0.306135
-1.01446
-0.742821
-0.275368
1.20908
1.06082
-0.528448
0.757746
1.08423
-0.805114
-0.464654
0.838208
-0.283513
-2.04804
-0.564853
-0.345116
1.21598
0.084682
0.187647
-1.02507
-0.399334
-1.00177
1.57591
0.862933
-0.494341
0.789639
0.285349
-0.278712
-0.318448
1.10387
0.488288
1.51776
-1.57377
-1.07532
1.46071
-1.35292
0.968885
-0.51572
-0.629445
0.656922
0.951594
-1.42264
2.77854
-0.762894
-2.16642
0.197874
0.0476353
-0.093839
1.08044
-0.144291
-0.992128
-0.907818
-0.194646
-2.0126
-0.0888134
0.387683
-1.24223
0.617666
0.500887
0.161931
-1.09938
0.233301
-0.324873
-0.413257
0.322886
-0.882863
0.566796
1.75824
1.59169
0.0334611
1.33264
-0.939891
-0.413734
2.00174
0.496976
-0.988259
1.17735
-0.245842
-1.22253
0.279453
-1.09187
0.105063
-0.555667
1.02653
0.97319
-0.826024
0.552767
0.25989
0.439436
-0.28333
-0.648621
-0.68013
0.602152
-0.0778041
1.61405
0.571413
-0.126466
-1.45098
0.873788
0.296643
1.71489
0.718917
0.560043
0.247509
-0.80405
0.851418
0.646816
0.702014
-0.77973
0.156057
0.727972
1.27824
0.557051
0.784186
0.355586
-2.0244
0.196542
1.25388
0.247287
0.685444
0.232919
-2.26478
-1.30481
-0.687338
0.310327
1.86489
-0.139613
1.3246
-0.717262
0.895165
-0.675024
-1.02696
0.801114
0.240558
-0.473778
0.33793
0.170512
-0.258094
0.847871
1.16601
-0.531877
-0.413862
1.16429
1.02342
0.476232
0.327703
-0.632661
0.896438
-0.981422
-1.30763
-0.670148
0.126552
1.26703
-0.504265
0.833139
-0.123422
-1.13811
-0.618354
1.10652
-0.0693503
-1.15126
1.30331
-1.57439
-0.355292
1.63323
-0.511365
-0.708015
0.948606
-0.425143
-1.55986
1.19294
0.478535
0.445636
-0.203697
0.862697
-2.79793
1.00987
-0.0694001
0.644127
0.231034
-0.821365
0.0491769
0.46354
0.701468
-1.92958
-0.697406
-1.46214
0.959458
0.107434
-0.416235
0.821671
-0.59126
0.991167
0.732624
-0.767601
0.54355
-0.844238
0.62746
0.703893
1.25874
0.0781919
0.812302
1.62563
1.38681
1.01098
0.314286
-0.802898
1.3192
0.448815
0.107685
-0.981125
-0.197161
1.74239
0.18975
0.396665
-0.515084
1.42666
0.243612
-0.553611
0.999317
1.24412
-0.863802
0.157008
0.133383
0.16956
1.17577
-0.0423156
0.410244
0.629398
0.133613
-0.876271
1.26759
-2.45529
-1.55335
0.0421055
-0.400235
-0.579691
0.202584
-0.432015
0.822811
0.504492
-1.89031
0.856079
-0.357353
0.58748
0.201485
-0.0963834
-0.032979
-2.23742
-1.14859
-2.74509
-0.591223
1.86112
-0.407512
-0.413109
1.68802
-1.17877
-0.372673
0.356464
1.24821
-1.08903
-0.0816551
-0.11964
-0.249894
0.556725
0.0437264
0.765196
-0.106749
-0.597027
-0.310037
0.440017
0.872981
-0.346584
-0.572602
-0.163213
1.18357
1.9658
-1.26408
-2.19168
1.08083
0.027215
0.0536207
0.0811171
0.632087
-0.216547
1.35538
0.5798
0.466541
1.28755
0.910026
0.20272
0.86371
0.680439
-0.726974
1.232
0.0596038
-0.486734
-1.32889
0.7218
0.0915821
0.64517
-0.616319
0.984163
1.25745
-1.41667
0.245697
0.745981
1.87198
-0.343507
-1.36135
-0.394175
-2.0432
2.63635
-0.662392
-0.0616432
0.681015
0.0935279
0.091034
1.25898
-0.804776
0.670832
0.145477
-0.655398
0.194031
0.99752
0.447941
-0.268523
-0.52976
0.758231
0.141868
-0.345806
-1.08785
-0.230188
3.59753
0.830062
-0.64906
-0.169701
-1.17552
1.41666
-1.30849
-1.91585
0.4451
0.0480949
-1.11107
-0.058115
0.468506
2.24803
-0.404388
0.264952
-0.818944
1.24213
-0.0261942
-1.22981
-1.22921
0.0631306
-0.0357305
0.102013
0.366352
1.89634
-1.36102
-1.43432
-0.135289
-0.0175744
2.09677
-0.0259426
-0.950322
0.92084
-0.195474
0.318446
0.0958932
1.04433
0.476593
-0.57149
-0.404672
-0.890298
0.808654
0.0472522
-2.27011
0.0942378
-1.40211
0.158883
-0.510486
-2.00425
2.69474
-2.9134
-0.330088
0.726422
-1.57623
-0.570672
0.610757
0.650912
0.337087
-2.15182
-0.470241
-2.64935
0.654271
0.197292
0.614758
0.0497923
-0.239461
-0.600487
-0.786556
0.17702
-0.281504
0.1761
1.60187
-1.19791
1.33983
0.526035
0.449096
-0.166016
-1.86389
0.641095
-0.407556
0.764562
1.69683
-1.63422
-1.87025
0.2343
0.291654
-0.404086
0.714404
-0.489548
1.44428
0.607242
0.0655899
2.65736
-0.662505
-0.401402
1.87978
0.0446929
-0.450983
-0.739205
-1.43456
0.659752
-1.17854
0.40607
-0.368554
-0.562255
0.236551
-2.25043
0.327361
0.697864
0.0413165
0.698856
-0.141027
-0.176701
1.40202
-0.642318
-0.701343
-1.64331
-0.354671
0.0787501
1.63523
-0.0432146
-0.430415
0.202018
-2.58518
0.515284
-0.607452
1.35088
0.386133
-1.20554
-1.36328
-0.751134
0.318241
0.358231
0.294799
-1.30105
0.711666
-1.37532
-0.0441524
0.251365
-0.819685
-1.04496
0.114244
0.162965
-0.387368
-0.251519
1.03151
0.651085
-1.63383
0.774443
0.622771
-1.26446
-1.69891
1.08582
-0.847681
1.08046
1.11181
0.5082
-0.592273
-0.0342937
-0.84764
-0.38876
1.21798
0.463574
-1.54449
-1.59165
0.787624
1.3451
0.684504
0.44514
0.0672685
0.807449
-0.000978925
0.921199
0.578607
0.834334
0.290515
0.240279
0.630132
-0.796005
-0.116147
0.318005
0.631716
3.51444
-0.818764
-0.31023
-0.673016
0.452887
-0.992485
-2.32857
-0.454849
0.813291
-0.421391
-0.857436
0.0189926
-0.946781
-0.801985
-0.373553
-0.337143
-1.00129
-0.136357
0.627403
-0.852119
0.911866
0.575136
-1.18346
0.847849
0.255126
0.41457
0.520439
1.09131
1.3674
1.74574
-0.719966
0.395773
-1.25358
-0.989492
-0.0340273
1.02778
1.28089
-0.542531
0.911299
-0.0889475
0.38104
0.321521
-0.662327
-0.247858
1.08495
0.312529
0.890121
0.153243
-0.0764283
-1.94146
1.01993
0.914801
0.415659
-2.15028
0.181365
-0.112128
-0.168351
1.44043
-0.639185
-1.25489
0.944247
1.4013
-0.80983
0.672334
-1.9233
-0.635474
0.618309
-0.740768
-1.8573
0.678078
0.95118
0.042711
0.381334
0.513019
0.256059
1.32632
0.0632817
-1.36867
0.537716
0.777925
-1.05343
2.28533
-2.00897
-1.23689
-1.16479
-1.31071
-1.22132
1.73105
0.0840993
-0.217349
-0.895398
2.85631
2.2701
1.42695
0.141716
0.133632
-0.974292
0.432712
-1.10461
0.646489
0.515565
0.520823
-1.32904
-0.96968
-0.928956
-1.30993
-0.604828
0.577642
-0.965646
-0.280425
-0.417034
0.367904
-0.555002
-0.142102
-0.232993
-0.162949
0.118477
0.760575
0.524513
-2.46399
0.862015
-1.24187
0.297825
-0.136563
-3.02081
2.12497
0.380463
-1.64289
-2.73427
-0.415871
-0.100034
-0.340654
-1.81283
-1.22458
-0.281575
-0.831618
0.966899
0.234631
0.751156
-1.00588
-0.0672915
-2.35875
0.205057
-0.316115
-0.243081
0.862172
-0.153483
1.29722
-1.51913
-0.676645
0.503491
-0.580671
-0.859648
0.914642
-0.11887
-0.32072
0.0927781
0.0932994
-0.493307
-0.698062
-1.8034
0.86377
-0.46534
2.50224
-0.545983
-0.641599
0.0231588
0.299353
1.04967
2.49128
-1.12697
2.33194
-0.631696
0.476743
-1.86201
-0.29509
1.39211
-0.478342
-0.699313
0.506256
-1.76909
-0.79598
0.0402581
-1.41155
-1.41514
2.05694
-1.90074
0.741334
-2.57354
0.91886
-0.381766
1.07361
-0.674855
-0.793837
-1.00464
-1.0627
-1.38347
0.532971
0.856915
0.589385
1.56963
-0.243952
2.47801
-0.193351
-0.501267
-0.223372
-0.257349
1.18047
0.0241782
-0.193608
-0.557444
0.98148
0.16171
-0.0501324
1.02054
0.974304
-0.440954
-0.180896
0.668961
1.38925
0.635448
0.0222501
-0.330208
0.485098
1.72326
0.436949
0.316557
-1.66346
0.796
1.13624
0.818191
1.12682
1.65105
-1.24089
0.121062
2.24037
-0.212837
1.49483
-0.0521195
-1.05993
-0.0513227
1.01805
-0.862864
2.26742
-0.273121
1.57308
0.963276
1.27551
-1.97695
0.977521
0.184175
-0.254399
