1025
-1.11878
1.28363
-0.110761
0.524039
0.449153
0.401716
0.0562985
1.53319
-0.172106
-0.0826263
-0.365512
0.315668
-0.238852
-1.7311
0.226415
-2.23705
1.28062
-0.497202
0.229703
-0.476905
0.425195
0.607352
0.513326
0.520833
1.24989
-0.962276
0.41534
1.04881
1.49722
0.595097
-1.88237
-0.378157
-0.569161
0.953693
0.506085
0.404817
0.824507
0.382066
-1.14036
-0.439277
-1.22304
0.845669
1.18036
-0.21092
-1.27061
1.19642
0.177955
-0.790607
-1.16391
-0.611746
0.949234
-0.509021
-1.34131
0.326498
1.54844
-0.758356
-0.19929
-0.250747
0.59012
-0.382449
-0.757128
0.609666
-1.62312
0.506745
-0.241522
0.313295
-1.31186
-0.931954
0.881032
-1.8302
-0.330129
-2.84046
0.459642
1.46053
-0.821978
0.297518
0.586596
-0.593937
-0.674025
-1.27528
1.22548
-0.83115
-1.33118
-2.05764
0.795928
-0.716321
-0.965341
-0.653841
1.29097
0.220988
-0.596091
0.867668
1.62382
1.83245
-0.291907
-0.727486
1.06664
-0.138532
0.363926
-0.174592
1.08554
1.81645
-0.371147
0.279621
0.207262
-0.509311
-1.41187
0.803032
-0.3778
0.190331
-0.724299
-0.00413706
0.479589
1.03595
-1.35087
1.50351
2.01365
-0.433013
-0.537841
0.662057
1.32717
0.756455
0.152951
1.80224
-0.733829
-0.710353
-0.204182
-0.750878
1.05812
0.0400811
-0.534557
-1.21136
0.976454
1.33625
0.696178
0.0775966
-0.335014
-0.651707
0.85935
-1.36572
2.28202
-0.549242
0.363423
-0.0602064
-1.18904
0.0701011
-1.27796
-0.749069
-1.37257
0.808985
-0.508378
-0.107109
-0.495762
-0.735592
-1.47929
0.0946847
-0.243391
-0.760208
1.03477
-1.21918
-0.498353
0.908645
-0.970139
-0.953443
-0.411283
0.292096
0.78752
-1.01516
0.392008
-0.754919
1.26327
0.0814087
-2.52482
-0.150283
0.651704
1.76405
-0.693578
0.367392
-1.29047
-0.93909
-0.534315
1.0806
2.44433
-0.859555
-1.07104
0.326022
1.44852
1.36839
-0.748161
1.6324
-1.87201
1.69008
1.10337
0.538221
0.521584
-0.0707476
-0.211496
-0.566331
-1.05239
0.429818
-2.4466
0.759725
-1.2525
0.774889
-1.09132
0.627474
-0.225566
-0.440132
0.590315
0.0827509
1.00705
0.637859
-1.6656
-1.84495
-1.03227
-1.27043
0.931504
-1.56501
-1.64553
-0.0112135
0.213422
-0.422944
2.62811
0.407375
-1.28868
-0.24325
1.8286
-0.769367
-1.33166
0.694403
0.0965676
-0.0441888
1.14666
-1.46144
1.7081
1.03858
-1.00361
-0.620036
-0.639335
-2.07812
0.411073
-0.421812
0.890588
0.327061
1.40849
-0.102926
1.06173
-0.378511
0.334272
-0.646351
1.32224
0.914517
-1.23656
0.874064
-0.41745
1.10925
-0.340654
-1.06472
-0.20283
0.759076
0.58161
-0.741918
0.181237
0.901028
-0.118967
1.90655
0.872855
-1.97046
-1.26508
-0.211608
1.34086
0.559298
0.463951
0.12345
-0.377158
-0.35377
0.238277
1.90664
0.208145
0.150877
-0.611013
0.854808
-0.138876
0.491701
-0.526567
0.75579
0.162058
-0.91278
0.544651
-0.0590296
0.637277
0.258488
1.79737
-0.980642
-0.0747038
0.232092
1.02091
1.1843
0.49358
0.0117529
0.849569
-1.1011
0.787812
0.198153
1.1064
-1.07208
0.280894
-0.801161
1.23496
0.641563
-0.216126
-0.185634
0.547932
0.13257
-0.674213
-1.06643
1.3274
-1.35492
0.0852147
0.717611
-0.611954
1.5752
0.268329
0.142826
-0.583625
-0.329111
-0.098842
-0.18176
-0.284933
1.3405
-1.41998
-0.807263
-1.40638
0.254859
0.899479
-0.730611
0.982359
-0.3737
-0.499535
0.273918
0.237826
-0.929834
-0.127715
1.46149
0.326333
-1.24584
0.483247
1.30731
-0.939148
0.0755796
-0.53983
0.604215
0.454214
1.56833
1.44167
0.250367
1.11694
0.886064
-0.279007
1.30745
-0.280434
-1.55497
-0.732113
-0.607611
0.191333
-0.204926
-0.437547
0.160634
0.0497877
1.37424
2.04925
0.497879
-0.97423
0.818189
-0.716237
-0.93132
-1.63785
-0.853663
0.520877
-0.700067
1.0703
-0.0777647
1.52487
1.08758
-0.556524
-0.237653
-1.00971
1.67195
0.497731
0.668687
1.37828
2.56096
-0.795133
-1.60591
-1.3656
-0.632901
-1.93803
1.19545
0.56935
1.86809
-1.61317
0.27166
-0.158097
-1.28133
0.367721
0.400892
1.69918
-0.123959
0.318478
1.09431
0.253587
0.699794
-1.2467
0.474109
-0.163501
0.499929
-0.117155
1.08649
-0.320844
0.765793
0.186871
0.857859
-1.04036
-1.78616
-0.967118
-0.0485121
-2.14209
-0.131616
-0.979473
-0.953932
-0.443739
-0.948754
0.474006
-0.3083
1.44848
1.65726
-1.23183
-0.713306
0.77395
0.826203
0.697022
-0.221241
-0.307816
-1.46313
-0.393974
0.406007
0.81895
0.833863
1.82394
-2.15877
-0.313704
0.154351
-1.60403
1.82506
0.60584
-0.888645
0.947238
-1.49054
-0.988135
0.978766
-0.629108
0.464799
-1.313
0.26933
0.276145
-1.15183
0.985508
0.610838
2.01528
0.42991
-1.07967
1.98855
0.15802
0.360078
0.670992
-1.52819
-0.558936
0.477369
-0.209831
0.198017
-0.371691
-1.46753
0.295539
-1.90385
-1.92733
0.383809
1.88845
-0.912715
1.16376
0.181772
0.180895
0.0529669
-0.432914
0.209506
2.58132
-0.56723
2.91008
-0.0839779
-2.2372
-1.82378
1.29805
-0.256825
0.0539459
-1.09422
1.70512
-0.0690643
-0.0255299
-0.427205
0.0569299
0.000917101
-0.73053
-0.293597
-1.27
-1.32009
-0.579382
-0.521726
0.682764
-1.06548
0.973795
-0.501275
1.24904
-0.286881
0.0358375
1.01358
-0.592984
0.460249
1.25536
-0.616548
-0.143178
-2.27443
-0.284162
0.380203
-0.523819
1.30028
0.591595
0.255263
0.651371
-0.552607
-0.904553
0.0261888
0.508528
0.359799
-0.296326
-1.66399
0.165335
0.0504936
-0.450367
0.211893
1.22067
-1.26691
-0.535669
0.0516504
0.29569
0.558013
0.723144
-0.77539
1.06181
-1.61689
0.589912
0.270566
0.553122
1.53738
0.781526
-0.0823245
1.10723
1.4915
-0.744558
-0.190942
-0.309615
-0.00324251
2.01185
-0.745616
-0.0272842
-1.1378
-1.78093
-1.35773
-1.32275
0.779807
1.69845
-0.6511
0.929145
-0.0405773
1.26164
0.19128
0.106753
-1.22589
-0.345493
1.40851
-1.21162
0.752301
-0.0894877
0.803383
-1.20745
-0.669329
-0.697785
-0.386526
0.616313
-1.65626
-2.46843
-0.449354
-1.21842
-0.27151
1.64511
0.297932
-1.06919
-0.330186
-0.484782
-2.27383
0.717395
2.04723
0.94929
1.12976
0.408912
-0.895453
-0.225643
-0.634216
-0.027594
1.16742
0.303878
-0.221895
-0.29442
0.332036
1.29221
0.470165
-2.26355
-0.441111
0.507928
-0.311578
-0.13973
0.087555
-0.21253
-0.142225
-1.49367
-0.113956
-1.82729
0.54101
-0.716901
-0.342037
0.111748
-0.448788
0.940698
1.52278
1.22554
-0.960991
-1.38773
-0.841303
0.620646
0.402478
-0.939003
-1.51642
0.778375
-1.5033
-1.77295
0.743258
-0.0739484
2.47676
-0.829047
0.66248
-0.336213
-1.26063
0.620271
0.256974
-1.37601
0.360622
-1.26687
-1.71081
-0.232766
0.577261
-1.07557
-0.353348
1.02794
0.100793
1.00567
-0.310489
-0.771274
-1.16391
-0.679122
0.0820307
0.334168
-0.576927
-0.361338
0.342354
-0.800939
1.70234
1.8777
-0.316795
1.30763
-0.905734
0.525307
1.81542
-0.776345
0.783932
-0.108805
-0.449289
1.37012
0.90541
-1.05603
0.233303
0.736906
-1.47169
-1.16118
0.598465
2.99273
0.0906699
-1.38657
-1.44015
-0.0706852
-0.160121
-1.21387
1.63322
-0.409978
0.541745
0.584894
-1.25041
1.51833
0.315604
-0.16209
0.104259
-0.7772
-0.4691
0.223453
-0.505442
0.0723064
-0.512567
1.09901
-0.449754
-0.390331
-1.48768
0.0826429
-0.00473604
-1.20626
0.126945
-0.4696
0.859831
0.842683
-0.038273
1.1859
-0.814064
-0.524816
1.45691
-0.430228
0.0784144
-0.468667
-0.847581
-0.751161
-0.364373
-0.765096
-0.27644
-0.967927
1.71727
-1.0898
-0.132857
-1.15106
0.138406
-1.07893
0.903949
0.512454
-1.76222
-1.40785
-0.738629
0.475226
-1.78965
0.022642
-1.1867
0.597256
-0.60542
0.867891
0.945589
0.428823
0.291154
0.51405
0.631949
-0.453304
0.0545376
-0.159749
1.70792
2.93557
-0.0439055
-0.655906
1.28668
0.175399
-0.487927
2.98922
0.256332
-0.265768
0.893947
-0.267734
-1.51482
-1.96977
-0.633282
-0.0505025
0.463071
0.54709
0.440172
0.428876
0.646861
-0.860924
0.431627
1.12995
-2.10952
1.63195
0.0820742
-1.43204
1.59937
1.17982
0.107148
1.29256
-0.714184
-1.05
-0.440804
-1.43878
-1.14965
-0.0742557
0.847957
0.808626
0.54954
-1.11801
-0.756858
0.379645
-0.72692
1.19889
-1.00188
-0.438006
1.67813
1.33358
-0.976558
0.0905483
0.0668507
-0.283224
-0.195036
-1.94876
-1.22357
-0.70529
-0.44807
2.3456
1.28835
-0.397052
-2.27202
0.485822
1.38594
-1.36983
0.125613
-0.770373
0.317466
-0.935874
1.11087
0.963761
-0.396384
-0.165298
-0.799225
-0.270977
0.496528
1.81682
-0.501333
-0.566554
-0.570577
-1.66748
-1.34105
-0.152503
-0.9079
-0.0182354
0.104348
-0.59562
0.0790448
1.14721
0.808767
-1.07459
0.00841998
-1.22358
0.333801
0.833873
0.0937559
0.604832
0.937115
0.55887
-0.202937
0.762451
-0.148672
2.17482
-0.942912
-1.20552
-0.627014
1.1811
-2.1352
0.349136
0.901826
-0.130542
-2.51438
1.03261
-0.54942
-1.63748
0.194777
-1.22026
-0.407972
0.733161
-0.834297
-0.149759
-0.300474
-0.673736
-1.22135
2.09361
-1.20981
-1.42381
1.21787
-3.23836
-0.0108682
-1.27811
0.118236
1.66521
0.291114
-0.903851
-0.970434
-1.17198
0.905155
-1.11528
-0.0973787
0.464171
1.2617
1.92163
1.30819
0.416979
0.282678
0.0576007
-0.775291
-0.226428
-0.564536
1.32321
0.376454
0.852074
-0.0322835
0.790673
0.471541
2.10787
-0.339623
0.430737
-0.446218
-1.18352
0.532908
-1.03189
0.927919
-0.0554299
-1.01503
0.676253
-1.36485
-0.110829
1.76353
0.17058
0.426534
0.570809
-0.76443
-0.702939
-0.0895222
-0.033566
-0.0054702
-0.746368
0.461099
0.657987
0.536379
0.0988555
-0.670159
-0.212246
1.01159
-0.723978
0.169115
-0.406884
-0.749044
-0.262337
-1.47039
-0.942653
1.66633
-1.46941
1.51253
0.545347
0.932977
-0.829586
0.0242468
-1.31417
-0.840917
0.328112
-0.459163
1.94108
1.06561
-0.256825
-0.5864
0.761013
0.493965
0.171408
1.75141
1.6148
0.287183
-0.608749
0.952584
-1.89324
-0.375499
1.09275
0.128364
-0.0843906
1.02835
-0.355313
1.06284
1.44295
0.216147
-0.534773
0.164123
-0.656546
2.16778
0.324587
-2.00629
-0.176075
-1.00755
-0.498634
-0.417025
0.604354
-0.389216
-0.305236
-0.140821
-1.7573
-0.235593
0.962742
-0.310988
-0.356674
-0.347706
0.294102
1.94511
-0.414812
