1025
0.661202
-0.573378
-1.07069
1.14794
1.34045
-0.0960523
-1.24594
0.429666
0.650448
-0.169398
0.263216
0.318715
-0.24817
-1.51258
-0.343773
0.493157
-1.02915
1.38991
0.540562
0.728953
-0.448366
0.510995
-1.85523
-0.543687
1.0401
1.25477
0.384933
-0.301139
3.03267
-1.29861
1.01549
-0.515326
-1.22132
0.357226
1.78367
1.00103
-0.531337
0.403428
0.945015
-1.32068
-0.331575
-1.11901
-0.516515
-0.652079
-1.69486
-0.24231
0.838792
0.766952
-0.242412
-0.295855
-0.821981
0.942893
-0.962884
-1.72802
-0.319366
-0.573627
-0.127009
1.1465
-1.00989
1.1572
1.3172
-0.745244
2.20522
-0.241679
-1.35343
-0.509229
0.665506
-0.913285
0.338656
0.119996
-0.215845
0.147453
-0.782618
-0.184854
-1.42637
-0.217779
-0.24554
-0.529255
0.228403
0.777794
0.956414
0.186993
-0.908895
-2.18634
-0.750582
-0.0866344
0.300766
0.920927
-0.377859
-0.455801
-0.306228
-2.0748
0.267553
-0.171445
-0.0696295
0.905828
-0.412302
-1.23481
-1.19384
0.720603
0.706221
0.715506
-0.646282
0.287559
0.0320022
2.89027
1.95418
-0.826653
-0.552843
-0.109519
1.50936
-0.844695
0.656391
-1.77144
-0.242768
-0.901538
-0.783105
2.11021
0.258998
0.588384
-0.467717
0.0761372
-0.687628
1.28215
-0.0169262
0.200819
2.54381
0.22869
-1.34933
-1.56587
0.383999
-0.0735179
-1.05162
0.97126
-1.25627
-2.06057
-1.97812
0.388851
0.756145
-1.35975
0.464944
-0.96728
-1.13425
1.72044
2.32627
-0.198634
-0.336317
1.03463
1.17383
1.59772
0.72187
-2.08715
0.325073
-0.0231662
0.478699
1.75253
0.55063
-2.12771
0.156978
-0.42816
-0.318894
-0.728907
0.192776
-0.370608
0.900755
-2.43515
1.66177
-3.28519
-0.541531
-0.419615
0.178485
-0.214269
-1.77838
-0.249053
0.921014
0.108583
0.565774
0.880898
-0.0587878
0.79255
-1.15634
-0.379867
-0.501844
-1.87579
-0.432977
-0.599884
0.676266
-0.46663
1.48189
-0.892875
2.04072
-0.260845
0.597816
-1.42349
0.678621
-0.306181
1.47175
-1.21075
-1.68486
0.274102
0.0537104
-0.968408
0.208743
0.121901
0.569207
-0.0863568
-0.720221
0.294197
-0.25153
-0.312456
-0.0865126
0.0412329
-0.966806
0.303092
-0.56937
1.56013
0.236764
0.216704
-1.38548
1.40513
-0.790792
0.0381029
0.965073
-1.293
0.295421
0.330629
1.11493
-1.19587
-0.174343
2.47197
-0.0835724
-0.592886
0.187236
0.517388
-1.02327
0.425917
0.395691
0.69719
-0.378649
0.924598
-0.774695
-0.216137
-0.507
0.561056
-0.930784
-1.8318
0.138311
0.580385
0.147212
-0.545618
-0.046701
-0.336533
0.196655
0.586426
0.968096
-1.10246
0.303429
1.26649
-0.404767
-0.166746
1.33419
0.735567
1.50799
-1.66382
-0.804272
-0.535258
-0.00027277
0.671271
0.737824
0.130232
-0.244666
1.25373
-0.343643
1.04629
-0.612755
1.99165
2.31497
1.58193
-1.67041
-0.469651
-0.0612267
0.0667839
-0.00879709
0.916272
-0.833168
-1.08436
0.159935
0.911452
0.969013
1.41352
0.212825
-1.49631
0.874915
0.0378338
-0.601526
0.395621
0.359569
0.266639
-2.14469
-2.08317
1.57503
-0.666892
-0.763048
-1.14711
2.37833
1.04133
0.407607
0.27058
0.450944
-1.09279
-0.305756
1.32926
-1.03946
0.561843
0.297604
-0.616787
-1.31428
0.750132
2.70234
-0.490777
-1.46945
0.0323649
0.0229435
0.413339
0.412267
0.567151
-0.509276
-0.519015
0.847344
1.10642
-0.750873
-0.250271
-0.707631
1.04733
1.13358
1.58453
-0.341738
0.147967
0.267705
0.466246
-0.393143
-0.292124
-2.13414
0.516331
0.337002
-1.69881
0.438554
0.0281862
1.19696
0.772226
-1.23122
0.180595
0.542994
1.95807
-1.53111
2.25865
1.63837
-0.714487
0.753912
0.103343
1.12151
0.465468
-0.236449
-0.771106
0.489027
1.05361
-0.149795
-0.326153
0.0299586
0.0832005
-1.13297
-0.53834
0.640283
0.566282
1.98659
1.3605
1.52159
-0.162952
-1.30199
1.8315
-1.12799
-1.90176
1.24274
1.50979
-0.629566
0.720518
1.02639
1.55115
0.190628
-0.566715
0.405503
1.6417
-0.559224
-0.757331
-0.261562
0.271056
-0.607896
-0.427516
1.87891
0.810287
-0.535347
-1.50067
-0.990491
0.204794
-0.0491316
0.394568
0.701939
1.70355
-2.215
-0.217666
-1.55768
0.638765
0.985623
-1.00469
-0.813128
-0.494998
-0.427209
-0.0221704
-2.39868
0.897595
0.13267
0.275383
-0.752228
0.8701
-1.8024
-1.20996
0.0163404
-0.32585
1.03372
1.69613
-0.288361
-0.171448
-1.63876
0.711997
0.4227
0.206099
0.10053
-0.450513
-1.59043
1.35159
-0.787459
-0.753767
0.137132
1.93339
-1.21373
1.2563
0.369075
-0.110865
-1.20695
-0.230076
-1.04823
-0.256183
1.16095
-0.390517
0.429433
0.394834
-0.185202
1.24324
-0.142169
-1.42501
0.594374
-0.12008
0.989205
0.731063
1.61241
-1.52101
-1.51505
1.22372
0.623736
-0.434535
-0.309902
0.15902
-0.302069
-0.15408
-1.41798
0.585698
-0.45585
-0.664646
-0.633196
-1.62335
-0.322699
-1.91229
-0.814624
0.778559
-0.737556
0.605063
-1.94324
-0.275331
0.151975
-0.455274
0.446496
-0.100819
1.58508
-1.48318
1.00977
1.62464
1.01205
-0.945694
0.222748
0.739111
-1.57856
-0.341658
-0.0717712
0.325301
-0.261669
2.49032
-0.902446
-1.02662
-0.669619
0.319228
-0.753289
0.0359251
-0.76288
1.44265
0.395497
0.183918
0.182292
-2.86843
-0.772485
0.27187
0.794335
-0.537994
0.896034
0.896395
-0.246155
1.60963
1.40561
-1.045
-1.63884
-0.279278
-0.383805
0.501627
-1.04296
2.02198
-2.01994
0.529633
-0.202849
-0.441297
2.73309
0.742964
2.14513
0.80838
-0.98574
2.57303
-1.19595
-0.205602
-0.797079
0.430809
-0.0821158
1.61416
-0.377007
0.335112
-0.290756
-1.4287
-1.46201
-0.101637
1.05634
-0.0882589
0.649201
-0.292407
0.538468
-1.59157
1.47784
-1.54496
2.18408
0.169834
0.187709
-1.44379
0.924448
-1.31013
-0.283173
-2.22888
0.755938
1.03132
-1.62622
0.44066
0.443229
-0.496726
1.10273
1.12371
0.179981
0.0815632
0.1375
-0.221089
-2.55883
0.344324
1.24984
0.433625
0.418846
-1.42942
0.544061
1.33571
-2.16777
-2.68649
-1.08366
1.48775
0.387194
0.0598145
1.30016
-2.31593
-0.0613806
0.34029
0.651108
-0.845434
-0.593786
-0.107171
1.34653
-0.0471058
0.522595
1.81597
-0.0586563
0.964688
-0.0501046
0.227075
1.50696
0.00394855
0.447817
-0.0273062
-1.14528
0.362073
0.657798
0.443344
0.645055
0.154591
0.324191
0.389697
1.04871
-0.815777
0.606494
-1.12344
0.111819
-0.575957
0.500428
0.408072
0.379675
-0.0208939
-0.362244
-1.05418
-0.222137
0.116461
-0.463677
1.76784
-1.10465
1.7741
0.930818
-2.37668
0.21695
-0.788137
0.110409
1.91179
0.582867
-0.965319
1.07074
0.683149
0.558581
-1.3855
-0.209196
-0.021983
-0.0241988
1.16083
0.295961
1.5037
0.292339
0.495122
0.455352
-0.634052
-0.250293
0.407359
0.965622
1.47976
0.142604
-0.555111
-0.540705
-1.83438
-1.35284
-0.597278
-0.883682
-0.621178
0.891984
0.610123
1.60949
-0.0640558
0.092714
1.08359
-0.302224
-0.804144
-1.03374
0.514853
-0.301192
1.52255
1.22245
-1.15073
-0.423645
0.827706
-1.59876
-2.17403
0.93272
0.26926
-0.760975
0.214995
0.12632
-0.12127
-0.732862
-0.71014
0.655859
2.2734
1.09672
-0.686098
0.847931
-0.516858
0.291225
-0.412673
-1.43248
-0.601821
0.87544
0.0927196
1.5944
-0.364047
0.735916
-0.693341
0.353054
-1.67692
0.576944
0.0215652
-0.22142
-0.695559
0.252923
0.618307
-0.890547
-2.5937
0.0296435
1.27589
0.240641
-0.442348
0.893167
-0.95834
0.581638
1.77675
-0.852497
0.823184
0.260633
-0.0925658
-1.3158
2.78295
-1.37254
0.955681
-1.58433
0.534876
-1.23308
-1.63996
0.0492636
-1.81934
-0.951111
0.31964
-0.0475577
0.0498814
-0.788007
0.605072
-0.754094
1.27634
0.614335
0.596952
-2.02832
0.761552
-3.09715
0.63983
-0.0150593
0.911933
-0.793949
-0.135884
1.8875
-1.54843
0.16707
0.634639
0.896057
-0.681794
-0.0789895
-0.13228
-0.309391
-0.359509
-0.500438
-0.376187
-0.0214435
-1.54487
-0.826595
-0.177852
-0.45514
-0.0125006
-0.283596
-0.433146
-0.352158
-0.46183
1.09857
-0.406975
0.923682
0.898283
1.52541
0.534749
1.47496
0.371004
1.26514
-1.76929
0.762405
0.434452
-0.0410046
1.40171
-1.30462
-1.43345
1.66039
0.343354
-0.344236
0.51686
-2.11005
-0.689729
0.098762
1.99704
0.365399
-0.556767
0.334747
-0.812697
0.427395
0.556972
2.66343
-0.710183
-0.505684
-0.884619
-0.703455
0.255139
-0.974255
-0.794975
0.399199
-0.141607
1.5772
1.04188
-0.726925
-0.150614
0.775684
2.79127
0.0100837
-0.571928
-0.141468
-0.174481
0.632765
1.33829
-0.345925
-0.607366
1.73914
0.357991
-0.89473
-1.04158
1.10555
1.67495
0.121473
2.25496
-0.647042
0.33192
0.0661102
-0.990983
1.0544
-0.496371
0.206894
0.468925
-0.598559
-0.134396
-1.16532
2.0969
2.29025
0.889932
0.330114
-0.479969
-0.97064
0.0102913
0.701827
0.400364
0.00145687
-0.785435
2.02569
-1.49937
-0.901969
0.635404
2.19437
0.214875
-0.523012
0.502985
-0.729058
0.299358
0.831413
-1.24621
-1.44082
-1.67097
0.564953
0.465478
-0.114989
1.08892
-1.78901
-1.6531
-0.446693
0.0988852
-3.12183
-0.453405
2.14958
1.03439
-0.594824
-0.407545
-0.904224
1.56236
1.63751
0.950932
0.408261
-0.0934971
0.808304
-0.329915
0.20444
0.0654097
0.994285
1.33564
-1.14839
-0.390436
0.688157
0.739575
0.336605
1.13868
1.60195
-0.967346
-0.216402
-0.806122
-0.931317
0.799474
-1.63422
-0.786963
-0.44587
-1.25875
0.22546
1.20418
2.24995
1.53409
-0.115315
-0.944331
-0.30576
-0.214442
-1.09734
0.807438
-1.09086
-0.854277
-0.793078
-0.231212
1.18861
-1.00923
0.531089
-1.39061
-0.588359
1.63947
-0.415572
0.00642438
2.34392
0.820587
-1.22424
-0.231015
1.64489
-2.11232
-0.0844405
2.14711
-0.822567
-1.79195
0.980368
-0.70361
-0.764156
-0.923935
0.0807967
0.119082
-0.00554001
0.324461
-0.315955
-1.66998
-1.28207
0.957698
-0.886062
-0.870828
-1.49411
-0.954895
-1.32488
-1.45777
0.0989324
0.984184
-0.228958
1.56895
-0.561619
-0.0909016
0.809675
1.18083
-0.327979
0.754349
-1.36236
1.18706
1.32974
-1.40794
-0.0670917
1.37319
-0.406131
0.207821
-0.00189707
0.337915
-0.0641707
-0.60854
0.33246
1.36022
-0.762176
0.984544
0.0254544
-1.0812
-0.485173
0.146789
0.0443021
0.43242
0.448075
-1.46652
-1.6627
1.3947
0.410481
-0.483679
1.02202
-1.03372
-0.371133
-0.555112
0.00794357
