1025
-0.889927
-0.0435335
-0.341547
-0.45885
-0.464234
-0.823037
-0.548835
0.231004
-1.39796
0.0173639
1.36263
1.19575
0.995203
-0.709408
-0.108407
0.949223
0.362262
0.379099
0.340871
0.446532
0.227978
-0.429076
0.726897
0.285358
-1.23586
0.523945
-0.192755
-0.247903
-0.519727
-0.196779
0.409689
-0.213176
2.57133
0.472126
0.5505
-0.446752
0.707479
-1.54957
0.0285055
0.52883
-1.12177
-0.422818
-0.35986
0.540018
2.40653
0.325666
1.31657
0.533871
0.329434
-0.232642
0.199794
-0.695232
-2.22474
-0.452397
-0.00234969
-0.182415
0.381075
0.0718646
-1.18154
-0.177048
0.582447
-1.03054
1.10771
-1.46122
0.515895
-1.04811
0.992382
0.129054
-0.273072
-1.39077
1.10809
0.691281
0.566513
-1.97766
0.0736522
-0.852689
-0.282313
-1.24176
-0.511467
-0.0458047
0.624051
-2.34561
0.626577
0.282579
0.727049
0.48002
0.0784465
0.763221
0.044168
-0.427061
-1.95776
-0.97534
1.3826
-0.750539
0.136121
1.94917
1.81286
-0.467972
-1.19055
-1.78024
-1.08669
0.538099
0.534029
-1.66863
-0.0673016
-0.286906
0.584212
0.456059
-0.770406
0.36578
-0.687266
1.34516
0.67329
-0.687209
-0.46598
-0.95446
0.176087
0.477921
0.408184
-0.726405
1.70735
-0.55448
-0.147711
-1.06577
0.46369
-1.34296
0.286503
1.43389
0.35722
-0.756583
0.326893
-0.408163
-0.724265
1.23432
-0.767684
0.0790597
-1.05912
-0.0471917
-0.649992
0.747662
-0.01456
0.888868
-0.0673986
0.492658
0.375943
-0.0464395
0.694352
0.867209
1.04288
0.937736
0.194163
0.283429
1.8574
0.230726
0.136361
0.326044
0.801834
0.948438
-0.0451478
0.964051
-0.142346
-0.00691974
-0.164935
0.700559
-1.07846
-0.429479
-0.303702
1.10482
-0.618402
-1.04993
-0.834473
-0.865541
-0.59218
1.86739
0.542283
0.294288
1.28709
0.932824
-1.51805
-0.688328
1.22133
-0.138056
-1.03425
0.444043
-2.51347
2.29638
1.29952
-0.0794698
0.088931
0.568404
-1.21229
-0.298918
-0.175205
-0.228533
-0.0264329
-1.07245
1.30347
0.992072
1.05701
0.102745
-0.820491
-0.221935
-0.0127006
-1.556
-1.13586
-0.423374
-1.00852
-0.471799
0.699506
-0.9218
0.217614
0.298469
-0.556645
-0.100243
-1.48826
-1.78463
0.691816
0.33965
0.913517
-1.03542
-0.660373
0.592072
0.0774118
0.809429
1.42662
0.0227076
0.255563
0.357859
0.381988
-0.399923
1.54176
1.15314
0.606489
-1.34413
-0.294041
-0.820653
0.110252
-0.132281
0.0531913
-1.02137
0.0230613
1.29528
-0.11767
1.47659
-1.70939
0.531562
-0.546844
1.65021
0.849795
-1.35465
0.0614011
-0.201317
-0.438609
-0.0453854
-0.449461
-0.295596
-0.332685
-0.440409
-0.288802
1.0798
-0.902713
-0.178989
-0.30325
1.27552
-1.28953
0.0186176
-0.439864
-0.548448
-0.735147
-0.512556
0.296093
-1.10057
0.947816
-1.09158
-0.196832
-0.0954054
-0.771375
-1.00032
1.791
-0.630833
-1.03518
1.11723
1.2996
0.957795
0.0764954
0.155557
-1.37942
-1.81966
0.74718
-0.257203
-0.861423
0.608813
0.709786
1.47303
-0.355165
0.089426
-0.82883
-0.880868
0.385382
0.450474
-0.478075
-0.432758
-0.140923
-1.73113
-0.451171
-0.668719
-2.53647
-1.57023
-0.570404
-0.0651408
-0.100088
0.158219
0.938931
-0.85379
0.792501
0.510186
0.600084
1.16783
1.30899
-0.680159
-0.12564
0.849997
-1.06062
0.133142
-0.777845
-0.553509
-0.63259
0.261505
-1.32207
-1.3667
-0.186658
0.334378
0.162754
0.327987
1.13415
1.02107
-0.739731
-0.220542
-1.57766
0.210535
-0.933785
-0.339093
-1.27608
0.741583
0.431198
-1.09394
-0.880716
2.20135
-1.20368
0.195617
-0.779761
1.64827
2.54014
-1.02629
0.0176984
-0.77761
-0.216228
1.72717
-0.250637
-2.01787
0.321923
-0.571237
0.169531
0.142955
0.114251
-1.46635
-1.11506
-0.753309
-2.0719
0.455856
1.17383
-0.804459
-1.56378
1.3464
0.377553
-0.597916
1.28069
1.05986
0.849765
0.0991456
0.204183
-0.44479
-0.882718
1.9296
0.172611
1.17414
-0.0517508
-2.47564
-1.83994
-1.06494
-1.61958
-2.09616
-0.514337
-0.00132073
0.163888
1.57973
1.69116
1.28495
-1.40871
0.0220344
-0.188061
-0.919159
0.90714
-0.33035
2.07799
0.804789
-0.888856
-1.60524
-1.28988
-1.17264
0.643903
1.0106
-0.148722
1.50488
0.286816
-1.96244
0.787431
0.506618
0.660941
-1.32277
-0.0488245
0.620702
-0.161436
-1.18585
-0.184693
0.42641
-0.279508
-0.637497
-0.191252
-1.41075
1.41857
-0.0830126
-0.985382
-0.317062
0.644645
-1.04178
-0.846472
-0.377271
-0.00249329
0.152552
0.943339
-0.536615
-0.246097
-0.850978
-1.0814
-0.322209
-0.951447
1.39261
-1.08354
1.24927
0.075276
-0.359724
-0.389737
0.177771
0.912209
0.10644
0.631419
-0.641557
-1.01297
-0.692215
-1.09704
0.997482
-0.403625
-0.0966542
0.795822
-1.1506
0.0144135
-0.635585
-0.908744
-0.424375
-0.893195
-0.967361
0.401509
0.109235
1.79571
0.823361
0.908048
-1.13911
0.864199
-0.984955
-1.42163
2.59931
-1.14152
-2.45654
0.314749
-0.625208
0.665645
0.944254
0.944614
-0.345682
0.999018
0.262541
0.547602
-0.241201
0.195469
-1.0282
0.367064
1.09109
-1.86989
1.78579
-0.369863
0.642101
-1.23263
0.365186
1.29044
0.201345
-0.968892
1.20872
1.22089
0.163082
-0.00822587
2.16286
-0.191481
-1.0256
-0.936761
-0.982311
-0.427714
0.569714
0.58835
-0.252778
-1.95219
0.0956623
-0.142118
-0.154891
0.709221
0.100873
-2.41498
0.0191433
1.12901
0.859006
0.03208
-0.926844
-0.37555
-0.0441503
0.20801
1.56228
-2.03006
0.396726
0.0454496
-0.0923413
-0.636873
-0.560225
1.23254
-0.619001
1.98322
-0.661467
-1.41643
-0.598695
-1.30484
-0.953994
-0.986613
0.585577
0.898101
0.40362
0.152764
-0.655861
2.35514
0.543808
-2.54716
-0.604864
0.794805
2.42001
2.47322
-0.488505
0.654818
-0.964104
-0.352762
0.430974
0.708433
0.00249808
-0.283235
0.327544
-0.308916
1.37335
-0.344573
0.145617
-1.79228
0.358593
-0.0172937
-2.41105
1.26277
-0.812563
0.398894
-1.33356
-0.312719
-0.434716
-0.242823
-0.697437
-0.0292755
0.244399
0.629515
-0.462952
1.2313
-1.54463
-0.572973
-0.229593
2.99857
-0.427029
0.0624152
-0.537131
0.735963
-0.51455
0.407916
-0.525145
-1.36498
0.908672
0.355304
0.380544
-0.668201
0.389825
-0.715175
-1.00984
1.41981
2.32685
0.539192
-0.64807
-0.00028901
-0.492321
-0.573058
-0.164099
-2.04086
-0.0854823
0.0150601
-0.40423
-1.18418
-2.19617
0.605841
-3.03449
-0.740516
1.36974
-0.327012
1.30018
0.422268
1.41371
-0.885891
0.422181
0.495481
0.0846952
-0.528133
0.502562
0.171429
0.576665
-2.27188
1.41037
0.523284
1.66237
-0.95543
-1.8677
-0.145465
-0.442446
0.0138243
1.03918
-0.885251
0.123932
-0.43581
-0.244994
0.103046
-0.451482
0.304495
0.809686
0.499937
-0.308495
0.785016
-0.830373
-0.64431
-0.0720662
0.694352
0.132681
0.840489
0.435698
0.596051
-0.719564
-0.042874
0.427316
-0.485726
0.741908
0.47487
0.465045
0.623693
0.375839
-0.707286
-0.0530862
-2.39624
-0.571775
-0.759029
1.41689
-0.0411143
-0.757844
-0.860557
1.65689
-1.3971
0.0985632
1.28364
-0.882782
0.545495
0.498425
1.59019
0.779838
-2.54301
0.0635678
1.28001
-1.84087
2.32927
0.257527
-0.709133
-0.676111
-0.225625
-1.11142
2.01357
-0.214879
-0.19012
0.658005
-0.451622
1.71132
0.899803
-0.910252
0.231598
0.308103
1.03533
-0.0996167
-1.34749
1.12327
-1.47609
0.72585
0.404567
1.94342
-1.13968
-0.0241266
0.355399
-0.994913
-0.427219
0.340041
2.27323
-1.08294
0.611339
0.967084
1.00048
-0.923029
1.04604
-0.0439514
-0.293852
0.3289
-1.22529
-1.12445
0.783784
-1.28191
1.45204
-0.464808
-0.638431
0.991789
0.356921
-1.39556
-0.207013
0.774072
1.37622
-1.7837
0.434791
-0.0437437
0.127556
-0.12722
0.558552
-1.8001
0.737985
0.467467
0.149887
-0.592011
1.31289
-0.62002
-0.185229
-1.10833
-0.170672
0.0416429
-0.101678
-0.459357
-1.85054
-0.499626
0.0768457
-0.904149
1.55724
1.01196
0.51501
0.230373
1.46561
-0.910773
-0.491807
-0.112317
-0.223606
0.401803
0.790671
-0.0987361
-0.363763
1.03244
1.54198
0.57266
-1.51248
0.558902
-0.351043
1.47959
1.51782
0.679514
-0.0356437
0.387179
1.31854
-0.0608176
-1.14082
0.0212219
0.147947
-0.919643
-1.13551
-0.806105
-1.48414
0.864213
1.89034
-0.564559
1.02288
-1.4736
-2.01635
0.912485
-0.623083
1.36809
0.401858
-0.264331
-0.768836
0.428186
-1.40735
0.33379
2.44518
0.834521
-0.893052
-1.20471
0.774235
0.813793
0.760414
0.0569725
0.0129144
1.6613
-0.288342
0.896644
0.121653
0.486803
0.536301
0.162763
-0.337784
1.14501
0.219033
-0.148568
1.4874
-0.110034
1.05538
0.914138
-1.32219
-0.337764
-1.68933
0.840073
-0.25324
-0.0987555
0.452518
-0.357608
0.211122
-1.42537
-1.14926
1.60184
-0.572857
1.2347
-0.139046
-0.550811
-1.59955
-0.663676
-0.695394
-1.51281
-0.2554
-0.496672
0.419662
-0.309038
-0.949254
-0.0436051
1.71504
-0.241205
-0.55494
0.228823
-0.23062
-0.287517
0.715273
-0.306946
0.0445729
-1.12551
-0.385184
0.262576
-1.4653
-0.0607987
1.51063
-0.375541
-1.32031
2.24834
0.10134
-0.337926
2.3718
-0.501389
0.949908
0.272334
-1.13968
-1.23326
-0.510182
-0.132799
-0.142016
0.2346
-1.07597
-0.626058
-1.34521
-1.15856
-0.276154
-0.715484
0.363577
-1.05503
1.11376
-0.983865
-0.230488
1.76079
0.496143
0.663603
-1.1914
0.670316
-0.401557
0.963612
0.0123678
1.07909
-0.735151
0.645448
0.433866
-0.0104286
1.37229
2.08565
-1.53217
-0.503994
0.0586187
0.358631
-2.10508
0.249483
0.554207
0.710956
1.08666
-1.09459
0.442452
-0.0703828
1.37424
-0.647445
-1.15555
-0.0135308
-1.16997
-0.283203
0.917758
0.425276
-0.629225
0.234788
0.0206193
0.812253
-0.0620633
0.184393
1.38857
-0.440938
2.42008
-0.281555
0.628209
1.2574
0.120692
-2.47343
-0.300561
-0.215446
-0.830948
1.07997
0.861469
0.295963
-0.637318
0.842494
-0.655343
-0.00599818
0.0587905
-0.916376
-1.81301
-0.0745699
-0.882831
0.584924
1.1545
0.198813
0.0376256
-0.0312476
1.75858
0.986533
0.451304
-1.34929
0.722296
-0.809878
-0.302638
-0.379377
-2.07623
-1.05203
0.622923
0.36387
-1.49492
-0.876106
0.323206
-0.0498419
-0.180195
0.627
0.287077
-1.38162
-0.117066
-0.128408
-0.924969
-1.11812
-0.736758
-1.27218
0.325226
-0.527154
0.062352
-1.11679
0.114948
-1.03509
0.0273601
0.943797
-0.779798
1.39564
-0.0172116
-0.0280913
-0.153544
