1025
-2.26976
2.56836
1.56572
0.702038
0.497731
-0.114044
1.74376
1.40158
0.0351851
-0.360498
0.373036
-1.55258
0.86477
0.387692
0.0626263
0.377255
0.297863
-0.61421
0.370677
0.193822
-1.092
0.86786
0.805185
1.37868
-0.342918
-0.336931
-0.777836
-0.605581
0.215537
-0.065336
0.193731
-1.42639
0.582538
-1.08634
-0.201834
0.709694
1.01845
-1.02993
1.55716
0.42622
-1.03764
-1.95144
1.0006
0.974032
-0.47975
-2.84946
-0.233357
0.0420928
-1.30828
-0.560037
-0.413214
1.44432
0.22159
-0.132785
0.370079
1.85139
1.0896
0.663036
-1.07095
1.58561
-0.489406
-0.99653
-0.677864
0.444817
0.0215791
0.0151572
-0.543813
1.30312
1.85978
-1.26978
1.76364
0.628862
0.495553
-0.161575
-0.00695678
0.289622
2.55564
-1.9767
2.74184
-0.239221
-0.69732
0.378475
-0.241468
-0.040052
0.816488
0.399035
-1.47773
-1.24101
-0.0359646
-0.0448121
0.64359
-0.331541
0.302173
-0.763827
0.210459
0.325513
0.41282
-0.516572
-0.476643
-0.791343
0.924503
-0.480532
0.187682
-0.8066
0.22413
-0.285039
-0.371529
1.22422
-0.37574
-0.239511
-0.473941
-0.631554
0.958246
-0.177516
0.350581
0.291937
0.874595
-0.193645
0.457797
0.843603
1.41143
0.641771
1.07844
1.24832
0.0389812
0.299513
0.389179
-1.43868
1.22609
0.360892
-0.202004
-1.75966
2.00352
0.136957
-0.0696391
-2.26581
-0.376754
0.465948
-0.126347
-0.627728
0.374477
1.04382
-2.05192
0.092663
0.45832
0.970546
-0.970572
1.3791
1.76136
1.14361
1.9195
-0.821341
-0.644247
0.42802
-0.926749
0.637894
-0.694674
0.104387
0.835729
1.55713
0.312871
0.439851
0.225308
0.948859
0.641288
-0.966552
-0.419558
-1.36176
0.929798
1.55269
0.443438
-0.830198
-0.124966
1.56737
-0.680696
0.0967253
0.124153
1.16556
-0.193059
1.01078
0.709163
0.0720508
-0.526266
-1.08573
-0.169157
1.46356
-0.994549
-0.857603
0.0470994
0.871576
1.37369
0.205958
-0.218415
-0.293076
-0.934066
0.0887109
0.171369
1.08387
-0.620109
0.78801
-1.86096
1.49164
-1.03666
0.347054
0.542429
0.428692
0.568463
0.253757
0.185267
1.39462
0.746518
2.8952
0.574193
0.147747
0.42883
0.487745
-0.0462116
-1.84527
1.86619
-0.593767
-0.411993
0.617048
0.667687
1.29002
0.064285
0.0140447
-0.704695
1.57064
0.887181
-0.633771
1.68631
-0.109727
0.927476
0.514325
-1.62704
-1.15812
0.604112
-0.601619
1.78966
-1.04535
0.883733
-1.07405
-0.0762009
-0.957116
0.386263
-0.0169466
0.920283
-1.11246
0.0651096
-0.75711
-0.432172
-0.706604
-1.26277
0.510767
-0.487984
0.424755
0.699475
1.29776
-0.829809
0.503821
0.0971664
0.220115
0.272574
0.595417
1.31766
-0.938059
-0.952227
-1.43439
-1.06174
1.06295
-0.276957
0.677011
0.894404
-1.04743
-0.121884
-1.34187
1.8735
1.68942
-0.983299
0.16711
1.54731
-1.51606
1.09912
-1.65937
0.216068
-0.55833
0.108284
-0.50818
-0.494206
-0.634792
0.843385
-0.623723
-2.03875
1.38975
-0.500006
0.023915
-0.912672
-1.51573
-0.589907
1.86094
-0.890967
0.0134856
-0.534847
0.884692
0.166848
0.387528
1.25406
-1.23063
1.88318
0.87901
-0.522855
0.506156
0.0870701
-0.233187
-0.273879
-0.548443
0.0433123
0.238513
-0.360975
-1.10127
-0.23033
0.730993
0.652384
0.588219
0.293265
-0.759292
0.899329
0.755795
-1.86751
1.40377
0.71457
0.287067
-0.567115
2.58141
-1.44949
1.48841
0.497015
-0.105743
-1.06152
-1.37647
-0.335268
-1.81828
1.13512
-0.862417
-0.685964
-0.252988
0.919373
-0.259595
1.28811
0.523078
-0.339679
-1.33282
0.371247
-0.213605
-0.0622481
0.876835
-0.600175
0.0650681
-0.157442
0.0371966
0.191312
-0.0909191
-0.129245
-0.269464
-0.0203832
-1.23149
1.64469
0.338457
-1.69309
0.228699
-1.1533
-2.18825
0.1914
-0.0177998
1.24379
0.823719
1.12879
-0.520922
0.471245
-0.4749
-0.514335
0.287891
-0.217878
-0.229468
0.832378
-0.482072
0.190335
-0.320977
1.20349
0.154137
1.66156
-0.587003
1.37913
-0.232265
-1.52141
0.571929
0.784744
-0.319996
0.864689
-0.0848946
1.24135
0.226541
-0.757573
1.10877
-0.0928892
0.789441
-1.21866
-1.62961
-0.447259
0.275813
-0.964365
0.916933
-0.735689
0.147985
0.78887
0.113611
-1.19372
-1.00017
0.056847
0.407182
1.00351
-0.0592471
-0.503609
-0.147847
-0.384233
-1.42895
2.2431
-0.764819
0.41214
-0.587203
-2.06527
-1.6995
0.900803
-0.619273
-0.477557
0.0247581
-0.283889
-1.5152
0.0489761
1.88814
-1.2198
-0.169674
-0.437514
0.312819
0.992531
-2.36824
-1.35695
0.643749
0.634696
-0.0228226
1.18197
-0.151673
0.951858
0.968594
1.64606
0.606379
-0.611055
0.643733
-0.0727874
-0.00113475
-1.02435
-0.0370924
0.687327
0.513286
-0.622264
0.266986
-0.457628
-0.370259
0.253598
0.465732
0.48643
0.0892379
1.01233
-1.41425
0.217735
2.43406e-16
0.109643
-0.458409
0.749444
1.14466
1.32153
-0.890371
-0.462505
1.06708
-2.037
-0.796139
-1.00974
-0.8978
1.95708
-0.178494
1.47858
0.274111
-0.500651
0.701001
-0.248003
0.633985
1.13979
-1.26005
0.769753
0.622045
0.15531
0.351515
0.0629801
0.761974
-0.141982
-0.0493164
1.14671
-0.80981
0.540555
-0.113653
0.232145
1.3211
0.757845
-0.436231
-1.45276
-0.848618
0.224655
-1.55733
1.95557
-1.51792
-0.626544
-0.993086
1.03151
-1.4492
0.300167
1.12049
-0.81898
1.60657
-1.78351
1.3556
-1.24304
-2.00685
0.815098
0.0166861
1.66686
-0.161905
-1.63668
0.732808
-1.65014
-0.645332
0.452756
0.0995424
0.635751
0.321523
-0.898891
0.921316
0.253524
0.974609
-0.158484
1.39843
-0.397084
1.24424
-1.19354
1.27957
0.632878
0.65082
0.128297
2.51984
0.428691
-0.235421
-0.628262
1.31945
-0.048906
1.46176
-1.23002
-0.309689
-0.986538
-1.143
-0.569693
-0.743337
0.00887641
-0.678181
0.00446106
-1.92143
-1.39946
0.485045
0.207177
-0.95098
0.0429982
2.23614
-1.22627
1.40694
-0.973397
0.746502
-0.251317
0.695308
3.0884
0.99021
0.0763875
1.46915
-0.04328
-0.456193
-0.285979
1.82942
1.38395
1.08274
-2.31452
-0.605043
0.30739
-0.781
0.154108
-1.13903
0.991015
0.790965
0.366364
0.428361
0.248763
-1.72454
0.218071
1.30697
0.372909
0.169272
-0.203064
-0.453373
1.66864
-0.186637
-0.810235
-0.308027
-0.0139486
-0.415823
0.89496
0.178121
-0.709029
-0.305137
-1.75717
-1.1203
-1.1056
1.31071
0.382838
0.272292
-0.895365
0.552892
0.506504
0.828845
-1.45285
-1.24562
0.262388
0.0680265
0.340527
-2.11904
-0.574611
-0.368069
-2.07207
-0.31543
-0.198779
1.43359
-2.45821
0.827094
1.47454
-0.764177
0.222474
1.27682
-0.968912
-0.76877
0.332654
1.11226
0.314306
-0.708149
-0.843701
2.8795
-0.880492
0.714893
-0.226712
-0.75054
-0.123967
-0.501917
2.61354
-1.02266
-0.103869
1.62165
-0.593866
0.00850142
-0.549267
-0.296033
-1.02088
-0.253694
0.699801
0.34092
-0.169437
-0.608465
0.909761
0.153458
0.182795
-0.924532
1.92148
0.487579
1.08486
0.980837
0.679266
1.92772
-0.0282562
1.97563
-0.778591
-0.0541218
-0.0248154
1.42032
0.160466
0.526141
-0.609943
-1.04444
-1.45433
0.825938
-0.377832
1.38404
-1.09049
0.37031
-0.710111
-0.0544509
-0.117974
0.738102
-1.32834
2.10022
-1.35388
0.247978
1.17254
0.749976
1.2625
-0.958593
-0.847028
-1.7728
1.16396
0.975798
0.181871
-1.32357
-0.439728
-0.0515053
0.437071
-0.678316
0.901178
-0.626852
-0.542537
2.13283
-1.53233
-0.374198
0.0857596
-1.26282
-0.816863
2.04009
-0.997098
-0.627215
0.992914
-1.0189
-0.566521
-0.0188048
-0.893506
0.923021
-0.659873
-1.21007
-1.82839
-1.79105
0.522281
-0.0550241
0.723584
0.437696
-0.0275124
-0.968733
-0.596043
0.00890225
0.624345
-0.0636013
2.5164
-0.0358239
0.843541
-1.76072
0.35461
0.268317
-1.61513
-1.9446
-0.0777025
1.35288
-1.49755
-1.15943
2.29121
0.861954
2.37838
2.26979
-1.14508
-1.03697
-0.0357763
-0.360622
0.903953
-0.079927
-0.366431
1.52736
-1.92195
-0.0205308
-0.00213409
-1.77074
0.0296485
-0.207513
1.59453
0.707052
0.946644
-0.460319
0.882612
0.031218
0.0429459
0.246959
2.08841
0.691923
2.0969
0.3129
0.833336
-1.65939
-1.33689
-1.00163
0.478532
0.736839
0.814097
1.12452
0.715621
0.0102876
-0.668044
0.732954
2.10561
0.870515
0.455118
-0.637467
-0.265863
-0.23433
-0.354523
0.490842
-0.664994
0.818788
-1.20094
0.602011
-0.734292
-0.50117
1.15689
-0.143667
1.83214
2.5989
-0.149132
-0.0717513
0.518322
-0.650335
-0.535523
-1.10922
0.434879
1.50723
-0.739875
-0.774815
-1.54165
0.221319
-0.604908
0.615107
-0.980929
-1.61075
-0.750487
0.643987
0.92993
-0.105822
-0.723658
-0.548417
-0.120192
-0.142005
-0.965854
-0.0101662
-0.109883
-1.68169
-0.262176
-0.849668
-1.26239
0.581278
0.215232
2.14687
-0.865911
-0.0135064
0.326246
-0.347926
-0.71535
2.08131
1.00743
2.06406
2.29011
0.886151
-1.30458
-1.78684
-0.0697529
1.35391
0.725221
-1.51484
-0.131269
-0.71819
-0.76222
-1.91852
0.995684
0.229786
0.662506
-0.63813
0.622957
0.400858
1.03581
0.444138
-0.401161
-0.510776
-1.9155
0.000440011
-0.0566921
-1.43029
0.925401
-0.00457202
-1.34324
1.3437
-0.00699809
0.0833851
0.349607
-1.31552
1.8521
0.791493
-1.653
1.34246
-0.0122624
1.76661
-1.37701
-0.546614
-0.778768
-0.00970722
-0.189092
0.726301
-1.08422
0.177167
0.0483584
-0.16168
-0.265458
0.255133
-0.826279
1.1501
-1.02545
0.326496
-0.284614
1.07815
-0.475627
0.596592
-0.198244
0.340552
-0.785649
0.540792
-1.17438
0.359007
0.267626
-1.4135
0.127736
-1.92433
0.161413
0.546573
1.53003
-0.0126006
1.70345
-1.8827
0.960264
0.982464
0.262868
-1.45131
-0.846297
0.425269
-1.30286
0.0957177
2.92494
-0.784181
-0.80086
-0.715234
-0.498769
-0.223486
0.839657
0.229118
-0.568012
0.954766
-0.620089
0.211041
-2.31218
3.53531
0.361424
-1.42719
-0.012617
0.192331
0.237597
-0.189893
-1.38434
0.958697
0.0336175
-1.7702
-0.696693
-0.418327
-2.70941
-0.00159867
-0.606594
1.20705
-1.77681
0.485692
-0.247099
-0.365747
0.649094
-1.1936
-1.0812
-1.52377
1.16336
0.523891
-0.417936
-0.47951
-0.875413
-0.424988
1.18555
0.068037
1.0733
-0.0760318
-0.338997
0.143934
1.00771
2.7673
1.07638
-0.173734
-1.16742
0.926099
1.60191
0.211696
-0.0839662
-0.547323
-0.734225
0.368602
-0.412281
-2.37811
-0.603209
-0.483639
1.13233
