1025
-0.343359
-1.19345
-0.0415459
0.664805
-0.406379
1.11921
-0.0281057
0.666501
-1.11523
1.40078
0.929117
0.422351
0.463354
0.382768
-0.0838261
-1.77485
0.121208
-0.141792
0.371751
0.989228
-0.446377
-1.75218
0.397153
-0.525759
-0.0034026
2.29837
-0.711914
1.18637
0.450895
-0.0780788
-0.561806
0.831271
1.52882
0.35235
1.00303
-2.82567
-0.74406
0.427488
-0.765561
1.08322
-0.2903
1.17571
0.738306
0.196251
-1.7451
0.380919
1.8353
1.09886
2.31272
0.288459
-0.507545
0.746676
-0.386577
-0.379375
0.694079
0.437146
-0.212436
1.16755
-0.568308
1.2842
0.0867896
-0.0878101
0.503742
-0.490013
0.208387
-1.35076
-0.0320485
0.383703
1.5642
0.651944
-1.14927
-0.300334
-0.3368
-0.280421
-0.0777784
0.908048
1.23905
0.729021
-0.425239
-1.39967
0.513933
0.676228
-2.25729
0.141491
0.257296
0.911225
1.53168
0.481826
-1.34485
-0.105662
0.212392
0.112777
0.586569
0.856693
0.805157
2.77698
1.16451
-0.920084
2.88326
1.32169
1.53435
-1.83767
-0.982582
-0.84019
0.571051
-1.00634
0.222914
0.966941
-0.160408
0.0677451
0.390428
-1.58867
-0.840027
-0.933178
-0.374819
-0.373562
-0.215566
-0.249472
0.881616
2.77317
-1.98229
-0.318682
0.302877
0.277225
1.27088
-1.2898
-1.51397
-0.293847
0.985106
-1.45869
-0.293576
-2.24195
0.320596
-0.0370599
1.16038
-0.378274
1.78847
-1.37309
-0.257032
1.11085
1.27906
-1.24775
-1.25965
0.348563
0.654131
2.0931
1.13126
-1.6742
1.99377
0.504964
-1.28595
0.315014
-0.171559
-0.101197
0.888577
0.603915
0.834467
-1.54356
-0.146751
0.656484
-0.402206
-0.493303
-0.42089
0.838286
0.319343
2.51519
0.957852
0.0282801
2.21434
-1.05781
0.835675
-0.601341
0.723792
-2.44864
0.23051
1.41842
1.56249
0.129115
-0.176806
1.65205
-0.808885
-0.354639
0.651031
0.387337
0.78418
0.318622
-0.125542
-1.07662
-0.673723
0.457736
-0.0602835
-0.72967
-1.15561
1.91315
-0.623636
0.529243
-0.207295
-1.27688
-0.500801
0.412436
0.604404
0.750249
-0.85085
-0.780845
1.00826
0.890743
0.575489
0.225994
0.925561
0.411803
0.845409
-0.113819
1.21665
0.137459
0.273741
0.0080753
0.610711
0.741527
-0.51027
1.1856
0.434421
-0.690257
-0.11802
-0.312697
0.835336
-0.658047
0.233789
0.210687
-0.396866
-1.04892
0.899054
0.516231
-0.881803
-0.823699
0.13628
0.0832658
0.882932
-1.03445
-2.3326
-1.57502
0.0173325
-1.37969
-0.282775
0.701271
0.948023
-0.51545
-1.61868
-0.417341
-1.82034
-0.479709
-2.22948
1.56604
0.777393
-0.874647
-2.22305
-1.23208
0.200355
0.679119
-0.165857
-0.230602
0.312195
-0.859967
-0.163944
0.501546
0.213669
-0.45237
0.00354543
-1.37955
-1.16482
0.855185
-1.23363
0.128221
0.0825152
-1.27998
-1.2361
-1.38028
-0.0552244
0.356732
-0.606113
-0.997257
-0.595779
-0.255429
0.655147
0.169767
-1.00024
-0.320672
-1.20431
-0.532593
-0.404674
0.117487
-0.502181
1.05798
1.38698
-0.384025
-0.513382
0.456527
-2.87384
-0.102377
1.27145
0.705356
-0.996127
0.385034
0.405605
0.397115
-0.740953
-1.40418
-0.278725
-2.95213
0.0110508
-1.26876
0.339991
-1.91465
0.606489
-2.9313
1.25379
1.26385
-0.154346
-0.372641
-0.381682
-1.46873
-0.201656
-0.728643
-1.11985
0.170054
0.0960151
-0.810423
-1.68126
0.270699
-0.117248
-0.768955
-0.0120017
0.0348814
1.88808
0.688719
-0.633589
-0.102602
-1.02876
-1.02406
-1.4691
0.397382
2.42585
-0.533019
0.362288
-0.213372
1.25696
-0.691943
-0.953503
-0.689327
-0.638848
-0.28429
-0.677323
0.745163
0.786095
-0.594749
2.11731
-0.992301
-2.25069
-1.73939
1.02968
-1.6169
0.0120554
-0.564673
1.21249
0.184191
-0.922365
1.23807
-0.59564
0.259336
-1.16583
-0.850889
-0.648418
-0.946593
-0.201731
0.764635
0.990817
-0.981405
-0.12681
-1.29427
-1.55349
-0.11665
0.557023
-1.21466
0.107893
0.588706
-0.225138
1.22337
-2.11666
0.0922826
-0.792479
-0.612868
0.616175
-1.398
0.209817
1.0236
-0.676526
-0.301494
0.396778
0.288404
1.33865
1.26377
-0.5084
-0.0404909
-0.601562
1.25511
-1.63258
0.563977
0.688151
-2.85703
-0.937439
-0.931735
1.03853
0.227347
-1.53883
0.696616
-2.89485
-1.82128
-1.99738
1.17237
-0.775972
-0.411565
2.21017
0.104056
0.387941
0.718109
0.25882
0.712431
-1.1056
-0.657885
-1.81106
-0.200037
-0.313204
2.13278
-0.419307
-0.769869
-1.06954
0.930691
-0.801839
-0.57643
-0.811084
0.239074
0.348058
0.112249
0.54116
-0.0117429
1.31401
2.79445
-0.447321
-2.27665
0.825707
-1.55769
-0.265887
-0.219692
-0.357382
-0.622237
-0.113432
0.887417
-0.629667
-0.945393
-0.506448
-0.341281
1.32159
0.218471
-0.0725428
-0.818492
-0.190669
0.733019
0.44141
0.931888
0.593624
-1.29303
-1.09797
1.26697
-1.8755
0.491154
-0.0287601
-0.531888
-0.301946
0.120239
0.178878
-0.437725
0.110025
0.015752
0.612622
-0.526017
-0.813956
0.0554407
0.509222
-0.458984
-2.56346
0.156839
-1.13979
1.23558
-1.49382
-1.36898
-0.180141
-0.931501
1.09092
0.403159
-0.500618
0.185881
-0.486224
1.50322
0.751581
-0.580292
-0.537359
0.944988
0.223799
-0.928731
-2.72704
-0.141791
-0.376977
-0.317904
1.60931
1.07184
0.161062
-0.413677
1.38242
0.944423
0.280478
1.46155
-1.93341
-0.45233
-0.626017
-1.62708
1.38594
1.05671
0.944742
1.3674
0.333251
0.0875341
-0.252146
-0.0686857
-2.02615
1.88331
0.779219
0.318924
0.544974
1.04404
1.43982
0.380399
-0.698704
1.97969
0.978447
-1.61808
-0.127262
-0.648828
-0.65417
-0.159204
1.35562
0.235894
1.16202
-0.707776
-0.403835
0.813603
1.42695
-1.02657
-0.809819
-0.592286
-0.825378
0.783977
-1.2519
-0.606681
0.0890418
0.95945
-0.699869
-0.517862
-0.400967
1.11142
-1.33319
0.422678
-0.614058
0.189438
0.323155
-1.33641
0.646935
0.00312127
0.48754
0.303662
-0.206048
1.17922
0.521077
1.22616
-1.42767
-0.458317
0.623767
0.493385
-0.0784604
0.846217
-0.313046
0.747462
0.988905
-0.156102
-1.78727
0.875442
1.40035
-1.1528
1.02314
2.06228
-0.643259
0.609522
-0.166608
0.00170235
0.596731
1.17817
0.11887
0.323177
0.0110043
-0.166403
-0.623863
1.97808
0.365184
0.546345
-0.236852
-0.335816
-1.01628
0.299914
-1.39182
-0.859939
2.55051
0.396063
0.282072
-0.59409
-2.72709
-1.82609
-0.379764
1.09495
0.302803
0.426559
0.574039
-0.0249655
-0.0378645
-0.985672
0.0463963
-0.374238
1.9158
-0.36612
0.568734
-1.6557
1.66281
0.596987
0.223184
-1.07754
-2.36066
-1.3719
0.935368
-0.76407
-0.641522
2.30005
-0.419535
0.545255
-0.140399
0.153165
-0.922083
-0.170558
1.40091
1.37084
-0.20819
-0.97917
-1.23254
-0.234235
0.591291
-0.0708238
1.69815
-2.6611
0.973546
-0.145186
-0.154259
-1.69333
0.0883637
0.220096
-1.37913
-1.67471
0.848643
1.09781
-0.246481
-1.89035
1.39565
-0.994016
1.14314
1.94156
0.268459
-0.337938
-0.30922
-0.323398
-0.590603
0.398016
1.65361
-0.205531
1.27161
0.0889092
-0.612816
0.480582
0.859653
-0.728475
0.0656108
-1.94339
2.25112
0.830651
-0.0412607
1.03569
-0.460559
-0.4288
-1.793
0.450375
0.65017
-0.0888204
1.26436
-0.209338
-0.644667
0.397391
-0.396678
0.768458
-0.536165
0.281726
-1.12673
1.68333
-0.150046
-1.71101
0.649984
-0.74526
1.46668
-0.993398
-1.05265
-0.895486
1.2661
-0.000100776
0.417843
0.183078
0.342759
-1.30155
-0.416243
1.10828
-1.34361
0.110502
0.753635
-0.733056
0.36879
-1.38486
-0.182149
0.836004
-0.332113
-0.436952
0.676361
-0.912391
-0.118085
-1.55516
1.47275
-0.966399
-0.448165
-0.799133
0.470501
-0.0276212
-0.748864
0.785313
0.476022
-1.2339
-0.667926
-0.424818
2.13651
-0.533901
-0.844135
1.50855
-0.200009
-0.0297561
-2.52741
-1.55377
1.33222
-1.47391
0.265965
-1.10087
-1.78421
-0.0984598
-0.0388491
-1.47663
0.209249
0.927549
1.01076
0.576963
-0.0738873
0.839262
-0.031829
-1.18296
1.44948
0.425592
0.504373
-0.358358
0.0976911
-0.785373
0.707716
1.01955
0.015395
0.807184
0.934133
1.29525
0.300252
1.25345
-0.476655
-1.0091
-0.35203
1.69179
-2.16141
-1.28301
1.93315
0.365513
-0.891451
-1.1983
0.429739
0.0099395
-0.898605
-1.41179
0.408892
-0.399942
-0.658515
-0.865771
-0.162201
0.590709
0.566257
-1.56444
-0.241014
-1.24821
1.38095
2.06719
1.27639
-1.21414
0.0821934
-0.146837
-0.864136
-0.520811
0.73551
0.519459
-0.443094
1.67863
1.10207
1.32449
-0.90533
-0.331856
0.685196
-1.38418
2.39499
-1.19204
2.19928
-0.296926
-0.173438
-1.59635
0.206552
1.00417
0.196572
1.30099
0.827757
-0.663506
1.41026
0.0643573
-0.717238
0.392132
0.163364
1.16427
1.61201
-0.454772
-0.199529
2.32653
-0.0512184
-0.657277
-1.65132
-1.35446
-0.18262
-1.32734
-1.17824
0.615934
-0.483052
1.82762
0.446863
-0.354881
-0.230293
-2.32156
1.16999
2.39226
-0.0722876
0.011417
1.67493
0.37004
-2.23099
0.0102363
0.51823
-0.577355
1.35908
-0.120585
-0.866272
-0.594733
0.991161
-0.304397
0.521302
1.71189
-0.132718
1.77926
-1.07178
0.720154
-1.64674
0.627984
-0.257764
-0.686152
0.71398
0.624018
-0.994418
0.667316
1.49925
0.0554616
1.28042
-1.67489
-0.730137
1.32932
0.508709
-0.117636
0.594837
-2.34736
-1.07693
1.93
-0.1266
-0.763173
0.201815
0.0258426
-1.07017
0.702088
0.52336
0.251947
-1.33077
0.289724
0.00368324
-1.01665
0.294574
-0.490059
-2.64065
0.101964
-0.263777
-0.611068
0.117126
-1.28777
0.839556
1.6713
-0.351295
-0.164377
-1.12438
0.546236
0.271423
-0.0896756
-0.955236
1.65841
-0.867255
0.121574
-0.274467
0.735713
-2.12766
-0.224779
-0.286509
-0.54185
-1.4109
-0.297783
-1.44598
-2.01198
-0.978088
1.02919
0.219955
0.22479
-0.202392
-0.50958
0.141973
2.09999
0.964596
1.15919
0.641072
0.718333
-0.692578
0.0028036
-1.78924
0.396419
0.551413
1.83338
0.72625
-0.323132
0.91118
-1.43874
-0.985292
0.720086
1.67681
-0.395048
-0.354311
0.0198878
0.246587
0.634625
-1.1011
2.00803
0.871469
-0.0211149
-0.0952
0.0870277
0.327539
-1.01451
-0.594788
-0.414643
0.79267
0.0900264
0.370432
0.00554027
1.23585
-0.406232
0.618867
-0.902535
0.0803287
-1.65509
0.687571
-0.381226
-2.048
1.35067
-0.222491
0.416473
0.95145
-0.817653
-2.0242
-1.08856
-1.16418
0.464483
0.779663
0.135518
-0.388438
1.98578
-0.384742
