1025
0.583905
-0.935261
0.978505
-1.39553
1.18568
1.93783
1.4931
-0.828522
-2.4048
-0.146334
1.91783
-0.524975
-0.0879303
0.576735
-1.34437
-0.646762
0.924218
-0.28204
0.258949
0.176086
-0.597687
-1.27734
0.943391
-1.4805
1.48578
1.10072
1.08623
-0.397742
-2.13541
0.485469
0.210492
-0.35674
0.268848
0.797785
-0.719965
1.51767
-1.48349
-0.735389
-0.342376
-1.86632
-0.648434
0.303269
-0.292895
0.286253
1.77579
-1.96121
1.09377
-0.717468
0.074056
-0.88384
-1.31634
-1.64071
0.0650753
1.48013
-0.656958
-0.321501
-0.793922
1.72569
-0.752541
-1.93644
-0.479631
-0.686681
1.53261
2.0266
-0.579989
-0.783033
-0.992013
-2.14308
0.454016
-0.72078
-1.66159
-1.33191
-1.31587
0.13086
0.566013
-0.506377
0.355492
-0.519605
0.695873
-1.68362
0.0433545
2.91932
0.0675251
0.468336
-0.902203
-1.59159
-0.193022
0.177421
-0.780064
-0.124788
0.41826
0.380713
-1.00812
0.637642
0.211759
0.48734
1.21438
1.36398
-0.678642
1.0553
0.618358
-2.53343
-1.27706
-0.73891
-1.39588
-0.201475
1.16236
0.0996325
-0.967115
0.0127138
2.16856
0.156504
-1.80051
-0.16366
0.523615
-0.713433
-0.197036
0.220504
-0.978069
1.12378
-1.20392
1.38932
-0.608029
-0.948769
0.130832
0.473162
0.090902
0.121727
-0.734072
0.0993252
-0.627596
1.07857
-0.259728
1.16965
1.59043
-0.245704
1.16517
1.04638
0.758886
1.02437
-2.14258
-1.15216
0.760643
-0.463903
0.600535
-0.564358
-0.47589
-1.7884
-0.75624
-0.700723
-0.768195
-0.0509453
0.565977
-0.385761
-0.645908
-1.5983
-0.212586
-0.844858
-0.610563
0.0886229
1.39963
-0.431686
-1.75977
0.845624
1.04682
-0.675691
1.44189
-0.905822
-1.59285
-0.203686
1.45769
0.124075
0.525343
-0.868804
2.23244
-1.85352
-0.997205
0.092948
-0.268461
0.121821
-0.408388
0.211007
-0.395264
0.101555
2.48813
-0.173151
0.859808
-1.7786
0.00235353
-1.09027
0.704172
2.12681
-0.78329
-0.661106
-0.381139
-2.82253
-0.687995
0.489504
-0.385284
1.1755
0.573306
0.0204327
0.317731
-0.289141
1.19486
0.24354
-0.818301
-0.406413
-0.362564
0.788614
2.14752
0.388087
0.0508856
-0.107445
0.711932
-0.908047
-1.21223
1.06801
0.371507
-2.48847
0.40159
0.475292
0.967799
-0.12953
-2.54391
-1.02812
1.76077
1.95439
-0.929459
1.34399
0.505322
-2.21912
-1.30892
1.36352
-0.734835
0.315244
0.644104
0.887415
0.112998
-0.147893
-0.484103
-0.611677
0.692037
0.0420392
0.682517
0.26135
-1.06571
0.31076
0.961302
-0.537433
-0.560291
-0.703049
-1.41393
0.260385
0.428408
1.79789
-0.0725
-0.509923
0.0546227
0.371107
2.18726
-1.51377
-1.11764
-1.18371
-1.32779
1.02893
-1.25999
0.562426
-0.221325
0.403039
2.42837
0.684196
-0.578684
1.03574
0.0887325
2.05623
0.381158
0.381721
-1.49331
0.141214
2.40295
-0.0886363
-0.195228
1.10272
-1.39809
-0.911583
-0.112159
-1.26894
-0.685584
-1.97852
-1.97945
-0.0292635
0.240756
-0.927131
0.796662
1.993
0.170454
0.374711
0.798419
0.928802
-0.1225
-2.26203
-1.02306
0.472436
-0.389615
0.00297337
-1.85902
-1.60673
-0.0360716
-0.157625
0.16446
-0.414794
1.02176
-0.30996
1.20938
-0.14366
0.636915
-1.45809
-0.203923
-1.82857
0.424766
-1.34794
0.503302
1.4548
-0.162719
-0.956338
-1.04018
0.276649
0.34532
2.55246
-0.445552
-0.433979
0.156971
0.086369
-0.0876482
0.620656
0.885077
-0.546932
-0.360794
0.516436
-0.0586276
0.925765
-1.11697
-0.0475559
1.86388
1.28605
0.157182
1.62094
-0.0248178
0.398419
0.684183
0.301373
-0.678008
0.304671
-0.284843
-1.04318
-0.239517
0.749533
-1.01686
-3.01955
-1.17671
-0.283382
-1.0772
-1.19851
0.714937
-1.08725
-0.0399986
0.292805
-0.552604
-0.693596
0.308665
1.06086
-2.15887
-0.362564
-0.20229
0.358927
0.107981
2.16181
-0.496298
0.0454009
-0.326057
1.79698
0.180335
-2.17733
0.188619
0.171417
-0.418398
-0.728835
0.260461
-1.0622
-0.718943
-0.230725
0.110286
-0.105699
1.13124
-0.425201
-1.72283
1.57455
-0.111892
-0.887947
1.77298
0.0481624
-0.273261
-0.871571
-0.247593
-0.286167
1.66041
-0.587634
-0.347924
0.825784
-0.0793185
-0.161899
1.48434
-0.599309
-1.24746
-0.318208
-0.468716
0.844426
-0.247008
-0.41768
0.0891866
-1.49213
-0.200455
-0.566284
1.00865
-0.836379
-1.90276
-0.149912
0.864136
-0.47111
0.544625
-0.926192
0.629561
1.66422
-0.888949
-0.160308
0.779317
0.391285
-0.833268
-0.0749803
1.46307
-1.36989
0.364421
-1.06368
1.39762
-0.520728
-0.222257
-0.922643
0.915792
0.769222
0.298944
-0.278165
-0.852566
-0.79114
-0.342007
-0.16405
0.890136
-0.554638
-0.378156
0.510962
-0.533051
0.253672
2.74186
0.547873
-1.28699
3.07281
0.142608
0.986773
-1.68873
0.344845
1.12964
0.531732
0.814785
0.207822
2.25706
1.7283
0.872514
2.15354
0.868614
-1.23628
1.19703
-0.111862
1.09739
-0.235561
0.374258
-0.77302
-0.308777
0.201952
-0.879037
0.254277
0.695552
-0.995451
1.50052
1.88685
-0.61903
-0.020396
1.75162
0.15497
-1.4783
1.08847
-1.07342
-1.41428
0.489026
-1.12808
-0.916389
-0.0628785
1.0686
0.0787052
0.881448
0.111347
0.175469
-0.612955
-0.517814
-0.349649
-0.502264
-0.643198
-0.882808
-0.419646
-1.18578
-0.887438
1.46651
1.72005
-0.90359
-0.0583939
-1.15948
-1.58073
0.0581544
0.759186
-0.419356
-0.92181
-0.322942
-0.467344
-1.56712
-0.840687
-1.32689
0.154784
-0.520675
0.753047
0.779075
0.321174
-0.350785
-1.20363
0.118135
-0.254565
0.726413
-0.84395
0.708662
-0.882025
-0.605976
0.205053
-0.363602
0.0853914
-0.765567
0.0343855
-1.25728
0.655355
0.320106
1.7609
0.928025
-0.0942034
1.37149
-0.427602
-0.696392
-0.700847
0.412064
1.06082
-0.46977
-0.196609
-2.33841
-0.349222
-0.220433
-0.855328
0.0743626
-0.922638
-1.48537
0.744274
0.172754
-1.34527
-0.122898
0.522255
-1.23232
0.467602
-1.18066
-1.14972
1.24042
0.251928
-0.437722
-0.162886
-0.184802
-0.948145
1.11643
-0.85795
-0.623559
1.81474
-0.712886
0.704471
1.53931
1.44764
-0.247066
1.22653
2.4657
-0.723846
-0.491303
0.0508279
-0.535392
0.662416
-0.868551
1.29973
-1.34183
0.782276
1.83034
0.404368
1.07222
1.88483
0.0640822
1.28728
-0.477496
1.37665
-0.350163
-0.311386
0.483117
0.62158
0.225237
0.0075492
-1.6051
-1.40697
0.982961
2.40836
0.760945
0.429471
-1.16961
-0.656258
-1.30688
1.1551
-1.57558
-1.03708
-0.319034
1.34209
2.45533
0.647198
-0.259919
-1.75304
0.384299
-0.92805
0.54193
0.270984
-0.54823
0.929122
-0.714203
0.535036
-0.514109
-0.298207
0.595073
0.567009
-0.883233
-0.406759
0.520835
0.656513
-0.37393
-0.54729
1.00007
-0.315654
-0.563472
-0.68592
1.76284
1.4885
-0.0487514
0.360408
0.121999
-1.33866
-1.16936
-0.945485
0.624673
0.697784
1.47757
1.79308
-0.360636
0.400038
-1.55154
-0.502952
-1.49088
0.872441
1.70586
0.338886
-0.531099
1.72421
-0.324147
0.17599
-1.70749
0.458764
1.05573
1.01804
1.27106
-0.866319
-1.22579
-0.451037
-0.87167
-2.30938
-0.970185
0.533962
0.642071
0.235435
1.64284
0.966453
-0.810587
2.65398
-0.414098
0.875798
-0.253132
-0.178655
1.55726
0.929542
-0.410308
-0.111808
0.559448
1.97104
1.68768
-0.885818
-1.16872
0.303247
0.839757
0.0960755
0.33642
-1.22551
1.8608
-0.602716
1.10094
0.547816
-0.617749
0.0792583
-0.552194
0.538731
-0.413392
0.72355
-0.562817
0.695088
-0.497999
0.474025
-0.0676608
-0.980747
-0.339821
1.23558
0.0338622
0.403789
0.86133
0.0457288
0.204633
-0.182142
-0.538007
-0.208373
-0.35721
-1.50595
1.20117
1.73362
0.36431
-1.44095
1.80981
0.830069
-0.317965
0.136624
-0.698283
0.00145333
-0.596932
-0.123574
2.25707
0.363194
1.21276
0.0148589
0.0246584
-0.0377348
-0.774375
0.305504
1.46572
0.567829
-0.230688
-1.61335
-0.834781
0.424039
-0.336702
0.342952
-0.249739
-0.154375
0.413365
1.71594
0.282295
0.0326016
1.17497
-0.474403
1.40886
-0.669617
0.401306
-1.95043
0.27353
0.180751
1.67642
0.372296
-0.400247
-0.0132626
-0.468539
0.421882
0.235394
1.51112
-0.423496
0.191805
-0.777474
0.417847
-0.606736
0.192676
0.287306
0.636158
-0.522239
-0.103762
0.293968
0.0419455
-0.803752
-0.0422291
0.916648
0.504497
0.237902
1.24996
-0.554113
1.61019
0.311161
-0.0869609
0.631952
-0.217659
-0.381141
1.12491
1.69932
-0.709938
1.24035
0.582114
-0.173152
0.0610073
0.426945
0.500617
0.657547
-1.43437
-0.757589
-0.381996
1.74167
-1.3018
-0.417355
-0.306755
-1.22864
-0.626164
0.0637771
1.16642
-1.18496
-0.931879
0.783905
0.607415
0.701962
-1.02059
0.487299
0.249055
-0.193046
1.58777
-0.0601141
-1.07818
-0.529079
1.16758
0.0311292
0.242808
-0.947572
-0.124273
-0.400217
0.137174
-0.844479
-0.814823
-0.256195
0.420256
-2.72077
-0.104596
1.58763
0.44207
-1.60933
1.49362
-0.338202
-0.446957
-0.297906
1.60752
-1.15292
-1.40784
-0.440711
-0.357411
1.79928
0.636399
-0.518793
0.629901
-0.0835847
-1.2754
0.611251
-0.257191
-2.17155
1.72955
-0.827033
-2.36043
0.534338
0.103224
0.261808
-0.112777
-0.169719
-0.263853
0.227801
0.911328
-1.28522
0.214925
0.415546
0.108689
0.927943
-0.299112
0.237775
-0.00564728
0.207567
-0.16646
-1.6311
0.301292
1.52653
-0.707419
-0.874536
0.435509
1.70035
0.808655
0.907939
-0.283127
0.237831
0.572333
-0.495945
-0.0673278
0.383856
2.50072
0.221564
0.731107
0.373661
0.867151
-0.486192
1.87379
-0.615468
-0.161698
-0.0390645
-0.828018
-1.93789
0.326576
-2.43245
1.22233
0.34729
0.271486
-0.261298
-0.978719
0.661357
1.26225
-1.98719
0.840655
1.90343
0.555583
1.70665
-0.80251
1.11501
-0.277985
-0.201054
1.77817
-2.19896
-0.408369
0.0886629
-1.37305
-0.162811
0.642496
-0.355749
-1.88807
-0.494992
1.39961
-1.77821
0.620898
-0.383864
0.343477
-0.448085
1.71543
0.623236
-0.263801
-0.955384
1.12775
-0.418447
0.261839
-0.673847
-0.721759
1.0543
0.0670676
0.651187
0.230154
-1.00173
-0.722342
-0.0079026
0.882084
-2.30113
0.362149
0.127608
-1.33302
0.137514
0.163056
1.97383
0.585895
-0.896448
-0.155912
-1.10942
-0.229871
0.112335
-0.217333
-0.4311
-1.00386
-0.428955
0.350583
-1.38028
-0.621172
-0.825644
-1.53131
-0.763164
0.335185
0.864445
1.02551
-0.0580432
0.663928
-1.30364
-0.300514
1.08257
