1025
0.331762
-0.251078
1.29218
-0.6615
1.38902
-0.672305
-1.57602
0.648881
1.74119
-0.621036
0.710531
1.88022
-3.24899
-0.23475
0.299291
-1.26211
-0.690417
-1.28817
1.2992
-0.557132
-1.2496
-0.469841
-0.997526
0.16886
0.347543
-0.0768863
0.935914
0.983344
-0.508602
0.145946
1.75045
0.381761
1.40148
-0.0911303
0.0905201
1.20848
0.235432
0.650157
-0.163552
-0.304998
-0.934778
0.942872
-0.746595
-0.604046
-0.177053
0.0472228
0.256005
0.848362
0.0110157
0.161871
1.37547
2.01783
0.688723
1.31791
-1.63533
-0.519294
-0.0960625
-1.24401
-0.140809
0.726843
-0.33491
-0.632772
1.03836
0.483351
-0.0571457
0.607886
-0.0215842
-0.13259
1.02618
-1.85505
-0.1565
0.0559058
-0.488309
0.435458
0.28279
1.4381
1.28667
-0.831411
0.195891
-0.92502
1.30668
-0.0371728
-0.733882
-0.53748
0.495832
-0.182953
0.145599
0.062005
-1.73013
1.89599
0.226769
-0.170821
-1.02525
0.145142
-1.01551
0.414649
1.07914
-2.37902
-0.799113
-0.633788
1.61707
-0.440167
-0.416651
-0.252151
-0.390043
-0.434157
-0.820383
0.863222
0.50776
0.617723
0.698845
0.894557
-0.658137
0.291179
1.24687
-1.26519
-0.27458
0.116806
0.440861
-2.03358
2.54354
0.135013
0.0283694
-0.111599
-0.0490064
0.366297
0.468073
-0.255106
0.63512
1.19328
-1.60866
-0.278541
-1.11832
-0.114588
-0.682355
-1.79906
0.803943
-0.907919
-0.0447414
0.570215
-0.516189
-0.646093
-0.962887
1.30989
1.33264
0.541416
0.0413431
-0.904818
-1.34793
-0.798386
1.1515
-0.0362358
-0.0937352
-1.0971
-0.426117
0.940702
0.0128786
-0.471994
-0.274727
-1.19893
-0.830699
-0.144607
1.75264
0.223515
-0.0124268
0.129828
-0.0748075
1.25294
-0.112934
-0.857799
1.06858
-0.587839
0.104355
-0.449838
-0.620355
-0.0498729
0.892023
-0.29396
0.372293
-2.05101
1.00762
-0.751523
1.13763
-1.20827
-0.177861
-1.02472
-1.49509
-0.705092
-0.713978
1.64456
-0.336948
1.41853
0.60571
0.227757
-1.47168
0.253263
-0.101464
-0.0805739
0.185295
0.408385
2.07682
0.378193
1.06317
1.67222
0.415818
0.524131
0.0728177
0.280373
-0.269061
1.6269
1.79437
-1.62587
0.37041
1.05314
0.275583
0.0173432
-1.69081
-0.28141
0.951659
0.0126956
0.953647
0.44215
-0.0916303
1.37154
1.23204
-0.852555
-0.17998
0.660047
-0.868195
-0.468561
2.07493
-0.21846
0.121302
-0.763925
-1.0544
2.05618
-0.147016
-0.226101
1.50228
-0.1342
-0.144643
-0.393662
-0.32338
-1.36679
0.00379175
1.55376
-0.316346
-0.909273
-1.00088
1.57476
0.22453
-0.559263
0.254714
-0.395025
-2.53648
0.653663
-1.11474
0.119053
-0.7255
-0.582284
0.777034
-0.714763
0.436077
0.586164
0.653062
0.276883
1.05417
0.198134
1.23236
0.96317
0.430771
-1.29468
-2.20649
1.03293
0.275132
-0.0878464
-0.580208
-1.64258
0.323739
-0.273659
0.568037
0.785298
0.883095
0.450061
2.1419
-0.630992
-0.807561
-0.0230115
-1.20652
-0.309054
-0.0609678
1.11567
0.341366
-1.21311
-0.56235
-1.17088
0.724213
1.4249
-0.395161
-0.622998
0.258909
1.09869
0.113139
1.35648
0.519426
0.334836
-0.75488
-1.17034
-0.750033
0.85602
-0.203923
-0.277348
0.820098
0.447583
-0.490233
-0.0640095
0.795415
-3.36164
1.61112
-0.934666
1.78522
1.05221
-0.698445
0.83517
1.18799
-0.626452
2.57671
-0.853009
0.092342
-0.867894
0.831292
1.14523
0.906814
-1.4363
0.783305
-0.418709
0.285587
-0.898652
1.24801
1.01608
1.48518
-1.31948
0.294201
1.97013
-0.148365
-1.41635
1.04045
-0.581018
-0.102686
0.153849
1.2512
-2.06452
1.78974
1.57992
0.309086
-2.12846
-1.72706
-0.426578
0.323412
0.483287
-0.114217
1.59198
-1.87116
2.06609
-1.50444
0.289902
-0.699835
-0.665584
1.69553
0.628912
1.61596
0.0361322
0.0890372
-0.955417
-0.982759
0.615443
-0.656626
-1.40763
0.926077
-0.650822
-0.606876
-1.44929
-0.792591
0.587717
1.10434
-0.254383
-0.44502
0.94091
0.309601
0.336922
-0.385938
-0.29707
-0.373027
0.419225
0.0311313
-0.412329
0.558738
0.277799
2.38869
0.0335761
1.0955
1.80945
-0.713153
-0.129256
0.100179
0.454535
-0.481002
0.691721
-0.417013
0.130918
-0.0102702
1.52808
1.66137
-1.58353
0.428136
0.585936
-1.07308
0.512349
1.29542
0.815727
-0.0949176
1.2616
-1.53824
-0.564262
-1.21577
1.01612
0.691694
-0.00321998
-2.53062
-0.2233
0.968675
-0.362642
-1.28983
0.694949
-1.22536
0.601237
-0.187882
-1.22277
-1.58456
-0.770279
0.101164
1.20294
-0.114952
-0.237517
-0.840043
-0.302149
1.23701
0.388475
1.58406
0.785481
1.43845
-0.338525
0.472142
-0.224728
-0.827461
0.114023
1.10909
1.28993
-0.855107
1.69305
1.22196
-1.05785
0.235004
-1.12459
0.680877
0.0294942
-0.322086
-0.480257
0.384076
0.566156
-0.898221
-0.438309
-0.55435
-0.123162
-1.49195
2.09689
0.868051
0.375377
-0.000888
-0.260256
0.404162
-1.4099
-1.46811
-0.689468
1.24861
-1.08141
-0.680374
0.625126
0.027764
-0.213973
1.10376
-0.778956
0.226468
-0.463344
-0.936519
-0.0939926
-0.80206
-0.181201
0.390791
1.74455
-0.751858
0.607309
-0.403315
-0.303882
-0.390643
2.2801
2.16366
-0.322045
-0.102456
-0.975908
1.0705
-0.733005
-0.676298
-1.669
-0.327476
0.496772
2.08847
-0.603171
-0.180522
0.0700495
-1.89268
0.939833
2.4746
0.53202
-0.743266
3.10817
1.72587
-0.271516
0.821655
0.281471
0.161882
-0.675967
1.05459
0.71903
-0.111022
0.554415
0.241052
0.0445318
1.00491
0.965637
0.209419
-0.149638
2.51325
-2.18628
0.323392
1.22856
0.861905
0.48399
-0.200433
0.544329
-0.45045
0.0592229
0.335312
0.694721
-1.2784
0.952154
-0.860121
0.880457
-0.295446
0.465974
0.319638
1.61461
-0.977997
0.744824
-0.128735
1.60547
0.141889
1.00076
-0.425171
-1.79918
1.094
0.71345
0.519932
0.411598
1.06443
-0.453855
-1.32787
0.657378
-0.842608
-0.696455
2.93165
1.33493
0.311042
-3.27605
-0.914363
-0.536631
-1.49416
-1.9387
1.64653
1.83548
1.34672
-1.34119
0.383628
-0.247
0.267309
-0.0257083
0.602222
0.232693
0.719929
0.714848
-0.40697
0.982845
0.222235
2.15152
-0.223152
1.20334
-1.08446
2.19089
-0.963112
1.23378
1.1558
-0.864109
-0.319995
0.941089
1.57687
0.441222
0.460796
-0.394862
-0.989585
-1.19053
-0.517014
0.00410955
0.258456
0.873842
1.28013
0.329803
0.887515
-0.801041
0.429564
-0.452041
1.09731
0.484731
-0.273146
0.109822
0.321291
-0.83353
1.18666
1.92648
-2.25809
0.0943948
-1.29907
1.52505
0.845335
-0.156426
0.159828
-0.200311
0.273769
1.02256
1.1759
-0.109322
0.505554
-1.93934
-0.670174
0.41985
-0.0163829
-0.73687
0.450004
0.116822
-0.61116
-1.16063
0.4788
0.413968
0.601569
0.989963
-1.02749
0.674712
-1.37585
-0.0211983
-0.781201
2.60422
-0.547782
0.263407
-0.954317
-0.206868
0.108457
-2.10963
-1.59872
-0.452011
-1.4103
-0.00508497
1.10187
-0.0640874
2.42953
-1.70144
-0.872584
0.180292
0.300204
-1.64225
-0.984803
-1.16349
0.902112
-0.142432
-0.789545
-0.0126528
-0.181322
-1.18868
-0.287078
0.0799605
1.24935
-0.129317
-0.770063
0.396597
-1.91163
0.887159
1.29447
-1.33625
-0.824382
-0.263004
1.32577
0.640799
-1.12819
-0.814463
-0.861534
0.863031
0.520312
-0.334547
-0.0564618
0.667352
-0.150749
0.633336
-0.371507
1.20458
0.298201
-0.455732
0.308771
-0.316522
-0.254531
0.661622
2.48292
-2.2902
-1.10517
-0.391719
0.796249
-1.00768
0.828688
0.780834
-0.994884
1.4954
0.117367
-1.46546
-1.94194
0.346621
0.562706
-0.365412
0.901813
0.241536
0.20334
1.01768
-0.85283
0.563964
0.934186
2.03521
-0.852201
0.136588
-1.46644
-0.82495
2.1111
-0.263174
-1.09672
-1.84902
0.269253
0.878384
-1.14136
1.44134
-2.07373
-1.51662
-1.15146
0.0925706
-0.325333
1.61699
-0.0253023
0.148621
-1.25185
-0.082975
0.190784
-0.196341
1.39578
0.914808
0.325953
0.497001
0.136579
0.804901
-2.83034
-1.54448
0.822115
-2.20262
0.507592
2.3551
0.9231
-0.249817
2.63418
0.15442
-0.230844
1.49022
-1.20302
1.99535
-0.951513
1.43701
-0.810891
0.286185
-1.3922
-1.49414
2.20133
0.697316
1.64048
0.232657
-0.237168
0.830321
0.430737
-0.254519
0.878556
-1.12185
-1.08187
0.13093
-0.703028
1.11614
-0.881034
-0.685611
1.78689
0.743293
0.737464
-1.05505
-1.02681
-2.05193
0.618643
-2.57164
0.847509
1.03952
-1.78707
0.372766
-1.65467
0.444444
-0.362066
1.11699
-0.998549
-0.329374
1.86535
0.495627
1.87277
2.7184
-1.203
0.799107
0.516918
1.04964
-0.468041
-1.02592
0.564154
-1.78294
-0.88824
-1.16527
-1.20028
-0.0652087
-0.485593
-0.770315
-0.929265
1.7673
0.558857
-1.03537
-1.91963
-0.894437
-1.91638
0.0837334
-0.712341
-0.400642
-0.986355
0.632186
-1.13264
0.799876
0.878682
0.173599
-0.556117
-0.513968
0.841461
-0.582804
-0.403456
0.0213285
0.0675677
-0.18876
0.769565
0.637589
-0.610121
0.0341594
0.322153
-0.900359
0.737271
-1.84172
-0.35977
-0.576706
0.0561077
-1.26784
0.108075
-1.2431
0.15867
-1.71264
-0.0971561
0.464669
1.26706
-1.10599
-1.91536
0.194068
-1.0227
0.385894
0.20931
-0.96223
-1.52957
0.31425
0.949543
-1.00828
0.164784
-0.826447
0.0591016
-0.504256
-0.638519
1.93788
1.03205
-0.192423
0.287706
0.414355
-0.281923
-0.672488
0.371033
-0.912066
1.05802
1.47201
-0.916348
-1.97664
-0.065627
0.643153
-0.314951
-1.11234
0.872877
-1.85753
-0.00103232
1.46162
0.0202798
0.361978
-0.753996
-0.0567857
0.599698
1.36632
-0.224096
0.146442
-0.686342
0.068229
-1.29198
0.0156329
0.728162
-0.454186
1.49451
-0.625025
-1.77492
1.24419
1.01623
0.45422
-0.968468
0.139911
0.413455
-0.480543
-0.233491
1.44224
0.152048
-0.162702
-0.891316
1.37237
-0.574644
-0.863037
-0.450568
1.84242
-0.175504
-0.924488
-0.916571
-0.00117702
0.798272
-1.56867
0.678751
-0.457902
-1.07726
0.21348
-0.348536
0.579296
-0.771117
0.873677
1.74861
-1.12207
-0.684422
-1.23212
-0.0165705
-1.30548
0.233192
-0.167835
1.23177
-0.34135
-0.305566
1.51983
-0.385517
-0.316452
1.59502
-0.975086
-0.64345
0.520874
-0.0116534
-1.43136
1.26439
-1.05077
-0.602878
0.477755
-0.26626
0.847828
-0.951968
2.33775
1.04187
-0.124249
-0.108821
-1.07429
0.668324
-2.74292
1.17613
0.515159
0.804739
-0.593683
-0.206625
0.796795
1.02211
-0.557885
0.708977
