1025
1.24277
-0.606664
-1.13075
0.223321
0.0218263
0.723885
-0.123892
-0.963394
0.336334
1.04236
1.11663
-2.32897
0.294461
-0.19413
-0.433932
-0.645043
2.16788
-0.487155
-0.0681044
-1.26185
0.519127
-1.67133
0.736745
0.148415
1.15455
-1.01321
-2.13007
1.79166
-1.27844
-0.237265
2.96952
-0.113965
-1.18132
-0.975196
-0.899619
-0.123496
1.2097
0.705677
0.198941
0.845463
-0.50566
0.512873
0.511419
-0.859264
-1.27939
-0.190757
0.770314
-0.334384
-0.261386
-0.421345
-1.3358
-1.50397
-0.867898
-0.896068
-0.198574
0.483249
-0.201424
0.67745
2.07827
0.0912565
0.281561
0.264937
0.779337
0.757814
0.015175
0.670653
-0.538078
-0.302572
-1.20083
0.542695
-0.284578
-1.75954
1.02762
0.101101
0.0189376
0.89807
-0.987816
0.371962
-1.5974
0.920871
1.03704
2.47388
0.231931
-0.00151064
0.491927
-0.21591
-0.755159
0.101081
0.508298
-1.70958
-0.306959
-1.17431
1.63158
-0.0626473
-0.229884
-0.322872
-1.20929
-1.08444
0.812854
-1.34108
0.339054
-1.04078
0.59731
1.45593
-0.671447
-0.779052
0.462045
-0.5417
-0.412521
-0.206457
0.480736
-0.0932059
0.489329
1.3413
-0.220862
0.958516
-0.424905
-2.02158
-0.612075
1.3083
-2.05142
1.30975
-1.40686
-0.0467933
-1.80349
0.443553
-2.12628
-1.63241
-1.2869
0.234112
0.133251
-1.87111
-1.92351
-0.921638
0.858363
0.207732
0.967282
-1.21099
-1.39029
3.28431
0.0814777
0.212591
0.383762
1.14639
-0.590672
0.765522
0.52248
1.99134
0.826754
2.01235
-0.535485
1.15614
-1.26405
0.11148
0.0974061
0.178717
-0.213662
0.831734
-1.01816
-1.1428
-0.0814526
0.0969952
0.569047
1.54456
-1.25243
-0.287027
-0.402411
0.485648
-1.5036
0.49056
-0.939266
1.26804
-0.848798
-0.340081
0.62324
0.723179
-0.991418
-1.32759
-1.99758
-0.505577
-1.73314
0.991684
0.87095
1.71546
-0.338565
-0.18128
-1.63711
0.40814
0.589442
0.217333
-1.60666
-0.507511
-0.387397
0.142574
2.03371
-0.576105
0.0565044
-0.676809
0.104381
0.961676
-0.527597
-1.39591
-0.0168234
0.203069
-0.577113
-0.413018
-0.330061
0.586272
-1.49414
-0.196445
-0.0429916
0.823484
-0.0345324
-0.706477
-1.9594
1.81151
-0.630125
-1.87644
0.674698
-0.169072
1.24131
0.965799
0.0380697
-1.12509
0.127548
-0.696401
0.478315
0.050809
0.710158
-0.0757015
1.09733
0.520014
0.286543
0.114097
-0.431786
1.95172
-0.180144
-0.624862
-1.66983
1.63533
0.873669
0.0413411
-0.655067
-0.386901
0.57116
-0.729422
0.136122
1.22953
0.574892
-0.326074
0.388952
0.488832
0.878694
-0.818714
-0.343686
0.723209
-0.308943
0.55545
-0.578282
-0.225751
0.548115
0.0222294
-0.134058
0.503134
0.344373
0.0285042
0.305714
-0.0836235
-2.25535
-0.233892
-0.768592
-0.465167
0.149522
-0.572457
0.35189
-0.676816
-0.254869
-1.39271
0.661005
0.00386285
-0.418077
-1.93067
-0.434319
1.67745
0.0099768
0.227404
0.194873
0.605495
-0.535577
1.2116
-0.0632836
-1.27372
-1.48649
1.24261
-1.12283
-0.256567
-0.722326
-0.385893
-0.726645
0.649248
-0.0400745
-0.123311
1.38443
-0.508288
0.208744
2.12768
-0.053522
0.9074
-0.393977
1.39624
0.935268
0.850191
-0.678205
-0.223649
0.0264362
0.430477
-0.526206
-0.104843
1.1604
1.2208
0.215972
1.10221
0.063749
1.53517
-0.610345
1.8071
1.27152
-0.205999
-0.561835
-0.647566
1.21013
2.54869
-0.313394
1.40732
0.775376
1.51683
1.50523
-0.764614
-2.8157
-0.981386
-0.253259
-0.897485
-0.828521
-2.03712
0.0141745
-1.05248
-0.274564
0.196487
-2.71155
0.427827
1.86183
0.18635
-1.36415
-0.352869
-1.55689
0.507207
1.61519
1.23154
0.936571
-0.863799
-1.08662
-0.460749
0.933238
-1.61195
-0.957088
0.429982
-0.148244
-0.714161
0.722286
-1.97873
1.41098
0.15496
1.5788
1.7388
-2.10981
0.489846
0.800401
-0.0848708
0.235414
2.09584
-1.66976
-0.340716
0.106255
0.434645
0.381829
-0.518613
-0.712267
0.709053
-0.218841
0.130564
-1.49278
-0.15744
-1.15329
-1.6895
1.73775
0.355251
-1.05739
0.838754
-0.9577
0.138605
0.471458
-0.0961702
-0.31007
-0.640738
-1.01933
0.3626
-0.4579
-0.180164
0.254036
0.358881
0.581308
0.62717
1.51084
-0.0396493
-2.66285
-1.95757
-0.901287
0.0145978
0.619344
-0.365756
0.851876
-2.71644
-0.100045
0.773169
-0.862569
-0.188866
-0.807775
-0.178318
0.846351
1.70055
-0.820132
-0.614603
0.10509
0.947393
-0.209898
0.526304
0.260343
0.831526
1.8913
0.334561
2.03157
0.308974
0.392484
0.239328
0.619167
-0.339763
-1.23551
0.169641
-0.789663
2.39691
1.53277
-0.518266
-0.268046
-0.232263
0.936252
-1.18509
-0.415259
1.1889
-2.00304
1.17839
0.130181
-0.445536
0.87944
0.43095
0.841778
0.67787
-1.15484
0.192467
-0.70516
0.00318256
1.25856
1.22703
-0.656248
0.545383
1.83539
-0.57416
-0.475797
-1.31172
0.699323
0.15957
1.28538
1.38009
0.38763
0.796929
-1.06628
3.02369
-0.14906
1.28107
-0.694401
-1.42104
2.38372
-2.31973
0.97517
0.248972
-1.20001
0.208282
-0.632394
0.493583
-0.392471
0.903518
0.484063
-0.253235
1.21285
-1.53505
-1.26629
-1.34939
1.56962
-1.51589
2.67894
-0.644533
-0.592485
1.19328
-0.150694
0.708153
2.24609
-2.00563
0.86226
0.273885
-1.04031
0.838888
-1.12058
0.0367631
-0.652033
-1.7009
-0.732758
-2.47918
-0.178884
0.664668
-0.344041
-0.981489
-0.923066
-1.48516
-0.404149
-0.280219
-0.03643
0.635996
0.670748
0.207159
0.291938
0.740477
-0.765016
-0.114006
1.19975
1.20553
-0.163098
-0.238583
-1.27691
2.57449
0.729203
-1.28837
0.368871
-1.34904
0.251013
1.16789
-0.503342
0.732255
1.33567
0.617514
1.13643
-1.02639
0.223048
-0.429941
2.9334
0.250815
-1.89619
-1.51034
1.1538
0.540207
-0.773856
-0.952192
-0.396336
-2.2328
-0.0755954
-1.87966
0.117916
0.35549
0.302833
0.716443
-2.12713
0.494107
1.26135
1.94792
0.317467
-0.263833
1.33903
2.55816
0.97105
-0.0346617
-0.18916
-0.9329
0.716301
-0.984039
0.809906
-0.335145
-1.08261
-1.24915
1.20676
1.02282
-1.89837
-0.315283
1.05693
0.62082
-0.981672
-0.517502
0.379007
0.159066
-1.72479
-0.475088
-0.0167895
-0.125713
0.644875
0.683557
0.628654
-1.31317
-1.575
0.633351
-0.239016
-0.352559
1.4861
0.628133
-0.91202
2.3453
0.0609481
1.72175
-0.694235
-0.898946
-0.507933
0.00923771
0.175933
-0.367942
1.06046
0.843046
-0.466793
0.425089
1.97804
1.27542
1.63131
-0.511717
-0.437499
-1.2869
0.0753884
2.5894
-1.98491
-0.12941
-0.185356
0.261689
-0.262707
0.283558
0.742075
-0.273625
2.2615
0.467331
1.15061
0.70766
1.51649
-1.00615
1.7663
-0.785348
1.27428
1.39062
-0.270943
-1.65147
0.466546
0.300838
-0.854713
0.296287
0.628421
-0.974679
1.04144
0.858637
-2.25938
-0.173823
-0.577585
-0.472264
-1.35039
-0.881361
1.18678
0.188396
-0.420941
-0.184233
0.38531
-1.22851
0.393391
-0.582105
0.565247
-0.371562
0.647219
0.440869
-0.143647
-0.193906
-1.1097
1.39549
0.391879
0.328995
-0.983068
1.70893
0.309386
-0.979944
-0.510158
0.484073
-0.196866
0.0461231
0.184135
-0.739087
-0.0611743
-0.537405
-0.844706
0.00611826
2.29913
-0.387925
-0.755449
-0.669346
1.51742
-0.999488
1.20937
1.4867
0.533418
1.79712
2.20055
-0.532788
1.96452
-0.316294
0.0566393
0.642586
-0.717053
0.927256
-1.02537
0.236388
-0.966205
1.37496
0.590563
-2.34322
0.968807
0.206607
1.19194
1.49438
1.57124
2.28503
-0.718955
1.45991
-0.461886
-0.881855
0.969267
1.43922
-0.275936
-0.598697
-0.361135
1.55403
0.422281
-0.913613
-0.457303
0.361304
0.134298
0.153247
-1.3624
0.177651
-0.155362
0.245036
-1.55998
-0.402979
0.110596
1.49923
-0.187254
-0.110696
0.220133
-0.0827931
-0.198801
-0.502705
0.563611
-0.271772
-1.93689
0.214828
0.505893
0.73475
0.838409
-0.764229
0.463324
-0.72679
-0.536543
-0.455702
-1.45233
1.54144
-0.242709
0.00108908
-0.167753
0.0103129
-0.752341
-2.00824
-0.156495
1.11953
1.56782
2.0038
0.0235478
-0.578807
-0.90918
-1.00009
1.26193
0.290241
-1.95366
-0.4733
-0.0429205
0.736902
2.06953
-0.33425
0.592748
-0.618921
1.61797
0.306409
-1.62997
1.1925
-0.434519
-2.06934
0.0897697
-1.78782
0.392061
-1.05309
1.49241
-0.663406
1.44678
0.333967
0.0968691
-0.058194
-0.0591443
0.351449
-0.313525
0.197277
0.115891
0.206123
1.93014
2.24437
1.23728
-1.03389
0.593424
1.07768
0.153074
-0.894877
-0.506937
-0.807344
-1.87839
2.53904
0.478916
-0.458794
1.22607
0.983465
-0.772319
1.91465
0.331133
0.711403
0.745569
-0.733773
-1.01906
-1.35955
-1.04196
0.524492
-0.749038
-2.73043
-0.246345
-0.217123
-0.660816
0.437147
0.881572
0.920754
-0.674178
-1.49054
0.00433271
-0.571736
1.26682
0.491876
-0.422387
-0.202258
0.587959
1.62693
-0.06067
-1.03776
0.396967
-0.227273
-1.39603
0.932394
0.731873
-0.531943
0.406271
0.808273
0.914376
-0.541475
0.63212
-0.637789
0.578779
-0.348409
-1.51265
0.420184
0.788783
0.312436
-0.468505
-0.244853
0.785405
0.0862213
-0.368968
0.792013
1.0629
1.29819
0.489716
0.400415
-0.953228
0.134076
-0.11156
1.8156
-0.186212
-0.379311
-0.753421
0.5525
-1.69504
0.180943
0.912588
0.22863
0.807999
0.667907
1.00168
2.08878
0.202228
0.485339
-0.968961
-0.51085
-2.3073
0.119618
-0.480894
2.17085
0.639994
0.549134
-0.267864
1.36082
-0.309722
-1.43362
-1.7733
-2.27327
-0.574175
-0.0364514
-1.38757
-1.18636
-0.440357
1.10855
1.44775
0.38005
1.18884
-1.64826
-0.725086
0.211067
-0.242049
-1.02014
-0.970421
1.07169
-0.303645
0.149589
0.498342
0.742235
2.19328
-0.362864
-1.17094
-1.10003
1.08072
0.849325
-0.181099
-0.672857
0.612916
-0.527096
-1.6547
0.83604
0.271001
-0.588609
1.20833
1.27588
0.142711
0.747035
0.296735
-1.66093
0.823881
0.110699
-0.751357
1.51627
0.685902
0.131507
0.982415
-1.44974
-1.13669
0.561523
-0.754654
-0.170589
0.632018
-0.623606
-0.420296
-1.09396
-0.269823
-0.0236122
-0.526955
0.177678
-0.534288
-0.717973
0.0483647
0.933376
0.298879
-1.72737
-1.12884
1.37477
1.56174
-0.576866
-0.158867
0.257973
-1.93372
1.77476
0.61618
0.183714
1.08275
0.376715
-0.0736795
0.997385
0.876936
-0.312207
0.119596
-1.43249
0.0968466
-0.202166
0.0501396
-1.18498
-1.56916
0.659774
1.57674
