1025
-0.553686
-1.1041
0.303896
-1.33607
1.05162
0.723317
0.509761
-0.492279
0.749446
0.163461
-0.879224
-0.0830863
0.0613926
-0.81971
0.723323
-0.831019
-0.103177
-0.832798
-0.532683
-0.303069
-0.536283
-1.6499
0.926764
0.779944
-0.563287
-0.0409211
1.06487
-0.339336
1.09288
0.00457282
0.188934
0.354874
-0.235134
-0.578814
-1.76925
-0.689422
-0.699885
-0.303538
0.0148668
0.644818
1.94601
-0.637534
1.0539
-0.195624
0.694332
0.849041
0.703496
-1.65626
2.28321
0.176591
0.301091
0.915795
-0.402019
0.635013
1.06988
0.231281
1.23309
0.104557
1.40311
-0.632754
0.794284
0.798685
-0.917559
0.43635
0.216884
-0.557436
0.25512
0.233516
1.60403
1.186
0.717588
0.808134
0.699534
1.84873
1.90883
0.56003
-0.341148
-0.853275
-0.361537
0.321094
-0.496719
-0.295551
1.67887
0.882658
-1.79638
0.0641901
2.56795
-0.0391206
-0.85912
0.668041
-0.842634
-0.869906
0.416719
0.711364
0.880078
1.61925
0.670639
0.464715
-0.640041
2.06655
0.597432
-0.957363
-0.373037
-1.29944
-1.09652
-0.267227
-0.80205
-1.22918
0.627926
0.835543
-1.01885
-1.21076
1.04986
0.65005
0.152036
-2.12841
-0.703414
-0.0873809
1.04927
0.183757
-0.900196
1.82049
-0.7389
-1.35737
-0.192373
0.456842
0.310521
-0.0833615
-0.439841
0.647787
0.440243
-0.88417
0.303552
2.05515
0.522469
-1.07487
-2.23018
0.278019
-0.834673
0.615942
-0.876063
-1.04712
0.730228
-0.0992957
0.104897
1.00929
0.957882
0.0752467
-1.09284
-0.282044
0.608206
1.16378
1.86347
0.609259
0.364791
0.46089
0.168377
-2.07889
-1.25997
0.788827
1.20747
1.01849
0.126883
-1.15558
1.25396
0.117934
0.462943
-0.491683
0.975606
1.1876
-1.33056
0.544997
-0.250208
-2.88341
0.629393
-1.07711
1.27182
0.513352
1.40497
2.23703
-0.76572
-0.119786
-1.3257
-0.504765
1.17748
1.33635
-0.0778014
-0.100508
0.280483
0.177212
0.0789087
0.878378
-0.471643
1.14274
-0.335705
0.520252
1.77065
-0.491981
0.188794
2.19912
-0.0561067
0.16761
0.878843
0.917938
-0.870082
-0.776285
0.475331
-1.29163
-1.74558
1.42701
0.946255
1.288
0.130898
-0.133548
0.90704
-0.0547432
-1.4945
-0.469056
1.31252
1.90117
0.928962
1.20691
0.63758
-0.749612
0.47674
-0.0427932
0.0559418
-0.68458
0.0721298
-0.0884174
-0.874462
0.957595
-0.265656
0.829524
-0.354934
0.178143
0.887085
-0.234347
0.507347
-0.86135
3.19623
-0.972351
0.657699
0.798434
-1.02873
-0.371895
-0.212441
-0.227237
-0.72277
0.350884
0.267239
-1.83461
-0.422703
-0.396508
0.992487
1.51996
-0.629956
0.128347
-1.17417
-0.740318
0.689904
-2.2125
0.412359
0.528867
-0.0752732
-0.639088
-0.882189
-0.243171
0.695263
-0.246242
-0.881556
2.25791
0.552555
0.0762969
0.467454
0.567596
-0.0118506
0.0417003
-1.04929
-1.81067
0.374342
-0.531839
1.33712
0.611161
0.742654
2.54058
1.18072
-1.39902
0.337732
-0.507945
-0.302283
-0.851474
0.377036
1.66353
0.566973
0.754379
-0.548556
-0.0900127
0.0251708
0.329765
-0.318432
0.576028
0.768642
0.517582
-0.515607
0.744321
0.157891
-0.628142
0.0599729
-2.19523
1.15814
-1.13158
0.832939
0.0335716
1.25054
0.744311
-0.726776
-0.373175
1.17623
-0.0501379
-0.676552
0.511043
1.18402
-0.222132
0.0908653
-1.16965
-1.76524
-0.930918
-0.098587
1.41206
-0.901434
0.121595
0.289021
0.191242
-0.479818
0.620418
-0.359006
0.809222
-1.76797
-1.02516
0.392783
-0.087252
-0.190287
-0.278116
0.0144839
0.473475
-0.305771
0.284124
-1.63037
0.204134
-1.64043
-0.947839
1.79693
1.52302
-0.235384
1.05488
1.52988
-1.92619
1.95439
-1.0528
-0.185524
-0.313564
-0.423211
0.957755
-0.67355
-2.30378
-0.543681
-1.28285
-1.24322
1.89792
-1.2626
-0.177308
-0.250385
1.24905
-2.10492
0.538906
-0.630975
0.167196
-1.44902
-2.17845
-0.791384
-0.584459
2.45129
0.368973
-1.1185
1.83992
-1.1482
1.53027
-1.92573
-0.420297
0.662262
-0.36305
1.56333
0.410182
0.604989
-2.08133
-0.171824
0.220194
-1.54192
1.80459
1.656
-0.812798
0.385255
-0.492731
-0.569339
-0.017636
-0.309964
-0.10422
0.111606
-1.30869
1.63996
1.041
-0.680832
0.480395
0.450332
0.173139
-0.818882
-0.0507571
-0.570953
-1.10365
0.0959422
0.837168
0.479369
-1.89486
1.01724
-0.57185
1.10136
1.03034
-1.38205
-0.101179
0.203158
-0.480166
0.612965
-0.99311
0.967841
2.42612
-0.396062
-0.379382
-0.609258
0.722078
0.712529
-1.44221
-0.525173
1.1009
-1.12886
-0.350825
-0.360912
-0.580292
-0.376002
-0.151841
0.606827
1.02961
-0.275071
0.0771488
0.0629332
-0.792421
-1.76985
0.238047
-0.255368
-0.221671
-2.44024
0.165521
-1.02348
-1.40252
0.203128
-0.779444
-2.45932
0.896778
0.704507
0.515479
0.122201
0.771428
-2.47628
0.553917
-0.0560923
-0.958292
-0.809133
0.196103
-0.175125
-0.957669
-0.621098
-0.16807
0.150921
0.762718
-0.133851
-1.96525
0.77654
0.538476
0.95595
1.58792
-0.209465
-1.07571
-0.263128
-1.28873
0.169143
-0.480912
0.83849
2.29177
1.75889
-0.241662
0.158484
1.59232
-1.1244
0.401341
-1.21133
-1.3132
2.49979
0.131136
-0.016669
-0.479126
-0.213295
0.085631
-0.562488
0.710546
1.38673
1.05364
0.588275
0.161183
0.581557
-0.821626
0.0443802
0.850571
0.667599
0.661018
-0.836793
1.40479
0.96843
-1.14684
0.0850572
-1.35576
0.138011
-0.26034
0.440028
0.758743
1.18847
0.738905
1.16371
-1.87285
-0.808074
1.57226
1.12444
1.63407
0.562894
-1.10542
-0.691923
0.317078
0.0730492
-0.814779
0.750231
0.361993
-0.87848
-0.659234
1.36977
1.07484
-3.17957
-1.50477
0.352557
0.719742
-1.34883
-0.553491
0.225144
-0.600427
-0.29212
-0.831927
-0.749921
-1.42397
0.54022
-0.542644
-0.856406
0.187504
-0.620499
-0.445287
-0.464403
-1.52147
0.587877
-0.961322
1.12469
-1.4006
-0.621441
1.6428
1.0491
-1.29952
0.80054
0.516105
2.0813
-0.770939
-0.575956
0.94388
-1.21325
-0.425351
-0.205666
-3.53804
0.0618727
0.46085
0.315263
-0.21137
0.0213411
-1.08353
-0.710203
-1.31633
0.586017
-1.20457
-1.60213
-0.415352
-0.707656
-0.264564
0.726798
1.7146
0.718543
2.1533
0.755186
1.60454
0.900104
0.165499
-0.0584936
0.630467
0.743258
1.65581
-0.587691
-0.47002
-0.0318951
0.466733
-0.917613
-1.2549
2.51507
0.129243
-0.122889
-0.26313
0.180428
0.948723
-1.55875
0.172672
-1.26855
0.839759
-0.0932341
-2.3633
-0.58544
1.78141
-0.495478
-1.36669
-0.1059
0.138986
-2.04975
-0.0938674
-0.913147
1.49563
0.00550803
-2.84226
0.0906251
-1.44648
0.0621163
-2.79959
0.786932
-0.577204
-0.455023
0.403066
-0.244242
-0.790156
-0.213118
-0.289925
-0.587023
-0.42046
-2.13773
0.0901296
-0.973724
-0.574304
0.830588
0.611461
0.00741298
0.653252
-0.472309
-1.14127
0.60787
-1.7507
-0.0848573
0.987948
-0.600546
-0.580946
-1.18932
-0.0206354
0.493548
-0.802653
0.456886
-0.812147
-1.13267
-0.322664
-1.49828
-0.681826
-0.393669
1.31076
1.26491
0.374903
0.21823
0.756849
0.238629
-0.47987
0.961527
-0.444295
-0.145182
0.566035
-0.640705
0.0148053
-0.592314
-0.443311
0.189785
-0.579548
-0.781224
-0.364834
-1.88269
-0.773967
1.00733
1.74517
-0.446527
0.417739
-1.59452
-0.674085
-0.237182
0.954225
-0.00321883
0.724833
0.604034
-1.17926
-2.13855
0.479262
0.652259
0.51721
-1.31413
-0.733171
0.327162
1.24701
-0.864994
0.969834
0.950542
1.2729
0.41901
-1.3327
-0.0694215
1.29765
0.653479
0.00612879
-0.0296605
-2.64011
-0.760507
0.335892
0.556215
-1.03101
-0.722742
0.172324
0.251922
-0.47101
-0.616613
0.362892
1.09422
-0.141428
0.434027
-1.46359
0.014476
-0.348966
0.189849
2.26782
-0.909037
-0.863166
0.043606
0.258639
0.333207
0.768119
-2.45584
-1.14635
-0.404674
-2.13153
-0.334206
-0.673253
0.39458
0.912378
0.637355
0.0375903
0.93108
0.386844
0.348107
-0.37306
0.0241545
0.714975
-1.87356
1.06205
-0.146423
0.624692
0.205268
1.54579
-1.0308
-0.741527
0.630211
1.83353
0.232046
0.093701
0.976897
-0.643243
1.37492
-0.10972
-0.270676
0.412704
-2.28979
-0.692453
0.454341
0.791635
-0.319526
0.231685
-1.02343
-0.836868
-0.303239
-1.27481
0.440467
0.923799
0.484031
-0.282067
-0.637485
-2.17836
0.0954535
-0.912256
0.195526
-0.28216
-0.51726
-0.775787
0.138078
-0.35894
-0.162886
-1.32798
0.745062
1.8192
-0.925487
-0.855989
1.55931
1.63142
0.474454
-0.152922
0.629769
-0.851422
1.52023
-0.703844
0.771509
0.391205
-0.563368
0.21586
-1.13754
0.9687
0.705031
0.335598
0.830151
-0.535812
1.07924
0.201792
-0.0681761
1.20265
1.17536
2.1876
-0.399969
0.632898
1.13541
-0.475741
0.29947
0.421083
-2.64199
0.422311
-0.0711442
0.0685226
0.457183
0.864353
-0.591594
-0.107814
0.935773
-0.367357
0.614716
1.60854
-0.5329
-1.38956
0.246675
-0.719321
1.03011
1.02283
0.446778
-1.1528
1.66172
-0.115451
2.60055
-1.168
0.473917
0.363097
-0.718352
0.88109
0.326443
-1.05822
-1.13045
-1.89928
-0.910487
0.750547
1.70041
-1.36133
-0.293766
-0.0266713
0.787224
-0.886403
-0.241164
0.407682
-0.428438
-0.43981
0.784307
-0.694775
-0.810773
0.965611
1.09191
0.603414
-0.500334
-0.288194
-1.33813
-0.442088
-0.651673
-0.35215
-1.10213
0.644985
-0.723954
-0.140734
0.656183
0.811759
-0.66973
0.3373
-2.14982
-0.131799
-1.78328
-1.79242
0.488127
-0.966022
0.193135
0.808605
-0.990419
-0.58628
-0.0113022
-1.48119
0.11344
1.45668
0.775917
0.374801
-0.749644
-1.40559
0.00964539
-0.0570198
-1.01016
1.37287
0.104485
-0.680064
-0.123699
-0.522669
-0.119923
1.54072
0.548161
1.44725
-0.546981
0.694713
0.00766206
-0.277354
1.35684
0.36174
-0.140414
-0.193652
-0.0363516
0.691683
0.0236414
0.346167
-0.215906
1.60071
0.919957
1.41315
-1.45572
0.241616
2.41418
-0.819439
-0.255037
-0.139816
-1.15325
0.735504
0.534687
0.292695
-0.167183
0.720888
0.59198
0.498605
0.483232
-0.763712
1.18069
-3.34514
1.02639
0.658039
-0.0370855
0.71422
-0.436313
-0.432004
0.752764
1.06243
-0.282422
-0.469168
-0.443437
1.68389
0.159564
-0.667283
0.271553
-0.216883
-1.08305
0.750894
-2.84645
-0.586012
-0.691974
0.0282193
-1.8408
0.97956
0.192266
0.656442
-0.155753
-0.200596
-0.98684
-0.540607
-0.345174
-1.34324
0.216133
0.159584
-0.295577
0.831254
-0.191882
