1025
0.768775
-0.0265782
-1.87837
-1.26183
-0.382525
-0.486441
-2.04597
0.00131786
1.06342
0.776531
-1.85066
0.64304
-0.695072
1.22823
1.27493
-0.767499
0.0403098
-2.15276
0.725659
-0.0171575
0.0927538
-0.7065
-1.35411
-0.967611
-0.251873
-0.926381
-0.664535
1.77028
0.0605156
0.827138
2.21657
0.846894
0.546198
1.33241
0.126695
0.234692
0.133853
-0.984956
-0.180978
0.218352
-0.906104
-0.735455
1.52094
-0.553581
0.282651
-0.612974
-1.22288
0.282512
-1.05384
-0.0691581
-0.923684
2.59606
-0.923423
0.315173
-0.553192
1.72671
-0.326794
-0.276406
1.03479
-0.135715
2.27221
-0.111243
-0.885509
-1.95286
0.119015
0.409323
0.207252
1.49981
-1.17695
-0.0952089
0.577157
-0.0446412
0.730334
0.202008
-0.51459
0.972317
-0.431148
1.6266
0.017661
-0.637382
2.08356
-0.0590508
0.782873
-0.206824
1.41668
-0.650977
0.374673
-0.419958
-0.0362192
0.764166
1.03409
-0.221409
-0.237295
-1.47811
-1.4044
0.663228
0.778376
-0.594371
0.465188
3.00014
-0.408071
-0.983664
0.789987
-0.332866
-1.08656
-0.558129
0.742074
1.51036
1.56102
0.31604
0.382722
0.38291
1.41107
-0.278458
0.802931
0.288635
-1.23601
-0.876005
1.98759
0.272971
-0.887441
1.07326
0.313094
1.10524
-0.339223
-0.444764
-0.733213
1.31394
0.20841
-0.102363
-0.327857
0.564467
-1.15436
1.90998
-0.0882321
-0.592919
-0.626127
-0.942922
-0.2611
0.424701
-1.2411
-2.11023
0.968392
-0.223853
-0.481795
-2.0155
-1.72873
-0.969376
0.565194
0.327622
-0.848095
-0.807588
1.52745
-1.0948
0.428349
-0.0248594
-1.04337
0.836403
0.209745
-1.72137
0.30901
-1.57482
0.020971
1.92151
-0.584078
0.69204
0.578154
0.325538
1.26267
1.33577
-0.149358
-0.059156
1.44835
-0.0613859
-0.377035
0.215662
-0.630282
0.384868
-0.76973
-1.76544
-0.715333
-1.81245
0.140076
-1.30448
-0.0764775
-0.604338
2.55873
-0.0057403
0.927989
-1.20257
0.988642
0.224992
-0.857871
-0.242659
-0.370535
-0.0829396
-1.60844
0.0238098
1.98933
1.04433
-0.906618
0.476079
1.4634
-1.08131
0.567977
1.03707
-0.141488
1.56079
1.74334
1.43404
0.676429
-1.62596
-1.07252
0.449601
1.9231
-0.672429
0.545237
-0.0254225
-1.25674
0.610183
0.611072
0.534942
0.770339
-1.10012
-0.82906
-0.102718
-0.35281
1.86509
-0.775977
-1.61941
0.367129
0.460789
-0.0255172
-1.99611
-1.38738
-1.72049
-0.853407
-1.73821
1.77801
1.22058
-1.98311
0.651558
-0.510379
-1.03562
-0.80258
-1.58731
0.232195
1.29132
0.36499
-0.43402
-1.36385
-0.041639
1.11407
0.191574
-1.29637
-0.785432
-0.599523
-0.153227
0.0617984
-0.426888
0.0665082
1.54926
0.232892
-1.1769
-0.889008
-1.4935
-2.13052
0.337031
0.863936
0.291303
-0.518671
0.220399
1.95282
1.7256
-0.682476
0.404142
-1.42427
-0.706377
-0.537919
2.73529
0.156893
0.676591
0.0767843
-2.27732
0.978432
-1.95697
0.298368
0.643807
-1.92228
0.725029
1.968
0.166194
-0.158183
-0.504052
1.96935
0.700873
0.528068
-0.439359
0.04458
1.5666
-1.89635
1.09023
-1.12935
0.373737
-0.285217
0.207889
1.23279
-0.152768
-0.69632
-0.0524927
-1.36101
1.66406
-1.34483
-2.13329
0.800065
0.232911
0.190037
-0.96903
0.60265
-0.714655
1.86607
1.80948
2.31334
0.123377
0.511819
-1.56336
0.24008
1.43556
1.09674
0.805321
0.213013
-0.739976
0.735621
-0.389913
0.455975
-0.0930399
0.563376
-0.67979
-1.3074
-0.187417
0.176471
-0.48112
-0.646244
-0.116209
1.26961
0.251254
-0.166505
0.582523
-0.0181486
0.824645
-1.14144
1.82148
0.333439
-0.909548
-0.435867
1.69938
1.05721
-0.561779
0.0482885
-1.35163
0.619271
1.13358
0.665693
-0.765858
0.440871
1.15816
-0.677282
0.201752
-1.43056
-0.440245
-1.0875
0.146616
1.28606
-0.327408
-1.09066
1.66433
-1.19601
-0.622389
-0.349448
-0.662427
0.765455
0.156381
-1.13083
0.872814
-0.765271
-0.291805
1.2627
-0.562153
0.210059
-0.686293
-0.140057
-1.21109
-1.34581
0.146911
-1.03663
-0.109844
-2.88116
-1.36993
1.4071
-1.14423
-0.207759
-1.19176
-1.58333
-0.525528
-0.15173
-1.01201
1.27762
-0.892626
-0.400017
-0.39412
0.267216
0.231716
0.489321
-1.52572
0.275459
0.186483
-1.91594
0.308478
-1.1871
-0.316217
-0.237314
-0.332456
-0.651527
0.741804
1.26511
0.714302
-1.98546
-0.414553
1.29232
-0.0351439
-0.281417
-0.0754639
-0.302168
-1.58438
0.707418
-0.899377
1.89688
0.355028
-2.01838
0.207938
-0.632026
-1.57309
0.392622
-0.0619505
-0.439095
-1.44672
0.76478
0.059297
-0.190945
-0.591656
0.0997722
-0.898839
-0.54877
-2.30394
0.179198
-0.00305601
0.991171
-0.150481
-0.01235
1.12479
-0.254388
1.14511
0.615495
1.84951
-1.70803
1.6821
-0.130639
-1.22064
1.37566
-0.784467
0.0668178
-0.791755
0.217109
0.669083
0.585992
-1.16489
0.742335
0.874739
-0.910793
-0.104169
-0.962481
2.66669
-0.145914
-0.254765
1.10454
-0.654951
-0.769126
0.86944
-0.0383254
-2.17237
-0.284964
1.56864
-0.178453
2.2596
-0.772456
-0.370291
1.26149
-1.32386
1.34695
-0.99173
0.693137
-0.786904
1.71062
0.581923
0.274591
-0.308757
-0.394844
-0.201666
0.00821454
-1.03615
0.993252
1.29203
0.788483
-0.310197
1.3834
0.339521
0.586021
0.222755
-1.04173
-0.108246
1.40246
-0.137228
0.375377
0.520851
1.91857
0.819599
1.23563
0.912775
0.0780412
0.132436
-0.134858
0.684016
0.856993
0.82157
1.12105
1.24639
-0.509421
2.10549
0.405903
-0.11693
1.83617
-0.972652
-0.0189383
-0.987239
-0.224855
-0.0131951
-0.0534931
0.845778
-0.302577
0.0102366
1.42702
-0.110124
0.143389
1.07877
0.418331
2.0059
-0.0519808
-0.433631
1.25256
0.640826
-0.169516
-0.975878
-0.205133
-1.70463
1.75291
-1.2051
-1.04069
1.33221
0.0640019
-1.37214
2.0253
-1.44646
0.977848
0.185027
-0.9975
0.430092
-0.39061
0.034816
-0.209056
-0.448997
0.588288
-1.33864
-1.27897
1.02359
-0.520362
0.277844
0.385562
0.593682
1.07474
-0.446554
-0.0203172
0.4128
1.10843
0.836934
-0.48221
1.21008
-0.402961
-1.93228
0.816524
-0.873369
0.668305
0.354655
0.786895
2.19343
0.056478
-0.0785265
0.201438
1.27169
1.38591
0.104224
-1.08239
-0.10998
0.502651
0.171944
-0.0660988
-1.09566
-0.833644
0.0278255
2.74746
0.275067
-0.408896
-2.46518
0.0736883
-1.03682
-1.30427
1.44294
-0.0438079
-0.686301
0.934741
1.09006
0.227884
0.0414007
0.364225
0.420723
0.204627
0.538242
-0.913903
1.3643
-1.28607
0.354826
-0.383924
-0.294831
-0.916977
0.0243396
0.0919593
-0.51938
0.0407362
1.84543
-1.76949
-0.871446
0.398928
-0.270655
0.174217
-0.0116216
-0.709991
0.834846
-0.0459281
-1.27641
-0.326977
0.672961
0.420537
0.453561
0.510091
-1.08768
-0.331965
0.155127
-0.507194
-1.72443
-0.368323
0.902651
0.370177
-0.748315
-0.421105
-1.36182
-0.54848
-0.0856376
-1.69613
-0.153928
0.31148
1.13199
-0.76834
-0.671258
0.485484
-0.11685
2.64936
-1.84759
0.625506
-1.13792
-0.805922
-0.276239
1.63499
0.689309
-1.70749
0.217124
-0.19225
-1.46229
0.408218
0.991781
-0.11991
0.942763
-1.43499
1.59681
-1.34131
-0.972623
-1.42905
0.122984
1.27414
0.0461488
-1.96174
1.17258
1.14325
-0.21914
-0.0197269
-0.606849
1.03413
-0.819253
0.353045
0.275473
0.908646
-0.649153
-0.398567
-1.42173
1.00857
-0.477567
0.0688704
0.282089
0.546459
-0.0514279
1.76406
-0.251385
-2.49709
-0.114
-0.637094
-1.13893
-2.04278
0.252234
-2.22347
-0.542712
-0.350255
-1.12609
2.01312
-0.0575445
-0.0186136
0.263449
0.650727
0.512113
-0.581719
-0.501143
-1.87577
1.05108
-0.922775
-0.0575218
-1.02079
0.350894
1.43706
0.741552
0.860517
0.753376
0.280002
0.158775
-0.0361857
1.20626
-1.41505
-0.702423
-0.230099
-0.0941999
-0.458462
-0.873997
-1.08795
-1.45837
-0.834371
1.35557
-0.447801
0.638852
-0.0263925
-0.427487
1.00892
-0.173857
-0.705353
2.0333
0.733665
0.379801
0.244036
0.439467
0.1832
0.741265
0.81646
-0.018698
0.322023
0.164019
-0.318771
1.30427
-0.899586
-1.25551
-0.343832
0.0541142
0.161092
1.43326
-1.77594
-1.80462
0.546965
-0.454298
-1.2806
-0.806006
0.448989
-0.347146
-0.921189
0.242919
-0.554946
1.20244
1.05055
1.02033
-0.931459
-1.51015
-0.0780109
-0.583613
-2.01989
0.701877
-0.0572885
-0.958726
0.042816
0.734478
0.834923
-0.255883
0.310887
0.340675
-0.437634
0.354904
-1.20331
-1.31977
0.470922
0.808376
-1.24493
0.209776
0.582452
-0.163764
0.493453
-1.49059
1.89649
-1.98908
-0.651253
-1.5709
0.471871
-0.0080671
0.33003
0.668589
1.23304
-0.974828
0.0285573
0.391168
-0.221475
2.72379
-0.268104
-0.842471
2.31357
-0.40027
-1.61583
-0.530002
0.835173
-0.118541
0.128546
2.40675
0.490596
0.212168
0.564873
1.51813
0.0660333
0.274481
1.28088
0.270768
-0.468039
-2.04745
-0.561315
-1.78346
1.19754
-0.164097
-0.8105
0.619366
-1.46172
0.639902
1.14221
-0.295857
1.35975
0.778184
-2.34189
0.310258
-0.635159
0.474473
0.567272
-0.878753
-0.758029
-0.337144
-0.146008
0.637092
0.671016
-1.32524
-1.0947
0.975024
-0.289035
-0.643265
0.510947
2.26924
0.56117
0.296789
-0.319032
1.47801
-0.0335109
-1.73855
1.18784
-0.551442
1.99332
-1.37734
-0.798096
0.513959
-1.09006
-1.85341
-1.53588
-0.196671
0.964955
0.188872
-0.35157
0.633226
1.09981
-0.261111
0.85271
-1.99133
0.513045
0.851864
0.373844
-0.265229
1.49272
0.650097
0.575027
0.599678
-0.79943
0.0733131
1.23415
-0.997042
-1.58699
0.168363
1.62107
-0.469147
-1.51646
0.235787
-0.0378469
-1.39453
-0.460156
0.319281
-0.0167473
-1.51864
-1.5189
0.395695
-1.84215
-0.523504
-0.477312
-1.1736
-1.87018
1.00829
1.10528
0.893377
-0.633696
1.27415
0.74681
-0.52856
0.588923
1.9274
0.305303
1.62357
0.29569
0.288354
0.664126
-0.779271
-0.118698
1.23522
-0.116915
0.625012
-1.09263
1.59349
-2.08486
0.0165211
1.01009
1.43048
-0.04779
0.509169
-1.53016
-0.170017
-1.09367
-1.32363
0.595579
0.682919
-1.58383
2.04741
-0.393791
0.202107
-0.0955095
-0.349752
-0.619355
0.766128
1.28439
1.83771
-1.02346
-0.44109
-0.470048
-1.24635
1.58171
-0.377968
0.829843
0.35327
0.130018
-0.110144
-0.709781
-0.109155
-0.0931663
-0.954012
-1.39393
-0.655744
0.577618
0.812513
-1.58588
-0.390307
0.0443894
0.0873682
-0.611348
-0.285569
-1.50775
