1025
-0.759417
0.808909
1.01995
-1.09585
-0.0111067
-1.71552
1.02357
-0.976069
0.0313243
-1.75741
0.12344
0.879935
-0.280383
-0.676971
0.743564
0.62402
-0.439039
0.620487
0.243159
0.836694
-0.505993
-0.155498
0.847313
-0.130733
-0.294826
0.95736
0.121275
1.38594
-1.17181
0.732367
1.30842
-0.0463529
0.213705
0.413288
-0.200982
0.719755
-0.62807
-0.497718
-0.684574
-0.233849
1.3044
-0.208554
-0.594063
-0.443104
0.293276
-0.348448
0.754669
-0.266297
-0.547823
-0.46197
0.0355843
0.717832
0.528292
0.28467
1.17461
-1.11314
0.389462
0.956897
-0.987946
1.08912
2.12475
-0.935817
-1.01784
0.295896
0.24991
0.146219
-0.648123
-1.02384
1.07289
1.28222
-0.00706857
-0.821208
0.508021
0.38406
-0.643754
1.14274
0.678914
0.907467
-0.845548
-0.600111
1.22591
0.0858089
0.50493
0.275843
1.493
0.798024
-2.15199
-0.631302
-0.858146
-0.850202
-0.939001
0.876982
1.02573
-0.66826
-0.396965
0.591136
-1.46238
0.620087
1.85744
-1.27791
2.97816
0.251577
1.55895
-1.44737
-1.2797
-1.89662
-1.04885
1.14342
1.52536
0.04176
1.20586
-1.06554
-1.61539
-0.593031
-0.0650551
-1.10627
-0.837214
-0.262552
1.01905
-1.83731
-0.123463
-0.965975
0.887281
0.218732
-0.221695
0.0478619
0.097374
0.67259
0.816153
-0.561239
-0.524068
1.44426
0.694057
-0.575957
-0.590011
0.857669
-1.15289
0.299077
0.523982
1.22623
0.960321
-0.975652
0.425203
-1.34305
0.770318
0.944494
-1.0239
-1.62494
-2.04397
-0.694125
-0.322971
0.517287
-0.0378128
0.482469
-0.67875
0.769964
0.600539
-0.924438
0.794648
-0.447873
1.49266
0.415645
0.969718
0.535746
-0.00105869
1.47316
1.47433
-1.35182
1.34601
0.204685
-1.081
0.149142
1.21517
0.371428
1.09601
-0.683383
1.27719
-1.10834
0.339247
-0.409539
1.15124
-0.537349
1.19803
-0.148377
-0.430977
0.382652
-1.11109
0.452188
-1.03083
1.09314
-1.65093
1.73102
-1.20283
-0.605035
1.63875
-0.729958
1.05708
-0.311265
0.798695
0.369427
1.51935
1.1732
-1.04571
0.978238
-0.774641
1.34608
0.870286
1.07313
-1.1813
0.994528
-1.02494
0.648519
2.36135
0.0400158
1.65636
1.06773
0.347238
0.102297
-0.269641
1.01612
-0.727291
2.56726
-0.2032
-1.18344
0.56584
0.807338
-0.196006
-0.174897
-0.20363
0.191342
-0.388619
1.73668
-0.82888
0.811815
-0.150201
-0.737981
-0.555445
-0.315367
-1.59044
-0.908517
1.16748
-1.0892
1.56397
-0.200352
0.797391
1.3334
0.191138
-1.5957
-2.23893
-0.0290436
2.22653
0.0319057
-1.3585
-0.836993
-1.99452
0.0504645
0.659838
-1.23511
1.67863
-1.41693
-0.694367
-0.797673
0.138641
1.87789
-0.828952
-0.487419
-0.736583
-0.813039
-0.270605
1.18345
-0.950502
0.633339
0.147318
0.0217009
0.931581
0.431257
-1.42658
-0.0578109
0.112421
-0.769494
0.241672
-0.452339
1.2389
-1.95664
0.467494
-0.986357
-0.815713
1.1251
-0.475253
2.49571
-1.44127
0.0223401
-0.611472
0.96314
0.697139
-1.23201
1.12091
0.869185
-0.139269
0.590223
0.152766
0.704949
-0.984798
-0.169683
1.01814
-1.50551
0.570827
0.142473
-0.0568044
-1.15584
1.06739
-0.817933
1.48832
0.425243
-2.58194
-1.1815
-1.57543
-1.65586
0.34782
-1.40606
0.258458
1.12268
-0.153505
1.13078
-0.793337
-0.0347795
0.56383
1.51022
-0.20538
-0.904757
-0.266355
1.87176
-0.524801
-2.58667
-0.257815
0.768886
0.229112
-0.156964
-0.205258
1.55365
1.57009
0.792326
0.933578
-0.0752386
0.00980734
-0.329107
-0.234618
0.830905
-0.781249
-0.726558
0.986209
0.341844
-0.440497
1.14182
1.47346
-0.313946
-0.85461
1.10731
0.80384
-0.435571
-0.110548
0.958728
-0.0356938
1.97752
0.957819
-0.503426
-0.449775
1.52726
-0.0912409
-2.00858
1.47383
1.86923
1.23325
-0.165961
0.90168
1.01633
1.70419
-0.722848
1.78476
-0.0822517
0.720367
-0.0562178
-0.220288
-0.573597
-0.729168
0.714448
-0.95438
0.753059
-0.210493
-0.0464321
-1.20766
-0.647586
1.01131
-0.47917
-1.7002
1.82953
-0.93319
1.31186
1.20264
-0.780837
-0.211867
0.951951
1.28847
-1.53015
0.597369
0.754307
0.00656704
-0.640776
1.2143
-1.17908
1.92191
0.579828
-0.861956
-2.30845
-0.289699
-0.93309
-1.14444
1.64041
-0.78638
0.931764
-2.14922
-0.209348
-2.41599
-1.54514
0.729808
-1.16597
2.37009
0.644712
0.821535
1.44965
-0.685871
1.13355
1.57342
0.493171
0.557396
0.113066
-0.0904367
3.04228
1.00336
2.80911
-1.19575
-0.126484
-1.43805
2.99985
1.23883
0.935566
1.04371
-0.632308
-0.144511
1.11163
0.422233
0.770045
-1.32332
0.164426
-0.56692
-0.936118
-0.587542
0.110954
1.00435
-0.396796
0.00588164
1.09381
0.270609
-0.175268
1.20801
1.23657
-0.254028
-0.466914
-0.0553331
-0.0114813
-0.951359
-1.37533
0.595015
-0.281479
2.0428
-0.333128
-0.883936
1.20531
0.40404
-0.608057
0.414845
-1.03532
0.0594365
0.12998
-0.768994
-0.033111
0.000631388
0.68286
2.09193
-0.316254
0.470068
0.206937
0.425601
-0.438358
-0.49222
-0.443089
0.760194
-0.0412105
0.295149
0.841539
-0.183559
-0.711542
0.751375
0.217477
-1.09566
0.787638
0.330016
-0.453355
0.391863
-0.200543
-0.522398
-0.400256
0.779163
-2.46365
-0.822064
1.20662
-0.540415
-1.23531
1.18306
0.139087
-1.09288
0.401384
-0.728466
0.191604
0.159048
-0.352201
-0.619212
0.825283
1.76136
0.146932
-0.300523
0.0516718
0.136919
-1.91246
2.22869
1.60315
1.28218
1.04043
0.000968878
0.428009
0.724393
-0.729347
1.78018
-0.830693
-0.652346
2.99581
-0.470373
0.510412
0.218091
0.343754
-0.120537
0.552835
0.982718
1.16143
0.915944
-1.68292
-1.05273
0.198634
-0.0929775
-1.74701
-0.788698
-1.00781
-0.729373
2.09946
-0.431868
-0.493726
0.172862
1.32243
0.309191
-0.449814
-1.04254
-0.198931
1.06209
0.294641
-0.646181
-1.23449
-0.452714
0.0419937
0.864082
-0.401702
-0.937638
-0.948509
-0.724909
0.939738
0.488591
-2.37808
0.204035
0.88578
0.586539
0.113098
0.523185
1.21215
0.310864
-0.928009
0.829176
-0.631241
1.7736
-0.0250136
0.0884029
-0.828415
-0.654476
1.52479
0.8033
-0.221984
-0.356311
-1.14857
0.493707
0.0561397
1.06131
-1.34852
-1.15123
0.759362
-0.609457
-0.0555321
-0.291966
0.583429
0.440808
-0.192205
1.29136
-0.000864528
1.61803
-0.65363
0.196192
-1.05517
0.581781
-1.79932
0.453825
-0.880507
1.3837
0.619054
0.751167
0.632531
-0.499962
1.17256
-0.170047
0.615842
-0.885023
-2.49294
-2.34852
0.376977
1.10341
0.089212
0.0655863
-0.116089
-1.32125
0.872607
0.475038
0.530654
1.70434
0.0679821
0.714237
-1.33578
0.514732
0.174476
-0.824785
0.782841
-0.0653099
-1.88291
2.28805
0.64307
0.336106
-0.503033
0.385763
-0.147896
0.491988
0.00338058
-1.94947
1.37824
1.20904
0.639921
0.0309011
0.960037
-0.110263
-0.969426
-0.248795
0.236539
-1.36755
0.277206
0.758127
0.561791
0.835499
0.0658715
0.664609
2.04342
-0.460124
-0.254684
-1.58479
0.263725
-0.423697
-0.488394
0.968651
0.702634
0.820024
1.93648
-0.620067
-0.170008
0.262256
-0.143644
0.672586
-0.48513
0.278474
0.228518
-0.693532
-0.216623
-0.0875563
-0.465675
-0.558366
-0.63176
0.967671
0.0313064
-1.41035
-0.331485
-1.35092
0.113326
0.510768
-0.157889
-0.358831
0.222331
1.92331
-0.226793
-0.0767185
-0.0121986
0.80972
0.727402
1.38377
-1.80253
-0.734497
0.668773
-0.522416
0.390546
2.52897
0.0805466
0.00172875
-0.42453
1.35941
2.82644
0.714262
0.162222
0.247991
0.861328
0.560495
0.209798
-0.405808
0.184819
0.0605783
-0.991342
-0.0673975
-0.0445684
2.07336
1.68722
-2.30578
1.29537
-0.588023
0.25285
-0.242451
-0.490506
-0.7485
1.11133
-0.263223
-0.526223
-0.0127936
0.677426
-0.69496
0.761056
-0.213287
1.97552
0.909348
-0.0933198
-3.32573
1.73834
-0.791838
0.37021
1.11528
-1.0831
1.49029
0.275874
0.174531
0.527705
0.556738
-1.88442
2.09189
0.496466
-0.111203
-0.0118071
1.20794
0.20799
0.674404
0.214189
0.764203
-0.520761
0.0678776
-1.86453
-2.11448
0.778936
1.07776
1.18577
0.980705
-0.00833462
-0.436859
-1.92506
1.55967
-0.501474
1.92436
-0.0752001
0.530863
-0.62118
-0.862096
1.06482
-1.39625
-0.0459391
0.666432
-0.687696
-1.63898
1.53625
-0.0112923
0.801582
0.319805
-0.449881
-1.74072
-0.0255393
-0.49696
1.04047
-0.322772
-1.98332
-0.87179
0.267311
-0.800997
0.437365
1.19091
-1.63091
-0.655818
-0.297462
-0.0350412
-1.42127
0.0107516
-0.354949
1.78194
0.0328261
-0.868059
-0.0994729
0.0412083
-0.182182
0.498031
-0.0663406
0.722001
-0.142694
-0.71567
-0.77884
0.720049
-0.307848
-0.346721
0.0611028
0.205437
-0.625342
0.911526
0.533409
0.436244
1.81616
1.18739
-0.331364
0.885295
-0.236577
-1.38616
-1.86833
-0.421645
-1.15373
-0.440008
0.669897
-0.252637
0.961395
-0.81032
-0.466849
-1.27475
1.76851
-1.13309
-1.43536
-1.48252
1.25401
-0.668153
1.33373
-1.50052
1.24159
1.48401
-2.15707
-1.03158
0.641545
-1.02002
-0.625925
-0.0118016
0.83614
0.0699379
-0.128743
-0.058178
-0.0239926
-0.883696
0.811545
0.563507
-0.460047
1.14165
1.435
-0.180418
-0.801495
0.818729
3.18844
1.8332
-0.560415
-0.578654
-0.0359279
-1.48781
0.0915669
1.17572
0.000862151
0.317812
0.143531
0.474349
-0.700019
-1.97451
-0.16345
1.74746
-0.184303
1.37743
-0.429652
0.762499
-1.08388
-1.02242
-0.169494
0.903568
0.141312
1.62251
0.320967
1.44669
-1.08819
0.726001
-1.53676
0.443176
2.32204
-0.0413915
1.10732
0.311023
0.359045
-1.05627
-0.805915
-0.979499
-1.35159
1.22602
0.475648
1.5718
-1.05081
0.118044
0.578067
-0.0649282
-0.126359
0.56424
0.0121635
0.261439
1.01242
-0.697979
-1.74049
-0.936795
0.460306
0.184787
0.982747
0.486078
0.385619
-0.0767947
0.86811
0.505326
0.680228
-0.657868
-1.46148
-0.82283
-0.511396
-2.15049
-0.278997
-0.1089
0.686786
0.280895
0.426494
3.42023
-0.141687
0.927398
-0.364243
-1.38765
0.294672
-0.116095
-0.600786
0.0280463
-0.832867
-0.977993
-1.21326
1.22029
1.0434
0.256698
-0.381863
-0.0311183
-1.30026
-0.187479
-1.38402
-0.784032
0.148126
0.88265
-0.888611
0.872464
-1.15707
2.11321
0.964502
0.869495
0.41628
0.338396
-0.118739
0.419222
-0.631817
-1.2056
0.747969
-0.00494751
1.45342
0.749814
-1.53085
0.227796
0.0686762
0.650669
-0.989134
1.02535
0.230963
-0.353026
