1025
-1.42043
0.274246
-1.29083
-0.342111
0.332835
0.237348
-0.811307
2.01356
-1.21315
-1.34494
-0.598487
-1.25162
0.275263
0.430355
-0.709957
0.278059
0.593887
2.14634
-0.0863591
0.13405
0.337434
-1.04951
0.806066
0.346014
2.95785
-0.313733
-1.09245
0.652722
-0.35912
0.232338
-1.08642
-1.97646
-0.539272
1.55577
2.07318
0.252037
-0.411454
-0.921495
0.950375
0.988349
1.15163
0.0957997
0.321093
0.777126
0.78137
0.672127
1.00685
1.50667
-0.27
-0.689348
0.833951
0.051144
-0.103483
-1.83646
-0.850453
-0.135758
1.28134
0.983751
-0.108441
-1.75833
-0.820403
-0.121259
-0.175674
-0.438697
-0.559919
1.07279
0.63259
-0.430684
-0.0696803
-0.0868441
1.13184
-0.91479
0.634189
0.486729
1.04699
1.2557
-0.229358
-0.283605
1.42443
-2.04387
0.227866
1.66786
-0.548961
0.203815
-0.147551
-0.245763
0.052403
1.7538
-0.623952
-0.423023
-0.00618621
-0.691213
-1.07698
0.394858
0.925444
0.34778
-0.438692
-0.100354
0.0370304
-0.0647105
0.333381
-0.621765
-0.481387
0.514384
0.565149
0.916637
-0.373124
0.610253
-0.964771
0.557031
-0.25784
-1.61735
0.172076
-1.00146
-0.726868
0.852416
1.08053
0.88081
-1.07222
-0.636385
1.39029
-0.15673
-1.95469
-1.40825
0.108969
1.73394
1.45595
0.359105
-0.450544
-0.176049
1.06977
-0.89586
0.894647
0.16927
2.10276
-0.782274
-2.71741
-0.94972
-1.67671
-0.745132
-0.597609
-0.380521
-0.407966
0.0306998
-0.445038
-0.947123
2.05555
0.86657
0.734341
-1.20478
-0.476041
-1.32224
-0.120133
1.08652
0.670054
1.49713
2.35161
0.419195
-0.0256793
0.794525
-0.307737
-0.96569
0.892918
0.469743
1.96443
1.59431
0.889383
0.86968
-1.97263
0.823603
0.235958
0.809926
0.0137555
1.76457
-0.175101
0.933178
0.497795
-1.97043
-0.385693
-1.32936
-0.158937
-1.53871
1.28283
-0.839878
0.306889
-0.0996424
0.338665
0.836406
0.182345
-1.72365
0.20551
-0.308687
1.40679
-1.53019
-0.503999
-1.43425
0.124956
0.716582
-0.787794
0.75129
-0.0336823
-0.293692
-0.00997586
-0.31538
-1.09061
-0.806595
-1.39417
1.43934
0.00879638
-0.330927
0.492124
0.706796
2.03036
-0.0388107
-0.714395
0.659809
-0.348176
-0.395423
0.109176
-0.837069
-0.794632
-0.844298
1.35235
-0.342096
0.984144
-0.786414
0.837353
-0.775095
0.250498
-0.315871
0.364115
1.54162
-0.175787
2.72461
-0.1439
-1.19492
-0.382632
0.862423
1.4394
-1.05467
0.0131118
-0.501984
-0.798698
0.597483
-0.498789
-0.185501
-0.919571
0.65618
0.0910044
0.546166
-0.493894
-0.160241
-1.085
-0.131944
-0.3956
-0.695863
-0.00388281
0.587699
-0.569012
-0.0580646
-1.05204
0.593651
-0.093027
-1.32621
-1.79379
-0.750772
0.72308
0.669372
0.98801
-1.28844
-1.28651
-2.27951
1.15771
-0.113809
1.12346
1.483
-1.1624
-1.27122
-0.870669
-2.91674
0.6176
-1.72067
-1.94734
-1.44637
0.671916
0.71441
1.29222
-1.97996
0.705407
-0.243735
1.55892
1.38433
2.16967
-0.190434
-1.78922
0.579251
-0.127641
-0.984963
0.759467
-1.69131
1.17306
0.28896
-2.57626
-1.22329
0.045942
-0.740622
-0.940621
1.21209
0.452893
1.08819
0.875632
-0.571711
-0.0858573
0.415114
-2.03846
0.403621
-0.81454
0.523275
0.841307
-0.765335
-1.31356
0.999464
0.162086
0.926601
-0.280323
-0.114946
0.227356
0.231469
-0.0925204
-0.992385
-0.313102
-0.0800234
-1.95845
-0.904283
0.12356
-0.296907
-0.366519
-0.922322
-0.0289427
-0.453424
-0.644781
0.793364
0.54381
0.85357
-1.47964
-1.2656
0.365635
1.51881
-1.17771
-0.118885
-0.335544
-0.664096
-2.04768
0.0810331
0.0597589
-0.073925
-1.19329
-0.469977
0.561002
0.572778
0.894772
-2.08549
0.401782
0.230176
0.300335
-2.1057
0.0729169
-1.12324
-1.99794
-0.428608
1.03374
0.291543
-1.56303
-0.945113
-1.63424
0.789617
-0.60952
0.901775
0.31195
1.7017
-0.470247
1.31716
0.0667467
0.645691
1.06652
1.71835
0.111799
0.60592
1.05503
-0.78054
0.805056
-0.649303
0.298536
-0.52244
-0.567353
-0.0825151
2.20353
0.359675
-0.0184908
-1.03286
1.01492
-2.16958
1.37279
-0.681193
-1.39984
-0.526571
-1.31788
-1.17364
-0.332939
-0.184939
0.476843
0.363483
-1.02771
0.590744
-3.20673
0.0561446
0.188768
0.196471
-1.73879
0.0149021
0.277146
-1.07397
-2.1383
1.11889
0.633856
0.426581
-1.31013
0.368118
-1.83088
-0.490593
0.550019
0.399872
0.440468
0.0430029
-0.55483
-1.0578
-1.02539
-0.171088
-1.29393
-1.1711
-0.342453
0.434969
-0.705546
-0.233773
1.30466
-1.05903
-0.746383
1.33353
0.82832
-0.646648
0.209102
1.30841
1.07339
-1.13736
-0.283929
-0.129825
1.42593
-0.842541
0.681321
1.86105
1.34706
-0.983405
-0.185664
0.84107
-0.965757
-1.71598
-0.0925453
-0.599232
-1.82064
0.291481
0.172653
-0.45822
-0.956058
0.170814
1.53053
0.112285
0.919553
-0.23378
1.15401
-0.551936
-1.72283
-1.20797
-0.756012
-1.76244
0.333616
1.33069
-1.68784
0.107772
-0.378749
-0.470611
0.0418672
0.254008
-0.913232
0.854341
0.385226
1.81531
0.240749
0.33529
-1.76596
-0.444203
-0.68275
1.12364
-0.281376
-2.11323
-0.856157
-0.236773
-0.499913
0.988236
1.55874
0.0405948
-0.151377
-1.21803
0.0436017
-2.39332
0.771036
-1.68757
0.0891315
0.325517
-0.515821
-1.19946
-0.708609
0.0130064
0.104912
0.82815
-0.453981
0.258125
-1.28725
0.201262
-0.360873
-0.45066
-0.902619
-0.182296
1.43458
-2.66753
0.755474
-0.718447
-1.64289
-1.62175
0.170786
-0.390196
-0.401344
1.55775
0.222799
-0.87042
0.591792
0.527696
-0.12246
-0.166919
0.881323
0.358923
0.0288242
0.556667
-2.10602
0.094232
0.290558
-1.27813
0.515271
1.21178
-0.823039
-0.705477
-1.26508
-0.602718
1.12133
0.739612
-0.543364
-0.727446
-0.604314
-1.36232
0.20261
-0.503607
-0.19313
-0.334509
-0.559528
-0.892399
2.69375
0.100343
-1.15211
-0.0294288
-0.832981
-0.421063
-0.605355
-1.31179
-0.543288
0.390632
1.35652
0.0628683
-0.174551
-0.485017
-0.582395
1.63187
-0.704463
0.0734442
0.998507
0.960711
-0.479691
1.40364
1.59168
-0.61358
-1.18002
0.903339
1.30939
-0.418776
0.455887
-0.33202
2.03598
1.35483
-1.16209
0.704138
1.03848
-1.13243
0.451411
-0.127421
-0.109946
-0.985714
-0.368775
0.328025
1.63271
0.341411
-0.77119
0.19224
1.19859
-0.664564
0.375318
-1.43773
-1.21003
-1.24601
0.645141
0.0751777
-0.717286
-0.082878
1.58571
0.0342175
-0.769632
2.36674
-1.62265
-1.19576
-0.249297
0.689837
0.547789
-0.404637
0.050645
-0.216016
-0.337462
-1.23579
-1.3818
-1.55171
0.360741
0.483349
1.31182
-2.09482
-0.30179
1.34977
-0.0672571
-0.0199689
-0.553641
-0.363677
0.399696
-0.00724127
-0.0694498
0.891685
0.0984299
0.0450756
-1.5494
2.08804
1.99912
-1.49664
-1.89966
0.602186
0.0090878
2.1204
-0.161609
0.479826
1.39326
-0.405387
0.65545
0.143556
0.0354553
-1.197
1.17521
-0.648657
0.627136
0.658655
1.20962
-0.257451
0.152819
0.304065
-1.18785
0.526542
-0.545374
0.868235
1.76
0.184715
-0.264409
0.160559
-1.06843
0.773378
0.818016
0.284795
0.764245
0.0791206
0.821441
0.720176
0.873771
0.0247018
0.0666034
-1.91768
-0.383817
1.15695
1.77478
0.77503
-0.74979
1.16594
-0.787909
-1.90797
0.323354
-0.738232
-0.304477
0.135277
-0.943044
1.23093
1.74809
2.52587
0.79661
-1.36849
-2.03862
1.03236
-0.67802
-0.436332
2.38243
-0.541808
1.04886
1.66543
-1.37419
1.45751
-0.550267
-1.32611
0.566409
-0.753963
-0.491304
-1.50337
-0.015959
1.69511
1.2253
-1.61641
-0.181939
-1.3382
0.111817
-0.859828
-1.56356
-0.188978
-0.238233
-0.401451
-1.22338
0.0342121
1.2469
-0.424224
-0.465392
-0.024458
0.559499
1.65275
-1.47847
-2.17766
1.26444
-0.559643
0.149341
-0.113511
-0.646295
-0.794585
-0.291758
-0.0884253
-0.515142
0.383087
0.263449
-0.381229
0.65341
0.0302312
0.670221
0.136753
0.679507
-1.71589
-0.476698
0.620758
0.490357
-0.565798
0.892233
0.0437468
0.701575
-0.486267
-0.780483
0.769187
-0.539497
-0.758258
-0.164876
0.300435
-0.753885
-0.910415
0.334821
1.58397
0.76624
-0.435793
0.44707
0.124246
-0.343873
0.122317
-0.936324
1.25384
-0.140916
1.69127
-1.79838
1.62846
1.38482
0.481723
-0.656262
-0.314489
-1.40698
0.913145
-1.19384
-1.55616
0.0294666
0.771564
0.142021
0.396371
-0.0892086
1.05329
-1.55287
0.293528
0.224116
1.63774
0.141682
0.65239
-0.251838
0.528669
-1.81544
-0.504986
0.802526
0.536152
-0.338256
0.0390365
0.588969
-0.608956
-1.14652
-1.13144
1.1408
-0.20711
-1.7702
0.317142
1.6292
0.223084
0.171673
-0.942552
0.422004
1.47245
-1.84013
0.760267
0.698203
-0.167426
0.546324
-0.801184
0.767153
0.441229
-2.18747
-1.59918
-0.41455
-0.418761
-0.877406
-1.10597
-0.315707
-0.881447
-1.84221
-0.929734
-1.08011
-0.671719
0.120776
1.01208
-0.909393
-0.455349
1.49675
-1.06727
0.986867
0.490445
-0.0493358
1.41763
0.31249
-0.920657
0.24943
-1.48801
2.08008
-0.226951
-0.788602
-1.46485
1.2916
2.26075
1.45733
0.394372
-2.79698
0.601722
3.08356
-0.269596
0.241287
-0.104529
-0.953873
1.01623
1.10426
0.221142
0.949136
0.220537
-0.747812
0.415306
1.23197
2.01027
-0.940084
-1.69358
0.879646
-1.0863
-0.445978
-0.611573
-0.929657
0.075746
2.47331
0.880045
0.534145
1.19122
-0.0974706
-0.922412
-0.370016
-0.652775
-0.460235
-0.884211
-1.71488
1.7662
-1.03718
-0.209157
-0.145893
-0.223526
-0.383295
-0.41602
-0.938199
-1.18821
-1.38269
-0.590424
0.332274
-0.0405759
0.337255
0.664808
1.11922
0.15856
1.27407
-0.488951
-0.888676
1.33154
-0.118322
1.18756
1.87732
-0.352824
0.184161
-0.52138
0.666815
-1.70186
-0.913484
-1.84213
0.0584975
0.951818
2.22485
-0.0210036
-2.68806
0.896169
0.830221
1.1436
0.622068
-1.14729
-0.130968
-1.89647
-0.479092
-0.616892
-0.374918
0.203838
-0.746864
1.08809
-0.601352
-1.13377
1.54716
-0.579019
0.720076
0.0180205
-0.57221
-0.341208
-0.364624
-3.30769
-1.54612
-1.96619
-1.7732
0.783141
0.517554
-0.980179
-0.504107
-0.741615
0.157677
0.044242
0.922692
-0.820537
-1.78818
1.08483
0.00382523
0.281363
-1.65593
1.42454
-0.850549
0.162696
0.438046
-0.774323
0.484459
0.0483853
-1.54607
-1.4177
0.562294
0.0946035
0.692266
-1.08317
0.495474
-1.85411
1.73337
1.23288
-0.672173
0.421041
-0.48282
