1025
1.36142
-0.106909
0.276078
-0.366355
0.962534
0.598559
-0.0623977
0.625369
1.38714
0.411457
1.3866
1.41823
-0.609221
-1.91415
1.89892
-0.793699
1.63985
0.475869
1.12336
2.44429
-0.655522
0.140214
-0.846187
1.34621
1.65651
0.0338498
-1.25959
-2.2347
1.19733
0.926677
-0.661001
-0.35767
-0.140257
-0.67256
0.00143223
-1.09651
-1.67803
1.3348
-1.26061
-1.20743
0.941195
0.120372
-0.247514
1.30311
0.286719
0.126948
1.19511
0.658403
-1.81417
0.97845
-1.48906
-0.088367
-0.998462
0.172108
0.329144
-0.144723
0.257703
-0.261489
1.37496
-1.92706
0.746364
0.207202
0.20406
0.663209
1.43496
-0.591425
0.941026
-0.175053
0.174014
-0.555903
-0.888873
-0.449472
-0.196687
0.690492
0.175733
-0.621864
-0.447461
-1.24048
-0.729875
-2.32394
0.00736953
1.04946
-1.42351
-0.870158
-0.328342
0.868887
0.614696
0.815211
-1.74344
-1.37522
-0.126536
0.454661
0.1408
0.0197598
-1.77922
0.896224
1.07718
-0.176651
1.44792
-1.24369
1.03003
-1.10297
0.318031
-0.70585
-1.00639
0.483759
-1.04897
-0.666692
-0.997998
1.06963
0.27011
-0.153836
0.760968
-0.760581
-0.497895
-0.985946
-0.364442
0.699551
-0.844937
0.994313
-1.04953
0.747425
-0.0932891
0.0759647
1.02149
-0.0625319
-0.94264
-0.0925833
-2.24706
1.52148
1.03887
-2.37026
-0.768422
-2.78984
1.68597
-0.369091
1.17504
0.611168
-0.0391345
1.72655
0.944402
0.642292
-0.0930578
-1.39232
0.54591
-0.130434
-1.91827
-1.11637
0.0823243
0.497502
0.970868
-0.182626
0.596063
-0.322255
0.476118
0.621681
-0.124557
-0.111901
0.240299
-0.657754
-0.718557
0.1921
0.0726661
0.106772
-0.48867
-1.90068
0.277235
0.649985
0.47509
-0.413369
0.22591
0.180047
-0.28274
1.76845
0.00830228
-0.085566
-0.392888
0.265191
-0.61577
-1.55922
1.27682
2.03555
0.180681
0.137739
0.560508
0.306109
-0.101608
0.390871
-0.370665
-0.59072
-0.030526
-1.1073
0.7817
0.334089
-0.509738
-1.47194
-0.257781
0.0472755
0.931597
-0.247231
0.787883
0.509048
-0.767602
-0.0265785
0.173851
0.856928
0.476691
-2.16263
1.45439
-0.610137
0.168682
-0.936738
0.855855
-0.152294
0.497078
-0.19102
-1.87446
-1.45296
0.124726
-1.14886
-1.11409
0.337052
0.884181
0.791355
0.380065
0.148341
-0.591956
0.668674
1.49652
-0.706799
-0.421805
0.255137
1.80004
-0.194927
0.0519157
0.586203
0.894527
0.403923
0.632411
-0.396948
1.30977
0.577608
-0.131673
-0.484562
2.56947
0.55734
-0.450814
2.81833
0.961671
0.958513
-0.490472
-1.16564
0.55078
-1.20136
0.67881
-0.17383
-0.79473
-2.20771
0.279169
0.359357
0.421134
-0.159007
-0.833745
0.24563
-0.776453
0.964576
-0.629838
0.608567
0.259321
-0.505978
-0.69534
1.1303
0.660076
0.528754
2.21257
0.447166
1.99884
-0.793779
1.90788
0.341608
-0.452035
-0.447921
1.9396
0.157765
-0.270453
1.31392
0.409181
0.807207
-0.0104343
-0.295368
0.804645
0.6244
0.503271
0.150233
-0.334705
-2.51296
-0.349745
1.29249
0.925901
-1.63264
-0.527628
0.483972
-1.17436
0.544745
-0.246443
-1.07272
-0.24541
1.41613
1.98433
0.471605
0.135562
2.63764
-0.377277
-1.70026
0.181415
-1.14206
-0.271181
0.33465
-1.89735
-0.117323
-0.875926
0.47761
-2.1457
-1.02627
0.86569
0.911822
-2.15046
-0.535039
0.476435
-0.921358
-0.249674
0.206937
1.97126
-0.128821
-0.16614
-0.879862
0.952331
0.169055
0.163341
-0.243848
-1.74694
0.375021
-1.67632
-1.3652
0.00156126
0.974705
1.12391
0.493847
-0.743015
-0.54058
-0.0698154
-0.164753
1.68326
0.0875737
0.448946
-0.728046
0.997894
-0.846931
0.334467
0.331733
0.232233
-0.248383
-0.151804
0.933191
0.799992
0.913194
-1.40184
-1.33779
0.751419
0.856278
-0.545788
-0.684874
-2.62963
0.855703
-1.1573
-0.438274
-0.0399379
-0.704516
1.30529
0.43449
0.3172
0.198101
0.824651
0.332193
-1.0844
0.422954
0.251149
0.34059
-1.40002
2.01834
0.752787
0.934452
0.296515
1.90314
-0.343665
-1.96004
-0.663191
-0.83355
1.34506
0.293205
-1.4338
0.357647
-1.49622
-1.32819
-0.687729
0.195628
-1.26075
0.126951
0.231819
0.268528
-2.03291
1.2629
0.273867
-1.95899
-1.16984
0.842188
-0.638712
-0.136286
-0.318084
-1.27184
-0.623791
-1.15965
-0.772476
-1.56155
1.11019
-1.27502
1.39252
0.966022
-1.20201
-1.18077
0.332585
1.6968
0.907705
-0.22341
0.538496
2.19677
-2.26478
-0.455089
0.879732
-0.45552
0.880705
-0.597927
-0.00766328
0.119589
-0.422309
0.387582
-1.13893
1.29299
0.437307
0.681269
-0.350895
-0.8902
1.58897
-0.745813
-1.56437
-1.46062
-1.25122
0.928956
2.23826
-1.34463
0.115819
0.518584
-0.486173
0.355011
-0.907884
-0.811828
-0.0715112
1.07192
2.01858
0.563694
0.747998
-0.954081
-0.168362
0.0579346
1.60798
-0.845493
-0.396615
0.458904
-1.70708
-0.458638
1.77307
-0.827814
0.392371
0.563913
-0.163819
-2.69823
-0.843631
-0.379292
-1.78823
-1.1883
-0.900012
0.899103
-0.066839
-1.20879
0.662085
-0.0867673
0.69508
0.100061
0.0947748
0.289935
0.440894
-0.540143
-0.223628
-1.50903
0.0833831
-0.206318
0.619772
-0.188757
-2.3889
-0.835109
0.462918
-1.33917
-0.809084
0.486382
-2.02846
0.227499
-0.510313
-1.57844
-0.920708
-0.410597
-1.1017
-0.00904586
-0.835665
1.42551
0.0848133
-1.20946
0.025115
-1.45988
0.268327
-1.72301
1.40131
-0.226806
-0.682115
0.873966
0.79792
0.596889
1.26422
1.15673
0.110543
-0.400247
-0.696356
-0.686415
-0.926818
-2.64083
-0.404371
-0.158082
0.584367
-0.406808
0.019626
0.0214803
0.730789
0.333796
-0.440149
-0.17523
-0.246728
0.00200554
-0.701608
0.169806
-1.04073
-0.55602
0.00198938
-0.844776
-1.14452
-0.771293
0.661852
-0.4225
0.0830997
0.929475
-0.501266
0.268443
-0.714631
-2.40244
0.143078
0.200887
-0.313603
0.195755
2.45211
0.491153
-2.09954
0.633285
1.30033
-0.341022
-1.00142
-0.0886641
1.42478
1.87762
0.948047
0.69775
-1.4076
-0.248266
-1.86402
0.195323
-0.830335
1.2
-1.07539
-1.03168
1.45723
-0.619867
-0.568513
0.764875
-0.352688
0.720406
0.595595
-1.34768
0.454337
-0.292227
-0.865932
-1.48167
0.783801
-0.970191
-0.714906
0.241677
0.246476
0.0489229
0.87353
0.602032
0.349758
1.03038
-1.06097
1.66115
1.6403
-0.205927
0.317882
-0.396345
0.62457
-0.0761873
-1.12139
0.146686
-0.123012
-1.02872
-0.661169
0.692157
0.434209
-2.30425
-2.22438
0.659866
-0.335079
0.350576
0.88066
2.14386
-1.12134
-0.721284
1.20611
-0.812312
1.27103
1.05617
-0.681839
2.72432
-1.13239
1.78479
-0.975364
0.342052
-0.849195
-1.3229
-0.22726
1.00332
1.0959
1.18231
-0.206505
-0.589243
-1.16792
0.595766
0.217022
0.00310558
-0.526061
0.664258
0.46916
0.98952
0.357936
0.946773
1.03737
-1.07169
0.961783
-0.352278
-1.38923
0.44982
-0.41494
1.14036
-2.05857
1.45132
-0.0379859
0.299984
0.945963
-1.52457
0.0993923
0.105323
0.591949
0.606462
1.35997
-0.900542
0.44695
-0.601429
-1.05671
-1.51464
-0.0638894
1.28821
-0.219056
0.811146
-0.60258
0.0572941
-1.22012
1.69177
0.845911
-1.06607
0.177677
-0.56002
-0.236167
0.23128
-1.47179
0.326239
-1.50609
0.181195
0.954676
-1.092
-0.895563
-0.492087
0.608904
-0.0276257
-0.124381
-0.285141
0.191155
-0.107736
0.542002
-0.945541
-0.0278017
-0.342231
1.0566
0.831622
1.86695
0.175772
-0.611691
1.08451
-1.18202
-0.432558
0.601705
1.21626
1.37652
-1.45
0.291331
0.410349
0.111982
0.201954
-0.376817
1.97306
-0.717962
-1.96714
1.61027
0.666645
-0.0502555
-1.82215
0.345826
-1.49011
0.233561
-0.158879
-1.44614
0.236741
0.820587
1.00875
0.108625
0.888659
0.363815
-0.226588
1.86146
1.80857
1.03146
0.43729
0.844753
-2.08901
-0.256574
-0.0521984
0.838131
0.826571
0.678913
-0.993995
-0.740442
-0.706124
1.61791
0.196402
-0.385791
-0.223592
1.49126
-0.615112
0.935305
-0.0653797
-0.92648
-2.04829
-0.707594
-0.220681
-0.665361
0.387176
1.34795
0.821592
0.289442
0.744545
-0.504265
1.03031
-1.22003
0.608725
-0.293638
0.401394
-0.769854
-0.427762
-1.73507
-0.416473
0.44857
2.13293
-0.107961
-1.48253
-0.599782
-1.81949
-0.775489
0.732094
-1.06931
1.34876
1.05815
0.089467
-0.627084
-0.499092
-0.443082
-0.996768
0.299187
-0.376384
-0.481657
0.444823
1.44708
-0.695803
0.687697
0.348261
-2.37551
1.50289
0.286524
-0.86071
0.678177
1.23382
0.62885
-0.0853522
0.365538
-0.668138
0.986927
1.68958
2.43702
-0.947518
0.745117
-1.18416
1.65131
-0.774833
-0.52081
0.0234974
-0.400797
0.118561
-1.2155
1.79233
-0.301174
1.16506
0.188631
1.15172
0.549737
0.805872
0.74781
-0.361552
-0.452336
-0.490395
0.733306
-0.308729
0.666701
0.98815
1.40744
-0.506331
-0.999943
-0.385415
-0.942464
-0.794669
-0.943567
-0.155768
-0.394169
-2.38155
-1.29041
0.912317
1.22388
-1.30882
0.801811
0.807094
1.7689
1.39646
-1.28049
-0.463464
-0.605663
-0.114364
-0.590642
0.555946
-1.06822
-0.250864
1.45675
-0.933279
0.0537482
-0.967133
-1.44948
0.596436
-1.36684
1.5322
0.71291
-1.41968
-1.44972
1.49576
-1.57252
1.31996
-0.337753
1.10299
0.159217
-0.653727
0.278596
0.45226
-1.45639
-1.14181
1.2209
-1.34555
-0.850275
-0.37421
1.14255
-1.36657
1.00475
-1.03529
-1.19662
1.27116
-0.925392
-0.704931
-0.192273
-0.00494288
-0.309987
0.170515
0.832593
-1.8155
0.0978546
-1.23421
0.393608
0.0242985
-0.558818
-1.10575
-0.88207
1.50234
0.169381
0.718768
-0.28976
1.95308
-0.986477
-1.01307
0.386101
-1.1306
0.409465
-0.693802
-0.291349
0.418841
-0.629825
0.737938
0.16678
1.15506
-1.44927
0.510629
0.0460917
0.389736
0.364405
-0.10897
-1.8536
1.23198
-1.05131
-0.230843
0.254591
-2.71101
1.51848
0.48798
0.50905
-0.426652
-1.05945
-0.376858
-0.400695
1.87343
-1.26784
0.64304
-1.86699
-0.649169
-0.813112
0.558666
1.3152
1.68765
-0.138487
-1.81943
2.17026
-1.92626
0.323191
-0.404198
-0.46772
0.36086
-0.337025
0.103083
-1.03968
-0.118338
-0.177092
-0.356107
-0.866584
0.0799575
-1.31731
-1.33337
1.39825
1.03379
-0.288805
-0.872697
-0.425797
1.83259
0.104277
-1.43354
1.14538
0.124808
0.590058
1.37968
0.261284
0.125637
0.179995
-0.657411
1.32722
-0.422629
-0.217332
0.541335
0.0665732
1.40113
-0.171852
