1025
0.0878866
-1.88612
-0.0732694
1.30532
-0.453794
-0.976878
2.2101
-0.183916
-0.693011
0.00753262
1.2393
0.413602
-0.374548
-0.764994
-1.4454
-1.30031
1.97707
1.25222
-0.191581
0.789751
-0.609667
0.800145
1.42235
1.59311
1.65709
0.161083
1.45043
-2.41707
0.776541
0.204227
0.983401
-1.38348
-1.87265
-1.01674
1.19212
-0.353963
-0.303495
0.329018
0.555076
0.702965
0.946985
0.37481
0.654062
-0.0887749
1.57836
-0.861302
0.950352
-0.392179
0.303076
1.54449
-0.963221
1.19885
0.247281
0.0693825
-0.960311
0.355051
0.117427
-0.366583
-1.28843
-0.0590471
-1.71802
-1.26133
0.423597
-1.9271
0.0909858
-0.587682
0.371988
-0.80326
0.795143
-0.291144
0.324571
-0.754511
1.38803
-0.53044
1.51405
1.5342
0.109089
-0.0632596
0.163483
-0.812476
-0.815251
-1.4314
0.186694
-1.2304
1.24469
-0.930489
0.233889
-1.92363
0.241241
-0.824723
-0.256482
1.21597
-1.49821
0.0882763
-0.089894
-0.536173
-0.826018
0.824194
-0.704021
0.358042
-0.539096
-0.82684
0.716847
0.0533483
-0.654961
-0.669097
1.04449
-0.612387
0.00501267
-0.743979
0.793196
0.38246
1.34448
-0.63161
0.723011
0.358021
-0.188939
-0.969662
2.01001
0.80017
1.87588
-3.05826
-0.754458
0.272421
-1.27166
-1.46343
-0.106807
-1.00864
-1.51508
-1.12001
-0.307832
0.673318
1.44893
0.870471
0.0804294
1.0808
-0.850785
-0.68817
0.477101
1.46793
-0.387529
-0.765784
-1.46896
-1.21397
-0.656909
1.17448
1.95853
-0.945505
3.13756
-0.519601
0.738124
-0.674503
-1.6845
0.430908
0.626176
-0.599832
0.837848
0.502042
-0.436562
0.270337
1.26064
-0.90046
0.821095
0.795018
0.64193
-1.83776
1.09267
0.0536049
0.480602
1.36152
0.0874212
1.19268
-0.262623
-0.160079
1.11056
-0.0919608
-1.67318
0.58406
-1.12391
1.44231
-0.372069
-0.0126142
-1.46678
-1.22983
-0.475902
0.302533
1.95376
-0.701894
1.59519
1.72223
1.06966
-0.629528
0.81937
-0.795638
0.373037
0.406032
-1.3872
-0.574445
-0.966274
-0.965116
0.12996
-0.97533
-0.22494
-1.45836
0.525253
0.653815
0.595189
-0.668994
0.823852
-0.23398
-1.28353
-1.6319
-0.114173
-1.07509
-1.36903
0.776157
-0.912803
0.260491
-0.128787
2.35996
-0.733978
0.777918
-0.0843878
-1.29576
2.07699
-1.12413
1.65384
-0.146344
-0.369258
0.604975
-0.735177
0.834703
0.0345209
-0.186436
0.639843
1.56272
-1.11488
-0.563183
-0.94534
0.475646
0.894243
0.274216
-0.67916
-0.0490044
-0.388265
-0.234767
-0.634438
-0.951079
0.958758
-0.0209033
-1.07253
0.412646
0.596085
0.375061
-2.2559
1.35458
-1.38067
2.11857
-2.11114
-0.660848
-1.23417
0.162787
-0.0606275
-0.78093
0.149597
0.80832
0.209447
-0.404869
-0.482369
1.43902
1.51915
-0.426026
0.739924
1.56243
0.488387
1.2027
0.911274
-1.02549
-0.741159
0.699494
0.14085
-2.03575
0.428896
0.0138193
0.743846
-2.05569
0.356934
-0.251083
-0.544079
-0.102215
-0.312116
0.355781
0.0423328
0.631887
-0.461608
-0.241573
0.519937
2.01311
0.128998
0.843942
-0.84923
1.7986
0.696803
-1.71737
0.910818
1.10224
-1.21617
2.45029
0.488688
0.157745
1.76543
1.47161
-1.4787
-0.850787
0.900948
-1.13027
0.73817
0.254575
-0.168848
0.731084
0.773376
0.638239
-1.2071
1.52006
0.0370534
-0.307058
-0.180426
0.62253
1.19113
-1.00581
0.183834
-0.731421
1.82381
-0.844361
-0.0195789
-0.232804
-0.0893777
1.02945
1.33806
0.304539
-0.43368
0.653127
0.392104
1.75289
0.193955
-0.392329
-1.42476
0.566433
0.214567
-0.0835746
-1.93389
2.21817
0.205226
0.612622
0.646525
0.170066
2.13446
-0.461723
-1.13413
0.00417756
1.45528
-1.44407
1.63711
-1.2826
0.393032
-2.80358
0.113995
0.242537
-0.265108
-1.0667
0.913444
0.47929
-1.02132
0.222019
-0.353071
-0.90426
-0.672983
-0.00449615
-1.19216
1.04928
-2.10816
1.02932
1.7691
-1.01404
1.18686
-0.77611
0.673701
0.341505
0.372423
0.365874
0.159823
-0.458405
-1.25826
-0.390679
-0.536334
0.193014
0.540026
1.42665
-0.224509
-0.241739
0.947116
-1.05481
-1.66737
0.648613
0.448162
-0.151218
-1.21523
-0.595789
0.469987
1.019
-1.36329
-1.29472
0.440736
-0.239602
-1.00767
-0.448044
0.40588
-0.456346
-0.620577
0.605687
-1.66215
-1.05271
0.461276
-0.375672
0.593754
0.504464
0.84112
0.0984496
-1.23501
-1.02549
0.0646243
0.261938
-0.0652724
0.210315
-1.29647
0.0967907
-0.339729
-0.0253735
0.48295
-0.5386
0.99755
0.92563
2.39366
1.98763
-1.26988
1.18279
-0.219896
-0.816173
-0.411513
-0.383843
0.850734
-0.85009
-0.787878
-0.235332
-0.362158
0.721453
0.626876
1.06763
0.813218
-0.983475
-1.24029
1.36197
0.492663
-0.0252562
-0.760189
0.492049
0.481854
-1.6358
0.290328
0.044039
-1.46754
-0.245734
0.644536
-0.882939
0.759136
-2.88677
-0.717625
0.164056
0.186069
1.12241
2.13434
0.415742
0.710988
-0.104417
-0.130682
1.13171
0.752295
-0.667037
-0.961305
-1.45481
1.14342
0.161435
-0.336338
0.454959
-0.392625
0.188844
1.05133
-1.59109
-0.50551
0.64323
1.15404
0.617401
-0.188979
-0.238104
-0.889738
0.716648
-0.860592
0.965395
-0.956745
0.703804
-0.57599
1.0738
0.243845
0.883587
-0.795453
0.409066
-0.721626
-0.291494
-0.105497
1.27336
0.211597
-0.55567
-0.0809527
-1.18648
-0.149452
-1.0061
-0.402628
0.56097
1.69018
0.87297
0.279102
0.845799
-0.956488
0.904367
0.185041
1.37716
0.444161
-1.82968
0.79312
2.05339
-1.17929
0.991355
1.12831
-1.31224
-0.760964
0.43699
0.71428
1.0316
-0.832958
2.04475
0.897473
-0.390138
-0.578183
0.583514
-2.08498
1.85828
-0.665865
1.84591
-0.00177508
-0.54598
-0.97407
-1.23052
0.0104014
-0.427402
-0.57122
0.486676
0.344521
-0.248233
0.733963
0.976233
-1.05384
-2.4587
-1.06215
0.342907
-0.610792
-0.808656
1.08947
-0.904355
1.07332
1.74094
0.166225
-0.0254243
0.241319
-0.283563
1.24456
-1.60091
-1.70481
1.27744
1.58324
1.73894
0.425021
-1.15972
-0.672458
-1.37495
-1.34165
2.70792
0.63915
-0.54815
-1.28501
0.653109
2.77116
-0.471358
-1.64613
0.207668
-0.413757
0.0478786
0.306414
-1.26174
1.49306
0.705387
0.376426
1.51274
-0.331521
-0.0890036
1.58973
1.40911
-0.567814
-1.27642
-0.537455
2.25069
-1.25521
0.0164211
0.238221
0.312496
-0.340943
-0.219824
-0.027704
-2.26615
-0.958462
1.71584
1.59979
-1.11185
-1.45155
-1.49816
-0.848413
0.501858
0.622651
-1.91209
-1.06292
0.681605
0.917053
1.72812
0.413328
1.5005
-0.431354
-0.233299
0.819141
0.596266
0.188775
0.901124
-0.307732
-1.35631
-0.352465
-0.0209726
0.725225
-1.03646
0.86329
0.655395
-0.439213
0.289775
0.278174
0.24372
1.15198
-0.950644
0.713554
1.28968
2.96481
0.445929
-0.386764
-1.11062
0.747784
0.701957
1.05357
0.248
-0.717248
0.237366
0.0809436
0.935144
0.967562
-0.0833509
2.40957
-0.0831876
-0.142571
-0.0467744
-0.433935
0.959807
-0.882737
-0.943524
0.298823
-0.580509
0.572636
-0.73914
-0.197071
1.74159
-1.07602
-1.52987
-1.06906
-0.586233
-0.361473
-1.30316
-0.701552
-1.24532
1.23723
0.937758
-1.54363
0.00598304
0.711887
-0.986098
-0.415814
-0.711472
0.59535
-1.25013
-0.691035
-0.235207
1.11996
-0.440126
-0.100678
-0.802405
-0.674944
0.863702
-1.03084
0.246323
-0.16347
0.585415
0.90904
-0.715785
-1.93527
0.10804
-0.382229
0.228804
0.621632
-0.13501
-1.07537
-1.54574
-0.195549
0.646171
-1.34892
0.888731
0.13788
1.02297
2.66922
-0.928028
-0.770328
-0.762696
1.15451
-0.378741
1.28044
-2.57128
-1.65272
0.00571138
0.081505
-0.225698
-0.793719
-1.49834
1.0119
0.176819
-0.432804
-0.495419
0.460629
0.918218
1.9973
-1.0469
1.30674
-0.649341
1.15495
0.236516
-0.502237
-0.141492
1.01426
0.0376166
1.46107
-1.00053
0.575613
0.7352
-0.242074
0.266547
2.1531
-0.747648
-0.679749
1.13784
0.327124
0.111668
0.347664
-0.287601
0.250085
2.08473
-1.2845
-2.17622
1.02428
-0.532347
1.01256
-1.06174
1.38579
-0.27493
0.408546
0.482442
-0.489164
0.84159
0.337853
-0.161812
-0.346855
1.26303
1.18765
-0.753802
1.77575
1.22449
0.926939
0.961634
-0.22424
1.90787
-1.11324
0.29851
-0.844426
-0.685431
0.131763
1.14329
0.943302
1.1339
0.0451483
-0.535336
-0.450567
0.684031
0.75107
-1.16899
-0.949167
-0.243869
-0.132621
0.0686049
1.36384
1.44891
-0.013558
-0.440704
-0.517373
0.362694
-0.711012
0.539897
-1.05289
-0.242851
2.27903
1.29336
1.99738
0.386358
-1.30543
-0.0447699
1.56219
-0.289468
0.739643
-0.984521
0.196158
-0.147607
-0.55279
0.410945
-0.500817
2.05839
2.66174
-0.159026
-0.66817
0.139583
1.14853
-0.35045
-0.273965
-0.309411
-0.848189
-0.319977
0.474166
-0.476897
0.459589
1.22193
-0.638513
0.724648
0.573863
-0.0749778
-0.501247
0.974161
-1.45603
0.492119
-0.575757
0.480466
1.65905
2.25682
-0.033806
0.0261602
0.0262284
-0.260626
0.0976627
-1.44467
0.358552
0.226996
0.482362
0.514749
0.432036
1.54242
-0.640622
-1.34936
0.0887385
0.847275
0.8511
-1.00313
-0.733989
0.94805
0.36895
1.15471
-0.46928
-0.63503
-0.237432
-0.691434
0.523092
0.363798
-1.47557
1.09474
-0.889901
-0.735871
-0.48445
-1.0633
1.561
-0.77737
0.855204
0.346118
1.60819
-2.2953
0.752698
0.392389
-0.176283
1.64954
-0.881671
0.623626
-0.119511
0.660239
0.0882815
0.316375
-0.576135
0.827465
-0.288332
-0.557672
0.445437
-0.0387103
0.783055
-0.0948751
0.136986
-0.985052
1.6333
0.377275
-1.54327
0.947855
1.65124
-0.275762
-0.998947
-0.508136
1.23279
-0.845163
1.02855
-1.03485
-0.650615
-0.607686
-0.597442
0.301461
1.39458
-1.98329
0.233508
0.758974
-2.43784
-1.47522
1.57004
0.180843
-0.133023
-0.885777
0.831684
0.769006
-1.0757
-0.337796
-0.35179
-0.579335
1.14889
-1.76476
-2.47806
-1.00087
0.86681
-0.032984
-0.108634
-0.945584
0.162049
0.206987
-1.07196
0.189551
-0.375667
0.0227795
-1.20341
-0.696374
0.554347
-0.894564
1.25815
-1.15531
0.46846
0.294028
-1.18474
0.0172927
0.703094
-0.553022
0.723107
-0.50762
-0.367142
-1.11922
1.04687
0.324945
-0.961732
-0.243034
0.218365
-0.333067
-0.35932
1.15555
-0.529997
0.33224
0.432994
-0.427874
-0.77635
2.00472
-2.92299
0.0915186
-0.865815
1.70408
-1.07217
2.10462
0.265136
0.099737
-0.506197
