1025
0.176313
-1.78411
-1.68419
-0.858696
-0.7254
-0.865362
-0.334961
0.131871
-0.419848
0.110943
0.84664
-0.166556
0.539664
0.043482
1.06961
0.548044
-1.79728
-0.516339
-1.79068
0.40135
0.0479702
0.414755
0.546078
1.60874
0.143492
0.915934
-0.984995
0.0282166
-1.08521
-2.1031
0.477435
-1.43492
-0.204943
-0.481082
-1.13396
-0.720187
-1.35215
0.176511
1.17097
-0.325932
1.72099
2.71461
0.072367
0.019882
0.451481
-0.302625
-1.39267
-0.798142
1.01145
0.557983
-0.167458
-0.42683
0.377651
0.581728
0.761399
-1.529
-1.48437
-0.385535
0.868208
-0.114107
0.554863
-1.33794
-1.2288
1.83657
-0.577411
-1.24479
-1.23696
-0.918407
-2.36015
-1.58375
0.765009
-0.636115
-0.431353
1.34098
0.302556
0.641629
-1.09299
0.508573
-0.925539
0.587515
0.206205
0.593515
-0.68174
-0.469326
0.227496
-0.459867
-0.418534
0.486349
-2.51621
0.0137647
-0.294328
-1.35542
-1.4876
0.28298
-0.310393
-0.738337
-0.743862
-0.139703
0.962573
0.408862
1.20842
-0.387497
0.704361
-0.211426
0.0893632
0.313856
0.643341
-1.24263
-0.0257234
-0.184317
0.398475
-0.21889
-1.27564
-0.176969
0.905792
-0.814705
-0.743127
1.76922
-1.04807
-1.78574
-0.802019
-0.426558
0.942651
0.194551
0.365719
0.0331844
-2.67921
-1.02534
0.924053
0.910455
0.585085
1.46687
-1.38833
-0.789906
0.433028
0.136325
0.463062
-0.332205
1.0914
0.78562
-0.511292
-1.22057
1.12252
-0.924295
-1.12403
-0.550358
0.0868377
-0.134982
0.813561
-0.332245
-1.22722
-0.806121
0.196516
0.28863
1.13097
1.1368
1.64978
0.0291063
1.65577
0.725707
-0.948918
0.280906
-1.24043
0.00382252
0.837305
-1.63541
-1.83535
-0.851653
-0.892144
-0.348311
-1.86889
0.977156
-0.513566
0.145901
-0.823457
1.05767
0.748303
1.13604
-0.623013
-0.168481
1.03313
-0.840813
0.333176
-0.171436
1.30072
-0.595687
-0.615745
0.901391
0.0934916
0.159672
0.469519
0.209531
-1.32816
-0.00197114
0.300458
0.927564
-0.469397
-0.991442
0.118606
0.443417
-0.0183159
0.827241
0.802768
-1.20234
0.213939
-0.113366
-0.757491
-1.68384
-0.201662
0.503776
0.467867
0.499109
-0.693397
-2.72824
0.186264
-0.83613
-2.01132
0.942964
0.975635
-0.519987
0.067344
0.959718
0.563366
-0.89023
-0.944697
0.34483
0.541095
0.368722
1.26999
0.387267
-0.816331
-1.39845
1.37482
-0.287983
0.470186
-1.40976
-1.11342
1.30868
2.16661
1.08641
-0.106044
-2.36015
-0.448897
0.479728
-0.541745
-0.599519
-1.34949
0.879897
-2.24865
0.703426
-0.480235
-0.875803
-1.15971
0.939295
1.14182
0.371237
-1.0132
1.1217
-2.28191
2.54113
-1.67554
-1.09878
1.02153
-0.329508
-0.139522
-1.0045
-1.06443
-0.313809
-0.604855
-0.162662
-0.343833
0.0244062
-0.464001
-0.200035
-0.0413681
0.123205
-1.65468
-0.218819
-0.999138
1.6609
-0.092517
0.00677044
0.700616
0.0491392
-0.941106
-1.20247
-0.785775
0.555985
-1.15437
-1.91764
-1.48335
0.518138
-0.665022
-0.724193
-1.7469
-0.171999
-0.859967
-0.83737
-1.27021
-1.96315
0.684505
0.675626
0.249099
-0.389628
-0.691327
-0.0543522
-0.832577
0.539804
-0.460266
1.39056
0.0648712
0.616218
-1.14466
-1.11533
-1.42426
2.68007
-0.150798
0.010884
-0.520126
0.303221
-1.00922
-0.924317
-0.0321217
0.707768
0.148051
1.81689
-0.156561
0.318544
-0.561618
0.0538148
0.0954155
1.04055
-0.0931116
0.734637
-0.459573
-0.782067
0.0340395
0.158591
0.234289
-0.977602
-0.00954565
-0.73062
-0.0761743
1.0486
0.672356
-0.0733259
0.652083
-0.536965
-0.668483
0.188612
-0.0606712
-0.487411
-1.27282
0.0830515
0.543503
-0.103769
0.983463
1.4647
1.05504
-0.185955
1.5324
-1.67355
-1.2981
0.134202
-0.124721
-1.30427
0.369448
1.12891
1.90761
0.64653
-0.277281
0.668556
0.0464595
-0.607105
-0.229894
-0.741655
0.748161
-0.495196
-0.918514
0.236243
-0.385024
-0.128129
0.0630654
0.69808
-0.962234
0.261206
-0.0515363
1.26405
-1.35641
0.719325
0.532465
-1.38532
1.29531
0.611127
1.36526
0.548072
1.2249
-0.559565
-0.61629
0.217654
-0.170601
0.919994
-1.6198
-0.170255
1.2995
-0.767645
-1.32909
0.275825
-2.97514
-0.66295
0.578216
-0.79516
0.212353
1.23252
0.167013
0.538501
-0.215587
1.03762
-0.851433
-0.207616
-0.430598
-0.469314
0.650145
-0.543805
1.31406
-0.789644
0.548258
0.477933
-0.59504
-1.86025
-0.706932
0.558129
0.543825
-0.441314
0.694409
-0.711571
-1.37285
-1.25161
0.307715
-0.246985
-0.940476
-0.309844
0.353973
-0.396998
1.40915
-0.45935
0.604575
-1.42202
1.20392
-1.00647
0.813685
-0.554793
-1.75361
0.957974
-0.769293
-1.14541
-1.0224
-0.516173
1.00014
-0.0681263
-0.579743
1.62754
-1.75453
0.866598
-0.758092
-1.78456
0.552304
-1.20032
-0.234192
-0.259192
1.39968
-0.0806021
0.963908
0.933616
0.911491
0.676169
-0.903268
0.563465
0.924324
1.57326
-1.95939
-0.563458
-1.07839
1.45778
-0.99159
-0.718439
-1.72545
-0.675281
-0.503494
2.53553
-0.0542872
1.07315
0.336906
0.470778
-0.845977
-0.918535
-0.079862
0.352227
-0.164224
-0.911268
-0.114284
0.109797
-0.494117
-0.456647
-1.02535
-1.33743
-0.0430352
1.73547
1.50596
0.660503
1.63667
1.97758
0.0651704
0.42332
-0.512632
-0.699229
-0.50266
-0.153651
0.734775
-1.14302
-1.61473
-0.736964
0.184196
1.30263
-1.03672
1.07113
-1.26086
1.04757
1.56387
-0.472717
-0.71067
0.569336
-0.457436
0.652562
-0.184249
1.7064
0.968824
0.433195
0.639826
-0.897034
-0.0267867
1.83826
0.785029
0.174488
-0.644062
0.351989
-0.150676
-0.963985
0.707313
1.00051
0.27048
-0.496783
0.693144
-1.66698
-1.46608
-1.34918
0.485731
0.657458
0.864133
0.754988
-0.853888
-0.100089
-0.979114
0.869485
0.602445
-0.575107
0.282793
-1.08462
0.0619772
-2.05841
0.214973
-0.432838
-0.380953
-0.275627
0.155161
1.47836
-1.27508
1.51627
-0.641613
1.64802
-0.10773
1.17082
-0.484691
-0.435583
0.458193
0.216404
0.317662
0.192086
1.31661
-0.653857
-1.07365
1.70836
0.874769
-2.21508
1.70168
-0.467724
-0.465015
-0.1698
0.165055
1.44712
-0.720086
-0.143372
-0.198368
0.924736
-0.0961651
1.14023
-0.406505
-0.60471
-1.11444
0.952675
-1.16769
-0.0663975
-0.778105
-1.30576
1.89382
2.48254
0.817267
-1.37499
0.0883736
2.31217
-0.959343
-0.895017
-0.090151
1.10891
-0.7773
1.37844
-0.791504
2.15743
-1.0468
-0.0605828
0.606111
0.706693
0.917231
-1.4293
-1.21127
-0.357535
1.20116
-1.09264
0.352326
-0.120434
-0.586525
-0.346455
0.539698
1.63692
-0.997922
-1.61817
0.036612
0.44976
0.729702
0.00480582
-1.14356
-0.66879
0.229269
0.57517
0.530357
-0.0473003
-0.316239
1.17043
1.09857
0.495877
0.369119
0.594775
-0.806085
-1.22879
-0.102577
-0.818661
0.850847
2.00628
-0.682595
0.502406
-0.469897
0.26093
0.710382
0.646635
-0.890914
0.439681
-0.833915
-0.179715
0.230223
0.241102
0.880537
-0.963287
0.125095
-0.117145
-1.76858
0.762653
0.96938
-0.333548
-1.5146
0.166032
-2.10447
-1.4969
0.0999962
-1.16699
0.306086
1.62148
1.04218
-0.477365
-0.0501953
-1.08785
-2.58248
-0.0293215
0.637652
-0.355304
0.551092
0.130008
0.339221
0.654632
0.0465152
0.280092
-0.596257
-1.61883
1.51054
1.31133
1.15948
-0.308607
-1.64961
0.817422
0.845128
-1.06636
-0.848067
0.322875
0.150452
0.75627
-1.15507
-0.368649
-1.2375
-0.152747
1.02007
0.0810943
2.19234
-0.107711
-1.15454
1.15511
1.80319
-0.486646
-0.615962
0.722763
-1.73406
1.78136
-1.08271
1.05146
-0.314104
-2.54238
-0.15662
1.86931
1.06638
1.3106
-2.38504
0.56826
-1.2009
-1.54275
0.153715
-1.03399
-1.2721
1.39083
-0.796237
0.977579
1.02956
-1.22105
0.0846832
-0.570836
0.181672
0.389791
1.64639
1.57896
0.884233
0.827252
-0.092119
-1.27
-1.0726
0.0526621
-0.535227
1.88543
-0.334127
-0.315721
0.307337
2.1278
1.39275
1.31506
-0.0313908
-1.1835
0.827814
-1.85601
-0.264429
0.332617
0.449482
-0.664236
1.46058
0.241262
-1.50824
0.431191
0.283217
0.957606
-0.950851
0.432533
0.370946
1.57806
0.13699
0.786327
-1.53296
-0.763715
0.503582
-1.14836
0.972148
0.281858
-1.41261
-1.43127
1.76392
0.0375234
0.693636
0.402481
-1.0228
0.273425
1.49047
0.149508
-1.46618
0.434004
-1.89627
-0.800441
0.831912
-0.100406
0.164877
1.64605
-1.51812
-0.136576
-0.0733567
1.73964
2.42224
0.819533
0.153352
1.99989
0.689568
-1.04247
0.796242
0.562282
-1.1068
-1.05827
1.79833
-0.0032276
-0.265933
-0.421664
1.70545
0.786004
2.33891
0.154363
0.845084
1.8064
-0.821555
0.898797
0.614289
0.0243309
1.20454
0.0723513
0.797529
1.10142
0.124232
-0.0968078
-0.435447
2.24521
-0.929753
-0.706524
-1.00621
0.302469
1.62043
-2.10281
-0.614954
0.530248
-0.840672
-1.55235
0.372492
-0.547397
0.00472736
0.825924
0.503433
0.924471
-1.55142
0.394171
-0.677145
-1.94318
-0.377938
1.77045
0.803092
0.810308
0.839509
-1.29489
1.46349
0.0711843
0.89561
1.02087
1.66639
1.87376
-1.40984
-0.0301392
-1.04016
0.59383
-0.0901111
-0.46412
-1.37587
0.841113
-0.518728
0.475526
0.168267
-1.80821
0.397153
-0.491754
1.04063
0.121863
0.76149
-0.166152
-0.0865022
0.029779
-0.607149
0.610985
1.01628
1.56545
-2.13633
1.60984
1.43251
0.753723
0.522324
-1.2551
-0.0487988
1.69323
-0.805882
-0.118211
0.206245
-0.437571
-1.22094
0.721224
-1.03179
-0.161183
0.160916
-0.117182
-1.26661
0.0449393
-1.26593
-0.0619327
-0.349458
-1.11931
0.962794
-0.438755
-0.344331
1.38434
-0.0856264
-0.181705
-0.172718
-0.0982237
0.751311
-0.00834834
1.22382
0.753598
0.168231
0.570797
-0.0642672
0.282873
-0.842864
0.696572
0.894168
-1.5812
-0.315156
-1.19343
-1.73063
0.0293017
0.273462
0.824113
-1.09363
-0.750015
0.927833
2.77481
1.53628
-0.652
-0.109593
-1.04924
-1.21282
0.730196
0.669022
-0.88587
-0.00643663
0.804228
-0.617067
0.2618
1.56035
0.216726
-0.675483
-0.628951
-1.19941
1.00202
-0.331241
-0.682518
0.163935
0.729348
2.0625
-0.992243
1.02204
0.0658289
-0.249176
0.0957438
0.785914
0.922734
0.7986
2.01009
0.637946
-0.222664
-0.160159
0.324725
1.49737
-1.83394
0.0616516
1.03923
-0.721786
0.856676
-0.823405
0.841989
-1.29024
-0.759819
-0.461825
0.309887
0.121564
0.161484
-0.824248
-0.392389
0.22412
-0.928906
0.605553
