1025
0.458794
0.67776
-1.29207
-0.60285
0.419075
-0.0912833
-1.52065
-0.954207
-1.78234
-0.274689
-0.191053
0.604548
0.409099
1.23043
-0.793441
2.10268
1.04566
-1.75936
-0.264599
-0.797698
-0.694559
1.37662
0.505238
-0.338177
0.0740473
-0.646463
-0.0736704
0.823983
0.614724
-0.913167
0.274071
-1.8786
1.28169
0.641431
-3.25624
-0.364437
0.0468203
-0.315357
0.768581
2.30673
2.67477
-1.02352
0.78464
0.570513
-0.269913
-0.516105
1.17233
-1.6385
-1.3882
-1.34416
-0.293239
-0.183015
0.356801
-2.0968
0.428989
-1.68141
0.737626
0.410587
1.3842
-1.67043
1.27149
0.157079
-0.7131
0.644118
0.297198
1.32495
1.37826
-0.884101
-0.907035
-0.134842
0.298538
0.735442
0.620462
-0.191034
-0.969709
-1.57127
-0.861084
0.932684
0.783561
-1.80002
-0.413019
-0.465845
-0.403753
-1.7442
0.263021
-1.88764
0.211173
0.856965
-0.858561
0.730808
0.619969
-0.306369
1.11424
-0.255783
-0.141964
-1.14191
-1.39957
0.298192
0.553856
0.650905
0.326708
0.373812
-1.29894
0.947212
-0.634484
0.303209
-1.71144
-0.393708
-0.517417
0.964718
-1.61511
-0.732933
-0.823874
-0.616951
-0.101499
1.07172
0.214738
-0.937757
0.728917
0.679294
-0.240598
1.5624
-1.03734
0.620174
-0.0975805
0.852815
-1.43958
1.44349
0.588839
0.285292
-0.422376
-0.853495
0.894576
2.10225
-0.910113
-1.08512
-0.777825
-0.320983
1.25893
0.296975
0.784566
-0.93987
0.73433
-1.15462
3.55428
0.178992
-0.311701
-1.20731
1.11035
-0.311587
-1.94268
0.160838
1.0521
-0.621443
-1.72371
0.439828
0.143597
-0.303751
0.619183
-0.595058
-0.589063
0.608411
0.117549
1.06209
-0.298612
0.61251
-0.267951
-1.55289
0.77182
0.900683
-0.678639
-0.0898876
-0.819705
1.20454
0.468417
-0.0579571
0.306084
0.0373604
3.2323
-0.510049
-0.584598
0.943292
-1.36326
1.08845
0.875405
-0.764296
0.503831
-0.177831
0.132193
1.83138
-0.3548
-0.563258
-0.137217
-0.923061
1.22201
1.54016
1.04892
-1.22334
-0.670746
0.2858
0.410646
0.799533
1.08583
0.328677
-0.11369
-1.13176
-2.03385
-0.616017
0.171684
-0.165511
-0.672419
-0.351022
-1.76977
-1.44046
-1.29285
0.255033
-1.63996
0.309839
0.396414
0.437555
1.09724
0.213479
-1.10084
-1.72059
-0.57605
-1.0385
-0.613812
-1.21735
-0.858291
-0.160173
0.57446
-1.03879
-1.16959
0.318642
-0.519088
-0.174551
-0.964181
-0.0876767
2.44266
-1.03187
1.66439
-0.599174
-1.69932
0.626493
-0.0274915
-0.952591
-0.472811
-1.21292
1.25721
-0.380977
1.21947
-0.823205
-0.898861
0.0267426
-1.1626
-0.658466
-0.0432816
1.02181
-1.03466
0.35457
0.641736
0.539357
-0.32418
0.494671
0.762307
0.355573
0.18628
-1.06099
0.285769
-0.723926
-0.565834
1.00728
1.13493
0.520401
0.213859
-0.950126
-0.462179
-1.15917
0.7544
0.599144
-1.54168
1.71743
-0.0649577
-0.0268383
-0.916435
0.924126
-1.19757
-1.55469
1.28573
1.44803
-1.23687
-0.876277
2.27551
0.703438
-0.751925
0.712932
2.17944
-0.441826
0.356193
0.230754
0.130616
0.624082
1.41692
1.39695
-1.22417
-0.783179
0.77602
-0.452333
0.15678
-1.09902
0.509495
1.62971
0.346827
-1.25775
-1.21221
2.18559
2.20094
-1.28725
-0.596311
1.14748
-0.626221
-0.820476
-0.294637
-0.876216
-0.10718
0.600775
-0.294332
-0.847658
1.02369
0.947323
-0.179753
-0.820373
0.270956
-1.26837
0.503888
-1.31846
1.33854
-1.29197
-0.330414
1.5685
-0.281847
0.876718
-0.472313
0.589363
0.563682
-0.830485
-0.607014
1.25534
1.35617
0.301651
0.0147124
-1.44648
-0.871611
0.651221
0.331447
0.689551
-1.00619
-0.203215
0.351139
0.485509
1.15919
0.993117
0.717362
-1.4916
0.0415888
-0.264104
-1.69752
1.09519
-0.352203
0.389691
-0.0015293
-0.94418
1.34784
0.154976
-0.730459
-1.75496
-0.361492
-0.434356
0.945625
1.52354
-0.82381
-0.310683
1.67908
0.352856
-1.38375
0.616076
0.658131
-0.73472
0.0984939
0.161034
0.558282
-1.28985
-1.53382
0.314392
0.161632
-0.385771
-0.27561
-0.913927
0.0150166
-0.215103
-0.497242
-1.44621
0.451548
0.239288
1.26392
0.0811517
-0.802108
-0.590032
-0.574582
-1.69639
0.720098
2.1101
0.540882
-0.149012
-0.744368
0.974362
-0.802957
0.0863694
1.79511
-0.484928
-1.03906
1.40631
1.59644
0.0105589
1.18784
1.66963
-0.553116
0.755033
0.939376
-0.521946
0.0121459
0.780368
-0.673923
-0.856552
-0.78786
0.0101654
-0.886493
-0.411724
-0.0826094
-0.938921
-2.62412
0.0934469
-1.26838
-1.39301
-1.06083
0.906823
-0.161686
1.03431
-1.69315
-0.647416
-0.0735609
-1.17114
1.16738
0.30598
1.37295
1.64705
0.45059
0.163049
-1.31033
1.32939
-1.01934
0.51529
-0.842283
0.796907
-0.210016
0.594944
0.325601
1.0357
0.0631144
-0.488423
-1.09453
-1.7307
-0.448109
0.784418
-0.0310026
0.517783
-0.45089
-0.601161
0.261542
-1.38632
2.17415
-1.36427
-0.243684
-0.977002
0.417396
1.3719
1.22344
1.84233
0.959955
-0.9961
-1.66866
-0.329359
0.133129
-0.390511
-1.17931
0.736805
0.802887
-0.103109
0.620178
0.0451562
-1.17154
0.289478
-0.56308
0.878789
-0.237872
-0.386861
0.857622
-1.11398
0.230096
0.433516
-0.385744
0.0821729
-0.445401
-0.441874
-0.161401
-0.200474
1.03884
0.922566
0.0303753
-1.13132
0.419615
0.446599
0.322279
-0.914465
1.04048
0.497021
-0.899568
-0.685889
0.852669
0.439287
0.166007
-0.595718
0.851974
-0.102078
0.699646
-0.517959
0.413273
-0.290453
-0.486712
-1.35458
0.320229
0.225858
-0.147188
-1.45488
0.625019
0.866164
-0.922513
0.303399
-0.418078
1.30822
1.36947
0.21214
-0.457096
-1.04389
-0.686603
-0.231088
-0.480468
0.255985
1.96319
-0.14286
-0.0490235
1.16084
1.70169
1.42617
-0.637578
-0.472123
-0.0571201
-1.04719
-0.37608
0.23337
0.8939
-0.0261966
-1.0056
2.54694
-0.0891484
-0.113892
0.0272181
-0.340497
-0.495445
1.09268
-0.0729102
0.660954
1.3989
0.0804473
-0.451431
-0.690572
0.0136736
0.751284
-0.340592
-1.44371
0.620194
1.65192
-0.134073
-0.759037
1.06668
0.57127
-1.43539
-0.342353
-0.256248
0.557144
-0.282847
-0.514966
-1.40306
-0.725303
0.400723
-0.758236
-1.22529
-0.0835397
1.4684
1.83229
-1.37729
-0.559612
1.77776
0.497207
-0.223861
-0.623346
-0.757511
0.202717
-1.19928
0.233542
0.160322
0.635151
0.907656
0.466238
-0.428432
1.82579
0.861858
1.27791
-1.51719
0.343303
-2.69671
0.45906
0.614574
-0.150346
-0.240984
-1.27759
1.68746
-0.755762
1.35561
1.7638
0.432829
1.20377
0.267897
-1.38425
0.117864
0.378045
0.104118
-0.442852
0.270523
-1.28641
-0.887274
-1.01814
-0.580608
0.87499
-0.549578
0.20665
-0.377173
-0.849207
0.159736
-1.99235
0.174373
-0.306253
-0.684519
0.718591
0.0591598
1.11608
1.38006
1.01821
-0.473248
0.079374
1.49321
0.807823
0.218345
1.13186
2.74671
-0.0366606
0.854061
1.11495
0.488757
-0.600638
-1.01508
0.0677424
-1.06357
-0.84707
0.619493
-0.523843
-0.563524
-1.72659
-1.41223
-0.649111
-0.168104
0.280414
0.370838
2.58405
0.88973
-0.00768943
2.60023
0.456584
0.177431
0.875018
0.775756
-2.87523
-0.190996
-0.490487
1.064
0.110563
0.138159
-1.15462
0.527949
-0.819817
0.458724
0.0932801
-2.33976
1.24487
1.0191
0.447872
-1.35776
1.16806
0.0757164
2.1262
0.542118
-0.930301
2.2524
0.693675
1.1661
-0.47625
0.696353
-0.496784
-0.574658
-0.585074
-1.24216
0.00988833
0.689493
-0.0451751
0.435043
1.18553
-0.740292
0.166838
-1.14732
-0.98163
1.04802
-1.03703
0.301992
-2.23128
1.67378
0.74923
0.525483
-0.778829
-0.923156
0.24546
0.517717
-2.3731
-0.86251
0.749884
1.10603
0.600716
0.0861312
0.403164
-0.321901
-0.312932
-0.70572
0.390042
-0.604421
1.14688
0.0400292
-0.497014
-2.57175
-1.23527
1.14051
0.879991
-0.681489
-0.858171
0.167176
-1.61919
-0.56531
0.173522
-0.512382
-1.66543
-0.968791
0.19725
1.06208
-1.0323
-1.94392
-0.784746
0.116825
0.429914
-1.66339
-0.383571
-2.49079
0.073468
1.13195
0.501939
0.374985
-0.933674
-1.32431
0.282657
0.513307
-0.340176
-0.590643
-0.708775
-2.77716
0.370244
-1.63386
1.8898
-0.791926
-2.39409
0.517346
0.261481
1.41076
-0.201176
0.287866
-1.46109
-0.354925
-1.19423
-2.03508
1.10985
1.1552
-0.0200937
-0.103412
1.02011
-1.99875
1.68473
-1.2322
-1.05199
1.43573
-0.0955128
0.988466
1.10855
-1.20958
1.59685
0.147111
-0.428922
0.955721
0.0669253
-0.621567
-0.293327
2.42327
0.0447639
-0.563181
-0.222653
0.932116
0.733117
0.551387
-0.594184
1.18385
-0.00341376
0.63916
-1.16884
0.130162
-1.26325
0.680821
-1.78962
0.353763
1.54841
-0.376166
-1.21958
0.34264
0.131143
0.559162
-1.7081
1.13097
0.646715
1.1767
2.52455
1.19604
-0.858996
-0.510866
-1.55093
1.27747
0.0805411
0.380518
-0.88312
0.424761
-0.693149
-0.219661
1.25297
0.310641
-1.00597
0.0519662
1.47554
0.400441
-0.224741
1.78144
0.804041
1.17249
-1.07874
0.34859
-0.149841
-0.933931
1.14401
-2.9868
0.677626
-0.0100515
1.431
0.281002
-1.08672
0.401082
-0.648044
-1.66638
-1.27152
0.268818
-0.801206
0.024703
0.693038
0.848738
-0.764585
3.11689
0.129747
-1.02171
0.3993
2.33506
0.953397
1.70254
2.39928
-2.11445
-0.776149
-0.370514
-0.0320987
-1.42145
0.289682
-2.39563
-0.188271
1.45649
-0.361672
-0.283358
-0.382422
-0.0165037
0.733425
-1.11948
-0.0642104
-1.91645
-0.722789
0.252112
1.62048
1.59166
-0.255657
0.130927
-0.375506
-0.941245
0.822799
-1.13274
-0.754522
0.00503295
-2.3597
0.724661
1.95709
-0.119098
-1.59453
0.0960103
1.32809
2.29272
-0.553006
-1.5795
-2.0351
0.0651486
-1.02958
-0.28362
0.156582
-0.28314
-0.139905
-0.332278
0.902622
1.74761
-0.424917
-0.0766358
-1.3224
0.587974
-0.412327
1.86919
0.247817
0.938822
-0.160381
0.445354
0.884252
-2.68906
0.69868
-1.19738
0.19504
0.148192
0.401019
-0.838442
0.63687
1.49035
-2.09353
-0.754439
1.62851
-0.736019
0.58795
-0.521104
-0.0949829
-0.0651313
0.45137
1.51541
-0.548748
-1.60522
-0.714144
0.110973
-0.983515
-0.618256
-0.40612
1.56666
-0.266195
-0.564675
-1.16139
1.23996
0.439365
-0.0615845
0.0598034
0.657087
1.01317
2.08005
-0.521749
1.31291
-0.813077
-2.57794
-0.10293
-0.874862
-1.44484
-0.499416
-0.955012
-0.388293
-0.814496
0.623864
-0.731001
1.24403
