1025
0.621455
0.983244
-0.836224
0.843885
1.88277
0.0953018
-1.04126
-0.746533
-1.39007
1.29504
1.12097
-1.33084
-0.175568
-0.217413
0.0916621
-0.553693
0.91282
2.17209
-0.627011
-0.244233
-0.305626
-0.0811741
0.322002
0.246163
0.93662
1.83977
0.0377836
-0.0143324
1.68012
-1.43839
-0.397213
0.412671
-0.134775
-0.0682098
-0.605543
0.151928
-1.22512
-0.23405
-1.83365
1.20034
-0.55993
-1.7197
0.702864
-0.0236143
1.21463
1.03776
0.853507
0.613101
0.872197
-0.877267
-0.601295
-0.125117
1.25594
-1.54783
-0.821569
1.16511
-0.886893
0.908179
0.536457
-0.43636
2.16009
-0.650421
0.604178
0.959753
0.765564
0.360896
1.29567
-0.0624663
-0.100166
-1.72411
1.34481
0.492103
-0.500629
-0.72155
-0.183426
-0.489152
-0.192772
-0.402459
0.153153
0.731174
-1.12743
0.28159
2.01606
-0.637966
-0.276512
1.28083
-0.495182
-1.72438
0.640797
-0.605846
-0.446756
-1.3074
-0.457243
1.91015
0.56315
1.15323
1.19572
1.15837
-0.757383
0.0137408
0.338071
-0.452255
-0.496564
-0.739521
1.14394
0.336967
-0.186731
0.421485
-0.500098
0.404605
-0.574651
-0.728119
0.333659
-0.720067
2.02431
-0.117835
-0.813322
0.875924
0.377624
-0.138964
-0.507296
-1.61278
0.518232
-0.789113
3.08417
0.73809
-1.61384
-1.14442
-0.456207
-0.374945
-0.790475
0.462313
0.462476
-2.61595
1.08947
-0.641638
1.08052
-0.0282083
-0.798926
-0.488486
0.531642
-0.736357
-0.613347
0.660282
-1.48906
-0.356684
0.0566099
-0.822514
0.720594
-0.00155039
0.168941
0.102996
-0.558983
-0.0115387
1.11049
0.414174
-0.0952099
-0.313489
0.737469
-0.639189
-0.976542
0.908727
-0.0494225
0.565025
-0.0506996
0.794761
-0.682532
-0.232583
-1.40603
-0.229284
0.0914805
-1.22793
-0.745028
0.767218
-0.0774791
-0.889887
-0.531841
0.746733
0.254632
0.838729
1.36846
-0.303329
0.269326
0.739841
1.01381
0.856139
0.710973
0.740517
0.726395
-0.0510534
-0.7677
-0.72802
0.747848
-1.9474
-0.61694
-0.0744487
-1.20583
0.706911
0.648183
0.106451
-0.65181
-0.333886
-0.656985
0.59909
0.948663
-0.253913
-0.561134
0.917407
0.0429157
-0.900419
-0.407764
0.0401665
0.882753
0.618965
-1.10605
-1.26836
-0.764989
-0.468084
-1.99118
-1.10932
1.12653
1.60798
0.329998
0.51835
0.558505
1.2479
-1.53688
-0.359738
-0.220173
0.155853
1.40132
0.831222
1.83773
-0.332274
-1.19233
-0.49935
0.269343
0.212105
-1.40807
0.7119
-0.957815
-1.90604
-1.93499
0.194949
-1.03864
-1.10107
0.683247
-0.0180733
-1.38587
-0.286173
-1.60134
0.434177
-0.499175
2.34509
1.008
-1.63889
-2.48942
-1.18575
0.890246
0.578109
1.62755
1.18959
0.675719
1.05485
-1.24561
1.03772
-0.551395
0.131325
0.330424
-0.311327
-0.298262
1.55511
-0.546124
0.676756
0.212888
0.963788
-0.332295
-0.988874
0.491054
-0.888297
0.276977
-0.15789
-1.47177
0.467617
0.725524
0.222519
1.11537
0.248722
-0.767736
0.255968
0.940543
0.14055
0.816143
-1.28646
-0.793806
2.18483
-0.263519
0.274037
0.270308
0.752697
-1.08689
0.602128
-1.21036
-1.40248
0.722189
0.190302
-1.13715
0.40956
-1.56172
0.909316
1.8464
1.84932
-0.0493778
-0.924283
-0.420111
0.0265375
-0.145635
-1.70704
2.41895
0.618372
-0.598116
-1.1926
0.130316
-0.489181
0.352833
-0.768542
0.0367886
0.863571
0.808872
0.720147
-0.0496537
0.533219
1.05668
-1.59498
-1.13663
0.81489
-0.358905
0.158887
-0.916781
0.100728
0.77966
0.354761
-0.527436
-1.01618
-0.701679
0.00260688
0.485888
-0.253127
-1.21784
-0.42088
-0.178588
0.0260389
1.49367
0.384797
-0.0647426
0.7494
-1.20268
0.147163
-0.454213
1.62002
0.447901
-0.245155
-0.762194
-0.780248
-0.945721
-0.281136
-2.2787
-0.0931055
-0.803705
-1.35866
1.04933
0.180594
-0.383336
-1.40647
-1.40669
-0.862239
0.509207
0.265248
0.388645
-0.644869
-2.22905
0.00405419
1.60926
1.40153
-1.07089
0.250792
-0.382973
1.3471
1.02422
1.38424
0.996011
-0.126374
1.63448
-1.45165
1.81766
-0.058635
2.289
-1.50282
-1.12126
1.05414
0.904358
-0.683473
1.28663
-1.27663
0.298265
0.573635
-1.49967
-0.700523
0.695197
-0.419013
-0.689674
0.161056
1.56738
-0.416114
-0.902583
-1.61237
0.185556
-0.431986
2.96716
1.32887
0.927187
-0.304822
-0.367649
-0.783745
-0.403748
0.397341
-1.21371
0.984372
-0.551134
0.277981
1.92547
-0.921988
0.35661
0.979056
0.954775
1.14266
0.0431986
-0.728502
-2.29296
-2.27912
0.514455
-0.0396384
-0.0808755
0.286299
0.370293
0.280888
-1.15749
-0.0208264
1.03803
0.451323
0.0862162
-1.3652
-2.82792
-0.425639
1.01584
-0.14033
0.00670926
0.489971
0.623864
0.851259
1.19055
-0.901493
-0.577028
-0.00586702
0.996867
0.0819903
-2.0523
0.810284
0.573256
-0.755693
-0.0816005
2.03348
1.27421
-0.605628
-0.110327
0.813933
-0.805111
0.558004
0.621364
0.30495
-0.831321
0.816541
0.610382
1.47218
-0.755357
0.461447
-0.278472
0.145415
1.15701
1.78975
-0.966853
-0.942368
-0.327252
0.933471
-0.189367
0.856713
0.430731
0.709714
-0.828187
0.609465
-0.146942
-1.20625
-0.484014
-0.50739
-1.1312
-0.75578
0.503707
1.27529
0.222698
-1.10414
1.22092
0.329283
-0.426879
-0.390402
0.192001
-0.304337
-0.465995
-0.903294
2.22463
-0.163757
0.207301
-0.248324
-0.709946
-0.807249
-0.176521
1.24987
-0.0531884
0.633106
-0.263928
0.278562
-0.319713
-0.182896
-1.08614
0.588394
-0.141989
0.249745
0.792748
-1.69642
0.887087
-0.0845904
0.27208
-0.34143
-2.45532
2.57356
-0.816771
2.08519
1.76131
-1.39393
1.87423
-0.277791
1.22925
-1.70168
0.344846
0.817754
0.495237
-0.934565
-0.237593
0.335007
-1.28338
1.20835
-1.01607
0.312721
0.974762
1.09913
0.202634
-0.972993
1.3357
0.589289
-0.366382
1.10643
0.146405
2.23644
-0.223683
-0.508205
0.892725
0.791575
2.23075
1.3284
-1.16812
0.370324
1.14791
-0.370913
0.614999
2.1879
-0.0487278
0.729762
0.112328
-0.766368
-0.854117
-0.504119
-0.844952
1.78933
0.0100946
0.255826
-0.334192
0.214262
0.501925
-0.141349
-0.107517
-1.5501
-2.61782
0.0725606
-0.505364
0.151884
0.16053
-0.0987359
0.207527
2.71397
0.124422
-0.022666
-1.37351
-0.202983
0.123731
-1.96305
0.711349
0.961932
-0.378921
0.377231
-0.344566
0.34803
0.365562
-0.730399
-0.837641
0.219666
1.02395
1.37286
-0.394602
-0.423621
-1.17868
-0.0672056
-0.48128
-0.390669
0.522986
-1.39214
-1.57532
-1.0769
-0.170272
1.03986
-1.7696
0.111021
-0.296663
-0.791349
0.423036
2.15773
0.990086
-0.866844
-0.259722
-0.622269
-1.78738
0.258012
-1.1796
0.182809
-1.83371
1.75451
0.752714
-1.91617
-0.331158
1.28221
1.40219
0.0314992
1.46329
0.2065
0.945206
-0.507477
1.64846
-0.752537
-0.534428
-1.30563
-0.814008
0.251588
0.135506
0.259007
0.287445
-0.614963
1.50749
-0.202796
-0.375303
-0.641645
-0.997745
0.556507
1.146
-1.29961
-0.422968
-1.30271
0.969914
-0.580711
0.117024
-0.0442325
0.417802
1.39479
-1.90507
0.732469
0.450801
-1.04455
-1.54589
-0.875737
2.00217
-0.22665
0.125811
0.294828
-0.416295
0.622313
0.56925
-0.431462
-1.5145
-1.30985
-0.728693
-0.173027
-1.60686
-2.31352
0.561332
-0.494677
-0.227796
-1.95204
-0.96598
0.328062
-0.00840231
0.00868955
0.229531
1.8999
0.917571
-0.962054
-0.0481659
-0.891583
-0.18352
0.650886
-0.362562
0.0696483
-0.962181
0.547443
0.099292
0.167309
-0.107808
-3.06791
-1.03369
-0.126587
0.518813
-0.683455
-0.647046
-2.30261
0.914645
0.986548
0.950064
-1.4327
-0.0648254
0.829011
-0.328443
-1.50056
0.617618
1.0578
-1.0911
1.01597
-1.60205
1.18445
-1.59962
-1.1919
0.835113
-0.32473
-0.0131094
-0.446699
-1.08162
0.127477
0.476804
-0.210366
-0.335629
1.22479
-0.0961478
0.310938
-0.689478
1.283
0.177847
-0.227458
-0.559398
-0.311735
-2.42612
-1.0083
0.955614
-1.49716
0.131062
-0.332072
-0.245314
-1.73054
0.32318
0.728289
0.903535
1.4464
0.36035
0.861738
-0.520944
1.15156
-0.410752
-1.15228
0.604349
0.993597
-1.02605
-1.62193
1.6512
-0.839408
-0.621143
1.03013
-0.493592
1.40419
-1.25889
-0.0842774
-0.411384
0.920486
-0.853884
-0.769777
1.33808
-1.65403
1.2925
0.912295
0.0936456
-0.927274
-0.795519
-0.317528
-0.00374595
-0.0697469
-0.902888
1.25674
0.290315
0.666142
-0.294716
-1.76616
-1.26234
-1.1118
-0.913862
0.35569
-1.20029
-0.493535
0.262434
0.286047
-0.922781
0.0803591
-2.93531
0.603974
0.0265097
-1.30186
-0.371638
0.148029
0.545501
0.860554
1.23054
0.262891
0.708122
1.5051
1.06655
0.445617
-0.731206
-0.519002
0.257699
0.296008
-0.141093
-0.615195
0.179468
-0.32214
0.418683
0.644767
2.38791
-0.602265
0.990503
0.834787
-0.27998
-0.795982
0.731569
0.792442
-1.31078
-0.0131497
1.16482
1.15456
-0.284205
1.68549
-1.58972
-0.395306
-1.57085
-0.717148
-1.8378
0.269068
0.265881
0.284241
0.189855
2.40958
-1.10519
0.551602
0.728359
-0.699746
0.365109
-1.78531
0.927413
-0.0173183
-0.214207
0.536996
-1.43414
-1.15062
-0.554694
-0.787664
0.0329284
0.259982
0.532454
0.837584
0.135021
-0.562433
-0.573183
-0.115829
-0.883738
-1.38128
0.938772
-0.883154
0.928921
1.27715
0.336278
0.966315
0.816673
-1.0236
-0.105176
0.346412
0.890232
-0.724568
1.20939
-2.66535
-0.011759
0.191897
-0.363758
0.726016
-0.916783
-0.534716
0.142917
1.14871
-0.21703
0.115621
0.293744
1.43796
-0.333718
-0.152448
-2.22139
-0.419975
0.311229
-1.71202
1.28451
-1.26139
1.04221
-0.35912
0.174817
0.985524
-0.418992
-1.39131
1.25961
1.14139
0.688105
0.410678
-1.20968
-0.59637
-1.06498
1.82626
-0.381951
0.0163403
-0.647339
-1.852
0.387513
-0.254395
-0.413174
-1.56371
-0.908992
0.0583888
0.217867
-0.454311
-1.11342
0.193028
-0.493298
0.631995
-0.183767
-1.85733
-0.586557
-0.235818
-0.428764
0.234274
-0.434584
-0.224532
0.419319
-1.64881
-0.0416414
3.17228
-1.19281
0.842886
1.38915
0.530663
0.122945
-0.251165
0.837611
-0.298668
-0.946527
-0.775881
1.42881
-0.610298
-2.22084
0.796998
1.37918
-0.253435
1.41979
-0.848113
0.519381
0.420315
-0.164976
-0.700297
-0.818388
-1.00009
0.72822
0.707954
-0.919812
0.275106
-1.26846
-0.50558
-1.08854
1.25955
0.160631
1.02911
0.894671
0.597756
-0.218687
1.42419
0.159043
-0.49272
0.373022
-0.192473
1.30414
