1025
-1.6508
0.365309
1.21809
0.815372
-0.937875
-1.67461
-0.44024
0.733875
-0.996678
0.203165
-1.17521
0.0598878
-0.00175377
1.41988
0.49886
0.856674
-1.27429
0.101772
1.00902
0.60059
-0.00266587
0.0575677
-0.619844
-0.0337979
0.0894282
-0.869602
-0.269584
-2.92178
-1.71494
0.00145056
2.27777
-1.09826
-1.19665
-1.78514
-1.01095
1.26509
-0.00270691
0.508812
0.112302
0.0628671
0.164277
-0.425914
0.525625
-0.12587
0.2182
0.563664
0.36881
0.129065
0.273557
-0.796788
-0.654465
-0.180125
0.780433
-1.41486
-0.851381
-0.176496
-0.600774
-0.349513
-1.62353
-0.135599
-0.310748
0.763057
0.0625165
-0.780244
0.266231
1.40972
0.808286
-0.245396
-1.37308
-0.25901
-0.139763
1.06727
0.411345
0.154604
-0.420138
0.00302806
-1.30486
-1.09247
0.140482
0.882382
1.64494
0.352846
0.454195
-1.29882
-1.32956
-1.02514
0.259149
-1.66171
1.47324
1.03401
-0.547227
1.64378
0.696755
0.910987
-0.450023
0.0233252
-1.1082
0.270078
0.617993
-1.02773
-0.334191
0.532786
-0.738567
0.368267
-0.645137
0.404141
-1.22313
1.48612
-1.52227
1.79686
0.93067
-0.231056
2.06009
0.100882
1.13116
1.82769
-2.26047
-1.38862
-1.36732
-0.42116
-0.109675
-1.28197
0.906364
1.6404
0.591907
0.999628
0.246176
0.0263743
0.538066
0.291134
0.158273
-0.735619
1.57037
-0.657763
-0.305834
-2.39849
0.441336
-0.0566509
-0.462785
0.26822
0.671182
-1.38461
-0.765479
-0.64175
1.28785
1.96068
-2.51801
-0.661522
0.700687
-2.61227
1.27435
-1.38573
-1.42515
-0.461787
0.341946
-1.28019
1.51931
1.74021
1.21729
0.955319
0.00123696
1.44568
-0.199346
-0.794097
0.48448
-0.131768
-1.06103
-1.13265
-0.431373
-0.806928
0.346802
0.862009
2.7624
0.215157
1.2482
-1.04918
0.887389
0.0480116
0.115626
-0.22391
0.296857
0.162721
-1.60084
0.150564
0.3776
1.59824
0.458738
0.653181
-0.979878
-0.641149
0.486158
-1.37075
1.00783
-1.69531
0.364517
0.739837
-1.28579
-1.08841
0.772966
-0.258186
0.510167
0.279273
-0.973243
0.129014
-0.701173
-0.643242
0.671736
1.6628
0.768549
-0.217018
-0.684014
-0.479234
0.460834
-1.95568
-0.246528
-0.841779
1.05203
2.02324
0.0543697
-2.11635
0.00412559
-0.893366
1.74449
1.04783
-0.0403751
-1.14543
2.67155
2.49127
0.352288
-0.216163
0.846785
0.500512
-0.479396
-0.0755135
1.27448
1.02142
1.1093
0.528617
-1.41719
-0.0943802
0.753734
1.71926
-0.817985
0.391219
-1.13806
-0.645901
0.54372
-1.06451
0.663541
0.282674
1.02509
-0.968597
-2.86161
-0.0798438
-0.556461
-0.125991
-0.40445
0.535773
0.132673
1.19446
-0.96334
-0.461301
0.699957
0.194378
-0.958655
1.57038
-0.1243
0.538299
-1.29297
1.48401
1.06789
0.130827
0.603606
-0.807593
-0.659013
1.26752
0.179952
1.56359
1.10563
-0.390851
-0.552365
-1.76749
-0.236256
0.38622
-0.340418
0.240933
1.66042
1.1987
-0.241214
0.117056
-1.5273
-0.355137
-0.310859
1.62035
-1.01692
-0.492183
-0.602354
-1.96903
-1.06456
0.499967
0.168066
2.25331
0.57025
-0.170861
-0.15453
0.686285
-1.43828
0.847099
0.357307
-1.10062
0.104199
-2.64428
0.863396
0.757954
-1.16399
0.511395
0.485599
-0.159917
1.4892
0.990968
-0.71031
-0.0226003
0.618716
0.63427
-0.067498
-2.98181
0.332744
0.408678
2.98815
-0.0037828
-0.695628
0.42747
1.58369
0.30721
-0.47558
0.58168
1.05799
-0.512084
1.3007
1.26151
0.912779
-0.380735
0.932393
-0.354041
-0.372606
-0.118524
1.08616
-1.67974
0.454188
-1.72291
-1.15374
-0.372504
-1.0981
0.436879
-1.19514
0.256477
0.0474066
-0.711385
1.32917
-0.96581
1.25808
0.114878
-1.18007
-0.607489
-1.63214
-2.57878
0.209535
-0.515405
-1.16577
0.0533072
0.856432
-0.522086
0.0883366
-0.64589
-1.52952
-0.729924
0.794718
0.976272
1.86335
0.640344
-1.01366
1.09348
-0.596341
-0.860175
0.0775368
0.10877
0.710267
1.61556
0.0939194
0.128731
-1.33438
-0.228681
0.333279
0.304085
0.541242
-0.264068
-0.653156
0.58654
0.533278
0.409212
0.236912
1.24959
0.51677
-0.176648
0.990645
-2.38229
0.976743
0.00890472
1.35985
0.168496
-0.626904
0.462224
-0.386903
-1.29746
0.668921
0.725545
0.470656
-0.192096
0.2216
-0.0313178
0.997374
-1.77777
-0.54851
-0.102712
-0.703466
0.279939
1.00817
-0.253642
0.0599066
-0.734056
-1.19895
0.1844
-0.781279
0.366012
1.0604
-0.841577
1.90154
-0.277873
-0.322925
0.765283
-0.0275161
-0.664707
-0.332382
2.42852
1.20376
-0.492916
-2.3344
0.103379
0.210763
0.209558
0.62244
-1.43912
-0.709344
0.152871
0.443216
-0.508595
-0.335835
1.08638
0.739416
0.936586
1.292
1.14167
0.514956
-0.0431835
1.5116
-1.52815
0.191368
-0.912848
-1.80056
1.74929
-0.341904
0.527673
-0.099662
0.735769
-1.50719
0.294577
-0.596199
0.852818
0.339301
-0.00808941
1.5649
0.783571
1.22698
0.343665
0.566485
1.72035
-1.31101
-1.31442
-0.66111
0.932392
0.0339321
1.9698
0.312149
-1.14743
-0.571697
0.780331
-1.13544
-1.55883
-0.481779
-0.1556
0.981198
1.02281
-0.192709
0.798416
-1.29575
-2.12452
1.28677
1.54063
-1.77578
1.36764
0.684355
0.508503
1.8047
2.14363
-0.249278
0.0368353
-0.554783
-0.213047
0.0921183
-0.318806
-0.224887
1.69322
-0.772502
-1.02463
-0.558639
0.580773
-0.734455
2.04482
1.0759
1.98363
1.44775
-2.60686
0.514504
0.418708
0.564891
-0.836637
-0.135606
1.04765
0.62845
0.31049
0.0329681
0.722434
-0.449217
0.280974
-0.59299
1.24616
-0.346028
-0.0583233
0.529505
0.841848
1.40966
0.012972
0.443686
0.452375
1.81352
0.383408
-0.0309071
0.978219
-1.17618
-0.62686
-0.323592
-0.870183
-0.60712
-1.84407
-0.151413
2.27222
1.1548
-0.357621
0.35511
-0.648033
0.726835
-0.608022
1.74841
0.588936
-0.637238
-0.413044
0.494418
-1.38448
-0.211946
0.618731
1.98056
0.993754
-1.007
-0.268922
0.419713
1.20059
-0.0879541
0.667068
-1.1459
1.10397
-0.0521763
-0.473677
-0.727474
-0.771769
-0.0643536
-0.641053
0.981401
-0.468942
-0.11468
-0.277152
1.01697
2.05796
-0.17604
0.132207
-1.99214
-0.529596
0.24306
-0.144319
0.534342
1.9406
0.985398
0.24163
-1.66973
0.322411
-0.351962
-0.86125
1.2588
-0.834848
0.135633
0.0658211
-2.00399
-1.47802
-0.106682
0.110431
-1.2999
0.779423
-1.02287
0.873077
-1.04606
0.530532
0.0282661
1.22878
2.1447
-1.51175
-1.23246
0.0787611
0.326412
1.51218
1.00011
-0.92386
-0.168202
1.2221
-1.54311
0.676656
1.91894
1.33093
-0.722533
-0.375036
0.384784
-0.330339
1.72928
1.40657
-0.739854
-0.577742
0.142401
-1.27912
-0.12816
-0.257297
-0.893082
0.902151
-1.06825
0.377188
0.490595
1.33156
-0.0908388
-0.0524439
-2.62204
-0.99222
0.256919
-0.856671
0.66155
-1.6115
2.20028
-0.394748
-0.625399
2.11117
0.0270327
0.267976
-0.892033
1.89585
0.144552
1.65997
0.166633
-0.488601
-0.878429
0.372781
-0.790217
-0.422998
2.41875
-1.5761
0.0316447
1.21272
3.42405
-1.33055
1.37174
0.0918788
0.546801
-0.351582
-0.779503
-1.35477
-1.41315
-0.625712
-0.480082
-0.230602
0.581712
0.389001
1.20594
0.927542
-0.589298
0.164449
-1.11992
2.28574
0.506518
-0.634521
0.320928
2.05368
1.26995
0.631965
0.296946
0.564456
-1.23209
0.270817
0.147402
0.439285
-0.816224
1.51693
0.374887
-1.55733
0.634385
-1.40505
1.40813
0.592649
-0.627643
-0.742517
0.475886
-0.233635
-0.686707
-0.944245
0.0789739
-0.464408
0.791979
-0.902575
-0.19271
-0.250853
-0.723566
0.700136
-0.673144
1.40396
1.54078
-0.951953
-0.692584
0.761247
0.52856
0.146263
2.71515
-1.50705
-0.543463
2.10676
1.51223
-0.228178
-0.925229
0.720489
-1.74548
0.843525
-0.991986
-0.116626
-0.990783
-0.23345
-0.823806
-0.499897
0.430496
-2.76437
-0.908866
-0.480302
-1.92304
0.486601
0.210797
-0.55099
0.431687
-1.24835
-0.0937985
-0.218416
2.26596
0.0966176
-1.43943
-0.21661
-0.881481
-1.34845
-1.06169
0.345088
-1.01708
0.565743
0.152595
-2.07151
-0.534038
-0.111205
-1.38034
2.04562
0.276675
-0.934763
0.0698765
-0.883617
-2.02917
-1.48701
1.92742
-1.30308
-0.0566026
-1.61478
1.90554
-1.9738
1.11109
1.68512
0.00147691
0.0896358
0.854888
0.602774
1.44844
0.449839
0.321997
1.04597
-0.891774
0.356625
-0.26319
-0.306767
-0.649397
2.52401
1.0926
0.694488
-0.019507
0.916182
-0.850755
-1.58216
-0.499494
0.445931
-0.460444
0.82272
0.0110521
-0.958998
-0.995234
-0.771889
-0.648049
0.504728
-0.817042
0.487953
2.37745
-0.973546
1.23044
0.475889
1.40288
0.379705
-0.270006
1.69955
-1.42344
-0.30542
-1.06864
-0.846943
0.0294268
-0.63517
1.63428
0.51595
0.37244
-0.698308
-0.34886
-0.371383
-0.619658
-1.80959
0.552843
-0.373803
-0.674837
-0.730364
0.874776
0.347384
-0.676724
-0.130435
0.602153
0.451635
0.907743
-0.533785
1.31047
-1.03269
-0.122337
1.02709
-1.83681
1.01226
-0.731714
-1.31641
0.983052
-0.205491
-0.361588
1.78771
0.500521
-0.0393327
-1.25917
0.816393
0.831366
-0.0378306
0.71178
0.342814
1.42054
1.02293
0.204509
0.333381
-0.130605
0.164494
2.42021
-0.083857
0.297945
0.715992
-1.21886
-0.495527
0.131857
1.97671
-1.13843
0.0944242
0.391933
1.1222
-0.945212
-1.46579
0.15167
1.02829
-0.0444377
-0.565296
0.965028
-0.668424
-0.654118
0.393009
1.0421
-0.435484
0.723392
-0.146705
0.514748
-0.204913
-1.08316
-1.66587
-0.948178
-0.372888
-0.0319373
1.72352
-0.532595
1.30325
-0.350532
1.3733
-1.03937
2.61972
1.82539
-0.500094
0.788331
-0.138646
0.79219
-1.75172
-0.970595
0.132342
-1.0155
-1.36121
0.796903
0.632653
0.688528
0.995326
-1.52992
-0.177676
0.663944
-0.362646
1.00782
-0.980277
0.398217
1.40065
-0.391873
-0.311168
-0.737738
1.14465
-0.545393
0.068523
-2.69765
-0.644749
0.746783
1.67711
0.716267
1.09133
-0.682495
-0.943817
-0.00086668
-1.60149
-1.65782
-0.952808
0.0675022
-0.117996
0.512708
1.79497
-0.438427
-1.783
0.265202
0.352041
0.0519944
-0.133269
-1.16108
-0.388309
-0.547159
-0.533015
1.70218
-0.300217
-0.497099
1.68322
1.00648
-0.00293211
-0.353782
0.0111226
-0.153353
-0.145048
-0.83273
-1.8805
-0.758599
-1.05726
-0.29894
0.122197
1.1445
1.12135
-0.195019
1.23631
-0.0601271
0.286087
-0.349161
1.06265
2.48056
0.29579
-0.539445
