1025
1.142
0.635062
0.406839
-0.874868
0.496523
-0.851573
-1.38445
-0.632426
-0.133175
0.298568
1.67112
-0.618378
-1.92666
-0.217297
0.657365
-1.11508
1.20687
-0.67449
-0.294998
1.32697
-0.709864
-0.20579
-0.0221865
-1.61516
0.229894
1.77761
-0.782816
-0.298233
2.13398
-0.591669
-0.150235
1.03924
-0.149108
-0.657154
1.53292
0.0430661
0.738592
0.950723
-0.56354
0.715167
1.08293
-0.547092
0.00661018
-0.75907
-0.0760996
-0.154124
-0.731552
2.01686
1.34405
-0.612713
0.712911
0.538241
-0.262545
-0.495826
-0.9076
0.79877
-2.31022
0.0952408
-1.37214
-0.850346
0.0517898
-0.604348
-0.116782
-0.3062
0.615831
-0.550755
0.60006
-0.769769
0.644824
0.344705
0.326635
0.730071
-0.780942
-0.942191
-0.150188
-0.0114174
0.426324
0.934348
1.94663
0.499644
-0.968865
0.328269
0.867676
-2.20355
0.162865
-1.72781
-0.0112785
-0.756418
-0.224942
-0.761391
1.12436
0.394168
0.223376
1.20962
0.934354
-1.14136
-1.81618
0.987779
0.172635
1.04242
0.773481
-0.0182372
-0.321224
-0.964525
0.0469192
0.565912
-0.997601
0.597031
-0.530579
0.789683
-0.301983
-2.47133
0.539739
3.0276
-0.458714
1.73737
0.293857
0.231176
0.55491
-0.754491
-1.44175
1.11249
-0.0811931
-0.378056
2.09155
0.922556
-0.835819
0.269996
-1.03767
0.0735822
-1.41035
0.082865
-3.18426
0.277386
0.154812
-0.442557
-0.0950341
0.572519
-0.341905
0.0253937
1.02178
0.562843
-1.44845
0.0250432
-1.61687
1.15582
0.178153
1.12526
-1.39454
0.444478
0.209647
0.239547
0.567255
0.471092
0.174421
-0.934163
-1.3427
-0.980606
0.284535
0.841149
0.287393
1.3165
1.68184
-1.0022
0.485394
-0.469397
0.78761
-0.954036
1.64274
-0.422468
0.959493
0.556057
1.33279
0.647339
0.00469216
-0.128615
0.309392
0.673704
1.17586
0.606533
0.521503
0.211691
-0.516809
-1.39497
0.43136
-0.598719
0.756488
1.41421
1.1399
-1.0579
0.402018
0.373657
-0.765298
-1.14689
0.819989
-0.648133
0.485401
0.264834
-1.00429
-0.848114
-0.389434
1.57339
0.162474
1.78675
-0.821046
0.256713
1.64296
0.499009
0.385558
0.0662122
0.352393
-0.113488
-1.55852
-0.604903
-0.846046
2.64125
-1.22111
0.721271
0.289567
0.0884126
-0.684579
1.01562
0.160849
-0.382105
-0.640937
-1.64307
1.07176
-0.279552
0.836241
-0.670775
-0.535684
0.0501544
-0.287901
-0.544782
1.55008
0.430947
1.25727
-1.40051
-2.26398
0.249301
0.973988
0.136496
-0.297698
0.787578
0.418113
-0.54057
1.56415
-2.29763
-0.00690447
-1.90449
0.502713
-0.898497
-1.28464
-0.653155
1.21269
1.11764
0.723202
2.68182
-0.750891
0.161379
-0.123019
-1.02809
0.179399
-1.3187
-0.565885
0.0992041
0.503892
-0.429752
0.114656
-0.868314
-0.803116
1.35879
-0.670683
-0.825911
-0.85669
-0.0737823
-0.849941
-1.39121
-1.99063
-0.239829
-0.397362
1.13863
-1.02653
-0.675097
-0.955477
-0.706821
0.55973
-0.849073
-0.519552
0.0465707
0.719909
-1.1118
-0.36207
2.13197
0.0329301
1.56694
-0.87816
-0.253479
2.05601
0.0735131
-1.03714
-0.170617
0.553802
1.25918
0.4312
1.4906
-1.0866
-1.94247
-0.202141
-1.28154
1.9447
2.42055
-1.46946
0.968846
0.490514
-0.95564
1.62285
-1.80774
-0.445506
0.0896652
1.40299
0.482919
-0.866511
0.617229
-1.25542
-2.6109
-0.830329
0.532068
2.00993
1.05817
-0.762201
0.0167217
-0.41021
0.389136
-0.860749
0.0783317
0.353736
0.840988
-0.858307
0.498642
-0.00403834
0.943033
0.789409
-1.39989
0.331037
0.738754
-0.873629
-0.272192
-0.778109
-0.786875
1.9712
0.051335
-1.05524
-0.0633483
-0.144693
-0.568273
-0.925885
-0.805066
-0.464181
-1.39663
2.06254
0.0226885
-1.16528
-0.092679
-1.86796
2.37962
0.270934
1.30423
-1.22089
-2.58506
0.87467
0.964663
-0.166313
-0.126514
-0.47681
-0.462994
0.529644
0.917883
-0.208828
-1.31613
-1.49633
-0.483724
-2.13302
-0.413461
1.056
0.336451
-0.0726431
-0.30593
-0.207458
-1.04266
0.0633043
1.37327
2.96292
0.513126
0.337355
-0.331625
-2.43199
1.08203
-0.318974
1.39456
0.09183
0.968108
-1.01358
1.3025
-1.98316
0.0431856
0.622602
-1.43087
-0.013563
0.735235
-1.94107
-0.344274
-0.967103
-0.388077
0.418363
0.824037
-0.588026
-1.26241
-0.111409
-0.341864
0.49195
0.728625
2.26879
-0.255361
0.207973
1.32456
-0.416068
0.112183
0.289463
1.25121
-0.0314265
-1.78439
0.453757
0.0740985
0.688028
1.42115
0.357014
-2.67859
1.38228
-1.3232
-0.248788
-0.0701059
-0.664902
0.649446
-1.32589
-0.0842411
-0.194194
1.62408
0.382905
1.53154
-0.939255
-0.811004
0.487119
-0.337047
-0.834093
-0.961609
1.76847
0.705401
2.55097
1.06923
-0.821566
0.376914
0.852243
1.73348
1.02209
0.205779
-1.58953
0.118346
2.35294
0.319453
0.408137
-1.06453
-2.0789
0.765194
0.0848342
-0.618565
0.314969
-1.19765
2.24691
-0.525036
-0.311605
0.567086
-0.0990957
-0.256276
-0.458844
0.749726
-0.657986
1.19471
-0.321497
1.5574
0.72564
-1.79124
1.6372
-0.382454
0.903169
2.41352
1.12014
-0.303783
1.54256
1.92726
1.16493
-0.215502
0.0552633
-0.0459846
-2.23378
0.211605
2.3812
-0.630075
1.03161
1.70161
1.22883
1.49617
-0.901465
1.44218
1.20076
-0.656884
-0.0934989
-1.64005
-0.419343
1.21309
-0.932171
0.0146389
-0.301512
-1.21772
-0.451954
-0.42612
-1.09857
1.58404
-1.86516
0.726345
-2.12142
1.7607
0.553013
-0.151508
0.893198
0.331818
-1.22958
-0.1853
1.24671
0.509058
1.62745
0.935244
-0.920962
0.716659
0.851001
-0.57341
0.145687
-1.31819
-1.56285
0.250029
0.272522
-0.651312
-2.13451
-0.188948
-0.677821
-2.24556
-1.30553
1.24684
0.815507
0.827294
-2.57281
1.89204
-0.166483
0.614391
-1.7229
0.00957886
-0.787353
-1.32773
0.653126
0.505736
-0.280458
0.111052
0.687241
1.81239
-0.922693
1.23567
2.12035
-1.03099
1.74571
0.331046
0.406783
0.117668
-1.43447
-1.61098
-3.05138
0.15407
0.791063
-0.61055
0.125752
-0.189864
1.00233
-1.22643
1.37122
0.497783
-0.719342
-0.367396
0.431605
0.374864
0.691828
0.948576
0.00667483
-2.14636
1.27051
0.541927
0.369125
-0.36988
1.46862
-0.652867
-0.0560587
-0.201278
-0.329951
-0.571414
0.140537
-1.75376
-0.12319
-0.388012
-0.4407
-0.118193
-1.49637
-0.179192
-0.265256
1.36714
-1.42056
0.294344
0.209071
0.986774
1.36973
-1.41192
0.373436
-0.154071
-1.02161
-0.217943
-0.797112
0.562979
-0.380603
-0.0130348
-0.544602
0.154595
-1.42506
-0.712943
-0.163242
0.677782
-1.52173
-0.845997
-0.226525
-1.23505
0.398189
0.349927
-1.28532
0.229846
0.318033
2.56332
-0.772701
0.751514
0.283363
1.10159
0.361749
-0.932781
-0.0957711
0.419267
0.950999
1.95071
-0.315074
-0.360386
1.24702
2.18625
1.25433
-0.21071
-0.38467
-0.539698
0.238133
-0.0903924
1.00407
0.0506428
-0.347728
0.72817
1.90099
0.553945
0.840432
1.09612
0.193248
-0.190139
-0.285025
0.388154
0.401452
0.713125
0.682731
-0.515998
1.90616
-1.33076
-0.447693
0.645052
0.355212
0.759442
-1.50661
1.62868
-0.303792
0.448026
-0.975839
1.19622
-1.54969
1.03621
0.487591
0.141346
0.251685
0.752668
-0.519292
-0.0338082
1.11258
-0.419336
0.838158
-1.49013
0.748388
1.01576
0.186199
2.21282
-2.4986
1.507
-0.630198
-2.01531
-0.537145
-0.953512
1.72962
-0.291549
0.30156
-2.09095
-0.318393
1.67613
-0.816502
-0.119387
0.038084
-0.330498
0.556869
0.118272
-1.07841
-1.29157
-0.819787
-2.17419
-1.08773
-0.369175
0.564433
-1.26213
-0.31055
-1.51752
-0.87549
0.526818
0.579768
-0.197686
0.694147
-0.32227
-0.163986
-2.06161
-0.604746
-0.311238
1.42992
1.11481
-0.448202
-0.244667
-0.125965
-0.120627
-0.209351
-0.987853
-1.96905
-1.02787
-0.598978
1.51321
-0.151026
-0.631171
-0.388317
0.370785
-0.242842
0.441788
-0.549767
0.411769
-0.362764
-1.55203
0.796492
-0.0991004
-0.443189
-1.90259
0.452808
-2.36818
-0.676061
-1.88596
0.53279
0.138446
0.817541
0.795965
1.86568
1.81157
-0.177057
-1.48488
-0.282957
-0.547189
0.846565
0.253792
1.20503
2.01927
-0.586705
0.640937
1.13466
0.698547
0.157286
0.889536
1.60189
1.31411
-0.995416
-0.142754
0.346827
-0.000364169
-0.969169
0.842982
-1.81049
0.507637
1.01697
2.45838
0.875452
-1.43188
0.0763723
-0.891534
-0.472977
0.333678
0.695845
-0.681206
-0.91445
0.262887
-0.0809111
-0.388867
-1.89557
-0.00844676
-0.0357343
2.56251
-0.622933
-0.286589
0.416414
-2.12674
-0.174882
-0.652067
-1.59924
-0.145173
1.39038
0.352934
-0.673057
-0.703745
0.00920207
-0.752265
0.742951
1.36238
-0.694883
-1.26395
0.205346
-1.59457
-0.14352
0.926518
2.09844
-0.125834
2.41315
0.0381833
0.632848
-1.59707
-1.30614
-0.997042
-1.3067
0.924568
0.22563
1.52799
-0.0792061
-0.0965634
-0.607308
-0.0196787
-0.593159
-1.34026
-0.657195
-0.116052
0.0455369
0.100019
-1.62089
1.01446
0.0288125
-0.782921
0.0764171
0.418554
-0.439644
-0.482889
1.31654
0.897224
1.06089
2.17484
0.278494
-0.409891
0.869848
0.420384
0.702431
-1.33218
-1.05447
1.20763
0.719895
-0.825731
1.28756
1.78588
-0.402156
-0.711172
-0.957193
0.594918
-0.596083
0.487482
-0.285261
1.92138
-1.59703
-0.739883
0.260771
0.490054
0.0443302
-1.61412
-0.428012
-1.13518
0.689183
0.347562
-0.0288554
-0.644304
0.80504
-1.18911
-0.537184
-0.253597
0.798852
-1.35795
1.31074
1.69099
1.97049
0.454683
2.8329
0.346243
0.873047
0.271305
0.602181
-1.15852
0.319208
-0.859867
0.738239
0.38938
0.852873
-0.0920079
-0.992452
1.50881
0.547492
1.11913
-1.13568
0.479503
1.02042
1.65499
2.36228
0.873177
-0.186614
-0.319731
1.79973
1.72934
-0.964242
-0.437105
1.12673
1.79951
-0.573182
1.67792
-0.871917
-0.338729
-0.100495
-1.69342
1.48104
-0.595536
-0.925908
-0.691871
-2.15466
-0.662804
0.510752
0.514998
-0.722693
0.148729
0.241553
0.46653
-0.810256
-0.827181
0.910134
0.445084
0.570652
1.11131
0.607748
-0.488536
0.203876
1.28766
0.356185
1.12473
-1.51383
-0.703193
0.648594
-0.510117
0.00886446
-0.101702
-1.27631
-0.306918
-0.247338
0.363773
0.417824
0.915031
0.753139
-0.586912
-1.19231
-0.640021
-2.23601
2.62413
0.795762
0.171431
-0.0434085
0.6566
1.10983
-2.95027
-0.844682
1.6764
-1.49657
0.105788
1.06437
0.0639714
-1.11632
1.31828
-0.50043
0.501203
0.19148
