1025
-0.403121
-1.65252
0.708341
0.142995
-0.902943
0.252935
2.03838
-1.55657
0.322476
1.66404
1.34882
-0.407907
-2.18783
0.914102
-0.83211
-1.25383
-0.462671
0.203147
-1.14139
-0.051113
-0.24957
0.0650463
-1.09124
-1.36983
-1.50788
-0.455849
-0.109972
0.461072
-2.0653
1.21096
0.551561
0.624477
-0.146426
0.159391
-0.0220753
0.0782929
0.0670674
-0.252469
-1.30786
-0.489624
0.416673
-0.266003
0.51363
2.06157
0.314481
0.351598
-1.89609
1.04677
1.94747
-0.837545
0.35563
-0.472312
-0.314167
-1.0014
1.71809
0.165714
0.366009
0.483035
1.24888
-0.895872
-0.346597
-1.773
-1.26228
-0.0204199
1.41537
0.461053
0.699647
-0.513052
-0.392753
0.716884
-1.14322
-0.891305
1.08261
-0.189758
0.100321
1.29908
-0.247746
-0.200656
-0.947334
-2.34437
-0.758592
0.0115219
-1.16925
-1.31131
-0.453439
0.0213844
-0.421855
-0.415833
-0.44886
0.89706
-1.21294
-0.928487
-0.212726
-0.269008
0.880079
1.64137
0.356712
-0.510993
-1.93628
-1.44866
-0.164005
0.790833
0.789987
0.670588
-2.41766
2.36906
0.443061
1.01319
0.544226
-0.381793
0.395638
-1.47242
0.0741212
-0.469
-0.763773
0.152009
-0.471938
-0.217607
-1.43449
1.30391
1.05237
0.135044
-2.45201
-1.16417
1.19923
0.0511507
0.66363
1.22027
0.0755842
0.849381
1.03818
0.360695
2.08867
-0.0653654
1.09714
0.432028
-1.60346
-0.71833
-1.80553
-1.74372
1.66963
1.24015
0.692454
1.24725
-0.326483
-0.599077
0.67112
-1.9423
-0.148387
1.63635
0.205324
-0.0514151
0.760648
-0.270977
0.290122
-0.168932
-0.444046
-1.37821
1.92525
-1.27779
-0.692585
1.13434
0.0510254
-0.666769
0.0192096
1.24157
-0.0422393
-0.249099
0.0101567
0.227831
1.02892
0.325438
-1.19306
0.339748
-0.196113
-0.878085
0.564877
0.770618
0.925131
-1.42394
-2.06307
1.55979
0.248803
-0.0221198
0.864441
-0.271179
1.1348
-0.209757
0.831525
0.0996765
-0.461841
3.56405
-1.12285
-0.188452
0.145788
-0.532659
0.43939
-0.131
1.98367
-0.740758
0.63769
-0.659383
-0.747678
0.972332
-0.421774
-0.551224
1.07181
-0.773084
-0.420903
-1.03141
0.540461
-0.624367
2.20692
1.34368
-0.0913131
0.170499
-0.409985
-0.708391
-0.730923
0.980882
-1.53213
-1.39708
0.164634
-0.23206
1.46489
-2.10119
-0.356037
0.741888
-0.672328
0.673745
-0.655807
-0.308629
0.950612
0.42294
-0.173022
-0.79121
-0.26189
1.35487
-0.234205
-1.43548
0.422248
-1.182
0.312874
1.54847
-0.248062
-1.20922
-1.27396
0.510763
1.15204
-0.280578
-0.563172
-0.439509
1.37002
1.09949
-0.813221
-0.13028
1.13541
0.0224809
-0.552372
0.839352
0.788394
-1.1561
-1.2247
0.438512
-1.95379
0.103507
-0.0969625
2.04566
1.55771
-2.20079
-1.69574
0.476192
-0.503638
-1.37775
-0.970478
1.13852
0.660021
1.51506
1.04707
0.370163
-0.791922
-1.26297
0.137533
1.21311
-0.766966
1.36878
0.497429
-0.873726
-0.533449
0.666948
0.411594
-0.294908
-0.238107
0.887671
0.458829
-0.261411
0.151314
-1.19093
1.02711
1.00562
-0.777292
-0.633491
-0.19767
-0.361825
0.565089
-1.49352
-0.621746
0.103014
-0.194674
-1.21739
1.3399
1.21493
-1.46443
0.395426
-0.37491
-1.71178
-0.234331
0.79103
-0.498896
1.01725
0.0371247
0.0141572
0.433048
-0.693352
-2.14821
-0.858449
0.60761
-1.73352
0.0954757
1.10497
-0.992369
-2.07898
-2.52673
0.869665
-0.474276
-0.527162
1.76089
-1.16367
0.704004
1.05425
1.93256
-0.472883
0.647922
0.998466
-0.94366
-1.23504
0.247565
-0.0659951
-0.0916477
-0.606845
-0.450855
-0.848724
-0.625599
-0.924456
0.752915
-0.31294
1.28972
-0.540194
0.650379
0.539114
-1.81735
-0.952786
-1.30908
-2.43261
-0.183431
0.324655
-0.70069
-0.0834774
0.307687
0.913356
-0.870554
-1.63877
-0.396869
-0.863412
-0.194337
0.133599
-0.350974
-0.541657
-1.64423
0.696432
-1.59496
0.926704
1.5077
1.58105
-0.437341
0.383304
-1.44942
0.131514
1.08485
0.999288
-0.163591
-1.19835
-0.45276
-0.416212
1.36907
-0.0931831
1.0966
-0.764477
-0.979632
0.0621739
-0.430171
0.344364
-0.0819951
-0.829653
-0.539815
0.588122
-0.671555
0.293731
0.73524
-1.97595
-2.57287
0.358507
1.27826
-0.652273
0.460392
1.28156
0.000606059
-0.744438
-0.71073
0.178729
0.817604
0.160015
-0.487378
-0.625014
-0.185713
-0.975653
-0.52427
-1.44532
-0.583706
-0.689863
-1.10302
-0.244512
-0.368689
-0.791507
-0.466643
0.12626
-1.27987
-0.439131
0.868871
-0.999021
-0.629595
1.6375
0.123299
0.951812
0.727912
0.312242
-0.76407
-0.0913179
1.92081
-0.400218
0.106519
-0.130499
0.639071
0.557812
-1.55427
-0.56484
1.94395
-0.800866
-0.914401
-0.700088
-0.899186
0.148663
-0.274141
-1.59822
-0.604942
-0.0296976
1.11062
0.674163
-0.858905
0.374504
-0.940589
-0.647896
0.314569
1.21001
-0.239026
-1.78572
0.108692
0.745935
-0.700438
-0.758545
0.0401183
-1.08324
0.608647
0.630038
1.26473
0.506061
-0.00450695
0.983718
0.821687
-0.0792956
0.438952
-0.985523
0.860868
0.336141
-0.944761
1.10281
-0.669042
0.317406
1.10013
0.797854
1.79349
-0.626255
1.27845
0.460474
1.26098
-0.334593
0.734171
0.592963
0.860333
0.274406
-1.05758
0.315887
0.00722204
0.727523
0.438322
-0.0374727
-0.704532
0.656466
-1.00972
-0.210948
-0.149638
-0.593663
0.401761
-0.0527166
-0.0502741
1.48746
-1.1138
0.819337
0.813198
1.44527
0.744142
-0.631917
-1.02235
-0.358048
2.87149
-0.357228
0.61473
-1.1296
0.591698
1.14051
-1.90615
1.30739
-0.0331697
0.245912
1.74484
0.702847
-0.892507
-1.85117
0.272497
0.119048
-0.77847
0.176219
0.0251071
0.351596
0.216674
-1.21479
-0.660375
-1.41604
-0.378324
2.36959
0.233625
0.215431
-0.831051
-0.199295
-0.703136
-0.447691
2.29293
0.397419
0.636161
1.21329
-2.64344
-1.72335
-1.00514
0.798439
-0.00404119
1.62478
-0.904018
0.217887
-1.18769
1.01612
-0.632417
0.221466
1.04154
0.686361
-0.346725
-0.827766
0.139931
0.928785
-0.972816
-1.3075
-0.971714
-0.0924995
-0.925237
-0.343627
0.872031
0.880359
-0.748771
-0.484301
-0.963849
-0.368726
-0.524399
-0.398615
1.7777
-1.20991
1.06103
0.372817
0.252065
0.925149
-0.679667
-0.907569
-0.386505
-0.620248
-0.755209
0.218279
-0.155216
1.12732
-0.142505
0.72085
0.977661
1.09523
-0.0660197
0.0468368
-0.570212
1.00629
0.176491
0.128103
-0.579343
1.07006
0.254456
-0.768576
0.745791
-0.317566
0.0248169
0.0617537
-0.94258
-1.04054
-1.14029
-1.70978
-1.58435
0.941348
-0.532775
-0.161502
-0.840144
0.171839
-1.61366
0.23421
-0.434197
-0.897305
1.70612
-0.589978
0.615674
-0.517862
-0.304173
0.296194
-0.904803
0.241829
-0.17
0.716714
-0.0292474
-0.00245719
1.48853
0.388408
-0.670809
0.111276
1.0566
0.757897
-1.64802
0.907282
-0.729993
0.213259
-1.35976
1.10156
0.441687
0.94546
0.600369
-1.30267
0.859336
1.01463
0.435671
0.949483
-0.0606069
1.59013
-1.85483
0.08587
1.61936
0.516389
1.57109
0.582872
-0.101744
-1.01206
-0.698407
0.191135
-0.765652
0.636367
-0.0487967
-0.376365
0.891138
-0.21194
-1.08888
-0.643104
-1.74301
0.450648
-0.625143
1.01809
-0.8856
-0.00239067
-0.855682
0.532346
-0.638208
1.19871
-1.5243
-1.35114
-0.627465
-0.0971881
-0.684173
-0.150753
1.1055
-0.5819
0.132546
0.670376
-0.41538
1.39739
-0.527302
0.284497
0.257075
-0.661213
-0.322206
-0.65162
-2.81072
-0.266535
-0.224126
0.467522
-1.48276
-1.61841
0.309308
0.181332
-0.465173
-0.969963
0.123113
-0.612498
0.947376
1.4931
2.55777
2.16087
0.434205
1.38037
0.777245
-0.164747
-0.47694
-1.11571
-0.886021
0.34237
-0.439623
-0.519897
-0.758429
-1.44505
-0.191762
-0.252207
0.861857
0.00734218
-0.150605
0.444581
-1.67266
1.81236
0.409874
1.49827
1.46109
-1.56997
-0.217586
0.216086
-0.955713
0.894701
-0.502244
0.848192
1.74068
-1.23283
-0.669561
1.0733
-1.13316
-1.97125
-0.459739
-0.772066
0.83618
-2.16645
-1.64079
1.01583
-1.14865
1.28354
0.490523
-0.621073
1.31003
0.422671
0.772143
1.11803
-1.41677
-2.21752
1.21014
-1.07201
0.846369
1.06105
1.68728
0.391217
-0.894904
0.94227
-0.27749
1.45526
-0.269192
0.371227
1.3321
-0.174735
-0.292373
-0.515497
-1.50541
0.993093
0.00585313
-0.378777
-0.310551
-0.465641
-0.57972
0.905024
-0.413592
-0.933148
-0.787705
-0.646684
0.946475
0.186897
-1.2515
2.46855
0.782136
1.4361
1.11891
-0.819143
0.118088
1.14879
-1.21313
1.43793
0.285293
-0.390574
-2.18542
0.140539
-0.947769
0.359974
-1.06412
-0.051082
1.16068
0.208146
-0.0891743
-2.45186
0.102594
-0.287846
1.57584
2.10881
0.975576
0.224634
-0.952955
1.22007
0.516828
-1.0353
-1.45285
0.0873244
2.04189
-0.67032
-1.29924
-0.158547
-1.34731
0.00952487
-0.468283
-1.50019
0.839482
-0.448804
-0.0300653
-0.0823965
0.262633
-0.613633
0.940022
0.142889
-0.354897
-0.274074
-1.34915
0.117879
0.344385
1.18776
-0.833483
0.852197
0.0376361
0.630556
0.948768
-0.89488
-0.873983
0.189611
0.0188814
0.346009
1.11882
1.11251
-0.99825
-0.318478
0.211006
0.273196
-0.149375
-0.20399
-0.999616
-0.542517
0.665091
-0.314668
-0.021282
-0.528573
0.424483
0.675065
-0.457046
0.0391772
1.68038
1.20119
-0.181623
0.769641
-0.543873
0.187245
-1.41695
1.62699
-0.403757
-0.471953
-1.18596
-1.19657
-0.854948
0.179386
-1.23811
-1.14529
0.296512
0.676588
-1.38438
-0.345015
1.17269
-0.0509141
1.06506
1.29877
0.0901454
0.657318
0.8962
-0.34293
1.25134
0.164519
1.91724
-0.193565
-0.697307
-0.930344
-0.0812397
-0.981956
0.281326
-0.349578
0.301028
-1.67095
0.0218009
-0.66397
0.164224
1.21477
-0.549246
-0.521175
0.646832
0.789173
0.1236
0.763325
-1.15874
-1.0178
1.25606
-1.08566
0.7722
-1.38543
-0.0329321
0.359071
-0.577096
0.537779
-1.13509
0.23994
-1.01491
-0.606461
-0.783332
1.27424
-1.15213
-0.384187
-0.454789
1.57469
0.159337
-1.16833
0.85429
0.354741
0.488238
0.324232
-0.869026
0.458132
1.15911
-0.65891
-0.167206
-2.45485
1.84191
1.44049
-2.1726
-0.662449
-1.21766
0.967153
-0.418084
0.565398
1.20151
-0.653263
-0.316678
0.667821
1.91247
0.570891
-0.470718
0.758176
-0.758461
0.0947207
-0.243031
0.751942
1.30717
-0.16028
-1.4368
-0.530957
-3.01406
-0.667356
1.33442
-1.02927
-0.974295
-0.511689
-1.17688
0.216118
-0.14103
