1025
-1.32216
1.8787
-0.608999
-1.08214
-1.44725
-0.623942
0.272428
-0.93998
0.642464
-0.860725
1.16227
0.106962
-1.15344
1.88608
-0.509294
0.394948
-0.231162
1.06662
-0.182878
0.361053
1.90292
-1.78635
0.394411
-2.20989
-0.673749
-0.861678
1.7197
-0.910459
-0.0952767
-0.366922
-1.4896
-0.222919
0.792961
-0.956152
-1.80133
2.23352
0.20704
2.20519
0.423352
-0.537371
-1.60578
0.121105
-1.08853
-1.24793
0.0305537
-0.427191
1.14932
-0.446155
-0.538537
0.867555
-0.0529125
0.597991
0.0049358
1.379
0.162677
0.40695
-2.85454
1.08523
0.734992
1.76978
0.303048
0.612277
-0.779556
-1.23455
-0.875638
-0.727118
0.667546
-0.591703
0.802014
-0.0606297
1.56354
1.08065
0.720331
-0.512227
-0.90856
2.80723
1.85734
0.957615
0.650906
-0.32191
-0.023217
-1.06085
1.75875
-1.0924
-2.21664
0.0124421
1.92029
-1.01898
-2.00226
-0.507222
-0.299169
0.757042
0.316636
0.273144
0.90656
1.12758
0.684089
-0.277046
-0.914891
1.55043
0.59381
0.329516
-0.0478513
-0.339398
-0.362555
-1.67651
1.07398
-0.72027
-2.30816
-0.397058
-1.18156
0.871219
-1.29283
-0.643854
0.954711
-0.348395
1.493
-1.27049
-0.506208
1.84698
0.601243
1.20667
-0.901062
0.0177266
-1.89534
-0.231632
-0.584828
-1.57207
-0.272619
1.24874
-0.3616
-0.00976489
-0.0562547
0.795325
-0.865813
-1.7587
-1.02181
0.445834
-1.73109
1.29615
1.41742
0.268747
0.261566
0.0758758
-0.742596
0.347155
-0.302036
0.077997
-1.20316
-1.01062
1.54722
0.0713948
0.500493
-1.25669
0.0325531
-1.79332
0.128322
0.136612
0.929997
-0.311977
0.121021
-0.509263
-2.3061
-0.0157737
-0.0550689
0.180888
-1.11393
-1.15955
-0.364808
-0.390137
1.19961
0.202091
0.560573
-0.0451372
-0.133834
-0.370593
0.763487
-0.391448
1.13555
-0.566467
0.0293634
-2.27706
-2.1674
2.389
-1.49664
1.30862
0.0891437
-0.10665
0.446628
0.545311
1.14482
0.317669
-0.376829
-0.590473
0.0165805
0.673521
2.21677
1.56459
0.35261
0.911027
-0.0790849
-1.29148
0.655446
0.385938
-0.321555
1.54531
-2.02589
0.0677356
1.36344
0.448239
0.541478
-0.327953
0.826686
0.700905
1.27461
0.298168
0.279799
-1.04747
1.47086
0.166652
0.835288
-0.944588
-0.437632
-0.821625
-0.306644
0.346322
1.24991
-0.177425
2.04429
-0.312842
1.88946
0.397386
-1.49197
0.105863
2.08414
-1.41116
-0.986073
-0.614488
-0.714548
-1.42859
0.495179
0.300018
-1.04006
0.10037
1.24609
1.34194
-1.31505
-0.102472
0.28052
0.0708424
-1.15055
0.530015
-0.233802
-0.222893
1.56487
-0.168356
-1.33401
0.275522
-0.502179
0.0424633
0.832475
0.226585
1.07066
0.303508
-1.19604
-0.00301232
-0.723691
-0.889014
-1.29525
0.0734908
0.791801
-1.01506
-0.678831
1.89353
0.994685
1.79803
-1.11877
0.85058
-0.614036
-0.0198256
0.980811
-0.537282
1.5021
-2.04391
0.346098
0.793025
-1.20903
-0.622108
-0.522036
0.979687
-0.264399
0.570222
1.05332
0.5461
-0.591679
1.06966
-0.891609
0.329673
-0.841549
0.546075
-0.451954
2.37214
0.283938
-0.703103
0.615295
-0.652848
1.24285
-1.44621
1.4804
2.12965
2.29768
-0.856525
-0.254369
-1.31432
-0.606107
-0.763871
1.19652
1.44731
0.033966
-0.930645
-1.17114
-0.231174
0.839076
0.547981
1.62034
0.650763
-0.397136
-1.06811
-1.83424
0.554787
0.345624
0.0195543
-2.0062
0.861185
-1.12801
-1.01109
-1.30704
-0.148665
0.448423
-1.35582
-1.52853
0.6343
-0.305291
-0.993274
1.43002
0.661702
0.213002
1.12968
-0.16907
-0.114818
-0.545967
0.238552
2.04318
-0.182886
0.490858
0.453148
0.885802
0.303518
-2.01706
0.454315
0.707906
-0.0894125
-0.415986
0.31998
0.377301
1.30019
0.824867
-1.2987
2.66287
0.390623
-0.318562
0.535607
-0.482773
-0.191333
0.142734
-0.372924
-0.263491
-0.878935
-0.525275
-0.527355
0.427133
0.528258
-2.12865
-0.60335
1.28947
-1.0874
0.347777
-0.0093625
-0.209058
-0.055145
-0.329116
1.69261
-0.759541
-2.10653
0.0218725
-0.302788
-1.17534
0.272914
-0.538573
0.0851572
-1.69574
1.28577
-0.174905
-0.365186
1.497
0.608136
-0.608796
-1.58992
1.49567
-0.640052
-0.48841
-1.86738
1.98305
-0.188111
0.360979
0.988814
-1.46453
-1.23558
-0.359513
0.470949
0.936616
0.826949
-1.27446
1.60434
0.225673
0.367738
0.68518
0.255056
0.436576
-0.977379
-0.0812642
0.880877
0.321369
-0.615793
-0.403025
2.68359
-0.619797
0.493766
0.0726224
-1.34126
1.30107
-0.136792
0.266452
-0.431909
1.32575
0.615835
-0.405044
-2.12215
1.25344
1.88606
0.00351694
0.852246
1.67052
1.78299
0.306535
-0.070943
0.049514
0.958387
-0.225861
-0.493001
-0.094236
0.554717
-2.09352
-0.673688
0.72869
-0.0142405
-0.331339
1.31544
-0.797137
-1.52102
-0.908664
0.0784404
-0.193262
-0.175462
1.34789
-1.91996
0.711361
0.854846
-0.553485
1.52643
-0.736669
-1.24462
-0.530933
0.00928662
0.45458
-1.86274
2.78957
-1.42304
-0.246258
-2.44969
-0.373218
-0.0554654
-0.651586
-0.837731
-0.946958
-1.81399
-0.405527
2.01827
-1.56928
1.85505
0.583664
0.191664
1.07315
0.231393
0.91874
-0.125786
-1.59
1.44712
-0.023774
-2.33033
-1.58634
-0.244052
0.798251
0.644099
-0.425815
1.08075
0.653711
0.297621
-0.281607
1.06803
2.1603
-0.173358
1.15404
-0.257007
-0.102105
-0.21431
1.75332
-1.22355
0.942972
0.700475
0.393949
2.05359
-0.272391
0.473463
1.03056
0.771035
0.261861
-0.237789
-1.75486
-0.444899
0.181915
-0.953101
0.272017
0.579641
0.963984
1.32266
-0.471422
0.635951
0.553473
-2.05384
-0.266962
-2.04859
0.104427
1.82084
-1.20847
-0.357998
0.132236
-1.40804
0.419561
0.333808
-1.60576
1.15746
0.854926
-0.520175
0.337875
-0.234317
-2.26648
-1.52353
-0.300722
-1.65711
0.937772
-0.498557
-0.679683
-0.481906
1.55061
1.64196
0.875119
0.594756
1.23362
0.836673
1.11605
0.588833
-0.0991171
-0.52557
0.724369
-0.668972
0.611198
1.21624
-0.883488
0.836914
0.751853
0.309166
-1.52202
1.18789
-1.26603
0.585585
-0.299624
0.70229
0.297358
0.218538
1.47384
0.809171
-0.814308
-0.830821
1.33124
0.934174
-1.33095
1.32249
-0.457525
-2.6753
0.163091
0.138391
-0.317546
0.993817
0.37437
0.939472
-0.339866
0.859625
-0.174114
-0.731482
1.97207
-2.73084
1.28957
-1.45143
0.831201
-0.701614
-1.52815
2.0882
-0.0725438
-0.0314716
1.47019
1.67202
-1.54928
0.565132
-0.799191
-0.323742
0.529825
-1.35785
1.37103
0.0533626
0.364869
2.14608
-0.209629
0.385536
-0.667181
-0.391694
0.834951
-0.173324
-0.246835
-0.769435
-0.0503953
-0.221842
1.22094
0.00864307
0.800183
-0.827014
-0.40545
-0.153832
-0.795146
0.422033
-0.019309
-0.531164
0.443328
0.169688
0.472562
0.209039
1.26479
0.713678
-1.192
0.179613
0.855163
-2.17889
0.484793
-0.646673
-1.16189
-1.05423
-1.26274
-0.646097
-0.347484
0.880102
-1.14817
-0.00298292
2.16718
0.414183
1.41042
-0.50186
1.02888
0.806071
-1.49424
1.63242
1.0829
0.500451
0.0781433
0.101994
1.48224
0.715148
-0.246823
-1.38943
1.13145
0.111852
-0.787709
0.681598
0.782179
-0.645689
0.928729
-3.44459
-1.01325
-1.80302
0.0484008
0.174465
0.532264
-1.96223
0.9274
1.10331
0.351792
0.226462
0.319844
1.76273
0.332865
0.296927
-0.189022
1.40004
-1.37099
1.01342
0.772842
-1.70871
1.16147
-0.303993
-0.85222
-0.999828
1.18753
0.0465081
1.26561
-0.965648
0.7174
0.370926
-1.59571
-0.123778
-0.361703
-0.435808
-2.51316
-0.734045
0.169799
-0.294438
-1.12714
-0.425933
1.6375
-2.73508
-1.39306
-0.793663
0.309956
-0.856491
1.16943
-1.16818
-1.06729
0.176978
0.150234
0.872034
1.32838
-0.302058
-0.689048
-1.98236
1.22657
-0.814784
3.07751
0.355071
-0.0103245
0.250266
-0.837388
1.57143
-0.0731893
-0.617759
0.838171
-1.27512
-0.636147
0.943127
0.209945
-0.800213
0.570272
0.646224
-3.03331
-0.738376
-0.35961
2.87632
0.62089
-0.0790616
0.454835
-0.542821
-0.142028
1.26392
-1.31837
-1.01294
0
2.18226
-0.0769589
-0.367217
-0.463517
0.524908
0.130578
-0.867656
0.600225
-0.361816
0.277929
0.652964
-0.219055
-0.458807
1.011
0.482299
-0.276555
0.520587
0.907538
-1.6671
0.767551
0.364137
0.184204
0.452499
0.0813233
0.362333
-0.0265878
0.20402
0.801103
-0.591117
0.280242
1.50721
-0.613321
1.13431
-1.29062
-0.716546
-0.453467
0.743023
-0.652676
0.0858232
-0.346723
-0.262698
-1.19365
-3.45876
1.37277
-0.823664
0.96464
0.090823
0.969753
-0.356993
-0.38454
-1.0895
-0.627449
-1.256
1.00213
0.551545
-0.863952
-0.723237
-0.620993
-0.149913
-0.935899
-1.05047
-0.575346
-1.33716
-0.334673
-1.31352
-0.065373
1.63672
-0.90435
0.197991
1.40498
-0.0458932
0.247539
-1.76805
0.537645
0.222754
0.119445
0.607853
1.4423
-1.62198
-1.77048
0.586167
0.492171
0.376113
0.198601
-1.7333
1.33245
1.09193
-0.621152
-0.417901
-1.55425
-1.29296
1.06417
-0.282887
0.895493
-0.674843
0.393836
-1.57725
-0.106022
0.776531
-0.972561
1.26537
-1.24828
-1.32805
-0.0708684
-0.0266893
0.0550811
-2.09298
0.597828
0.217044
-0.264189
1.01324
-0.229404
1.37013
1.29094
1.36807
0.136694
1.28124
0.740649
0.34058
0.471667
-0.138784
0.599336
-0.656766
0.793008
-3.20173
0.423865
-1.04699
-1.72175
-0.384316
-0.214148
2.17222
0.276078
0.641195
0.131527
1.69087
0.341233
-0.248084
-0.601348
-0.0261128
-0.558187
-0.256234
0.170201
0.37481
1.09496
-1.00077
-0.945479
1.92563
0.0182718
-0.518886
2.0302
1.47354
-0.49582
0.287238
-1.03794
1.6681
-0.995063
-0.974011
2.08027
1.20024
0.636019
-0.0467288
-0.166692
0.614885
-0.814675
1.07487
-0.22483
-0.660819
-1.96516
1.06765
1.81148
-1.50744
0.223255
-0.760974
-1.21062
-1.78757
-0.239043
2.40893
2.25924
0.666271
-1.35858
1.56152
-0.367607
-0.571378
1.99921
-0.496288
-0.178696
-1.04247
1.26031
1.22288
0.487761
-0.899335
-1.34481
0.853066
0.287527
0.548813
-0.322153
0.00187618
1.01482
-0.357069
-0.781843
-0.185068
0.612702
-1.57874
0.881629
-1.37293
-2.14453
-1.03766
0.278392
-0.600826
-0.0744733
1.35989
1.00138
-0.559286
-0.70535
-0.890006
-1.03309
0.422502
0.404792
-0.0482064
1.71046
-1.25808
-0.381817
-0.0395238
0.21799
-1.7702
-1.65017
-1.16919
1.13267
-0.62429
0.18823
0.636909
-0.0445131
