1025
0.235829
0.858235
1.97258
0.384856
1.3182
-1.43109
0.300191
2.58331
-2.82357
-0.213069
-0.585493
-0.322607
0.63454
-0.0813403
-1.0307
-1.25448
0.176676
-0.868103
-1.33679
-2.14458
-0.410309
0.736192
2.05593
-1.11876
-1.20393
-0.224259
-2.60981
-0.0084347
1.54348
0.921229
-0.779143
-0.625438
-0.961205
2.07866
-0.802041
0.904851
0.114737
-0.208673
-1.01424
0.0534367
0.919446
-2.79826
-0.607527
1.5411
0.783105
-0.813569
-0.493772
1.24645
0.591199
0.654698
-0.800635
-0.938192
0.54357
-0.809331
-0.746318
-0.486449
0.0586586
-0.361325
1.77904
-0.0395622
0.856899
0.669208
-0.760591
0.82304
-0.245403
0.547568
-1.80097
-1.15165
-0.338526
-0.511302
0.231681
0.861522
-0.143654
0.256262
-0.950402
-0.538426
0.518242
-0.714101
0.11649
1.22374
-0.00454089
-2.92142
-0.97787
0.621765
0.317259
-1.06858
-0.796204
-1.43198
2.37167
-0.475132
1.16405
1.07855
-1.40935
0.445098
-1.32263
-2.36854
0.937409
-1.47156
-0.572108
-0.532621
-0.256013
0.324669
-0.593948
0.0551909
0.46039
0.71302
0.226165
0.111872
1.71662
3.00402
0.84079
1.11323
0.45981
-0.194633
1.42932
0.377392
1.31604
1.24101
-0.75568
2.44586
-0.455874
0.64214
-0.928349
-0.107806
0.5568
-0.69558
0.776484
1.62516
1.54387
-0.751951
-1.74367
1.39771
0.302191
0.903985
0.475368
-0.122295
0.682683
-0.0434009
-0.190673
-1.82343
-1.34715
-0.266122
-0.362595
0.439688
1.45685
-0.329736
-0.0824587
0.132026
-1.75205
0.389368
-2.17555
-1.9118
0.471975
-1.23873
0.569454
-0.731736
-1.17818
-1.16818
-0.425894
2.07372
0.0781374
0.289656
1.04861
1.93242
0.257277
-0.667138
-0.308283
-0.383728
-0.98356
1.05674
2.14445
-0.265885
-0.483107
1.40621
0.645217
-1.66714
-2.00167
-0.558454
-0.682854
0.293346
0.377524
-0.113009
1.86355
-0.857272
-0.619
-1.6649
1.26595
-0.161495
-1.76581
-1.40651
1.18159
-0.492826
-0.656286
-0.777572
0.267998
0.309444
0.835275
0.798446
-0.0523486
0.494669
-1.24906
0.960347
0.58984
0.195471
0.459254
0.636626
0.679065
-0.414929
-0.768011
0.197896
-0.787056
0.202771
0.010399
-0.563438
1.27654
0.889818
-0.14425
-1.49392
-1.37044
-0.370288
-0.493786
-1.22926
-1.36134
0.371938
-0.101381
0.42473
1.40264
1.67625
0.110688
-0.843832
0.0510244
1.38455
-0.901127
-1.3086
-0.874525
-2.845
-0.449722
0.156008
0.907578
0.415721
-0.604547
0.890791
-1.87128
1.03918
1.31085
0.690595
-1.34472
-1.22866
1.7319
2.08103
1.76
-0.661169
0.971241
0.11983
0.249396
1.17549
0.641359
-0.573811
1.51633
0.386667
-1.49826
-0.664303
-0.773396
0.907714
0.203792
0.121549
1.40442
1.04637
0.852072
-0.0194063
-0.102761
-1.55095
-0.773868
-1.03098
0.577865
0.0793484
-0.921814
0.137861
-2.50283
-0.430367
0.17731
0.908365
0.412155
0.296416
-0.782292
0.276039
-0.0864707
-0.293758
0.531796
-0.457737
-0.821883
-0.19297
0.776259
-2.2693
-0.0893252
0.413373
0.142154
1.02268
1.42669
-0.314708
0.266499
0.542653
-0.686889
1.77806
1.06778
-1.47138
-0.629048
1.02333
1.88061
1.22979
-0.375172
1.02526
-0.653092
0.57201
-0.442621
0.41039
-1.0297
-0.621179
-1.57096
-0.389366
-1.764
-1.02012
-0.739908
0.203044
0.346618
-0.542651
-2.06394
-1.06516
-0.522505
-0.535058
-0.800178
-1.06821
-1.36387
1.06873
0.196234
1.16009
-0.174645
-0.698177
0.609383
-1.03667
-0.278008
1.26554
1.77244
-0.306818
-0.793422
-1.57554
-0.108824
-0.310601
-0.727635
-0.454431
1.06135
-1.84774
-0.395827
-1.47817
1.38639
1.35604
0.353094
-1.64439
0.305153
1.3755
0.139213
-0.0232724
-1.80656
-0.626687
-0.781884
-0.417465
-0.163243
1.02775
-0.103936
-1.63222
-0.255575
1.37569
0.278347
0.163942
-1.04366
-1.06014
1.09994
1.43664
0.238913
0.618044
-0.709665
-0.278758
-0.0177461
0.130302
0.255816
0.281594
-1.61428
0.210981
1.74838
-2.33983
0.859688
0.546608
0.785248
0.666928
0.638909
1.23258
-0.906715
1.21431
-0.638723
0.755435
-1.42923
-0.150972
-0.559295
1.52841
-0.517309
-0.191689
-0.464801
0.459889
-0.345795
-0.985458
0.411899
-1.14339
0.663795
-0.190563
1.4372
-0.357226
0.0573809
-0.430661
-0.42054
0.526925
0.902622
0.46594
0.619015
0.514946
0.100244
0.279891
-0.115951
0.124838
0.881776
0.470639
-0.489263
0.509836
1.26544
0.0598307
-1.74063
-0.168465
-1.08923
-0.64891
1.27904
-1.15149
-1.22442
-0.584106
0.317398
0.134502
-0.908459
-0.167154
-1.5762
-1.81804
0.0917087
-0.618191
-0.477504
0.0304119
1.15607
-2.06907
-1.24034
-1.06603
1.01472
1.03185
1.14208
-1.06157
0.756425
-0.15495
0.105922
-0.473032
0.765615
-2.33183
1.57101
-2.35271
0.145494
0.222392
1.6623
-0.685812
-1.02216
-0.0258319
-1.43164
0.107971
0.842777
0.953307
-0.40931
-1.53682
0.395786
0.788476
0.122373
-0.256818
0.661571
-0.525676
0.790281
0.751429
0.338337
-1.39091
-1.24975
1.73593
-0.508167
-0.224923
-0.870897
0.397678
1.35114
-1.1991
0.89526
-0.697398
-0.156475
-1.65167
-0.690758
-1.07563
-0.590127
-0.15578
-0.434073
-0.292826
0.582922
0.635144
1.30613
0.20753
0.477687
0.139027
0.750417
0.777472
1.32539
1.2438
0.534481
-0.323697
-1.00497
-0.98686
0.0159794
-1.24116
0.0538067
-0.535296
-2.0274
-1.32541
0.396565
-0.435722
-0.034294
-0.235644
2.04089
-1.2549
0.269708
0.953068
-0.481409
-1.01063
-0.891912
1.13923
1.45239
-0.128211
-0.344106
-0.472025
-0.498362
-0.203341
0.256121
0.139442
-0.480266
0.519871
-0.572264
2.09679
-1.34429
-1.09935
-1.34039
-0.764238
1.73793
-1.30156
0.811476
-0.900635
0.647337
-1.9292
-1.0733
1.31163
-0.0562875
0.240192
-1.73991
2.16722
0.356917
0.66771
-0.174685
1.34942
0.725679
1.71274
-1.74065
-0.955523
0.352473
-0.866343
-0.275916
1.32531
-1.69067
-1.7798
0.592166
-1.66368
1.24341
-0.636435
-0.754211
-1.16946
-0.262701
-0.186209
0.931051
-0.00196658
1.92146
1.05699
-0.635027
-0.569451
0.602206
1.14545
-1.23996
0.0738897
-0.835657
0.990441
1.61538
0.152888
-0.482866
1.12842
1.76637
-0.900305
-0.665591
1.35811
-0.985921
1.64193
-0.775318
0.601385
0.648847
-1.57359
-0.989022
-0.764331
0.893891
-0.160267
0.772793
-0.0789919
-0.264154
-1.24363
-0.370167
-0.130475
-1.28886
0.310465
-0.273252
-0.183283
0.896805
-1.4357
-1.13901
0.947067
-0.709257
-1.09087
0.28159
0.948601
-0.582036
-0.187126
-1.24757
-0.938492
0.832737
0.452186
-0.904433
-0.720037
-0.261848
0.340741
0.891974
-1.23654
-2.25097
-1.0199
-1.06283
0.0278545
-0.906999
0.181568
-0.114188
-0.746767
1.8745
-0.608644
0.449336
0.091922
-0.747129
0.914407
-0.0879627
0.878935
-0.0293092
0.85345
-0.252969
0.17924
2.04511
-0.786274
1.00198
0.539444
-0.580873
0.29245
1.59704
-0.378212
0.391407
-0.470621
0.399221
0.162949
0.917889
-1.1801
0.882016
1.8062
0.5272
0.969034
1.12669
0.841223
-0.00879038
-1.34372
-0.384642
1.72277
0.455645
0.17159
2.44682
1.77658
-1.36057
-0.525008
0.351258
0.758841
1.01193
1.59291
-1.19359
-0.360951
1.17528
0.802053
1.30256
0.576383
-1.08832
-0.171049
-0.416638
-2.02173
0.696443
0.363831
-0.270981
-1.47325
-0.366168
-0.68724
-0.282296
1.66334
1.06741
0.323934
-0.0169
0.643406
-1.4583
-1.3551
-1.26181
0.979683
-0.363298
-0.80516
0.93856
-0.42194
1.08624
-0.964701
-0.485486
-0.256404
0.172463
-0.40728
1.24373
-0.510434
0.0187263
-0.920676
-0.913747
1.47132
0.223163
-0.307196
0.903103
-0.0585863
-0.729178
-0.263734
-0.801893
-0.294372
1.63776
-0.30732
-1.15611
1.53611
0.732559
0.0512651
0.57716
-0.444196
-1.17174
0.483576
1.76844
0.480593
0.866843
0.438649
-1.98526
0.107926
1.2391
-0.0975958
-0.934975
0.36134
-0.638295
-0.890366
2.11095
2.51158
1.85954
0.140603
-0.998338
0.940352
-1.05359
-0.830332
-0.131813
-0.17234
0.237096
-1.02037
-2.23952
1.80317
1.07468
0.343392
-1.49026
-2.58944
-2.13496
-0.0552324
0.622099
0.215444
-0.738007
0.458366
0.621759
1.68091
-0.464306
0.371249
0.939699
-1.61793
0.176867
0.440326
0.874289
0.873025
1.22741
1.68854
-0.0660244
-0.281311
-0.122818
0.939275
-0.224272
-0.340773
0.035823
0.53856
0.898003
-1.03564
0.550806
0.0627152
-0.629257
1.6953
0.559285
-0.208681
0.833271
-0.641328
0.627639
1.29749
1.03716
1.37977
-0.294055
-0.896707
0.623995
0.599823
1.05015
-1.00469
0.010644
-0.200168
1.35881
-0.623278
1.26569
0.790617
1.68945
-0.0190573
-0.0782594
-0.118168
0.168449
-1.40181
-0.844634
-0.548733
0.479215
-0.0432398
0.742363
0.813747
0.713793
1.30335
-1.09057
0.521626
-0.108214
-0.225184
-0.464264
0.490149
1.00693
0.231762
-1.00637
1.44213
-1.76462
0.00404547
0.132118
0.183673
0.0175624
-1.14807
-0.915883
0.563782
3.51346
1.56082
1.22789
1.51489
-0.271379
0.41758
-0.718359
0.450886
0.849004
1.16412
-0.440206
0.551414
-0.307075
0.0195884
0.261697
0.13319
-0.0680929
-1.84779
0.407208
0.459228
0.795493
1.15529
-0.262239
-0.109645
-1.28868
0.37058
0.73966
1.0968
0.545345
-0.524558
0.564066
0.164748
-1.90966
-0.67694
0.613275
-0.0650062
0.305803
-0.375204
0.229207
-1.22548
-0.333139
1.04245
-0.311235
-0.476256
-0.189769
-0.711152
-0.157878
0.248003
-0.489251
-0.969115
-1.03713
-0.828615
2.34512
0.0157439
-0.955593
0.157944
-0.903573
0.870407
-0.801289
-1.17045
-0.303457
0.328232
0.671575
-1.53315
-1.45654
1.16028
0.0433767
0.582109
1.02431
0.379215
1.62358
1.08423
0.772497
0.770969
-0.286149
-0.516676
-2.05563
-1.04445
0.0784269
1.73943
-0.0494045
0.687018
0.0287799
-0.371899
0.330706
0.100445
0.476932
0.823078
-0.965626
1.79826
0.109041
-0.538454
0.645828
-0.316237
1.04969
0.165883
-0.55959
0.702551
-0.759559
2.01256
-0.709622
1.55606
0.363517
0.247874
-1.10719
1.99109
0.014519
0.0405463
-0.943535
0.997104
-0.458624
0.075388
-0.11385
-0.883193
1.60494
-0.483097
1.45614
0.277062
0.963416
-0.98615
0.900356
1.38374
-0.688495
-0.187468
1.55328
0.0129034
-0.19268
0.533261
0.112592
0.720842
0.158598
1.10102
0.818042
0.284734
-1.32994
1.86813
-0.216936
0.216778
-0.0275744
-0.00421175
-1.09876
0.0647139
0.851758
-0.7634
-0.80241
1.02236
0.0444907
