1025
0.028291946476776984
0.028432763338701077
0.02857313910933592
0.028713072131086426
0.02885256323923019
0.02899161168831122
0.029130217476032887
0.02926838039026942
0.029406100318792296
0.029543376933347663
0.029680210348728944
0.02981659940847855
0.029952545597157695
0.030088047595073074
0.03022310488018368
0.03035771768935481
0.030491886296503935
0.030625610185628514
0.030758888860875452
0.030891722534513666
0.031024110572856648
0.031156053545709946
0.031287550560671964
0.03141860158123438
0.031549206335913085
0.03167936545450438
0.031809077529399495
0.03193834326485058
0.032067161974978275
0.032195533872531774
0.032323458472546106
0.03245093546241186
0.032577965385481085
0.03270454685136022
0.03283068101739641
0.03295636668161682
0.03308160457547091
0.03320639349920732
0.03333073406654938
0.03345462579454815
0.03357806827916473
0.0337010618756794
0.03382360601654058
0.03394570072939652
0.03406734559141346
0.03418854080584592
0.034309285389725774
0.03442958073928777
0.03454942492400654
0.03466881857938665
0.03478776169937859
0.03490625384958866
0.03502429500993102
0.03514188470483938
0.03525902308980171
0.03537570992881457
0.03549194477916856
0.03560772836441984
0.03572305911790774
0.035837937797746064
0.03595236428118415
0.03606633775266366
0.03617985862001411
0.03629292699200552
0.036405541571378486
0.036517703365239906
0.03662941160989316
0.036740666004132366
0.036851466599494724
0.036961813930114995
0.03707170664071242
0.03718114531806631
0.037290129717846315
0.03739865914187929
0.03750673431305607
0.03761435428067224
0.03772151942218922
0.037828229419615576
0.03793448365813881
0.03804028294242669
0.03814562611754471
0.03825051371827442
0.03835494532658703
0.03845892089942076
0.03856243958239217
0.03866550236397455
0.038768108323174115
0.038870257487566444
0.038971950071942936
0.03907318560014896
0.03917396351173612
0.03927428457246757
0.03937414767404306
0.03947355332539066
0.03957250131857307
0.039670991184026484
0.03976902293594568
0.03986659658381285
0.039963711882564555
0.04006036843589418
0.04015656598459633
0.040252305558789295
0.04034758544807584
0.040442406337605145
0.040536768148363767
0.04063067082524048
0.04072411304860699
0.04081709647519369
0.040909619564887444
0.041001683076132035
0.04109328592599068
0.0411844291359408
0.04127511131506524
0.04136533301054915
0.04145509479859864
0.041544395216735634
0.041633234565719816
0.04172161301161308
0.041809530251960325
0.04189698619075309
0.041983980546160246
0.04207051312796835
0.04215658394522406
0.04224219315762869
0.04232733997188365
0.042412024882494556
0.042496247396505094
0.042580007598102924
0.04266330518289922
0.042746139605844245
0.042828511954162124
0.04291042082270329
0.04299186693552862
0.04307284943314888
0.04315336906372263
0.04323342509722729
0.043313017461311075
0.043392146107382894
0.043470810601369064
0.04354901205888129
0.043626748310373796
0.0437040208700478
0.04378082907828015
0.043857172773882035
0.043933051894526294
0.04400846615833255
0.044083415709851116
0.04415790049022803
0.044231919883177845
0.04430547420398281
0.044378563281119436
0.04445118671496563
0.044523344521951655
0.04459503686826353
0.044666263338253256
0.04473702425423103
0.044807318414361974
0.044877146846334065
0.04494650942418213
0.04501540504472346
0.045083834423387995
0.04515179700674679
0.045219292646357434
0.04528632225626345
0.0453528841338763
0.04541897949484725
0.045484607577663254
0.045549768225590134
0.04561446167755571
0.04567868730797198
0.04574244563118569
0.04580573633020437
0.0458685588239932
0.04593091368729865
0.04599280054407568
0.04605421864383725
0.046115169257594506
0.04617565162143739
0.04623566458513079
0.046295209338088145
0.04635428604628199
0.04641289366519177
0.04647103211939415
0.04652870147395727
0.04658590233154972
0.04664263397780942
0.04669889605629845
0.04675468836972091
0.046810011931100105
0.046864865646604206
0.04691924950496895
0.046973163776484916
0.047026608213277185
0.04707958253632792
0.04713208675596345
0.047184120600640075
0.04723568472214306
0.047286778033069424
0.047337401180295294
0.04738755365695217
0.04743723535531027
0.0474864466047394
0.04753518699198139
0.04758345630563733
0.047631254564939184
0.04767858206866521
0.04772543801930957
0.04777182296586878
0.0478177364699317
0.047863178266964145
0.047908148789293385
0.04795264775820803
0.04799667450306218
0.04804022963823262
0.048083313588886165
0.04812592473936667
0.0481680640034324
0.04820973139995258
0.04825092610750262
0.04829164880923714
0.04833189914228157
0.0483716766830881
0.048410981575177855
0.048449814407070836
0.048488174502688115
0.048526061314703904
0.04856347555962032
0.048600416351584706
0.04863688475223094
0.048672879429112824
0.04870840132080292
0.04874345004550648
0.04877802498385585
0.04881212681439307
0.04884575493845069
0.048878909636060924
0.04891159042943891
0.048943797610539984
0.048975531223359306
0.049006790407105136
0.049037576266920097
0.04906788769911983
0.049097725207456804
0.04912708863491719
0.04915597782775483
0.04918439262054611
0.04921233273579279
0.049239798599590025
0.049266790078094744
0.04929330691221938
0.049319349176614034
0.04934491656047751
0.049370009268572775
0.04939462707283415
0.04941876965286671
0.049442437794266214
0.049465630792954775
0.049488348370690126
0.049510591274015595
0.04953235879022718
0.04955365087194763
0.049574467605706385
0.049594809193393444
0.04961467462195344
0.04963406499544426
0.04965297964599157
0.049671418688240376
0.049689381720827416
0.04970686943491501
0.049723881453311095
0.04974041674612804
0.04975647696324962
0.04977206113540574
0.04978716865770019
0.049801800362371244
0.04981595584489573
0.049829634928413226
0.04984283837210305
0.04985556489896361
0.04986781530683541
0.04987958927502772
0.04989088650840999
0.04990170752920215
0.049912051710816314
0.049921919862827756
0.0499313106407361
0.04994022457095947
0.04994866213443208
0.04995662251305888
0.04996410641430964
0.049971113606341766
0.04997764323362252
0.04998369621265429
0.04998927187392985
0.04999437043894771
0.04999899272296972
0.05000313660365794
0.05000680370203246
0.05000999396375379
0.05001270627748552
0.05001494148748018
0.050016699216863664
0.05001797945483119
0.0500187824330138
0.0500191080104009
0.05001895568659989
0.05001832573631732
0.050017218124477264
0.050015633330658046
0.050013570503782835
0.050011029861409956
0.05000801141924002
0.050004514964234796
0.05000054118403328
0.049996089480764346
0.04999115959361606
0.0499857516857994
0.049979865965387414
0.04997350223468266
0.049966660502003005
0.04995934026861437
0.04995154227518147
0.049943265827316244
0.049934511568301275
0.04992527922916194
0.04991556813734967
0.04990537962548367
0.049894712268283715
0.04988356637415708
0.049871942193932726
0.04985983973526136
0.04984725887528858
0.04983419970873764
0.049820662390565
0.04980664605349268
0.049792151854028646
0.049777178540788565
0.04976172685584018
0.04974579672212274
0.049729387713238676
0.04971250065544338
0.049695134760615434
0.04967729017637407
0.04965896680940306
0.04964016472768579
0.04962088418532086
0.049601124817831986
0.049580886665515994
0.04956016971271901
0.04953897394221854
0.04951729988853579
0.04949514658289137
0.049472514770484075
0.049449403737049154
0.04942581412812957
0.04940174563624009
0.04937719798765719
0.04935217160136949
0.049326666673451106
0.04930068245688653
0.049274219128665885
0.0492472774399108
0.04921985673983493
0.049191956963266434
0.04916357789480022
0.04913472055549445
0.049105383744792966
0.0490755679734176
0.049045273200023304
0.049014499601889
0.04898324666500644
0.04895151537942819
0.04891930483181168
0.048886615116682464
0.04885344615241834
0.048819798556890656
0.048785671922783234
0.048751066322440854
0.04871598132254892
0.04868041752849431
0.04864437500162125
0.04860785293519036
0.04857085233357689
0.04853337228123545
0.048495413229535586
0.04845697547021247
0.04841805868520604
0.04837866263233195
0.04833878765908002
0.04829843364978465
0.0482576006766584
0.04821628853320407
0.048174497839384295
0.048132227655471226
0.04808947876422993
0.048046250824146645
0.04800254380016878
0.04795835761190692
0.04791369310370463
0.04786854927651033
0.04782292624503441
0.04777682475897077
0.04773024415790698
0.04768318475588556
0.04763564658595085
0.047587629105489825
0.04753913315663187
0.047490158076517755
0.04744070463675349
0.047390771438598954
0.047340360319982684
0.04728946998890604
0.04723810065192603
0.04718625306682894
0.04713392642266375
0.047081121021892866
0.04702783691576271
0.046974074199608876
0.04691983245238254
0.04686511258987972
0.046809913929451254
0.04675423659283193
0.04669808060007742
0.04664144585050697
0.04658433287761123
0.046526740814425364
0.046468670750725166
0.046410122149971325
0.04635109445390243
0.04629158919813058
0.04623160498205135
0.04617114234652585
0.04611020173225291
0.046048782518597065
0.04598688474322886
0.04592450887002527
0.045861654823390254
0.045798322647564386
0.04573451229648909
0.04567022325693019
0.04560545569551126
0.04554021092780997
0.04547448800041847
0.045408286906898285
0.045341607474824304
0.04527444982662448
0.04520681474374328
0.0451387016927441
0.045070110270906585
0.045001041667336025
0.044931494620946415
0.04486147002603386
0.04479096729394978
0.04471998732152685
0.044648529184319975
0.04457659403850431
0.044504180519730895
0.044431289822134734
0.04435792129297878
0.044284075818901016
0.04420975255509554
0.04413495169297727
0.04405967336011926
0.04398391785425627
0.04390768493531592
0.0438309746539512
0.04375378731006308
0.043676122757475795
0.04359798132801442
0.043519362522770014
0.043440266792845295
0.04336069351724891
0.04328064352030059
0.04320011695700338
0.04311911326717724
0.04303763268891796
0.042955675450822434
0.04287324124313588
0.04279033084474219
0.04270694296147771
0.04262307918107196
0.04253873844420559
0.04245392137313657
0.04236862766029312
0.04228285793918921
0.04219661144362888
0.04210988906130368
0.04202269027364033
0.041935015241522065
0.04184686389298392
0.041758236864608986
0.041669133325317465
0.041579554470181516
0.04148949916241987
0.04139896772640494
0.04130796090744611
0.04121647829683025
0.04112451999112664
0.04103208603397017
0.04093917606945437
0.040845790823231996
0.04075193030364093
0.040657594178655436
0.04056278283684804
0.040467496240993224
0.040371734653753
0.040275497299136216
0.04017878507011966
0.040081597726811705
0.03998393575290102
0.039885798573300116
0.039787186571841784
0.03968809950362795
0.03958853821007146
0.0394885019274984
0.039387991066989154
0.03928700551536235
0.03918554570290848
0.039083611213823144
0.0389812030648582
0.03887832025610657
0.03877496284877047
0.03867113185520658
0.038566826595930345
0.038462047350258724
0.038356793978316955
0.038251066788204904
0.03814486629118752
0.03803819139537242
0.0379310433156674
0.037823421607915984
0.037715326296798635
0.03760675780307341
0.03749771573195463
0.037388200048203535
0.03727821182682188
0.037167750284809904
0.037056815608324314
0.03694540785940533
0.03683352714543408
0.036721173544946285
0.03660834738045237
0.036495048834314925
0.03638127752693145
0.036267033643551196
0.03615231709155236
0.03603712839497324
0.035921467527004
0.03580533422894177
0.03568872871769333
0.03557165178486019
0.03545410256120179
0.03533608124904263
0.03521758816388184
0.035098623576717475
0.03497918740078392
0.0348592795044879
0.03473890041620377
0.03461805008097697
0.034496728259609394
0.03437493512086692
0.034252671000833734
0.034129936074201034
0.03400672976675969
0.033883052652780986
0.03375890508208658
0.03363428713661016
0.033509197661603936
0.033383638894959156
0.033257608861062465
0.033131108795144644
0.03300413847312179
0.03287669837639153
0.03274878753482944
0.03262040721045029
0.03249155700793259
0.03236223732142492
0.03223244749770918
0.032102188461106164
0.03197145995561178
0.03184026193661373
0.03170859462245351
0.03157645809089519
0.03144385239107011
0.03131077786152446
0.031177234599110735
0.031043222105813496
0.030908741215279503
0.030773791944990806
0.03063837355499397
0.03050248761765805
0.03036613271268866
0.030229310421417285
0.0300920191622622
0.029954260152021753
0.029816033427791214
0.02967733894224691
0.029538176370544518
0.02939854654229568
0.029258449157068277
0.029117884574590074
0.0289768525651418
0.028835353563528465
0.0286933873071278
0.02855095396697729
0.02840805413189377
0.028264687155363365
0.02812085426389471
0.027976554309684425
0.027831788057678605
0.027686555468134907
0.027540856594162992
0.027394691858600526
0.027248060672774823
0.02710096422237333
0.026953402150360024
0.026805373855545565
0.026656880338349443
0.026507921131905143
0.026358496796415477
0.026208607228450826
0.0260582528923437
0.02590743297967164
0.025756148522721883
0.025604399470055914
0.02545218601134133
0.025299507845864794
0.02514636500626987
0.02499275802743383
0.024838686774791743
0.02468415143554363
0.024529152831670894
0.02437368988325878
0.024217763631026002
0.024061373351555438
0.0239045200413422
0.023747203356750547
0.023589422987957253
0.02343117976309905
0.023272473784331824
0.02311330517581316
0.02295367334161669
0.022793579372990265
0.02263302258317554
0.022472003509085993
0.02231052263386827
0.02214857885797813
0.021986173626615715
0.02182330671960134
0.02165997801622949
0.02149618740576629
0.021331935462350016
0.02116722236240533
0.02100204758736781
0.020836412400688172
0.02067031599771172
0.020503758669918774
0.02033674063922869
0.020169261843513815
0.020001323011015912
0.019832923587256523
0.019664064409739
0.01949474454513667
0.019324965497657692
0.01915472602189962
0.01898402723242051
0.01881286906595425
0.018641251517352603
0.018469174011443337
0.018296638436150404
0.018123643081161322
0.01795018923069704
0.01777627661677225
0.01760190529817719
0.017427075800667668
0.017251787761088943
0.017076041982129968
0.016899838154627922
0.016723175824173115
0.016546056265664386
0.016368479026521256
0.016190444000286547
0.01601195198077516
0.01583300294254479
0.015653596408733466
0.015473733222527616
0.015293413268332725
0.01511263678498787
0.014931403739262765
0.014749714534198793
0.014567568858751863
0.014384967042932658
0.014201909607368704
0.014018396094431748
0.01383442741186639
0.013650002704649094
0.013465123447903384
0.01327978843865857
0.01309399835442048
0.012907753828346634
0.012721054180673489
0.012533900159948227
0.01234629189452367
0.012158229061957383
0.011969711821882785
0.011780741098546136
0.011591316462974843
0.011401437792376791
0.011211105887340327
0.01102032042915538
0.010829081891844049
0.010637390044851446
0.010445245718160575
0.01025264840544307
0.010059598036601534
0.009866095465103343
0.009672141163731844
0.009477733927497694
0.009282874865557535
0.009087563994596043
0.008891801755968617
0.008695587706486683
0.008498922127352282
0.00830180539137565
0.008104237704184175
0.007906218897882906
0.0077077497202288165
0.007508829568440811
0.00730945931173071
0.007109638481901023
0.006909367877072897
0.006708646913646982
0.006507476617562886
0.0063058562384262435
0.0061037866032614095
0.005901267600693695
0.005698299249179261
0.0054948823611277705
0.005291016233461815
0.00508670192806831
0.004881938852256327
0.004676727266943115
0.004471067778463182
0.0042649599587480614
0.004058404226757953
0.0038514012270727065
0.0036439509235705434
0.003436052945593439
0.003227707488658234
0.0030189156605407467
0.00280967667191186
0.002599990733393092
0.002389859057423294
0.0021792807511538436
0.0019682558979904115
0.0017567852132812187
0.0015448686808246137
0.001332506759466688
0.0011196992520157367
0.0009064463532031903
0.000692748111330711
0.00047860524483807706
0.0002640174026033042
4.898509835790296e-5
-0.0001664915696397535
-0.00038241286994715695
-0.0005987779518525755
-0.0008155872989121575
-0.0010328398406195464
-0.0012505363948082256
-0.0014686762517739295
-0.0016872592597547062
-0.0019062853672190457
-0.0021257543160970484
-0.00234566609416019
-0.0025660199081057214
-0.0027868166428384666
-0.0030080552042323363
-0.0032297359979430763
-0.0034518582382275934
-0.0036744221436082317
-0.0038974276230968686
-0.004120874384763247
-0.004344762639313296
-0.004569091153909562
-0.004793860357400024
-0.00501907025087417
-0.005244721140855233
-0.0054708113865285036
-0.005697341988217866
-0.005924312082409195
-0.006151721885686858
-0.006379571319036726
-0.006607859679988908
-0.006836587617220785
-0.007065754223402574
-0.007295359416960738
-0.007525402864465538
-0.007755884872445972
-0.007986804852980487
-0.00821816316160616
-0.008449958977209338
-0.008682192616042979
-0.008914863421583685
-0.00914797146556474
-0.009381516584024105
-0.009615498403830849
-0.009849916920472284
-0.010084771663679673
-0.010320062942717874
-0.01055578984913452
-0.0107919529954361
-0.011028551912371946
-0.0112655861019411
-0.011503055747110628
-0.01174096032853034
-0.011979299810257624
-0.012218073953967182
-0.012457282524227991
-0.012696925585884025
-0.012937002858201003
-0.01317751402722484
-0.013418458754068805
-0.013659837328888959
-0.013901648577549679
-0.014143893417555137
-0.014386571381308425
-0.014629681747535303
-0.014873224871386039
-0.015117200294632645
-0.01536160815346384
-0.015606447946701506
-0.015851718939146005
-0.01609742182265915
-0.016343555844984634
-0.016590121505808447
-0.01683711790505254
-0.017084544676930304
-0.017332402745127866
-0.017580690343058803
-0.0178294086330676
-0.018078556890745123
-0.0183281348631102
-0.018578142329622006
-0.018828578907289516
-0.01907944491731133
-0.019330739600818422
-0.019582463265000252
-0.019834615391322655
-0.020087195399124742
-0.020340203923813166
-0.020593640800376768
-0.020847504626321685
-0.021101796353502858
-0.021356514951788773
-0.021611661046354244
-0.021867233922217042
-0.022123233190025876
-0.022379659623717685
-0.02263651170270967
-0.02289378981444541
-0.02315149388691287
-0.02340962381523869
-0.023668178606921424
-0.02392715884751381
-0.02418656429644561
-0.02444639414661718
-0.024706648779030407
-0.02496732737671699
-0.025228430760869072
-0.025489957748360426
-0.02575190831101401
-0.026014282598771053
-0.026277080161997618
-0.02654030076894461
-0.026803943828525117
-0.027068010216423345
-0.027332498643899847
-0.02759740965494994
-0.027862741981190757
-0.028128496413640673
-0.028394672379352285
-0.028661269831322497
-0.028928288359621714
-0.029195728032827366
-0.029463587684221026
-0.02973186830180919
-0.03000056921898474
-0.030269690392717548
-0.030539230787672806
-0.030809191102105393
-0.03107957065115615
-0.03135036958525056
-0.03162158734568485
-0.031893223534464665
-0.03216527848801926
-0.03243775171263778
-0.03271064307438194
-0.032983951765847695
-0.033257678735259026
-0.03353182271326118
-0.033806383856485815
-0.03408136230124762
-0.03435675707216994
-0.034632568387317424
-0.034908795910249514
-0.03518543966401858
-0.03546249905121277
-0.03573997391281712
-0.036017864367230375
-0.03629617008812083
-0.03657489008873726
-0.036854025344863955
-0.037133575312777015
-0.037413538939760585
-0.037693916620950375
-0.037974707907075175
-0.03825591308573563
-0.038537531486586084
-0.03881956274285934
-0.03910200737900096
-0.03938486382457455
-0.03966813348850301
-0.03995181492161724
-0.04023590809464619
-0.04052041321191353
-0.04080532961312292
-0.04109065750444032
-0.041376396396151524
-0.04166254581140658
-0.04194910584561723
-0.04223607605242891
-0.04252345637716494
-0.04281124704690199
-0.043099446597826524
-0.04338805592221022
-0.04367707401629933
-0.04396650115063781
-0.04425633677666318
-0.044546580863476196
-0.04483723367080373
-0.04512829418414901
-0.045419762159739974
-0.04571163783443944
-0.04600392045851734
-0.04629661027605729
-0.04658970681230672
-0.046883209879732275
-0.04717711945237449
-0.04747143469255329
-0.047766155999501465
-0.04806128288041697
-0.0483568148031427
-0.04865275215442537
-0.04894909410785833
-0.04924584038942029
-0.04954299177304038
-0.04984054682402262
-0.050138505563271984
-0.05043686797278995
-0.05073563422854229
-0.05103480323492732
-0.05133437520557482
-0.051634349666257316
-0.05193472697542656
-0.05223550633161334
-0.052536686993662055
-0.052838270205972905
-0.053140254266575856
-0.05344264030618984
-0.05374542630670245
-0.054048613204815896
-0.05435220102027504
-0.05465618844320217
-0.05496057611301183
-0.055265363744610344
-0.05557055076788248
-0.0558761370484594
-0.05618212198342929
-0.05648850593326123
-0.056795287671180396
-0.057102468430034165
-0.05741004675584363
-0.05771802316695782
-0.05802639664230287
-0.05833516722424773
-0.05864433534501676
-0.058953899780379626
-0.059263861336972305
-0.059574218344365444
-0.05988497129571395
-0.060196119703686074
-0.06050766447965914
-0.06081960401617319
-0.06113193851074158
-0.0614446677264274
-0.06175779117076155
-0.062071308992159596
-0.06238522122617159
-0.06269952647033337
-0.06301422515840296
-0.0633293171605286
-0.06364480209319395
-0.06396067980106451
-0.0642769499069479
-0.06459361207947806
-0.06491066624399568
-0.06522811192417384
-0.06554594898188527
-0.06586417686185544
-0.06618279600292956
-0.06650180541620168
-0.06682120532416043
-0.067140995717191
-0.06746117551498843
-0.06778174508848986
-0.06810270401116841
-0.0684240515185524
-0.0687457881733497
-0.06906791322982649
-0.06939042665753924
-0.06971332791510071
-0.07003661735449558
-0.07036029375963317
-0.070684357860657
