1025
-0.014035909494144549
-0.014137527941167282
-0.01423906530280119
-0.014340522729668664
-0.01444189902099353
-0.014543194759882975
-0.014644409689582005
-0.014745543544879931
-0.014846596392374477
-0.014947567967539616
-0.015048458131278636
-0.015149267429504447
-0.015249994265666578
-0.01535063976029937
-0.01545120411424181
-0.015551686462997425
-0.015652086699022214
-0.01575240467271345
-0.01585264083108388
-0.0159527945408773
-0.016052866155153882
-0.01615285479244402
-0.01625276111596136
-0.01635258483324887
-0.016452325893244482
-0.016551983610853464
-0.016651558663136775
-0.016751050269829277
-0.0168504591417918
-0.01694978427440285
-0.017049025987155884
-0.017148184472032393
-0.01724725871190175
-0.0173462499910535
-0.01744515682866338
-0.01754397993634326
-0.01764271864208323
-0.017741373564746428
-0.017839943992171235
-0.017938429882437244
-0.018036831675292995
-0.018135148334815762
-0.01823338061785054
-0.01833152773369649
-0.01842959026047331
-0.018527567393178422
-0.01862546010896808
-0.018723266481819077
-0.01882098815467504
-0.01891862433689239
-0.01901617494202694
-0.019113639618565024
-0.01921101859210149
-0.019308311737423898
-0.019405518895962717
-0.0195026396347153
-0.019599674544289687
-0.019696622390060124
-0.01979348454890416
-0.01989025996851751
-0.019986948502607564
-0.020083550708135833
-0.020180065746773338
-0.020276493417239003
-0.0203728346263375
-0.020469088268230545
-0.020565254625297357
-0.020661333818347557
-0.02075732559248038
-0.020853229080430326
-0.020949045348538396
-0.021044773546205573
-0.021140413664787687
-0.021235966233369274
-0.021331429983709627
-0.0214268058291418
-0.02152209311238488
-0.021617291788759308
-0.02171240236225695
-0.02180742353297599
-0.021902356431264588
-0.021997200107363793
-0.022091954748584233
-0.02218662030121642
-0.022281196938234146
-0.022375683738446693
-0.022470081402672315
-0.022564389310129863
-0.02265860742077048
-0.022752735736738007
-0.02284677439773688
-0.02294072269082862
-0.02303458120691603
-0.02312834933837622
-0.02322202690438967
-0.023315614222396457
-0.0234091110440162
-0.02350251712989025
-0.023595832373967226
-0.023689056821081824
-0.02378219053553319
-0.02387523262273429
-0.023968183784590123
-0.024061043746592476
-0.024153812075169014
-0.02424648851597003
-0.0243390741943325
-0.024431567346388038
-0.024523969043925824
-0.024616278495540357
-0.0247084961120718
-0.024800621311920564
-0.02489265440054141
-0.024984595393473245
-0.0250764430652143
-0.025168198449366738
-0.0252598614031521
-0.025351431184938784
-0.025442908139307382
-0.02553429195577349
-0.025625582568534002
-0.025716780094710942
-0.025807884251415773
-0.025898894647107297
-0.02598981174879817
-0.02608063495311935
-0.02617136420548994
-0.026261999643702665
-0.026352541143350738
-0.026442988652846826
-0.02653334136771825
-0.026623600055349226
-0.026713764114338737
-0.02680383396408666
-0.026893808699398777
-0.026983688734300546
-0.02707347390384835
-0.027163163876659163
-0.027252759187916826
-0.027342258284625505
-0.027431663228034003
-0.027520972077131854
-0.027610185272589623
-0.02769930295546491
-0.027788324827422
-0.027877250860103342
-0.027966080783283435
-0.028054814671696345
-0.028143452281032752
-0.02823199345149353
-0.02832043826762915
-0.028408786694624582
-0.028497038392176724
-0.028585193096881543
-0.02867325129344917
-0.028761211940649064
-0.02884907607416439
-0.028936842828525343
-0.029024511837053648
-0.029112083797749065
-0.029199558044656623
-0.02928693489897476
-0.029374214201999812
-0.02946139481476737
-0.029548478329022465
-0.029635463049976475
-0.029722349826762546
-0.02980913850561726
-0.029895828352047512
-0.029982420081466843
-0.03006891302193172
-0.030155307054753923
-0.03024160248999817
-0.03032779858585553
-0.030413895918076726
-0.030499894461548997
-0.030585793083331706
-0.030671591970307163
-0.030757292514543066
-0.03084289294961368
-0.030928393090221166
-0.031013793610906462
-0.03109909446753884
-0.031184295540139625
-0.03126939561850525
-0.031354395757443185
-0.031439295590034874
-0.031524095390683904
-0.03160879375892631
-0.03169339176926009
-0.031777889041996014
-0.03186228504610286
-0.031946580197110164
-0.032030774227106956
-0.032114867000919554
-0.032198858678377844
-0.03228274835854265
-0.032366536684317146
-0.032450223308609874
-0.03253380798268996
-0.03261729090857576
-0.032700671615774383
-0.03278395008336355
-0.032867126476110155
-0.03295020072963544
-0.033033172016458126
-0.03311604109899316
-0.03319880710447825
-0.03328147054478503
-0.03336403123201161
-0.03344648861569859
-0.03352884267659953
-0.033611094162117786
-0.033693242078342935
-0.033775285720534946
-0.033857226651225814
-0.03393906377764402
-0.03402079670837977
-0.03410242620690114
-0.0341839515216783
-0.03426537242185047
-0.03434668964011317
-0.03442790250416855
-0.034509010299540496
-0.03459001350893215
-0.03467091260514779
-0.03475170646468233
-0.034832395992435886
-0.034912979839887066
-0.03499345920497979
-0.03507383293742806
-0.03515410107013701
-0.03523426435781021
-0.03531432171250956
-0.035394273504044386
-0.03547411947000295
-0.03555385985760292
-0.03563349393375183
-0.035713021769913846
-0.035792443975705926
-0.035871759156177616
-0.03595096832632583
-0.036030070645845486
-0.03610906639017366
-0.036187955377042766
-0.036266737533407055
-0.03634541291449829
-0.03642398103176127
-0.03650244194538063
-0.03658079545279451
-0.03665904147139542
-0.03673718023838095
-0.036815211086490635
-0.03689313437305878
-0.036970949865227545
-0.03704865713148982
-0.03712625621331622
-0.03720374744836206
-0.03728112983111482
-0.03735840402363398
-0.03743556981353749
-0.03751262705077876
-0.0375895750917851
-0.03766641509708981
-0.037743145584706636
-0.037819767088394726
-0.03789627928718396
-0.03797268249468405
-0.03804897593134317
-0.03812515966738182
-0.03820123466949028
-0.03827719900172324
-0.03835305351389046
-0.038428798727120524
-0.03850443351730093
-0.03857995811276934
-0.03865537273004347
-0.03873067637365842
-0.03880586980988427
-0.03888095253213317
-0.038955924608295424
-0.039030785807817395
-0.03910553604639115
-0.03918017537632109
-0.03925470298570597
-0.03932911988068654
-0.039403425592439145
-0.0394776193029068
-0.03955170181620197
-0.039625672291104606
-0.039699530546743814
-0.03977327760948013
-0.03984691216016446
-0.03992043483540881
-0.039993845236944825
-0.04006714247140778
-0.04014032815370016
-0.04021340112178242
-0.04028636073706779
-0.04035920819861187
-0.04043194255406463
-0.04050456381942963
-0.04057707211607177
-0.04064946680504982
-0.04072174804523663
-0.040793916229078395
-0.04086597059176309
-0.0409379114683604
-0.04100973815327314
-0.04108145113067223
-0.04115305006877086
-0.04122453493173548
-0.04129590570558619
-0.04136716162528137
-0.0414383031066955
-0.04150933028352215
-0.04158024297333649
-0.04165104042752986
-0.04172172307467879
-0.04179229062735435
-0.0418627435112086
-0.04193308085756491
-0.04200330297686652
-0.04207340943590131
-0.042143400266423756
-0.042213275680005824
-0.04228303471752312
-0.04235267817235094
-0.042422206013780585
-0.04249161774246884
-0.04256091301303527
-0.04263009187283528
-0.042699154289650376
-0.04276809986022788
-0.042836929446331905
-0.042905641560769474
-0.04297423727459972
-0.04304271575645819
-0.043111077176114065
-0.04317932161985837
-0.0432474482732458
-0.04331545754715676
-0.04338334950888775
-0.04345112376861332
-0.043518780564454684
-0.04358631895735911
-0.04365373958266855
-0.043721042184501076
-0.043788226547067426
-0.04385529285193917
-0.04392224005708137
-0.04398906913594068
-0.04405577945369277
-0.044122371349654424
-0.04418884405617483
-0.04425519789595481
-0.0443214329261301
-0.044387548518136755
-0.044453544577957874
-0.04451942153130635
-0.04458517934818596
-0.04465081668587518
-0.04471633464842115
-0.04478173283774644
-0.044847011324706705
-0.04491216906644524
-0.044977207145275054
-0.04504212487191992
-0.04510692231851062
-0.04517159909349388
-0.045236155496009546
-0.04530059075806512
-0.04536490521610816
-0.04542909898264985
-0.04549317189152519
-0.045557123295457844
-0.04562095346353827
-0.045684662182588216
-0.04574824977420521
-0.04581171566660625
-0.0458750593453365
-0.045938281873606
-0.04600138195106688
-0.04606436041790544
-0.04612721677745648
-0.04618995053467457
-0.046252561884111074
-0.046315051076885765
-0.04637741757871295
-0.04643966143441802
-0.046501782489662954
-0.04656378078197758
-0.046625655635158796
-0.04668740786626299
-0.046749036565573526
-0.046810541963121684
-0.04687192410708912
-0.04693318278852608
-0.04699431722025694
-0.04705532831176606
-0.04711621571805824
-0.047176978664242544
-0.04723761774204427
-0.047298132588940736
-0.047358522936211185
-0.04741878919907008
-0.047478930554476245
-0.04753894755897876
-0.04759883947063825
-0.047658607211605565
-0.04771824911890538
-0.04777776659532695
-0.04783715882836202
-0.047896425350155064
-0.04795556687183955
-0.04801458283661487
-0.048073473127945646
-0.04813223763042575
-0.04819087653586076
-0.04824938897395838
-0.048307775520910645
-0.04836603597288252
-0.04842417028582872
-0.048482178332758266
-0.04854005943193553
-0.048597814644719656
-0.048655442613886685
-0.048712943752233964
-0.048770318601578634
-0.04882756555079666
-0.04888468591690162
-0.048941678970954645
-0.048998544231304474
-0.04905528243413304
-0.04911189318769378
-0.04916837613156763
-0.04922473115695059
-0.04928095818607867
-0.04933705717914272
-0.04939302852312226
-0.04944887210723425
-0.04950458630233011
-0.0495601722372263
-0.04961562971721769
-0.04967095871479186
-0.049726159338207954
-0.04978123043724491
-0.04983617258507012
-0.049890986222462005
-0.04994566983914151
-0.05000022487233006
-0.05005465027728897
-0.05010894632249389
-0.050163112350829604
-0.05021714922631338
-0.05027105561407068
-0.05032483272719647
-0.0503784793141228
-0.0504319960079683
-0.05048538192219646
-0.050538637954284676
-0.0505917634826366
-0.050644758516647945
-0.05069762261780765
-0.050750356181381066
-0.0508029587183796
-0.050855430107353244
-0.05090777062830032
-0.050959979472876366
-0.051012057289928615
-0.051064003445528756
-0.05111581855568444
-0.05116750168985562
-0.05121905298490321
-0.05127047239120767
-0.05132176003347731
-0.051372915420064294
-0.05142393887178135
-0.051474829424582855
-0.05152558834432225
-0.051576214313271966
-0.0516267077160684
-0.05167706850842171
-0.05172729655347828
-0.051777391240168384
-0.05182735340279845
-0.05187718189389539
-0.051926877275145784
-0.05197643946151482
-0.052025868145796884
-0.05207516306816989
-0.05212432473619076
-0.05217335177077271
-0.052222245600982035
-0.052271005752856314
-0.05231963110791147
-0.05236812254480673
-0.05241647937940267
-0.05246470204287023
-0.05251279050444198
-0.052560743887722076
-0.05260856259274156
-0.052656246246688285
-0.0527037953172734
-0.05275120902964355
-0.05279848725213344
-0.052845630906954585
-0.05289263893391253
-0.0529395115078436
-0.052986248013630985
-0.0530328492363152
-0.05307931456523203
-0.0531256443525655
-0.053171837507087275
-0.053217894941966416
-0.053263815976812304
-0.053309600897438844
-0.053355249272580105
-0.05340076114310959
-0.05344613594447923
-0.053491374182477694
-0.053536476039509395
-0.05358144026292137
-0.053626267829538186
-0.05367095802995277
-0.05371551110244735
-0.05375992677692966
-0.053804204664897846
-0.053848345462457495
-0.05389234799238269
-0.0539362131465568
-0.05397994003904437
-0.05402352900371959
-0.054066980003985673
-0.05411029303274094
-0.054153466984977174
-0.05419650284110384
-0.05423940020432844
-0.05428215881995836
-0.05432477898823173
-0.054367260272637455
-0.05440960238452831
-0.05445180524005767
-0.05449386891939897
-0.0545357935924939
-0.054577579081963375
-0.05461922468470096
-0.05466073069225461
-0.05470209734931384
-0.05474332411721084
-0.05478441052612436
-0.054825357286171605
-0.05486616401151203
-0.05490683055023378
-0.05494735663027961
-0.05498774213168985
-0.05502798747724359
-0.055068092004460306
-0.05510805540676864
-0.05514787822628665
-0.05518756042158936
-0.05522710124737806
-0.05526650081408216
-0.055305759514992885
-0.0553448768729926
-0.05538385254031849
-0.05542268624482181
-0.05546137922669395
-0.05549992928281317
-0.05553833825099477
-0.05557660507162715
-0.05561472970617985
-0.05565271209827543
-0.05569055265630115
-0.055728250517019816
-0.05576580577514603
-0.055803218287426175
-0.05584048841939499
-0.05587761546292849
-0.05591459966817214
-0.05595144097539341
-0.05598813907481434
-0.05602469405480844
-0.05606110595216381
-0.05609737396919686
-0.056133498614429796
-0.0561694798201104
-0.05620531718424146
-0.056241010322529816
-0.056276560316425674
-0.05631196536910518
-0.056347226900447814
-0.05638234346032531
-0.05641731638855188
-0.05645214466230712
-0.0564868284264776
-0.05652136733363703
-0.0565557619195691
-0.056590011125655634
-0.056624115721962104
-0.05665807506057097
-0.0566918893415281
-0.056725558061981464
-0.05675908166978287
-0.056792460125816555
-0.05682569255133774
-0.05685877959909809
-0.0568917202363348
-0.056924515456457374
-0.0569571647228243
-0.05698966788889676
-0.057022024867053135
-0.057054235355716604
-0.05708629994370511
-0.05711821758554008
-0.05714998841143436
-0.05718161309953571
-0.05721309070064524
-0.05724442161149781
-0.057275605477608675
-0.05730664225356415
-0.05733753149795175
-0.057368274017715847
-0.057398868810855694
-0.05742931602898747
-0.05745961542890727
-0.05748976736034286
-0.05751977179147422
-0.05754962803313292
-0.05757933640772606
-0.0576088969348565
-0.05763830851059208
-0.05766757234390388
-0.05769668740564048
-0.057725654257734994
-0.05775447217061107
-0.05778314154156667
-0.057811662505898746
-0.05784003431752555
-0.05786825692955776
-0.05789633022036618
-0.05792425506940908
-0.057952029774854766
-0.05797965554822221
-0.058007131851026524
-0.058034458082040614
-0.0580616353300378
-0.05808866235936025
-0.05811553932844285
-0.058142266264591555
-0.058168843396812143
-0.058195270297322785
-0.058221546722046255
-0.058247673126780926
-0.05827364846783384
-0.05829947335709251
-0.058325147711698326
-0.05835067135769452
-0.058376044163883395
-0.05840126557733687
-0.05842633615201737
-0.058451255157772754
-0.0584760235375076
-0.058500639861806265
-0.058525105305056224
-0.058549418713905
-0.05857358041533523
-0.058597590287711665
-0.058621449099608945
-0.05864515472342022
-0.05866870902240778
-0.05869211102205483
-0.05871536061193715
-0.05873845819035061
-0.05876140285227665
-0.05878419504531602
-0.058806834344743056
-0.05882932097988238
-0.05885165528792253
-0.05887383611967492
-0.05889586402146328
-0.058917738975766513
-0.05893946029808257
-0.058961028326129795
-0.058982443186401376
-0.05900370423358737
-0.05902481173022929
-0.05904576537419713
-0.05906656520794651
-0.059087211094961074
-0.05910770305701982
-0.05912804097368352
-0.05914822450813776
-0.05916825394811901
-0.0591881285505271
-0.05920784931095225
-0.05922741447069392
-0.059246825684433256
-0.05926608195086654
-0.05928518307917176
-0.059304129333851756
-0.05932292054216139
-0.059341556101046855
-0.05936003696902402
-0.05937836241737832
-0.0593965319629553
-0.059414546127424805
-0.05943240489794371
-0.0594501075440564
-0.059467654610967494
-0.05948504552375012
-0.0595022804224102
-0.0595193588378998
-0.059536281291720436
-0.05955304770496021
-0.059569657483575386
-0.059586110129378804
-0.05960240699381987
-0.059618546781721196
-0.05963452985418164
-0.05965035560125365
-0.05966602460985747
-0.05968153675869744
-0.05969689151617443
-0.05971208890381137
-0.05972712916367258
-0.059742011434033654
-0.059756736621205
-0.0597713037401166
-0.05978571340727826
-0.05979996489451842
-0.05981405872443115
-0.059827994170864235
-0.059841771765988414
-0.05985539111271979
-0.059868851894630586
-0.059882154795018204
-0.059895298498903855
-0.05990828396294181
-0.05992111040441578
-0.05993377828064827
-0.05994628736682297
-0.05995863715221723
-0.05997082822108081
-0.0599828603081073
-0.05999473254299904
-0.06000644525234434
-0.06001799898170114
-0.06002939322456228
-0.06004062754408312
-0.0600517021676524
-0.06006261735693519
-0.060073371853812715
-0.06008396665945563
-0.06009440159457391
-0.06010467630734352
-0.06011479063394303
-0.0601247444690446
-0.060134537941234176
-0.0601441708633067
-0.060153643191350054
-0.06016295458175163
-0.060172105246695896
-0.0601810948559498
-0.06018992330603267
-0.06019859098491731
-0.06020709742516396
-0.060215442451403235
-0.060223625820979766
-0.060231647983135274
-0.06023950854121847
-0.06024720738854387
-0.06025474457726428
-0.06026211985090361
-0.06026933323182263
-0.06027638417299867
-0.060283273503877764
-0.06029000035453326
-0.060296565047637765
-0.060302967106180785
-0.06030920661131219
-0.06031528384421119
-0.06032119830882913
-0.060326950392561855
-0.06033253903932598
-0.06033796472345248
-0.06034322754601452
-0.06034832780535512
-0.06035326407887368
-0.06035803764698312
-0.060362647147371724
-0.06036709340972642
-0.0603713763874891
-0.06037549523303045
-0.06037945084385459
-0.06038324249299538
-0.060386870083129776
-0.06039033334201089
-0.060393632795919416
-0.060396767992198314
-0.06039973899597118
-0.06040254560488435
-0.06040518783094236
-0.06040766540309604
-0.060409978367440186
-0.060412126661074025
-0.06041410998119096
-0.06041592855767887
-0.060417581782427184
-0.060419070254537445
-0.06042039331759243
-0.060421551184458966
-0.06042254399629674
-0.06042337106537916
-0.06042403290559782
-0.06042452887938795
-0.06042485916219289
-0.06042502352539667
-0.06042502207416136
-0.06042485478047536
-0.06042452140236032
-0.060424021984671616
-0.06042335622950034
-0.06042252427842016
-0.0604215253831938
-0.060420360473813446
-0.06041902904740472
-0.06041753066077518
-0.060415865835047294
-0.0604140339973354
-0.06041203540795593
-0.06040987002951524
-0.060407536868546545
-0.06040503680495403
-0.06040236945139232
-0.06039953509295696
-0.06039653303002286
-0.06039336319870299
-0.06039002629683871
-0.06038652099876035
-0.06038284831627173
-0.06037900797007696
-0.06037499953241563
-0.060370823016117986
-0.06036647816323759
-0.06036196551940541
-0.06035728410218828
-0.06035243468424515
-0.06034741662694475
-0.06034222980673287
-0.06033687454759669
-0.060331351058463996
-0.060325658039550395
-0.06031979641908527
-0.060313765545679444
-0.06030756606404034
-0.060301197223711085
-0.06029465896968029
-0.06028795205019924
-0.0602810751158801
-0.06027402875889902
-0.06026681299224971
-0.060259427983001414
-0.060251872418467654
-0.060244147288819716
-0.06023625254502479
-0.06022818771596377
-0.060219952674338155
-0.06021154728213448
-0.06020297220003845
-0.060194226442928996
-0.06018531028853131
-0.06017622389158776
-0.060166966948408306
-0.06015753918729849
-0.06014794035108737
-0.06013817146089646
-0.06012823135502031
-0.060118120465926426
-0.060107838012731216
-0.060097384532388366
-0.06008675990656739
-0.060075964209450584
-0.06006499694841246
-0.06005385845747492
-0.060042547780984064
-0.060031065994516845
-0.060019412433272856
-0.060007587392916686
-0.05999558986113276
-0.05998342073871991
-0.05997107949476198
-0.05995856613884557
-0.05994588053626936
-0.05993302251060473
-0.05991999229939406
-0.059906789664298826
-0.05989341465123017
-0.059879866482390125
-0.05986614625908918
-0.05985225300664601
-0.05983818688070497
-0.05982394816479228
-0.05980953623315992
-0.05979495101198459
-0.059780192758238634
-0.059765261440843646
-0.05975015654875956
-0.05973487824896728
-0.05971942665580574
-0.059703801669491754
-0.0596880023174957
-0.05967202988307594
-0.059655884004531735
-0.05963956361284503
-0.05962306939883798
-0.05960640083227714
-0.05958955872072848
-0.05957254229286518
-0.059555351401629354
-0.05953798660973763
-0.05952044661380206
-0.059502732799451556
-0.05948484428440023
-0.0594667807899328
-0.059448542879570854
-0.05943013000276167
-0.059411542360809075
-0.05939277979505179
-0.05937384198584401
-0.05935472926714378
-0.05933544096261406
-0.059315977624656104
-0.05929633940208526
-0.05927652505505662
-0.05925653566448733
-0.05923637029193678
-0.05921602926978481
-0.05919551255013605
-0.05917482002632629
-0.05915395209666364
-0.05913290801331971
-0.05911168759536291
-0.05909029140236633
-0.059068718581423596
-0.059046969812454844
-0.05902504463484475
-0.05900294305516817
-0.05898066519139191
-0.05895821036712877
-0.05893557929761488
-0.05891277125924441
-0.05888978636713638
-0.0588666249163745
-0.05884328616622285
-0.05881977031715584
-0.05879607808353104
-0.05877220816934044
-0.05874816091401074
-0.05872393625487248
-0.05869953477791614
-0.05867495547793861
-0.058650198526152844
-0.05862526394974167
-0.058600152213805275
-0.05857486241257959
-0.058549394244545756
-0.058523749003017544
-0.05849792532096413
-0.05847192428252344
-0.05844574404219654
-0.05841938600811619
-0.0583928500555404
-0.05836613524244111
-0.058339242331435566
-0.05831217107651671
-0.05828492128855313
-0.058257492902078135
-0.05822988542488615
-0.058202099476036245
-0.05817413415957964
-0.05814599054513855
-0.05811766766898984
-0.05808916606905462
-0.05806048487402104
-0.05803162451668004
-0.058002585275634365
-0.05797336632552928
-0.05794396853188426
-0.057914390728032096
-0.057884633384192925
-0.057854695901801666
-0.05782457968763768
-0.05779428336425653
-0.057763807310408456
-0.05773315115435957
-0.057702314802613335
-0.05767129873672433
-0.05764010294039357
-0.057608726320480516
-0.057577169493067626
-0.05754543239986293
-0.05751351491780879
-0.05748141715335126
-0.05744913886126033
-0.05741667991184281
-0.05738404029799926
-0.057351219850719254
-0.05731821861601839
-0.05728503628777692
-0.05725167329119229
-0.05721812902520274
-0.057184403785099105
-0.057150497817183336
-0.057116410276265246
-0.057082141494425226
-0.05704769147084836
-0.057013059565698986
-0.0569782465675057
-0.056943251934172975
-0.056908075725125226
-0.05687271772964579
-0.05683717826169948
-0.05680145648287774
-0.05676555327749455
