1025
-0.4742110167923821
-0.4739126323091252
-0.4736142366672763
-0.47331582993488963
-0.4730174126206116
-0.4727189853085162
-0.4724205485084534
-0.4721221024945737
-0.4718236480507352
-0.4715251852757779
-0.47122671499494995
-0.47092823720463184
-0.4706297527753882
-0.47033126219196886
-0.4700327658339532
-0.46973426383146305
-0.46943575726119574
-0.4691372461161696
-0.46883873112803554
-0.46854021265765244
-0.4682416911480542
-0.46794316712169814
-0.467644641068925
-0.4673461134249545
-0.4670475846154361
-0.46674905548514384
-0.4664505258488288
-0.4661519965354077
-0.4658534683416977
-0.46555494117750285
-0.4652564156367718
-0.4649578923894128
-0.46465937174838323
-0.4643608542841939
-0.46406234057907575
-0.46376383075075567
-0.4634653257852381
-0.4631668257015354
-0.46286833126889476
-0.4625698426600021
-0.46227136069682284
-0.46197288544325776
-0.4616744179153905
-0.4613759580074089
-0.46107750671933273
-0.4607790641770856
-0.4604806310965715
-0.460182207832128
-0.45988379467471063
-0.45958539232025836
-0.45928700150919033
-0.458988622069869
-0.4586902550715249
-0.4583919005934781
-0.4580935594694629
-0.45779523169443026
-0.4574969182492593
-0.4571986194160679
-0.4569003356175733
-0.456602067418358
-0.45630381532892667
-0.45600557976108724
-0.4557073610558663
-0.45540915996840026
-0.4551109767063059
-0.45481281208319974
-0.45451466626256387
-0.45421653983607757
-0.4539184333785244
-0.4536203473609278
-0.453322282133006
-0.4530242382657395
-0.4527262162345086
-0.45242821659805066
-0.45213023959556464
-0.4518322859119435
-0.45153435605847164
-0.45123645040044963
-0.450938569547887
-0.45064071381898835
-0.4503428838733061
-0.45004508009646016
-0.4497473029972141
-0.4494495532431789
-0.44915183076009135
-0.44885413654019235
-0.44855647106749486
-0.44825883441309117
-0.44796122764751195
-0.4476636509553362
-0.4473661045936371
-0.4470685895105829
-0.44677110580054896
-0.4464736541874384
-0.4461762350279436
-0.44587884886289053
-0.4455814962556774
-0.44528417773074047
-0.44498689364913563
-0.4446896443565357
-0.44439243041489485
-0.44409525289366936
-0.4437981111982959
-0.4435010067388164
-0.44320393967724603
-0.4429069104271804
-0.4426099194439603
-0.442312967590495
-0.4420160549162991
-0.44171918230170737
-0.4414223495998417
-0.44112555827114397
-0.4408288076555285
-0.44053209931296655
-0.44023543330829934
-0.4399388097715423
-0.4396422297497716
-0.43934569334324536
-0.43904920138907766
-0.43875275418833665
-0.4384563520852276
-0.43815999578220477
-0.4378636857488521
-0.43756742250662123
-0.4372712063946022
-0.43697503814221433
-0.436678917804411
-0.4363828464828271
-0.4360868244066195
-0.4357908516179156
-0.4354949293451595
-0.4351990574800352
-0.43490323704506084
-0.4346074681941933
-0.43431175164148733
-0.4340160877029927
-0.43372047686671694
-0.433424919488877
-0.4331294164299569
-0.4328339680594208
-0.43253857482109187
-0.43224323714265594
-0.431947955490382
-0.43165273060244086
-0.43135756283738536
-0.4310624525669398
-0.43076740044796935
-0.4304724072841966
-0.43017747275406937
-0.4298825978708459
-0.42958778329477254
-0.42929302924652923
-0.42899833611289373
-0.42870370459078516
-0.4284091354957266
-0.4281146287869589
-0.4278201849110032
-0.42752580495060877
-0.42723148909045705
-0.4269372375047345
-0.4266430510980108
-0.426348930335544
-0.4260548755726915
-0.42576088744603136
-0.42546696641695075
-0.42517311279428
-0.42487932740439077
-0.4245856106177176
-0.4242919626252372
-0.4239983842783694
-0.4237048761894956
-0.4234114385866531
-0.4231180718588734
-0.4228247766210469
-0.4225315538619595
-0.4222384033295942
-0.42194532611359287
-0.4216523221815777
-0.4213593924954736
-0.42106653723742776
-0.4207737572059741
-0.42048105257190743
-0.42018842396248934
-0.41989587211146906
-0.4196033970718663
-0.41931099998674576
-0.41901868070091286
-0.4187264400381914
-0.41843427839399533
-0.4181421964305011
-0.4178501944186103
-0.41755827281953806
-0.4172664325997578
-0.41697467381864656
-0.41668299709009227
-0.4163914030039015
-0.41609989210183085
-0.41580846447843584
-0.4155171213168545
-0.41522586244417364
-0.4149346886927735
-0.41464360068292994
-0.41435259861447366
-0.41406168316063274
-0.4137708550380208
-0.41348011436915405
-0.413189461801264
-0.41289889773611066
-0.4126084229882263
-0.41231803772652126
-0.412027742614371
-0.41173753800500934
-0.4114474246718287
-0.4111574029818861
-0.4108674733742044
-0.41057763637858624
-0.4102878926212071
-0.4099982423992803
-0.4097086862894965
-0.4094192250436221
-0.40912985866363666
-0.4088405881884122
-0.40855141377656123
-0.40826233606514156
-0.407973355486785
-0.40768447264139945
-0.407395687867454
-0.4071070018162093
-0.40681841501156896
-0.40652992786757086
-0.4062415409856286
-0.4059532546535831
-0.40566506968354915
-0.40537698639278763
-0.40508900520272684
-0.40480112687478326
-0.40451335183093245
-0.40422568029504397
-0.40393811315445094
-0.4036506507547295
-0.4033632935723758
-0.403076042122169
-0.4027888968126881
-0.4025018584720228
-0.4022149274139498
-0.40192810407136503
-0.40164138887793593
-0.40135478250426077
-0.401068285613498
-0.4007818983327315
-0.40049562138129513
-0.40020945536195773
-0.39992340048193153
-0.3996374575795981
-0.3993516266821034
-0.39906590902301586
-0.3987803044624523
-0.3984948137618158
-0.3982094373864222
-0.3979241759507539
-0.3976390298387939
-0.39735399970152346
-0.3970690857578117
-0.396784288797131
-0.39649960918367894
-0.39621504741395275
-0.39593060395706386
-0.3956462793976294
-0.39536207440264387
-0.3950779892802891
-0.3947940245554059
-0.39451018076899286
-0.3942264584004113
-0.39394285798134565
-0.3936593799638915
-0.39337602480808875
-0.3930927932478589
-0.3928096857789474
-0.39252670237097836
-0.3922438441690869
-0.3919611115295043
-0.3916785044945996
-0.39139602436007037
-0.3911136710757919
-0.39083144542012505
-0.39054934752591863
-0.39026737826724556
-0.3899855379656616
-0.3897038272046518
-0.3894222466333235
-0.3891407963968841
-0.38885947732237086
-0.3885782897170478
-0.38829723417649686
-0.3880163111982004
-0.3877355214830552
-0.38745486487620495
-0.38717434281098656
-0.3868939551254624
-0.3866137025169841
-0.38633358561809283
-0.3860536046706155
-0.3857737604827241
-0.38549405328201003
-0.38521448376439676
-0.3849350524392282
-0.3846557594317257
-0.384376605786099
-0.38409759195469156
-0.3838187181274025
-0.38353998484219953
-0.38326139277887117
-0.3829829423261687
-0.38270463412576927
-0.3824264686029132
-0.3821484462442688
-0.38187056774817296
-0.3815928331356251
-0.3813152433516767
-0.38103779875488464
-0.38076049987523286
-0.3804833473100142
-0.3802063411967418
-0.37992948255822395
-0.3796527717314887
-0.3793762087551797
-0.37909979493709833
-0.3788235299982532
-0.37854741500076305
-0.37827145033204873
-0.3779956362650219
-0.37771997334904706
-0.37744446237139206
-0.3771691036925891
-0.37689389788910327
-0.37661884535992846
-0.3763439464093689
-0.37606920168786606
-0.37579461195086133
-0.3755201774193276
-0.37524589885469584
-0.3749717763920692
-0.3746978109481001
-0.374424002604988
-0.3741503524091408
-0.373876860199063
-0.3736035269488749
-0.37333035303787077
-0.37305733885094067
-0.37278448525516206
-0.3725117923398582
-0.37223926065291824
-0.37196689109880726
-0.371694683752878
-0.3714226392353216
-0.37115075815483933
-0.3708790408949122
-0.37060748788853304
-0.3703360999216673
-0.37006487719700537
-0.3697938205319052
-0.3695229299729165
-0.36925220662748803
-0.3689816505778485
-0.3687112622753576
-0.3684410424434371
-0.3681709914663367
-0.3679011098129926
-0.36763139817645113
-0.36736185694491014
-0.36709248644947845
-0.3668232877034822
-0.3665542605601504
-0.36628540591190745
-0.36601672409748554
-0.36574821577182987
-0.36547988136037535
-0.36521172136422764
-0.3649437362060448
-0.3646759266429392
-0.36440829276624404
-0.3641408354274742
-0.36387355501213137
-0.3636064519645379
-0.3633395269098237
-0.3630727802469727
-0.36280621245105804
-0.36253982411953295
-0.3622736156781034
-0.36200758767928326
-0.3617417406435411
-0.3614760749824102
-0.36121059130212935
-0.36094528999096803
-0.3606801715931896
-0.3604152365643995
-0.36015048553878454
-0.35988591878039883
-0.3596215370656649
-0.359357340783235
-0.35909333031999335
-0.3588295063153102
-0.3585658692306636
-0.35830241968585547
-0.35803915797434277
-0.3577760845340993
-0.3575132000647816
-0.35725050499125643
-0.3569880000538631
-0.356725685111271
-0.35646356120388845
-0.3562016289256987
-0.35593988818408473
-0.3556783400020195
-0.3554169848014473
-0.35515582290255415
-0.35489485483022765
-0.35463408118100365
-0.354373502234195
-0.3541131187510844
-0.3538529311226305
-0.35359293987564683
-0.35333314557057743
-0.3530735485298681
-0.35281414923451976
-0.3525549484001418
-0.35229594643708945
-0.3520371437359097
-0.3517785408161666
-0.3515201383238163
-0.3512619366241175
-0.3510039361143183
-0.3507461374149273
-0.35048854116811273
-0.3502311475506259
-0.3499739573188636
-0.34971697083701025
-0.3494601886606907
-0.34920361125930166
-0.34894723900836544
-0.3486910725937505
-0.34843511235160035
-0.3481793589769601
-0.34792381279182366
-0.34766847415153035
-0.34741334389534
-0.34715842227480626
-0.346903709827213
-0.34664920714258396
-0.3463949145622884
-0.3461408327236685
-0.3458869621034856
-0.3456333028377957
-0.34537985590377934
-0.34512662167090336
-0.344873600638026
-0.34462079304102566
-0.34436819951569114
-0.3441158205410691
-0.34386365677651964
-0.34361170874518787
-0.3433599765580953
-0.34310846091481084
-0.34285716226548385
-0.3426060813224001
-0.3423552181599568
-0.3421045735561219
-0.34185414822715154
-0.3416039421883821
-0.34135395614053937
-0.3411041904718881
-0.34085464564813145
-0.34060532219832584
-0.34035622106622127
-0.34010734197049086
-0.33985868596827773
-0.33961025330369393
-0.3393620445107496
-0.33911406000937666
-0.33886630016998365
-0.33861876603595004
-0.3383714572444818
-0.3381243750946794
-0.3378775195643065
-0.33763089129813534
-0.3373844908595344
-0.3371383185547789
-0.33689237492366825
-0.3366466606367084
-0.33640117575240985
-0.336155921347585
-0.33591089748213954
-0.3356661045919631
-0.3354215434494625
-0.3351772144531026
-0.3349331177795986
-0.33468925446835396
-0.3344456243722358
-0.3342022285858029
-0.3339590671530017
-0.33371614049154913
-0.3334734496431263
-0.3332309942386458
-0.33298877588453846
-0.3327467941415369
-0.3325050497020017
-0.33226354320196183
-0.33202227504488513
-0.3317812456707697
-0.3315404554962364
-0.3312999052122657
-0.3310595951433825
-0.33081952589156477
-0.3305796977738377
-0.33034011141400743
-0.33010076704149927
-0.32986166537148687
-0.3296228069708358
-0.3293841918586708
-0.3291458212094874
-0.3289076948184344
-0.3286698135195273
-0.3284321776266357
-0.32819478795755486
-0.3279576445182642
-0.3277207479224502
-0.3274840987652414
-0.3272476977519458
-0.3270115447946284
-0.3267756405818314
-0.3265399861206581
-0.3263045808538646
-0.32606942625183066
-0.325834522270604
-0.3255998693349978
-0.32536546802907507
-0.3251313190202633
-0.32489742256112863
-0.3246637789241675
-0.32443038910451627
-0.32419725319331383
-0.32396437174081744
-0.3237317453993913
-0.32349937424566194
-0.32326725923375627
-0.3230354004980754
-0.3228037983786464
-0.3225724536949055
-0.32234136687106457
-0.3221105380503009
-0.3218799681824968
-0.32164965746225305
-0.3214196061769339
-0.32118981504999894
-0.3209602845898895
-0.3207310150042786
-0.32050200713319504
-0.3202732613336283
-0.32004477766075473
-0.319816556916749
-0.31958859976875104
-0.3193609062157497
-0.3191334771050643
-0.3189063126226954
-0.31867941343521883
-0.3184527800446182
-0.3182264127146248
-0.31800031187809863
-0.31777447829449884
-0.3175489120623886
-0.31732361396826037
-0.31709858417508713
-0.31687382367897526
-0.3166493321770406
-0.31642511076313595
-0.3162011594727369
-0.3159774791236091
-0.3157540697580743
-0.3155309321942489
-0.315308066862315
-0.3150854740840668
-0.31486315423163214
-0.31464110796546035
-0.3144193358567331
-0.3141978378414195
-0.31397661510130914
-0.31375566737453753
-0.3135349957022856
-0.31331460010724627
-0.3130944813654532
-0.3128746398235874
-0.31265507578321106
-0.31243579000622135
-0.31221678248433105
-0.31199805401430436
-0.31177960529303234
-0.31156143625285926
-0.31134354756560717
-0.311125939474823
-0.31090861298081174
-0.3106915681750723
-0.3104748054634202
-0.3102583252435647
-0.31004212813418486
-0.30982621475964583
-0.30961058525145824
-0.3093952400040361
-0.30918017979175294
-0.30896540474855627
-0.30875091566000895
-0.30853671271723687
-0.308322796335018
-0.3081091670990497
-0.3078958253878504
-0.30768277192105903
-0.30747000682430026
-0.30725753051996096
-0.30704534363211916
-0.30683344642430416
-0.3066218396212072
-0.30641052346724484
-0.30619949845550454
-0.30598876490733545
-0.3057783233734842
-0.3055681744037137
-0.3053583183780032
-0.3051487556968735
-0.3049394868009232
-0.3047305119847633
-0.30452183184241927
-0.30431344706958297
-0.3041053578139796
-0.303897564534808
-0.30369006774739427
-0.30348286758685644
-0.3032759648854287
-0.3030693600895815
-0.30286305333450336
-0.30265704523516274
-0.30245133623882703
-0.3022459267787154
-0.3020408175186289
-0.30183600825537216
-0.30163149992242166
-0.3014272929780397
-0.30122338772058305
-0.30101978442324684
-0.3008164838851952
-0.30061348638401375
-0.30041079219574207
-0.30020840183160435
-0.3000063159164162
-0.2998045347815795
-0.29960305868026577
-0.2994018883777108
-0.2992010239777077
-0.29900046611611375
-0.2988002152505645
-0.29860027154241675
-0.29840063565136665
-0.29820130789619165
-0.2980022888619186
-0.297803578856294
-0.29760517849018836
-0.2974070879285741
-0.297209307601633
-0.29701183821571653
-0.2968146799634099
-0.29661783340064957
-0.2964212988124625
-0.29622507655584845
-0.2960291675096111
-0.2958335715687781
-0.29563828964818034
-0.2954433217030317
-0.2952486681549241
-0.2950543299353571
-0.2948603072397492
-0.29466660025927294
-0.2944732096294008
-0.29428013578943885
-0.2940873789144476
-0.2938949395858824
-0.29370281853815405
-0.29351101563514215
-0.29331953155871665
-0.2931283668436749
-0.29293752177533655
-0.29274699671380616
-0.29255679236541515
-0.292366908699999
-0.2921773463569442
-0.29198810593571695
-0.2917991875607853
-0.2916105918371975
-0.29142231921102446
-0.29123436982399925
-0.29104674443737777
-0.2908594430588594
-0.2906724666469965
-0.29048581494610004
-0.29029948907838304
-0.29011348882125015
-0.2899278152292792
-0.28974246795752673
-0.28955744799920347
-0.28937275572155624
-0.2891883912800561
-0.28900435518863926
-0.2888206480006913
-0.28863726997508243
-0.28845422129477666
-0.288271502808063
-0.28808911482861405
-0.28790705744917605
-0.2877253314206496
-0.28754393707989634
-0.28736287477863137
-0.2871821447362559
-0.2870017477258148
-0.2868216839153346
-0.28664195373637086
-0.2864625577190271
-0.286283496036289
-0.2861047692770333
-0.28592637784127367
-0.28574832197355937
-0.285570602277704
-0.2853932190227537
-0.28521617262662785
-0.2850394635744283
-0.2848630920312799
-0.284687058773988
-0.28451136375504177
-0.28433600788859426
-0.28416099093150066
-0.2839863140409544
-0.2838119769962134
-0.2836379803079775
-0.28346432472965416
-0.2832910103410097
-0.283118037492137
-0.28294540665306805
-0.2827731182623653
-0.2826011728295989
-0.28242957046286116
-0.28225831175207866
-0.28208739720366754
-0.2819168267148081
-0.2817466015073279
-0.2815767211083062
-0.28140718636808604
-0.2812379976665572
-0.2810691553183462
-0.2809006594605806
-0.28073251093131485
-0.2805647097562083
-0.2803972566989421
-0.2802301519267321
-0.2800633957251086
-0.27989698840440874
-0.27973093074948574
-0.27956522282304536
-0.2793998651699164
-0.2792348580666066
-0.2790702018863521
-0.2789058974538833
-0.27874194418772585
-0.27857834345650256
-0.27841509499036404
-0.2782521995093935
-0.27808965733623225
-0.27792746886962977
-0.27776563439035923
-0.27760415419423123
-0.2774430289198209
-0.27728225864956074
-0.2771218440410212
-0.2769617852043777
-0.2768020828184932
-0.2766427369822107
-0.276483748367936
-0.2763251170215201
-0.2761668433936626
-0.2760089280438237
-0.27585137125030357
-0.27569417335615454
-0.27553733458408847
-0.275380855591797
-0.2752247368616656
-0.27506897811375197
-0.27491358031930135
-0.274758543729401
-0.2746038685037207
-0.27444955511505287
-0.27429560407934317
-0.2741420156437554
-0.2739887901322374
-0.27383592801416273
-0.2736834297437382
-0.2735312951564918
-0.27337952531531073
-0.273228120039231
-0.27307708009928533
-0.2729264056653367
-0.2727760971000142
-0.2726261547503009
-0.2724765791140765
-0.27232737031318344
-0.2721785288528747
-0.2720300553699816
-0.27188194952338024
-0.2717342123086549
-0.27158684376676534
-0.27143984449371933
-0.27129321461043404
-0.2711469545792656
-0.2710010646409271
-0.2708555454509522
-0.27071039708747974
-0.2705656198380126
-0.27042121437515915
-0.27027718096566666
-0.27013351961536214
-0.269990231164596
-0.26984731571987897
-0.2697047735024561
-0.2695626051036527
-0.26942081088886294
-0.2692793909665508
-0.26913834565202066
-0.2689976757616404
-0.268857381247317
-0.26871746245589484
-0.26857792009839515
-0.268438754048132
-0.2682999648060667
-0.26816155299692035
-0.2680235184112974
-0.26788586195738345
-0.2677485835197189
-0.26761168387451495
-0.26747516303864305
-0.2673390214764696
-0.2672032595643235
-0.26706787771037876
-0.2669328759140716
-0.2667982548656606
-0.2666640146508832
-0.26653015604787367
-0.26639667879040585
-0.2662635835086211
-0.2661308706567162
-0.26599854025852526
-0.2658665930592611
-0.2657350291662509
-0.26560384878914667
-0.2654730525182068
-0.26534264041575994
-0.26521261299794346
-0.2650829706383267
-0.2649537136158747
-0.264824842392749
-0.2646963568725138
-0.2645682576204576
-0.2644405450443113
-0.264313219797462
-0.26418628137389044
-0.26405973082384754
-0.2639335680115475
-0.26380779345841576
-0.2636824076841648
-0.26355741081783324
-0.2634328032249104
-0.2633085850206247
-0.2631847568138874
-0.2630613188311795
-0.26293827150610816
-0.2628156147738772
-0.26269334950173034
-0.2625714754183347
-0.26244999328624435
-0.2623289033908632
-0.2622082057844601
-0.26208790092942646
-0.261967989340573
-0.2618484711273318
-0.2617293465010962
-0.2616106160015499
-0.2614922798873433
-0.26137433844504837
-0.2612567920711249
-0.2611396406890736
-0.26102288501193954
-0.26090652542798837
-0.26079056192927424
-0.26067499499318153
-0.26055982495477964
-0.2604450520554411
-0.2603306764986423
-0.2602166988629541
-0.2601031192737614
-0.2599899379795969
-0.25987715562661007
-0.2597647719398541
-0.25965278778556855
-0.2595412031855597
-0.25943001842598795
-0.25931923401006063
-0.259208850021625
-0.25909886687920913
-0.2589892847988714
-0.25888010413345314
-0.2587713252886976
-0.2586629484125038
-0.2585549739415347
-0.25844740189445203
-0.25834023298991854
-0.2582334672526879
-0.2581271050684716
-0.25802114652807495
-0.2579155922167153
-0.2578104420080415
-0.2577056968552356
-0.25760135653921945
-0.25749742155239747
-0.2573938921642235
-0.25729076844462273
-0.2571880509111173
-0.2570857399014047
-0.2569838357477275
-0.2568823383067606
-0.25678124838986455
-0.2566805659456092
-0.2565802914744812
-0.25648042518756675
-0.25638096733199023
-0.25628191802473915
-0.25618327798622675
-0.25608504720664543
-0.2559872258788319
-0.25588981449843184
-0.2557928132363301
-0.2556962225182077
-0.255600042356215
-0.25550427330242875
-0.2554089154838553
-0.2553139692141981
-0.2552194347285333
-0.2551253123559085
-0.2550316024936739
-0.2549383049675438
-0.2548454206524779
-0.25475294947264066
-0.2546608916285626
-0.2545692477967657
-0.2544780178701184
-0.2543872022043587
-0.2542968012166389
-0.2542068149102952
-0.25411724379526657
-0.2540280881474466
-0.2539393479123909
-0.253851023790218
-0.2537631159254299
-0.25367562427436846
-0.2535885495060717
-0.2535018915780029
-0.25341565110209185
-0.2533298279353262
-0.25324442252600965
-0.2531594353648558
-0.2530748663127031
-0.25299071597168316
-0.25290698444735954
-0.2528236718422752
-0.2527407786859273
-0.2526583051196484
-0.2525762513380907
-0.25249461763767395
-0.25241340456838945
-0.25233261182558603
-0.2522522401546921
-0.2521722895475275
-0.252092760293352
-0.25201365288617067
-0.25193496708767554
-0.2518567035290816
-0.2517788621913274
-0.25170144387349747
-0.2516244485042596
-0.25154787599342016
-0.25147172685355346
-0.25139600153145236
-0.25132070021869685
-0.25124582278626867
-0.2511713697506848
-0.25109734150840174
-0.2510237379848593
-0.2509505596959384
-0.2508778068004185
-0.2508054793980084
-0.25073357782369643
-0.25066210241061754
-0.2505910533438701
-0.2505204308801669
-0.2504502351056755
-0.2503804664128245
-0.2503111250323775
-0.2502422112899665
-0.25017372513149777
-0.250105667081083
-0.2500380371948414
-0.24997083574518358
-0.2499040631294643
-0.24983771922011036
-0.24977180454724882
-0.24970631931432424
-0.24964126371106332
-0.24957663804154834
-0.24951244236657533
-0.24944867711408056
-0.24938534216986505
-0.24932243809445406
-0.2492599649330513
