1025
-2.16206434032746
-2.1615327942499967
-2.161000707934886
-2.160468077267433
-2.1599349052401755
-2.15940118984225
-2.1588669314525313
-2.1583321301488425
-2.157796785595758
-2.157260897746332
-2.156724466904811
-2.156187490602609
-2.1556499733239414
-2.1551119114135715
-2.1545733038164965
-2.1540341521899045
-2.1534944569769174
-2.152954217689597
-2.1524134328657927
-2.151872103754462
-2.1513302288713274
-2.1507878103410976
-2.150244845814922
-2.149701335660355
-2.149157279532214
-2.1486126792902858
-2.1480675319239566
-2.1475218395448286
-2.146975599999861
-2.1464288151606943
-2.145881483781465
-2.145333605042221
-2.1447851812663
-2.1442362084334614
-2.1436866903980185
-2.1431366243513397
-2.142586012256827
-2.1420348514526295
-2.141483143834289
-2.140930888747086
-2.1403780848566103
-2.1398247342525147
-2.139270834830671
-2.1387163878866025
-2.138161391790348
-2.137605848061632
-2.1370497537182853
-2.1364931136606815
-2.1359359225706362
-2.135378182500161
-2.1348198934661244
-2.1342610554201586
-2.1337016678617253
-2.133141730275874
-2.132581243032275
-2.1320202064626175
-2.131458618888339
-2.130896483206657
-2.1303337950241485
-2.129770556955447
-2.12920676896587
-2.1286424289965353
-2.1280775388797526
-2.1275120989544325
-2.126946105956549
-2.126379562911627
-2.1258124682713455
-2.1252448213250057
-2.1246766224669624
-2.124107873730279
-2.123538571476238
-2.1229687177639573
-2.122398312202765
-2.1218273528922293
-2.121255842770727
-2.120683778974676
-2.1201111629867224
-2.1195379943486716
-2.1189642713304013
-2.118389997013461
-2.1178151679232635
-2.1172397862095798
-2.116663850896978
-2.1160873619324185
-2.115510317806542
-2.114932721211237
-2.1143545696513772
-2.1137758641207656
-2.113196604815866
-2.1126167910179734
-2.1120364216537832
-2.111455498779772
-2.110874019855802
-2.110291986448947
-2.1097093984445516
-2.1091262546255702
-2.108542555273406
-2.1079583006874962
-2.107373490612363
-2.106788124344084
-2.1062022013058397
-2.105615724191027
-2.105028689535581
-2.104441098504325
-2.1038529516194178
-2.1032642491248787
-2.1026749873052903
-2.102085171085908
-2.101494796612397
-2.100903866011123
-2.100312377116934
-2.099720332050065
-2.0991277284146705
-2.0985345667217565
-2.0979408496476273
-2.097346573469177
-2.096751738649145
-2.0961563465367212
-2.095560396016615
-2.0949638873526366
-2.094366820171103
-2.0937691938846323
-2.0931710088451165
-2.0925722657892836
-2.0919729627710004
-2.0913731012824406
-2.0907726806825866
-2.0901717006761085
-2.089570160965918
-2.0889680607854877
-2.088365402744063
-2.0877621836173272
-2.0871584051859866
-2.086554065531983
-2.0859491669526236
-2.0853437077004835
-2.084737687827954
-2.0841311076592177
-2.0835239656043663
-2.082916265555848
-2.082308001138091
-2.0816991773957496
-2.081089792593649
-2.080479846151489
-2.07986933833283
-2.079258268690701
-2.0786466377085366
-2.0780344450307515
-2.077421690145515
-2.076808373560867
-2.0761944947678415
-2.075580053166376
-2.0749650492056055
-2.074349483373374
-2.0737333541803413
-2.073116663624314
-2.0724994082961805
-2.0718815907982413
-2.0712632114240086
-2.0706442674476593
-2.0700247607484803
-2.0694046899052876
-2.0687840548760916
-2.068162858545569
-2.0675410959235254
-2.0669187712613177
-2.0662958819823394
-2.0656724280014442
-2.0650484107102307
-2.064423827917275
-2.063798681269352
-2.063172970391148
-2.062546693859714
-2.0619198535055423
-2.061292447703619
-2.0606644753939642
-2.060035939908971
-2.0594068398298977
-2.0587771711708287
-2.058146938262099
-2.0575161414250505
-2.0568847780762165
-2.056252848016166
-2.055620351335476
-2.0549872907118987
-2.0543536632547474
-2.053719468972848
-2.053084706998817
-2.0524493808105926
-2.0518134870088414
-2.051177026066867
-2.0505399990655158
-2.0499024047911365
-2.049264243181923
-2.0486255143057646
-2.047986217382413
-2.0473463545672206
-2.0467059232414164
-2.046064924638154
-2.0454233583282404
-2.0447812236853373
-2.0441385217444243
-2.0434952518306355
-2.0428514132262974
-2.042207005873862
-2.0415620313923077
-2.0409164872911996
-2.040270375574938
-2.0396236946281907
-2.0389764442639606
-2.0383286257675204
-2.0376802386460815
-2.037031280611066
-2.0363817539222087
-2.0357316601406477
-2.0350809943925645
-2.034429759494217
-2.0337779559482208
-2.0331255812591964
-2.0324726373571065
-2.031819123977878
-2.0311650391988616
-2.0305103841133687
-2.0298551605001416
-2.029199366509787
-2.028543000462172
-2.0278860649573858
-2.0272285571819793
-2.0265704805464124
-2.025911831179968
-2.0252526120016157
-2.0245928222733287
-2.023932459774389
-2.023271527003477
-2.0226100223669907
-2.021947946493385
-2.0212852981577902
-2.020622078781787
-2.0199582880992395
-2.0192939237957086
-2.018628989448946
-2.017963481753703
-2.0172974025410557
-2.016630750980417
-2.0159635269865315
-2.0152957302695707
-2.0146273601878373
-2.0139584179345826
-2.013288903003591
-2.012618815228757
-2.011948154650867
-2.0112769202808964
-2.0106051132868354
-2.0099327325959258
-2.0092597779934076
-2.0085862509984946
-2.0079121504417956
-2.007237475203936
-2.0065622277448845
-2.005886405817207
-2.005210009534538
-2.0045330390572893
-2.003855495512596
-2.0031773754593987
-2.002498682602507
-2.0018194149815387
-2.0011395730887402
-2.0004591556666376
-1.9997781647111184
-1.9990965994172454
-1.9984144566524138
-1.9977317415595919
-1.9970484512604443
-1.9963645839204143
-1.9956801422726511
-1.9949951252084157
-1.9943095319352224
-1.993623364889209
-1.9929366209441646
-1.9922493017509695
-1.991561406590287
-1.99087293526686
-1.9901838883644893
-1.989494264788514
-1.9888040667260147
-1.9881132905915226
-1.9874219375819782
-1.9867300094952178
-1.9860375037432363
-1.9853444223891823
-1.9846507652640941
-1.9839565293297317
-1.9832617177553737
-1.9825663283990598
-1.9818703620059763
-1.981173820883059
-1.9804766994255016
-1.9797790014093586
-1.9790807276400277
-1.9783818744598884
-1.9776824443415328
-1.9769824365390425
-1.9762818506314213
-1.9755806877652837
-1.9748789472757753
-1.9741766276474089
-1.9734737302966012
-1.9727702543956378
-1.9720662015314063
-1.9713615695560287
-1.9706563591149082
-1.9699505700488569
-1.9692442018889746
-1.9685372565908628
-1.9678297324521763
-1.9671216287075235
-1.9664129456245658
-1.9657036845330877
-1.9649938442289019
-1.964283424966769
-1.9635724251812996
-1.9628608470512314
-1.9621486889535322
-1.9614359521788116
-1.96072263613076
-1.9600087393854657
-1.9592942649728546
-1.9585792095674193
-1.9578635733596514
-1.9571473572900409
-1.956430561714469
-1.955713186184798
-1.9549952306129854
-1.954276695670303
-1.9535575785703025
-1.9528378830424062
-1.9521176054826206
-1.9513967479838488
-1.9506753099434415
-1.949953290434231
-1.9492306916432216
-1.9485075116397932
-1.9477837502835786
-1.947059407866368
-1.946334483830403
-1.9456089798657
-1.9448828941808942
-1.9441562270457144
-1.9434289785609502
-1.942701148149119
-1.9419727380177074
-1.9412437450741014
-1.9405141710580762
-1.9397840143070828
-1.9390532766471884
-1.9383219569385328
-1.9375900544775755
-1.936857570625307
-1.936124505554527
-1.9353908573478567
-1.9346566260638822
-1.9339218146451274
-1.933186420183575
-1.932450443026244
-1.9317138825376716
-1.930976741526678
-1.9302390164020298
-1.9295007087400582
-1.9287618181076733
-1.9280223451601222
-1.9272822884959242
-1.9265416504173687
-1.9258004289527693
-1.9250586237941532
-1.9243162348657792
-1.9235732638053142
-1.9228297094017823
-1.9220855718321985
-1.9213408497927773
-1.9205955447473084
-1.9198496573957706
-1.9191031846849744
-1.9183561298239171
-1.9176084899907027
-1.9168602663436538
-1.9161114598522773
-1.9153620695107163
-1.9146120943550207
-1.9138615354888764
-1.9131103924169421
-1.912358665254104
-1.9116063534139212
-1.910853458582629
-1.9100999779349908
-1.9093459137476585
-1.9085912649459178
-1.9078360311510203
-1.9070802123596078
-1.9063238107141418
-1.9055668231816276
-1.9048092502009673
-1.9040510937981696
-1.9032923518889182
-1.9025330251974046
-1.9017731140039498
-1.9010126166324899
-1.9002515353045843
-1.8994898679781478
-1.8987276166101772
-1.8979647776529092
-1.8972013559491911
-1.896437347256966
-1.8956727529418955
-1.8949075745055444
-1.8941418094455118
-1.8933754588355605
-1.8926085226849192
-1.8918410010424445
-1.8910728927976912
-1.8903042003073445
-1.889534921487679
-1.8887650565651783
-1.8879946053900976
-1.8872235677813098
-1.8864519452963897
-1.8856797348126444
-1.8849069397130955
-1.8841335583615526
-1.8833595888743715
-1.8825850356634666
-1.88180989445616
-1.8810341669267172
-1.8802578541496764
-1.8794809538580535
-1.878703466486864
-1.8779253929708473
-1.877146733128208
-1.8763674868772393
-1.8755876539697942
-1.8748072328448995
-1.874026223616647
-1.8732446304373824
-1.8724624499324536
-1.8716796821719255
-1.8708963266852117
-1.870112383209435
-1.8693278543705631
-1.868542738293121
-1.8677570334488856
-1.8669707435934855
-1.8661838644601947
-1.865396398681987
-1.8646083447851873
-1.8638197047227183
-1.863030475631482
-1.8622406609335629
-1.8614502565996258
-1.8606592659689853
-1.8598676868774693
-1.8590755216710522
-1.8582827675178202
-1.857489425394249
-1.8566954952177936
-1.855900977809821
-1.85510587194155
-1.854310178196273
-1.8535138969147282
-1.852717027159412
-1.851919570445411
-1.8511215247612705
-1.8503228914715157
-1.8495236684992855
-1.848723858167667
-1.8479234601486476
-1.847122473585615
-1.8463208982549562
-1.8455187350142268
-1.8447159826575423
-1.8439126435077926
-1.8431087135310613
-1.8423041966783789
-1.8414990906731263
-1.8406933961111565
-1.8398871125597929
-1.8390802415675347
-1.8382727804675838
-1.837464732056019
-1.8366560944547803
-1.835846867713892
-1.8350370520001347
-1.8342266482635932
-1.8334156543231013
-1.8326040737408982
-1.8317919023921867
-1.8309791411988794
-1.8301657926979018
-1.8293518546311622
-1.8285373279777113
-1.827722211801822
-1.826906505410828
-1.8260902109281538
-1.8252733273900243
-1.8244558547410632
-1.8236377923971832
-1.8228191413214638
-1.8219999018063646
-1.8211800710201447
-1.820359651610454
-1.8195386426779732
-1.8187170455892179
-1.8178948580348666
-1.8170720812101804
-1.8162487139514982
-1.8154247588704584
-1.8146002131727303
-1.8137750782481799
-1.8129493531868617
-1.8121230389685479
-1.8112961347157048
-1.8104686423716765
-1.8096405595534835
-1.8088118857246753
-1.8079826240054582
-1.807152771584915
-1.8063223297410511
-1.8054912976091098
-1.8046596757379223
-1.8038274651470385
-1.802994662997588
-1.802161272513395
-1.80132729133291
-1.800492720718165
-1.7996575603375156
-1.798821809449795
-1.7979854677555422
-1.7971485381806473
-1.7963110177825612
-1.7954729071869093
-1.7946342066114314
-1.7937949154012751
-1.7929550340827534
-1.7921145632797406
-1.7912735030535683
-1.7904318525137515
-1.78958961130366
-1.7887467793357967
-1.7879033581562203
-1.787059346934227
-1.786214744659731
-1.7853695522024016
-1.7845237710699886
-1.7836773986835581
-1.7828304356538915
-1.7819828823340818
-1.7811347392338985
-1.7802860061693726
-1.7794366819469285
-1.7785867680735254
-1.777736264687288
-1.7768851702927189
-1.7760334848619537
-1.775181209799725
-1.7743283448377467
-1.773474888302282
-1.7726208414141138
-1.771766204915402
-1.7709109790612503
-1.7700551600260004
-1.7691987540434344
-1.7683417552198615
-1.7674841666294128
-1.766625987722366
-1.7657672189374565
-1.764907858054115
-1.7640479078085327
-1.7631873672693377
-1.7623262368664139
-1.7614645148657062
-1.7606022033304158
-1.7597393012137266
-1.7588758082689655
-1.7580117249934608
-1.7571470510435447
-1.7562817861138507
-1.7554159316799618
-1.7545494867195484
-1.7536824503996142
-1.752814824170743
-1.7519466083914255
-1.7510778000112122
-1.7502084037448413
-1.7493384151007716
-1.7484678382304057
-1.7475966685740212
-1.7467249091033972
-1.7458525592911507
-1.744979619392899
-1.7441060877838694
-1.7432319670066379
-1.74235725505565
-1.741481953215069
-1.740606060528755
-1.7397295780956925
-1.7388525045407532
-1.73797483983269
-1.7370965859096905
-1.73621774053132
-1.735338306707016
-1.73445828099894
-1.7335776649780208
-1.7326964585469005
-1.7318146615959367
-1.7309322748970797
-1.730049296397403
-1.72916572905339
-1.7282815718799471
-1.7273968226999616
-1.7265114840414133
-1.7256255543651735
-1.7247390346755673
-1.723851924599395
-1.7229642251663235
-1.7220759336981637
-1.7211870528953406
-1.720297582114776
-1.7194075216913254
-1.718516870390114
-1.7176256279785898
-1.7167337959770474
-1.715841373393972
-1.714948360111697
-1.7140547587324866
-1.7131605655372542
-1.712265783285835
-1.711370409810434
-1.7104744472924933
-1.7095778943092221
-1.70868074995829
-1.7077830162109509
-1.706884692998627
-1.7059857803599916
-1.7050862757665501
-1.7041861831390075
-1.703285499283612
-1.7023842254708603
-1.7014823630239055
-1.7005799084015099
-1.6996768652036685
-1.6987732325935203
-1.697869010055272
-1.6969641967632372
-1.6960587938573979
-1.6951528016577293
-1.694246218435256
-1.6933390472556837
-1.6924312857263626
-1.6915229340776283
-1.6906139925788197
-1.6897044610465122
-1.6887943410316342
-1.6878836305938418
-1.6869723317230318
-1.6860604413250742
-1.6851479634151108
-1.6842348941238865
-1.6833212365102985
-1.6824069896113156
-1.6814921533423939
-1.6805767253598214
-1.6796607113205164
-1.6787441056299888
-1.6778269112409752
-1.676909127679956
-1.675990754047117
-1.6750717922313463
-1.6741522407137641
-1.6732321008877433
-1.6723113717021525
-1.671390051684976
-1.6704681440845333
-1.6695456470819652
-1.6686225602838516
-1.6676988855270116
-1.6667746218945814
-1.6658497682783515
-1.6649243265186147
-1.6639982956995383
-1.6630716763366042
-1.6621444680024207
-1.6612166711328575
-1.6602882849825398
-1.6593593098572679
-1.6584297466933826
-1.6574995940846227
-1.6565688541522408
-1.6556375238026841
-1.6547056075663642
-1.653773100820817
-1.6528400058104231
-1.6519063233263789
-1.6509720517736686
-1.650037192064032
-1.649101745064575
-1.6481657084526864
-1.6472290833563674
-1.6462918714138584
-1.6453540709231655
-1.644415681436334
-1.6434767048692167
-1.6425371396011472
-1.6415969868858507
-1.6406562458931284
-1.6397149181493234
-1.6387730017987112
-1.6378304966161688
-1.6368874043431467
-1.6359437261071013
-1.634999457812219
-1.634054602723069
-1.6331091599416603
-1.6321631307324191
-1.6312165132441374
-1.6302693077302663
-1.6293215152340805
-1.628373135684955
-1.6274241681324997
-1.626474614668746
-1.6255244726996063
-1.6245737446610675
-1.6236224286283834
-1.6226705265129138
-1.621718036389119
-1.6207649604597505
-1.619811296575834
-1.6188570461301794
-1.617902209220038
-1.616946784392933
-1.6159907745779536
-1.6150341769792462
-1.6140769939362583
-1.6131192236052345
-1.6121608663971667
-1.611201923627885
-1.6102423934545986
-1.6092822765516188
-1.6083215748646817
-1.6073602875286783
-1.606398412796023
-1.605435951489687
-1.604472905420669
-1.603509272892429
-1.6025450534400407
-1.601580250378828
-1.6006148605829706
-1.5996488841816494
-1.5986823223134503
-1.5977151749545022
-1.5967474425357135
-1.5957791242828234
-1.5948102204633208
-1.5938407308717895
-1.5928706566969548
-1.591899996828837
-1.5909287521597693
-1.589956922672317
-1.5889845070698336
-1.5880115068957465
-1.5870379215233028
-1.5860637524082608
-1.5850889974489777
-1.5841136578924317
-1.5831377338060901
-1.582161224846031
-1.5811841314644544
-1.5802064533314797
-1.5792281920578037
-1.5782493448262926
-1.5772699141561992
-1.5762898986792429
-1.5753092999065799
-1.574328117077385
-1.5733463495545597
-1.572363998218992
-1.5713810618273492
-1.5703975434340107
-1.5694134413622984
-1.5684287551501688
-1.567443483572891
-1.5664576308098144
-1.5654711931175065
-1.5644841735803352
-1.56349657019804
-1.5625083828702775
-1.5615196135778997
-1.560530259669784
-1.559540323237293
-1.5585498042111057
-1.557558703176977
-1.55656701854262
-1.5555747515018155
-1.5545819011903614
-1.5535884686721222
-1.5525944532221803
-1.551599855803921
-1.5506046759533603
-1.5496089136715403
-1.5486125696276463
-1.5476156431344639
-1.5466181354819102
-1.5456200449872297
-1.544621373574143
-1.5436221198099407
-1.5426222837421566
-1.5416218668462887
-1.5406208677107411
-1.5396192877575963
-1.538617126432752
-1.537614384117664
-1.5366110606107575
-1.5356071555756214
-1.5346026694600168
-1.533597602272593
-1.5325919546550255
-1.531585725679149
-1.530578917777619
-1.5295715279254825
-1.5285635572365883
-1.5275550070762753
-1.5265458758028763
-1.5255361646473489
-1.5245258727050368
-1.5235150003504851
-1.5225035498847683
-1.5214915186390312
-1.5204789079057897
-1.5194657162675909
-1.5184519457552241
-1.5174375965943494
-1.5164226661573605
-1.5154071585964062
-1.5143910704222971
-1.5133744027313651
-1.5123571562365536
-1.51133933090511
-1.5103209273413696
-1.5093019439162338
-1.5082823829259047
-1.5072622423832513
-1.506241523710981
-1.5052202275490043
-1.5041983522373819
-1.5031758973325122
-1.5021528664768542
-1.5011292566107797
-1.5001050698143574
-1.499080303918277
-1.4980549607728775
-1.4970290406724533
-1.4960025410584286
-1.4949754658319812
-1.4939478131910469
-1.4929195828882895
-1.4918907745016095
-1.4908613911642152
-1.4898314301770335
-1.4888008916222928
-1.4877697769989982
-1.4867380857393953
-1.4857058188070487
-1.4846729737508022
-1.48363955341088
-1.4826055570497108
-1.4815709839174978
-1.4805358347924022
-1.4795001101257317
-1.4784638107906052
-1.477426933652867
-1.476389481990543
-1.475351454094679
-1.4743128525723883
-1.4732736752322695
-1.4722339226768515
-1.4711935945354853
-1.470152691877694
-1.4691112137324904
-1.4680691628750435
-1.4670265359627932
-1.4659833346443734
-1.4649395581736986
-1.4638952092670967
-1.4628502852298173
-1.461804787504307
-1.4607587155966164
-1.459712070115679
-1.4586648515998648
-1.4576170588951478
-1.4565686927250547
-1.4555197528929853
-1.4544702414235067
-1.4534201549565209
-1.4523694964607796
-1.451318265145386
-1.450266460083193
-1.4492140832494318
-1.448161134200726
-1.4471076126210027
-1.4460535182498464
-1.4449988523888722
-1.443943614668845
-1.442887804448627
-1.4418314219999193
-1.440774469914747
-1.4397169445111322
-1.438658846757491
-1.437600179525435
-1.4365409408267895
-1.4354811318501177
-1.4344207505433837
-1.4333597987712234
-1.4322982769565156
-1.4312361831788178
-1.430173521313768
-1.4291102869837102
-1.4280464831796122
-1.4269821101168665
-1.4259171662934496
-1.424851653189842
-1.4237855698932558
-1.4227189170075913
-1.421651695358486
-1.4205839039883168
-1.4195155442972947
-1.4184466151284458
-1.4173771156546218
-1.4163070495183274
-1.4152364134680904
-1.4141652100681288
-1.4130934381200853
-1.4120210981113852
-1.410948189956344
-1.4098747123738367
-1.4088006676091704
-1.4077260559759486
-1.4066508759394591
-1.4055751295944212
-1.4044988152007003
-1.4034219338409157
-1.4023444854443488
-1.4012664695517165
-1.4001878880768834
-1.3991087390134316
-1.3980290239129725
-1.3969487429746028
-1.3958678948958008
-1.394786481716934
-1.3937045031277233
-1.3926219566562816
-1.3915388460167002
-1.390455170329126
-1.389370929420179
-1.3882861217973765
-1.3872007502379504
-1.3861148139153514
-1.3850283130855963
-1.3839412462068668
-1.3828536155670081
-1.381765422296512
-1.3806766623584128
-1.3795873399226488
-1.37849745144393
-1.377407002297957
-1.3763159886474474
-1.3752244103803846
-1.3741322704591605
-1.3730395665031465
-1.3719462990005613
-1.370852468715509
-1.3697580756199774
-1.3686631210421007
-1.3675676031935622
-1.3664715248445607
-1.3653748823452663
-1.364277678885023
-1.36317991261029
-1.3620815860057673
-1.3609826979897024
-1.3598832472794642
-1.3587832365179444
-1.3576826629568863
-1.3565815303807034
-1.35547983708911
-1.3543775844353962
-1.353274768606981
-1.3521713936758188
-1.351067458478416
-1.3499629636514616
-1.3488579097081483
-1.3477522953536223
-1.3466461202947018
-1.345539387864932
-1.3444320962057996
-1.3433242452925886
-1.342215835547685
-1.3411068666974855
-1.3399973393549052
-1.3388872538867482
-1.3377766101101616
-1.3366654086466274
-1.3355536493039288
-1.334441333038164
-1.333328458273831
-1.3322150270224848
-1.331101038215975
-1.3299864911892418
-1.3288713884316292
-1.3277557286556876
-1.3266395121271692
-1.3255227406151326
-1.3244054117984236
-1.3232875272492903
-1.3221690866500506
-1.321050090761655
-1.319930538332782
-1.3188104320288325
-1.3176897691892162
