1025
-0.7878253068171692
-0.7877085420786668
-0.7875909849049804
-0.787472641002545
-0.7873535051947554
-0.7872335808173747
-0.7871128671478062
-0.7869913633168641
-0.7868690703273918
-0.7867459871903165
-0.7866221139539389
-0.7864974534181903
-0.7863719987482108
-0.7862457557812721
-0.7861187258940985
-0.785990905282854
-0.7858622943098516
-0.7857328924735807
-0.7856027025555199
-0.7854717219831312
-0.7853399529200823
-0.785207391711066
-0.7850740420317022
-0.7849399029701146
-0.7848049747599929
-0.784669254885555
-0.7845327466639026
-0.7843954471206374
-0.7842573603354893
-0.7841184817029343
-0.7839788133257528
-0.7838383567516071
-0.7836971075553636
-0.7835550724081085
-0.7834122448679119
-0.7832686286039938
-0.7831242212541774
-0.7829790259961497
-0.782833040135795
-0.782686263818213
-0.7825386998490148
-0.782390343584222
-0.7822411994750957
-0.7820912639119727
-0.7819405404982335
-0.7817890257138486
-0.7816367248596265
-0.7814836292496615
-0.7813297470963299
-0.7811750752924286
-0.7810196141287714
-0.7808633620545247
-0.7807063210239056
-0.7805484907412238
-0.7803898711918761
-0.7802304605487275
-0.7800702624674003
-0.779909271489603
-0.7797474946382343
-0.7795849275094295
-0.7794215699742146
-0.7792574251530613
-0.7790924895079762
-0.7789267628067206
-0.7787602497132029
-0.7785929457178556
-0.7784248525021122
-0.778255971255588
-0.7780863013570877
-0.7779158392152826
-0.7777445903630587
-0.7775725513603913
-0.777399722690317
-0.777226107463277
-0.7770517000506109
-0.776876505461463
-0.7767005211283942
-0.7765237473217572
-0.7763461870491826
-0.7761678345925782
-0.7759886959656084
-0.7758087671555428
-0.7756280496235598
-0.775446543755073
-0.7752642505922496
-0.7750811666167262
-0.7748972957286526
-0.7747126352539129
-0.7745271859312963
-0.7743409481321752
-0.7741539229403629
-0.7739661078022244
-0.7737775058536985
-0.7735881148945625
-0.7733979345704514
-0.7732069669489455
-0.7730152114821078
-0.7728226676069304
-0.7726293353024907
-0.772435215255265
-0.7722403083884042
-0.7720446113663659
-0.7718481274127954
-0.7716508563801963
-0.7714527965597705
-0.771253947251542
-0.7710543143589448
-0.7708538903136454
-0.7706526804782028
-0.7704506819297825
-0.7702478967758601
-0.7700443234347175
-0.7698399632130625
-0.7696348174285899
-0.7694288805615882
-0.769222157868219
-0.7690146496029713
-0.7688063525599215
-0.7685972691758108
-0.7683873984343166
-0.7681767405038805
-0.7679652966550152
-0.7677530661084212
-0.7675400475906212
-0.7673262438162419
-0.7671116526554963
-0.7668962741379097
-0.7666801098937731
-0.7664631597391709
-0.7662454237516323
-0.7660268991311365
-0.765807589744805
-0.7655874936506539
-0.7653666132021206
-0.7651449448481059
-0.7649224910162763
-0.764699251499944
-0.7644752252500205
-0.7642504156161339
-0.7640248157299939
-0.7637984359452132
-0.7635712675923922
-0.763343313345262
-0.7631145746085264
-0.7628850504840858
-0.7626547413453361
-0.7624236466081578
-0.7621917674153962
-0.7619591026967566
-0.7617256526130779
-0.7614914182628943
-0.7612563999114226
-0.7610205964676092
-0.7607840074143536
-0.7605466358430173
-0.7603084770880535
-0.7600695366312419
-0.7598298113235991
-0.7595892998439097
-0.7593480059097164
-0.7591059272060412
-0.7588630658617325
-0.7586194216124504
-0.7583749897691562
-0.7581297784700168
-0.75788378014601
-0.7576369996579126
-0.7573894367940169
-0.7571410884801371
-0.7568919589647374
-0.7566420457196555
-0.7563913486366234
-0.7561398697351124
-0.7558876061652154
-0.7556345615866683
-0.7553807360256756
-0.755126125095946
-0.7548707299528766
-0.7546145581226706
-0.7543576016279779
-0.7540998604184865
-0.753841338080706
-0.7535820351117573
-0.7533219517243892
-0.7530610824862783
-0.7527994334528156
-0.7525370030912226
-0.7522737935169967
-0.7520097986330188
-0.7517450242915421
-0.7514794691578952
-0.7512131313006707
-0.7509460136259037
-0.750678115205174
-0.7504094360972229
-0.7501399777361395
-0.7498697365091689
-0.749598715835835
-0.7493269151140561
-0.7490543334035852
-0.7487809724770931
-0.7485068308052071
-0.7482319087420821
-0.7479562078056824
-0.7476797284670524
-0.7474024671786382
-0.7471244282983989
-0.7468456082426407
-0.7465660102840771
-0.7462856339550992
-0.7460044773858343
-0.7457225410230115
-0.7454398292218474
-0.7451563378270033
-0.7448720640809889
-0.7445870160693727
-0.7443011893208685
-0.7440145824896036
-0.7437271998773328
-0.7434390387251163
-0.7431500982802701
-0.7428603829689515
-0.7425698900601417
-0.7422786168776029
-0.7419865663108929
-0.7416937413138237
-0.7414001371081058
-0.7411057587134725
-0.7408106004032099
-0.7405146684392185
-0.7402179580859545
-0.7399204700240101
-0.7396222086593166
-0.7393231693655897
-0.7390233545174397
-0.7387227636608005
-0.7384213985841828
-0.738119256281388
-0.7378163379893377
-0.7375126471631448
-0.7372081778023228
-0.7369029353921384
-0.7365969165648858
-0.7362901234614428
-0.7359825557626024
-0.7356742137417914
-0.7353650982785894
-0.7350552077956758
-0.734744543364906
-0.7344331044420912
-0.734120891425004
-0.7338079061606889
-0.7334941459758331
-0.7331796134215356
-0.7328643077660508
-0.7325482280744737
-0.7322313748206644
-0.7319137504286033
-0.731595350750812
-0.7312761796872588
-0.7309562368093597
-0.7306355221622337
-0.7303140331927541
-0.7299917762539893
-0.7296687448847862
-0.7293449422928501
-0.729020367595823
-0.728695023016123
-0.7283689056151478
-0.7280420162803488
-0.7277143602834302
-0.7273859291307128
-0.7270567275244674
-0.7267267586194206
-0.726396017726241
-0.7260645065815291
-0.7257322270272383
-0.7253991750034741
-0.7250653545051206
-0.724730764202232
-0.7243954049949379
-0.7240592761855102
-0.7237223785455704
-0.7233847126654113
-0.7230462755343523
-0.7227070723658644
-0.7223671018791034
-0.7220263607423723
-0.7216848534936557
-0.7213425769386552
-0.720999530658326
-0.720655720416512
-0.7203111405139242
-0.7199657947206518
-0.7196196818213576
-0.719272798392134
-0.718925152370084
-0.7185767395092868
-0.7182275570458209
-0.7178776114911838
-0.7175268990787588
-0.7171754204317106
-0.716823176992897
-0.7164701662527051
-0.7161163897742394
-0.7157618501192036
-0.7154065441150432
-0.7150504743769255
-0.7146936382082982
-0.7143360384351399
-0.7139776741737468
-0.7136185460710722
-0.7132586546859998
-0.7128979971524696
-0.7125365761127703
-0.712174392876853
-0.7118114474144109
-0.7114477365504974
-0.7110832632966182
-0.7107180269091621
-0.7103520301198487
-0.7099852695603325
-0.7096177471779107
-0.7092494619562366
-0.7088804146276838
-0.7085106066068043
-0.7081400345705716
-0.7077687024779217
-0.7073966112474823
-0.7070237591339488
-0.7066501450680257
-0.7062757699957611
-0.7059006346692851
-0.7055247377751781
-0.7051480841610983
-0.7047706674172118
-0.7043924932051652
-0.7040135583879614
-0.7036338646261605
-0.7032534128749004
-0.7028722001345482
-0.7024902288480902
-0.702107500286068
-0.7017240130606345
-0.7013397693570125
-0.7009547650038577
-0.7005690040419638
-0.7001824858767582
-0.6997952101321109
-0.6994071786192779
-0.6990183868454257
-0.6986288401655105
-0.6982385365605739
-0.6978474780566468
-0.6974556618336618
-0.6970630901859622
-0.6966697640459031
-0.6962756810998411
-0.6958808417883707
-0.6954852486846813
-0.6950889025388165
-0.6946917974439009
-0.6942939397209472
-0.693895327945491
-0.6934959631473846
-0.6930958412330046
-0.6926949679996067
-0.6922933408684093
-0.6918909610378007
-0.6914878272942391
-0.6910839416803151
-0.6906793015929855
-0.690273908960397
-0.6898677652806676
-0.6894608703982447
-0.689053222054061
-0.6886448222069217
-0.6882356705941645
-0.6878257694000183
-0.6874151168119174
-0.6870037108641234
-0.6865915575470577
-0.6861786513517182
-0.6857649969642179
-0.6853505928376008
-0.6849354372797064
-0.6845195319542441
-0.6841028788341315
-0.6836854760624828
-0.683267324636763
-0.6828484245618517
-0.6824287767060506
-0.682008378649416
-0.6815872349484454
-0.6811653420425234
-0.6807427017377122
-0.6803193150846077
-0.6798951816853565
-0.6794702987130007
-0.6790446711431323
-0.6786182980347819
-0.6781911765170495
-0.6777633101143091
-0.6773346979437898
-0.6769053393155581
-0.6764752369308433
-0.6760443877306757
-0.6756127950626638
-0.675180456306127
-0.6747473761663806
-0.6743135478471978
-0.6738789788018978
-0.6734436655616768
-0.6730076069637538
-0.6725708070992054
-0.6721332639546775
-0.6716949777360988
-0.6712559487081204
-0.6708161783936327
-0.6703756635772952
-0.669934407669691
-0.6694924104805435
-0.6690496725793278
-0.6686061940126534
-0.6681619722893877
-0.667717013314285
-0.6672713113592426
-0.6668248690705699
-0.6663776897898042
-0.6659297666992999
-0.6654811067381242
-0.6650317071202351
-0.6645815664138542
-0.6641306889406196
-0.6636790734076781
-0.6632267190138817
-0.6627736259228829
-0.6623197945618194
-0.6618652254752144
-0.6614099211808473
-0.6609538820388577
-0.660497100970294
-0.6600395842153199
-0.6595813314887495
-0.6591223433581685
-0.658662621284687
-0.658202160444495
-0.6577409643195659
-0.6572790358281182
-0.6568163684883737
-0.6563529699580654
-0.6558888360201186
-0.655423968498577
-0.654958365349874
-0.6544920313361723
-0.6540249609036817
-0.6535571604093436
-0.6530886247708744
-0.6526193577511258
-0.6521493560069367
-0.6516786245688965
-0.6512071610487983
-0.6507349663513524
-0.6502620391532334
-0.6497883822225556
-0.6493139937748532
-0.6488388741528972
-0.6483630255989811
-0.6478864447473465
-0.6474091355840386
-0.6469310958086238
-0.6464523290827465
-0.6459728317925969
-0.6454926056508709
-0.6450116506861973
-0.6445299686400985
-0.6440475577857537
-0.643564420446299
-0.6430805527803878
-0.6425959614886219
-0.6421106414301161
-0.641624594688697
-0.6411378223169094
-0.6406503241239563
-0.640162098081867
-0.6396731489843295
-0.639183472032453
-0.6386930706984802
-0.6382019454811031
-0.6377100954188054
-0.6372175204280254
-0.6367242234297803
-0.6362301986163345
-0.6357354537256565
-0.6352399872356637
-0.6347437944335577
-0.6342468805929388
-0.6337492428670015
-0.6332508844433551
-0.6327518056943724
-0.632252003190863
-0.6317514799651662
-0.6312502344926233
-0.6307482704658159
-0.630245584429745
-0.6297421766528923
-0.6292380523986295
-0.6287332073549622
-0.6282276431204886
-0.6277213575174052
-0.6272143551631307
-0.6267066338703328
-0.6261981961500706
-0.6256890375117772
-0.6251791631630641
-0.6246685704971895
-0.62415726179967
-0.6236452358645966
-0.6231324933860407
-0.6226190329010344
-0.6221048571610371
-0.6215899680501727
-0.6210743602945261
-0.6205580395393343
-0.6200410029011402
-0.6195232523803973
-0.6190047875590735
-0.6184856075175726
-0.6179657159963219
-0.6174451083317829
-0.6169237898779488
-0.6164017565619829
-0.6158790113783243
-0.6153555546327656
-0.6148313870327863
-0.6143065041933242
-0.6137809116853685
-0.6132546082685048
-0.6127275933995542
-0.6121998696113345
-0.6116714353993741
-0.6111422902173284
-0.6106124345827232
-0.6100818694110595
-0.609550596607448
-0.6090186158970063
-0.6084859246602952
-0.607952525296934
-0.6074184197167654
-0.6068836059686442
-0.606348082903286
-0.6058118545093037
-0.6052749196374406
-0.6047372785223888
-0.6041989306888422
-0.6036598761885169
-0.6031201180671634
-0.6025796538916564
-0.6020384827616103
-0.6014966082376552
-0.6009540310552944
-0.6004107481680443
-0.5998667611376916
-0.5993220724463446
-0.5987766807599181
-0.5982305852377277
-0.5976837852695132
-0.5971362875051166
-0.5965880824722856
-0.5960391794702715
-0.5954895744468502
-0.594939267858321
-0.5943882605371885
-0.5938365547577323
-0.593284147619198
-0.5927310400896022
-0.5921772325143831
-0.5916227271665783
-0.5910675217026201
-0.5905116180932619
-0.5899550167646812
-0.5893977169917622
-0.5888397201140938
-0.588281027178841
-0.5877216348776763
-0.5871615468596648
-0.5866007631756078
-0.5860392830617418
-0.5854771052364001
-0.5849142358236447
-0.584350667029659
-0.5837864063028508
-0.5832214477410541
-0.5826557982235584
-0.5820894538988249
-0.5815224164267913
-0.5809546846168778
-0.5803862619545214
-0.5798171440825215
-0.5792473358125384
-0.5786768346207737
-0.5781056422518851
-0.5775337570848428
-0.5769611821416591
-0.5763879181550251
-0.5758139615486624
-0.5752393162060863
-0.5746639782123187
-0.5740879528991677
-0.5735112387298513
-0.5729338356465365
-0.5723557440332477
-0.5717769633229584
-0.5711974970830307
-0.570617341322244
-0.5700364972753187
-0.5694549689276367
-0.5688727527143893
-0.5682898511930536
-0.567706263656034
-0.5671219905803777
-0.566537030705678
-0.5659513885842388
-0.5653650603231021
-0.5647780475280599
-0.5641903498188793
-0.563601969605191
-0.5630129075593368
-0.5624231611354993
-0.5618327327417854
-0.5612416234482632
-0.5606498286355136
-0.5600573548680727
-0.559464198103068
-0.5588703616280909
-0.5582758430295135
-0.557680645016962
-0.5570847688352127
-0.5564882118796618
-0.5558909747182393
-0.5552930575927838
-0.5546944656150847
-0.5540951911368273
-0.5534952410064492
-0.5528946134947955
-0.5522933064705888
-0.5516913258168301
-0.551088666702745
-0.5504853305805656
-0.5498813183007714
-0.5492766318001959
-0.5486712699755536
-0.5480652324207305
-0.5474585219968682
-0.5468511347501162
-0.5462430742212866
-0.5456343409311876
-0.5450249348757646
-0.5444148560918899
-0.5438041029000172
-0.5431926786718104
-0.5425805808383166
-0.541967814625628
-0.5413543741610185
-0.5407402656726794
-0.5401254844880988
-0.5395100331584379
-0.5388939117539724
-0.5382771248234609
-0.5376596629954202
-0.5370415358725946
-0.5364227399205427
-0.5358032751110219
-0.5351831444413411
-0.5345623441339633
-0.5339408771189756
-0.5333187425276729
-0.5326959420920029
-0.5320724780975317
-0.531448346025461
-0.5308235493041029
-0.5301980884949276
-0.529571961267115
-0.5289451702340502
-0.5283177164532155
-0.527689597835994
-0.5270608165262064
-0.5264313718099939
-0.5258012646669795
-0.5251704954357139
-0.5245390647587762
-0.5239069730190091
-0.5232742195257123
-0.5226408063032127
-0.5220067307294405
-0.5213719983803815
-0.5207366015431502
-0.5201005491015864
-0.5194638368559066
-0.5188264650645581
-0.5181884353703299
-0.5175497482118692
-0.5169104011510475
-0.5162703999372055
-0.5156297414539507
-0.5149884246027149
-0.5143464526256295
-0.5137038261194801
-0.5130605425075792
-0.5124166052698454
-0.5117720124023712
-0.5111267652384137
-0.510480862636896
-0.5098343078487193
-0.5091871010886119
-0.5085392405825391
-0.5078907247350916
-0.5072415607298103
-0.5065917431256068
-0.5059412746762025
-0.5052901531616071
-0.5046383821922577
-0.5039859620794083
-0.5033328909826381
-0.5026791699191377
-0.5020248008639462
-0.5013697804401832
-0.5007141138838127
-0.5000577972594178
-0.4994008343057023
-0.4987432224412462
-0.49808496481471864
-0.49742605902895987
-0.49676650814569523
-0.4961063114166745
-0.4954454677502658
-0.49478398167900617
-0.4941218473971349
-0.4934590703182959
-0.4927956477684755
-0.4921315825469356
-0.49146687436389414
-0.4908015216546629
-0.49013552803784044
-0.48946889313318687
-0.48880161346611417
-0.4881336914894211
-0.48746513071414654
-0.4867959292211221
-0.4861260862703973
-0.48545560322855036
-0.48478448241702926
-0.48411271869191375
-0.4834403175733246
-0.4827672788428182
-0.4820936019565225
-0.48141928670454526
-0.48074433364249786
-0.4800687440568527
-0.47939251779927644
-0.47871565544875444
-0.4780381564239603
-0.47736002234617286
-0.4766812525607611
-0.47600184732812195
-0.47532180929103535
-0.4746411373213183
-0.47395983080747167
-0.4732778900146258
-0.47259531748639766
-0.4719121123679553
-0.47122827492547037
-0.47054380623832204
-0.46985870583753675
-0.4691729745887595
-0.46848661087102295
-0.46779961924393054
-0.4671119965778325
-0.46642374505484224
-0.46573486338861037
-0.46504535263599217
-0.46435521510088706
-0.46366444904951276
-0.4629730571911779
-0.4622810354176419
-0.46158838675303976
-0.4608951124566266
-0.46020121468176
-0.45950668764987557
-0.4588115383274704
-0.45811576065381127
-0.45741935976235787
-0.45672233614674707
-0.45602468648595645
-0.45532641592110296
-0.4546275218820514
-0.45392800466362426
-0.4532278637473105
-0.45252710251170064
-0.45182571967371765
-0.4511237160257461
-0.4504210918504862
-0.44971784767648276
-0.4490139832882888
-0.4483094995864906
-0.44760439708459493
-0.44689867514801807
-0.44619233575953865
-0.4454853767111651
-0.44477780172439085
-0.4440696086799937
-0.44336079896080416
-0.44265137443544267
-0.4419413324583688
-0.4412306764289432
-0.440519403983389
-0.43980751682528524
-0.43909501460522016
-0.43838189882622225
-0.43766816998716324
-0.4369538277127874
-0.43623887322380644
-0.43552330584565785
-0.4348071268571979
-0.434090333817193
-0.4333729317901693
-0.4326549191302721
-0.43193629467741856
-0.43121706172860813
-0.4304972182268194
-0.4297767661859129
-0.4290557065323835
-0.42833403511102597
-0.42761175690827785
-0.42688887111948903
-0.426165379611976
-0.4254412799511701
-0.42471657284043085
-0.42399126204079296
-0.42326534241901315
-0.42253881930692966
-0.4218116924387959
-0.42108396040687585
-0.42035562413919075
-0.4196266832449973
-0.41889714115822774
-0.41816699382289557
-0.417436245918167
-0.4167048950651705
-0.41597294174826566
-0.41524038794409485
-0.4145072356240651
-0.41377347950611637
-0.41303912459843567
-0.412304168876377
-0.4115686160529622
-0.41083246330413575
-0.4100957113182869
-0.40935836429481764
-0.4086204167373496
-0.4078818722921666
-0.40714273180052823
-0.4064029969144027
-0.4056626619654716
-0.40492173259086484
-0.40418020940683835
-0.40343809118868207
-0.4026953776183226
-0.40195206928446336
-0.40120816983735397
-0.4004636755309688
-0.3997185886061825
-0.3989729104737108
-0.39822664051712037
-0.39747977811741153
-0.3967323230313618
-0.3959842808505271
-0.3952356469335398
-0.3944864238874819
-0.3937366091489658
-0.3929862056892712
-0.3922352140342909
-0.3914836353151518
-0.39073146781145657
-0.38997871401072
-0.3892253703028871
-0.38847144244944803
-0.38771692803660857
-0.38696182940497376
-0.3862061425100194
-0.3854498724024535
-0.3846930174223238
-0.3839355781643548
-0.3831775550490325
-0.3824189480528071
-0.38165975892539583
-0.38089998743467285
-0.38013963460181316
-0.37937869749337755
-0.37861718207239403
-0.37785508465676415
-0.37709240669334293
-0.37632915026832503
-0.37556531342527594
-0.37480089624585533
-0.3740359010961985
-0.3732703284374193
-0.3725041766375171
-0.37173744739986014
-0.3709701419254696
-0.3702022606134092
-0.36943379958462563
-0.3686647657453704
-0.3678951582610773
-0.3671249727261874
-0.3663542133169884
-0.36558287811929224
-0.364810972038523
-0.3640384920256703
-0.3632654382239485
-0.3624918139765433
-0.3617176140742892
-0.3609428455983045
-0.36016750558033245
-0.35939159316788755
-0.35861511194714124
-0.3578380600695272
-0.3570604391560811
-0.35628224937347125
-0.3555034900366753
-0.35472416352828073
-0.35394426716984534
-0.3531638046918983
-0.35238277737428547
-0.35160118025443504
-0.35081901920830144
-0.3500362905394134
-0.34925299651027447
-0.3484691379413405
-0.3476847149408756
-0.3468997301210189
-0.34611418085065454
-0.3453280669927654
-0.3445413920779164
-0.3437541526743819
-0.3429663529564944
-0.3421779914299869
-0.34138906893247684
-0.34059958678500507
-0.3398095425847636
-0.33901894058824544
-0.3382277778663568
-0.3374360561072047
-0.3366437772972587
-0.3358509386280684
-0.3350575421020639
-0.33426359165807223
-0.3334690819698538
-0.3326740155132954
-0.33187839261597973
-0.3310822169820891
-0.330285484630908
-0.3294881969420327
-0.3286903550944873
-0.3278919620127453
-0.3270930139554483
-0.3262935105378436
-0.3254934584848697
-0.32469285229617734
-0.3238916976455791
-0.3230899866624887
-0.32228772694229063
-0.32148491842961846
-0.3206815576342858
-0.31987764885626496
-0.31907319160806624
-0.31826818592327266
-0.3174626322110168
-0.3166565288534167
-0.31584987959020283
-0.3150426811246906
-0.3142349389684813
-0.3134266496098307
-0.31261781622062645
-0.31180843544893244
-0.31099851028255826
-0.31018804249940435
-0.30937702919585
-0.3085654750751665
-0.3077533757139105
-0.30694073391901716
-0.30612754740138415
-0.3053138237775071
-0.30449955739859386
-0.30368475079155544
-0.30286940273672386
-0.30205351371448197
-0.301237086880653
-0.30042012272648216
-0.29960261699754537
-0.29878457332681757
-0.29796599212163616
-0.2971468736135915
-0.29632721913871884
-0.29550702826292924
-0.29468630113867006
-0.2938650384112404
-0.2930432401275024
-0.2922209072728711
-0.2913980392009426
-0.2905746385352262
-0.2897507033412193
-0.28892623568302545
-0.2881012375046407
-0.28727570567345867
-0.28644964229325426
-0.28562304830216
-0.28479592140646026
-0.28396826608789255
-0.28314008058596013
-0.2823113658230331
-0.28148212168410036
-0.28065235020812707
-0.2798220483884079
-0.27899122104651725
