1025
-2.267073892962325
-2.2673354459630626
-2.2675967723308204
-2.2678578747423774
-2.2681187506588527
-2.2683794015485126
-2.2686398269128896
-2.268900026315619
-2.269160000070166
-2.26941974767983
-2.269679268987406
-2.269938565316876
-2.2701976332601923
-2.270456475503992
-2.2707150925747794
-2.2709734826611263
-2.2712316457214934
-2.271489581515546
-2.2717472912066596
-2.272004773498475
-2.2722620293279467
-2.2725190568437834
-2.2727758577107227
-2.2730324313927346
-2.2732887779089337
-2.273544895902158
-2.273800786970421
-2.274056449546903
-2.274311885396741
-2.274567092351847
-2.274822071291481
-2.2750768228229
-2.2753313447644636
-2.2755856401637615
-2.27583970587296
-2.2760935435919567
-2.276347152005516
-2.2766005326184846
-2.276853683979588
-2.2771066061488225
-2.2773593002617663
-2.277611764123264
-2.277863999655762
-2.2781160051249936
-2.2783677820772663
-2.278619328807641
-2.278870647666476
-2.2791217344934687
-2.279372593123517
-2.2796232219199353
-2.2798736209078356
-2.280123789361461
-2.2803737279817184
-2.2806234366475167
-2.280872915169699
-2.281122162673567
-2.2813711807298636
-2.2816199666824803
-2.28186852374928
-2.282116849751718
-2.282364944560104
-2.2826128095353138
-2.282860442919787
-2.2831078445005777
-2.283355016423738
-2.2836019563942913
-2.2838486651729295
-2.2840951432310446
-2.2843413901465763
-2.284587404111657
-2.2848331877037698
-2.28507873918965
-2.285324058675109
-2.285569147546601
-2.2858140030894463
-2.286058627555143
-2.2863030196093894
-2.286547179331286
-2.2867911080074923
-2.287034802888464
-2.2872782666756164
-2.2875214974153373
-2.28776449571958
-2.2880072615934144
-2.288249795577123
-2.2884920957969475
-2.2887341640568244
-2.288975999020843
-2.2892176008712166
-2.289458969730923
-2.2897001060800246
-2.289941008509324
-2.2901816785217064
-2.2904221148957675
-2.290662317457768
-2.290902287012246
-2.2911420232523017
-2.291381525790645
-2.291620794549695
-2.2918598297891752
-2.2920986318644667
-2.2923371989738746
-2.292575532745115
-2.2928136328977526
-2.293051498561233
-2.2932891293002027
-2.29352652786044
-2.29376369051665
-2.2940006197481737
-2.294237314064495
-2.2944737744470682
-2.294709999900346
-2.2949459911567276
-2.2951817485794095
-2.2954172695188526
-2.2956525564381067
-2.295887609299813
-2.296122426527319
-2.296357009149085
-2.296591356627767
-2.29682546897124
-2.2970593466683695
-2.2972929892650504
-2.2975263960371755
-2.297759568238671
-2.297992504747815
-2.2982252055206267
-2.298457671170222
-2.2986899015414903
-2.2989218967070864
-2.2991536550747607
-2.2993851785248447
-2.299616465955081
-2.2998475184234892
-2.30007833417568
-2.3003089142709676
-2.3005392585077917
-2.3007693663753352
-2.3009992392898515
-2.3012288739170383
-2.30145827510103
-2.3016874386529733
-2.301916365773923
-2.3021450569800015
-2.3023735118059903
-2.3026017303422437
-2.3028297122069468
-2.303057457803028
-2.30328496668505
-2.30351223875423
-2.3037392744107223
-2.3039660737512233
-2.304192636178079
-2.3044189613470807
-2.3046450505617146
-2.304870901646408
-2.3050965171088795
-2.3053218952541283
-2.305547035452145
-2.305771939436819
-2.305996605930999
-2.3062210359076762
-2.306445229117177
-2.306669183289737
-2.3068929021936535
-2.307116382163988
-2.3073396254000333
-2.3075626317139317
-2.3077853996069253
-2.3080079309959713
-2.308230224534987
-2.308452280163553
-2.3086740987813497
-2.308895678905214
-2.30911702211739
-2.3093381284747685
-2.3095589957373033
-2.309779624423752
-2.3100000179651548
-2.310220172532177
-2.310440088025987
-2.310659766051679
-2.3108792067596657
-2.3110984101672467
-2.31131737363206
-2.3115360998887162
-2.3117545882328345
-2.311972839504082
-2.312190850738317
-2.3124086246593527
-2.31262616056288
-2.3128434574361862
-2.313060516534658
-2.313277337395715
-2.3134939199558997
-2.313710264780666
-2.3139263700977013
-2.314142237496936
-2.314357866476818
-2.314573256698696
-2.3147884088111144
-2.31500332198803
-2.315217996390873
-2.3154324326210096
-2.3156466308076684
-2.3158605892185666
-2.316074309843768
-2.3162877908949278
-2.31650103381681
-2.3167140383570954
-2.3169268035378323
-2.3171393295016656
-2.317351618185616
-2.317563667587161
-2.317775476306805
-2.3179870481134257
-2.3181983807885325
-2.3184094736498957
-2.3186203286188047
-2.3188309442943655
-2.3190413203570572
-2.3192514586635036
-2.3194613579736836
-2.31967101689107
-2.3198804367093966
-2.320089618739888
-2.320298560697551
-2.320507264820089
-2.3207157283498834
-2.320923954147168
-2.321131939911918
-2.321339685946984
-2.3215471941640056
-2.3217544623368203
-2.321961491570386
-2.322168281479993
-2.3223748328812936
-2.322581144311641
-2.322787216225852
-2.3229930502222818
-2.323198643352258
-2.323403998144483
-2.3236091130030507
-2.323813988750621
-2.32401862521071
-2.324223022464441
-2.324427180871008
-2.3246310995325263
-2.3248347789160184
-2.325038218736256
-2.325241419057891
-2.3254443806593676
-2.3256471022919545
-2.325849584993812
-2.326051828444553
-2.32625383199127
-2.326455595927386
-2.3266571212722544
-2.3268584059609223
-2.3270594517978895
-2.3272602584997255
-2.327460825986084
-2.3276611530527287
-2.327861242578615
-2.3280610914403366
-2.328260701104989
-2.328460071073084
-2.3286592023399497
-2.3288580933900795
-2.329056744615013
-2.3292551584287757
-2.3294533307351
-2.3296512637145566
-2.3298489587606683
-2.3300464136025525
-2.330243629009953
-2.330440605732972
-2.3306373417680626
-2.3308338390579006
-2.3310300967883673
-2.331226115321203
-2.331421894348985
-2.331617434029516
-2.331812734684857
-2.3320077947550093
-2.3322026166738064
-2.3323971997768864
-2.332591542411357
-2.3327856466161583
-2.3329795108439204
-2.3331731348425344
-2.333366521229164
-2.3335596672731955
-2.3337525746877055
-2.3339452428151235
-2.3341376699507084
-2.334329859883644
-2.3345218103853234
-2.3347135201811597
-2.334904992275662
-2.3350962247619447
-2.3352872179598556
-2.335477972402933
-2.335668486894506
-2.3358587620693454
-2.33604879908026
-2.3362385964269046
-2.3364281551758896
-2.336617473973653
-2.336806554211848
-2.336995395343948
-2.337183997607544
-2.3373723612235517
-2.337560484707529
-2.3377483693051215
-2.337936015546537
-2.338123423356618
-2.3383105912069424
-2.338497520388693
-2.3386842105365475
-2.3388706628614764
-2.339056875680336
-2.339242849914525
-2.3394285849631062
-2.3396140810984387
-2.3397993389992107
-2.3399843569488032
-2.3401691368379205
-2.340353678968558
-2.3405379824534407
-2.340722046782705
-2.340905872301884
-2.341089459304444
-2.3412728070913262
-2.3414559178888634
-2.3416387886347705
-2.3418214219634796
-2.3420038163220895
-2.3421859723626053
-2.342367890549268
-2.3425495693439715
-2.3427310099288183
-2.34291221273006
-2.3430931771299734
-2.3432739040164474
-2.343454391437644
-2.3436346412041806
-2.343814652955009
-2.3439944264871917
-2.3441739625504194
-2.3443532590187353
-2.3445323183326576
-2.344711139471438
-2.3448897233238344
-2.3450680685500003
-2.345246176107468
-2.3454240464346063
-2.3456016783758313
-2.3457790720077565
-2.3459562285841975
-2.346133148288242
-2.346309828412826
-2.346486271741756
-2.3466624776244527
-2.3468384465031487
-2.347014176333359
-2.347189669841157
-2.3473649257282614
-2.3475399444985428
-2.347714725517652
-2.3478892697296097
-2.3480635757517576
-2.3482376445682567
-2.3484114767479354
-2.348585072203308
-2.3487584297571495
-2.3489315502928187
-2.3491044336746336
-2.3492770808397982
-2.3494494908570926
-2.349621662812156
-2.349793599408802
-2.3499652980127177
-2.3501367607965036
-2.3503079869524797
-2.350478975613438
-2.3506497275674945
-2.350820243644244
-2.3509905229030204
-2.3511605657906185
-2.3513303722265775
-2.3514999426038146
-2.3516692756743787
-2.3518383735848576
-2.3520072345704803
-2.3521758594482516
-2.352344248637482
-2.352512401940942
-2.352680317915099
-2.3528479988509208
-2.3530154443299867
-2.3531826528696125
-2.3533496260856057
-2.3535163635353316
-2.353682864810029
-2.3538491312039516
-2.3540151611367968
-2.3541809561718297
-2.3543465149900644
-2.3545118398357596
-2.3546769273827457
-2.3548417810654936
-2.35500639931676
-2.3551707814097687
-2.3553349292790298
-2.355498841936463
-2.3556625194116605
-2.355825961768348
-2.3559891697143533
-2.356152141638035
-2.356314879103599
-2.3564773819873315
-2.3566396504714366
-2.3568016845760114
-2.3569634830843302
-2.357125048653557
-2.357286378576636
-2.357447474075758
-2.3576083366844673
-2.357768963064584
-2.357929356508085
-2.3580895156227797
-2.3582494397129676
-2.358409130706067
-2.3585685880201606
-2.3587278111630914
-2.3588868002004744
-2.3590455552808822
-2.359204076601137
-2.359362365321414
-2.3595204215518906
-2.3596782419123166
-2.359835829269695
-2.359993183442621
-2.3601503047348613
-2.360307193668315
-2.3604638480176625
-2.360620269315498
-2.360776458890746
-2.3609324137045413
-2.3610881372723154
-2.361243627532678
-2.3613988853865133
-2.361553909763648
-2.361708702832878
-2.3618632619548627
-2.36201759012341
-2.3621716848748164
-2.3623255479487515
-2.3624791776790643
-2.3626325763622935
-2.3627857429663064
-2.3629386777559676
-2.3630913801075852
-2.3632438512182734
-2.363396090337562
-2.3635480974705714
-2.3636998736059165
-2.363851417186394
-2.3640027300310447
-2.3641538110328697
-2.3643046618457144
-2.364455280729706
-2.36460566839627
-2.3647558248878764
-2.364905750944509
-2.3650554457202855
-2.3652049102659967
-2.365354142744909
-2.3655031462894325
-2.3656519183190277
-2.365800459957573
-2.3659487714845633
-2.366096852861722
-2.366244703061395
-2.3663923243236407
-2.366539714334175
-2.3666868746804455
-2.3668338055536964
-2.3669805065023457
-2.3671269773572923
-2.3672732195346944
-2.367419230237312
-2.3675650130335137
-2.367710567187245
-2.3678558905062808
-2.3680009853022383
-2.3681458503329007
-2.368290486920349
-2.3684348953077734
-2.368579073828368
-2.368723023794258
-2.3688667445837392
-2.369010237693039
-2.3691535016463376
-2.3692965364541125
-2.369439344561805
-2.3695819238767206
-2.3697242751534455
-2.369866397336185
-2.3700082924846066
-2.3701499596121707
-2.3702913998046027
-2.3704326109467906
-2.370573595439443
-2.370714352043876
-2.37085488175949
-2.37099518396876
-2.3711352590471755
-2.371275106142266
-2.3714147266167998
-2.3715541212900466
-2.3716932876327337
-2.3718322282450326
-2.371970941788068
-2.3721094291440323
-2.3722476900665668
-2.3723857240347628
-2.372523532879905
-2.3726611143343614
-2.372798470807835
-2.3729356004876725
-2.373072504587545
-2.373209183338463
-2.373345637010663
-2.3734818634821084
-2.3736178653378617
-2.373753641974026
-2.373889193136262
-2.374024519881801
-2.374159621564511
-2.374294497843904
-2.3744291489285954
-2.3745635752630694
-2.374697777647287
-2.3748317559423664
-2.3749655089162505
-2.375099037625422
-2.37523234291421
-2.3753654239214583
-2.3754982799625903
-2.3756309129309603
-2.375763322286553
-2.3758955080727953
-2.3760274700199164
-2.3761592081415612
-2.376290723812394
-2.3764220158360843
-2.3765530838656432
-2.3766839294581894
-2.376814552924468
-2.3769449528420927
-2.3770751298642696
-2.377205085167873
-2.377334818078303
-2.3774643281393018
-2.3775936150902934
-2.3777226820203765
-2.3778515243775513
-2.3779801466078703
-2.3781085466605743
-2.3782367248392378
-2.3783646813473642
-2.3784924173973714
-2.378619931490004
-2.378747224095224
-2.3788742952964967
-2.3790011462134117
-2.3791277756372513
-2.37925418448442
-2.3793803729441025
-2.3795063406602477
-2.3796320881928517
-2.379757615996085
-2.3798829225753475
-2.3800080094683174
-2.3801328768420773
-2.380257524162061
-2.3803819508973594
-2.3805061598417447
-2.3806301473061766
-2.3807539168221252
-2.380877465491863
-2.381000796638861
-2.3811239083299016
-2.381246801325976
-2.381369475085313
-2.381491931201988
-2.3816141676165996
-2.381736186513972
-2.3818579866771676
-2.381979568962064
-2.3821009325777722
-2.382222078874194
-2.3823430081592187
-2.3824637187480886
-2.382584212499996
-2.3827044874396264
-2.382824546138838
-2.3829443877818406
-2.383064012346718
-2.3831834200346
-2.383302610470087
-2.383421585353423
-2.383540342717977
-2.383658883206721
-2.3837772086305344
-2.383895317305975
-2.384013210409975
-2.3841308875258895
-2.3842483489178345
-2.3843655939557866
-2.3844826247736024
-2.3845994394668435
-2.3847160387856263
-2.384832422554376
-2.384948591827064
-2.3850645469407983
-2.385180286718253
-2.3852958121940433
-2.385411123835133
-2.385526219475883
-2.385641102211504
-2.385755770067501
-2.3858702246351355
-2.385984464675907
-2.386098491475421
-2.3862123056152367
-2.3863259058543007
-2.3864392923839275
-2.3865524653292396
-2.38666542701996
-2.3867781739722793
-2.3868907092721257
-2.387003032086122
-2.3871151414076066
-2.387227040041951
-2.3873387256168903
-2.3874501987997867
-2.3875614600230874
-2.3876725101504026
-2.3877833486032007
-2.3878939752005666
-2.388004391305446
-2.3881145949308835
-2.388224587858482
-2.388334370226827
-2.3884439419967216
-2.388553303252528
-2.3886624531206273
-2.388771393198332
-2.3888801221991294
-2.3889886426321025
-2.38909695164087
-2.3892050522135144
-2.38931294209707
-2.3894206224635535
-2.3895280933279124
-2.389635356821273
-2.389742408525214
-2.389849252953167
-2.3899558883300656
-2.390062314749089
-2.3901685335012717
-2.390274542859739
-2.3903803441808176
-2.390485936992114
-2.390591322072339
-2.3906965005640015
-2.390801470254779
-2.3909062327727537
-2.3910107883760565
-2.391115135930445
-2.3912192766063525
-2.3913232109623057
-2.391426937943974
-2.3915304585588593
-2.391633772454307
-2.391736880090325
-2.3918397815475925
-2.3919424772015554
-2.392044967186672
-2.3921472510846638
-2.392249329949591
-2.3923512024332627
-2.3924528711931576
-2.392554332593213
-2.3926555907617435
-2.392756643749256
-2.392857491595034
-2.392958135154265
-2.393058574503564
-2.393158808598323
-2.3932588399994854
-2.3933586673484184
-2.3934582900520773
-2.3935577095895804
-2.393656926277796
-2.3937559388925003
-2.3938547490132467
-2.39395335571461
-2.3940517596404356
-2.394149960154065
-2.3942479588408894
-2.3943457557761274
-2.3944433500867235
-2.3945407410120256
-2.394637931918546
-2.394734920269748
-2.3948317072828313
-2.394928291953133
-2.395024675954702
-2.3951208593855062
-2.395216841428648
-2.395312622484972
-2.3954082035055677
-2.3955035829003424
-2.395598763083854
-2.3956937422220808
-2.3957885220385506
-2.395883101301287
-2.3959774815274186
-2.3960716615043793
-2.3961656427435933
-2.3962594247906517
-2.3963530072166486
-2.3964463920250374
-2.396539576577741
-2.396632563374247
-2.3967253510855433
-2.396817941102206
-2.39691033326231
-2.397002526796355
-2.3970945234037377
-2.3971863228557093
-2.397277923590657
-2.397369326643741
-2.397460533727026
-2.397551543958039
-2.3976423568360876
-2.397732973170363
-2.397823393918975
-2.397913616684944
-2.3980036440819297
-2.398093475981637
-2.3981831121112305
-2.3982725523756336
-2.3983617969777553
-2.398450846550779
-2.398539701006517
-2.398628360667718
-2.3987168251501707
-2.3988050952683087
-2.3988931706718057
-2.3989810515031045
-2.3990687389893743
-2.399156232514542
-2.3992435319625893
-2.399330637253451
-2.3994175496998706
-2.3995042688364125
-2.399590794777896
-2.3996771280373412
-2.3997632683918244
-2.3998492162510767
-2.3999349707948308
-2.4000205342056478
-2.400105904973055
-2.4001910841743967
-2.400276071085233
-2.4003608663160336
-2.400445470830266
-2.4005298838852993
-2.400614106764189
-2.4006981374279093
-2.400781977358679
-2.400865627115672
-2.400949087775251
-2.401032356508418
-2.4011154365998113
-2.401198325282875
-2.4012810248941525
-2.401363535625182
-2.401445855980758
-2.4015279883759337
-2.4016099315080224
-2.4016916855748747
-2.4017732503057414
-2.401854627284347
-2.4019358158781694
-2.4020168165506264
-2.4020976293010925
-2.4021782544655883
-2.4022586918794526
-2.402338941974715
-2.4024190049897274
-2.402498880622763
-2.402578569772048
-2.4026580714663726
-2.402737387381566
-2.4028165164922
-2.402895459562926
-2.4029742173419426
-2.4030527886412822
-2.4031311750256745
-2.4032093754102637
-2.403287390565618
-2.4033652203355564
-2.4034428653908075
-2.4035203259964386
-2.4035976019940746
-2.4036746939006206
-2.4037516013702445
-2.403828325094022
-2.403904863821636
-2.4039812199721764
-2.404057392815036
-2.4041333817199746
-2.404209188252007
-2.404284811482979
-2.404360252346559
-2.404435511204928
-2.404510586153992
-2.4045854795530817
-2.404660190952718
-2.404734721315165
-2.404809069416643
-2.4048832355948577
-2.40495722168883
-2.405031025170716
-2.4051046486554783
-2.405178091900535
-2.405251354335169
-2.4053244363365414
-2.4053973377225146
-2.4054700600914343
-2.4055426016113275
-2.4056149644010554
-2.4056871473857986
-2.4057591506947973
-2.4058309753861558
-2.4059026223195703
-2.405974088993721
-2.4060453778089737
-2.4061164877506718
-2.4061874205872296
-2.4062581750275256
-2.406328751316085
-2.406399151510969
-2.4064693729556277
-2.406539417377887
-2.4066092852014855
-2.4066789771216945
-2.4067484905856054
-2.406817828187337
-2.4068869901948213
-2.406955975985415
-2.407024785556566
-2.4070934190388855
-2.407161878236835
-2.407230161356505
-2.4072982694224048
-2.4073662031246474
-2.407433962157999
-2.4075015462619778
-2.4075689552660378
-2.407636191838071
-2.4077032537673997
-2.4077701423387823
-2.4078368562494474
-2.407903396983556
-2.407969764739531
-2.40803596005622
-2.4081019821281124
-2.4081678321340916
-2.408233508339626
-2.408299013473198
-2.408364346427887
-2.408429508268693
-2.4084944970845186
-2.408559315254212
-2.408623962000925
-2.408688437659196
-2.408752742386901
-2.408816876087302
-2.4088808396972223
-2.408944633073112
-2.4090082566725592
-2.409071709128695
-2.4091349932908868
-2.40919810732387
-2.409261052002343
-2.409323828278812
-2.4093864351846443
-2.4094488728545738
-2.409511142315569
-2.4095732438112596
-2.409635176595525
-2.4096969414216503
-2.409758538896269
-2.409819969202706
-2.4098812305132338
-2.4099423260610813
-2.410003255487961
-2.410064016667213
-2.410124611594174
-2.4101850393761954
-2.410245302302339
-2.4103053989541987
-2.410365329371288
-2.410425095189574
-2.410484693909127
-2.41054412889562
-2.4106033986743207
-2.410662502928669
-2.4107214433140967
-2.4107802189353804
-2.4108388306296646
-2.4108972784132088
-2.410955561985043
-2.411013682423878
-2.4110716385679023
-2.411129432079158
-2.4111870636139208
-2.4112445307936667
-2.41130183642186
-2.411358978746154
-2.4114159588726527
-2.4114727770908457
-2.4115294335294677
-2.411585929421652
-2.411642263486723
-2.411698435692565
-2.4117544476842245
-2.411810297883007
-2.4118659882014617
-2.411921517966272
-2.4119768875691463
-2.4120320976537974
-2.4120871470571292
-2.412142037780521
-2.4121967685247507
-2.4122513399532544
-2.412305753117393
-2.412360006637241
-2.412414101433243
-2.412468039443221
-2.4125218181165056
-2.412575438585099
-2.412628901077409
-2.4126822072900667
-2.4127353553552755
-2.41278834595773
-2.4128411795857807
-2.412893857678999
-2.412946378459916
-2.412998741718275
-2.4130509506898425
-2.4131030027020306
-2.4131549005200337
-2.4132066403842076
-2.4132582258335655
-2.413309656936047
-2.4133609319683926
-2.413412052994947
-2.4134630198217604
-2.413513832391962
-2.4135644909633154
-2.4136149947457346
-2.413665345510075
-2.413715541647157
-2.4137655858871834
-2.4138154764499418
-2.4138652149059343
-2.413914799640654
-2.413964232055274
-2.4140135130531144
-2.4140626412123
-2.4141116187891067
-2.4141604436026607
-2.4142091170497393
-2.4142576380928604
-2.4143060103034872
-2.4143542309683688
-2.4144023012825864
-2.414450220759978
-2.4144979895544405
-2.4145456091524657
-2.4145930798437263
-2.414640399565693
-2.4146875700405728
-2.4147345915030423
-2.4147814640293093
-2.4148281882556604
-2.4148747639860533
-2.4149211912747357
-2.4149674704774697
-2.41501360156669
-2.4150595850285494
-2.415105420516975
-2.415151109378074
-2.4151966505937046
-2.4152420451998284
-2.415287294086751
-2.415332395781969
-2.4153773513240657
-2.4154221610971707
-2.415466824023977
-2.4155113422435077
-2.4155557149285882
-2.415599942514122
-2.41564402491878
-2.4156879631750954
-2.4157317558224913
-2.415775405127035
