1025
-0.19909136024068363
-0.19943228874693059
-0.19977326545211663
-0.2001142876270267
-0.20045535702685624
-0.2007964720778194
-0.20113763277060412
-0.2014788390640026
-0.20182009038754337
-0.2021613866711146
-0.20250272773822037
-0.20284411197999147
-0.20318554195813265
-0.20352701507319307
-0.20386853043559566
-0.20421008910086597
-0.20455169087815278
-0.20489333546118665
-0.2052350215591944
-0.20557674983750307
-0.20591851912933226
-0.20626033059460758
-0.20660218249172732
-0.20694407486297275
-0.20728600729496396
-0.20762798063672122
-0.2079699930018896
-0.20831204541493445
-0.20865413610174577
-0.2089962663440322
-0.20933843506402006
-0.20968064143485377
-0.21002288683577264
-0.21036516837678393
-0.21070748835001357
-0.21104984485898895
-0.21139223875390165
-0.21173466829293897
-0.21207713436527553
-0.21241963649290801
-0.21276217341495413
-0.21310474649894023
-0.21344735392082112
-0.21378999656220835
-0.21413267293117125
-0.21447538397406496
-0.2148181274036116
-0.2151609063063145
-0.21550371706977173
-0.2158465607172467
-0.21618943695595122
-0.21653234583025702
-0.21687528652450344
-0.21721825870065156
-0.21756126222077324
-0.21790429731158037
-0.2182473624549286
-0.21859045942998045
-0.21893358515040964
-0.21927674110239667
-0.21961992706432726
-0.21996314148365104
-0.2203063854099667
-0.22064965876615122
-0.22099295930852952
-0.22133628866848948
-0.22167964576311733
-0.22202302988490666
-0.22236644103178513
-0.22270988032875755
-0.22305334525452888
-0.22339683691992857
-0.22374035484379984
-0.2240838975493233
-0.22442746687114865
-0.22477106063546076
-0.22511467958293405
-0.22545832327564921
-0.22580199029662323
-0.22614568255309322
-0.22648939746156993
-0.22683313628599067
-0.22717689818018408
-0.2275206827841909
-0.2278644891750676
-0.22820831867271746
-0.22855216946365378
-0.2288960421441164
-0.2292399363942555
-0.2295838516601224
-0.22992778714229656
-0.2302717437627931
-0.23061571984615364
-0.23095971607910393
-0.23130373227795933
-0.23164776736421555
-0.23199182131839602
-0.232335894099733
-0.2326799853891926
-0.2330240945811278
-0.23336822107099917
-0.23371236614403718
-0.2340565277979291
-0.234400706210961
-0.23474490164458697
-0.23508911406796634
-0.23543334086938197
-0.235777584923391
-0.23612184365225197
-0.23646611810887708
-0.23681040691899855
-0.23715471084772383
-0.23749902862464226
-0.23784335991421587
-0.23818770644380838
-0.23853206571873595
-0.2388764376085484
-0.23922082294143066
-0.23956522063830746
-0.23990963075158359
-0.2402540528862255
-0.24059848636481887
-0.24094293122020932
-0.24128738769874072
-0.241631854402422
-0.24197633200992308
-0.24232082005567757
-0.24266531789292028
-0.243009825217413
-0.24335434154942742
-0.2436988680367137
-0.24404340264036112
-0.24438794608774336
-0.24473249704224972
-0.2450770567437309
-0.24542162389360803
-0.24576619830919905
-0.2461107800911739
-0.24645536781115837
-0.24679996386538516
-0.2471445638902193
-0.24748917101903697
-0.24783378392811756
-0.24817840190644158
-0.24852302499591225
-0.24886765273690642
-0.24921228517328203
-0.24955692172839222
-0.2499015622241729
-0.25024620655973795
-0.25059085411585375
-0.2509355044182697
-0.2512801575948134
-0.25162481368340434
-0.2519694713431078
-0.2523141319369183
-0.25265879302817185
-0.25300345585151357
-0.25334812054786
-0.25369278526262773
-0.25403745082704166
-0.2543821161422764
-0.25472678099428775
-0.25507144704949747
-0.25541611083085924
-0.25576077499179545
-0.2561054375097655
-0.2564500981621112
-0.2567947577835465
-0.2571394146040242
-0.2574840694175125
-0.2578287219085789
-0.25817337098837
-0.2585180175812758
-0.25886266020643206
-0.25920729829065675
-0.2595519335716889
-0.2598965651201217
-0.26024118992188944
-0.2605858107431376
-0.26093042749424034
-0.2612750383702539
-0.2616196429889707
-0.261964241126656
-0.26230883448997055
-0.2626534207267483
-0.2629979999212958
-0.26334257113422055
-0.2636871364842851
-0.26403169349836964
-0.26437624236278756
-0.2647207835820233
-0.26506531597225436
-0.2654098394714819
-0.2657543538700552
-0.266098858398939
-0.26644335426728855
-0.2667878397146309
-0.26713231502946416
-0.2674767800692856
-0.26782123403323216
-0.2681656773405529
-0.2685101094905257
-0.26885452972231266
-0.2691989377104268
-0.2695433344560535
-0.26988771807140155
-0.2702320896924554
-0.27057644793092656
-0.2709207925979823
-0.2712651242700473
-0.27160944247379043
-0.2719537453761106
-0.27229803433078686
-0.2726423101672204
-0.2729865694788417
-0.27333081385396607
-0.273675043507129
-0.2740192565414128
-0.2743634539263207
-0.27470763552265726
-0.27505179957606646
-0.2753959467996023
-0.2757400780771135
-0.27608419201165846
-0.2764282872537059
-0.2767723653971139
-0.27711642429528194
-0.27746046599710356
-0.2778044877638387
-0.2781484912874071
-0.2784924759864026
-0.2788364400262139
-0.2791803849321925
-0.27952430951534746
-0.27986821383659094
-0.28021209693923477
-0.28055595966884395
-0.2808998014810975
-0.2812436207264052
-0.28158741953808886
-0.2819311955381014
-0.2822749498037794
-0.28261868140122387
-0.28296239016175234
-0.28330607573088323
-0.2836497375155416
-0.2839933759875499
-0.2843369905807067
-0.28468058113345024
-0.2850241473632726
-0.2853676883672947
-0.2857112048652944
-0.2860546957732175
-0.2863981609666563
-0.2867416009085711
-0.28708501493041816
-0.28742840197030417
-0.2877717634331867
-0.2881150976205621
-0.2884584044361733
-0.288801683712925
-0.2891449361308462
-0.28948815909192005
-0.28983135487638934
-0.29017452200743354
-0.29051766060805656
-0.29086076963000734
-0.29120385009159977
-0.2915469013524237
-0.29188992113329154
-0.2922329125957134
-0.29257587366864035
-0.29291880291108885
-0.2932617019466687
-0.29360456986779504
-0.293947405838848
-0.29429021125261734
-0.29463298410565847
-0.29497572499094543
-0.2953184332845064
-0.2956611088658801
-0.29600375156288283
-0.296346360708065
-0.2966889374020234
-0.2970314792266576
-0.297373986651421
-0.29771646070957203
-0.29805889944144426
-0.2984013039754512
-0.298743674122178
-0.299086007545869
-0.2994283062147379
-0.2997705684835446
-0.3001127946305587
-0.3004549858946336
-0.3007971386676002
-0.30113925482314513
-0.3014813349731913
-0.3018233764376106
-0.30216538055862585
-0.3025073467899737
-0.30284927449467736
-0.30319116435338
-0.30353301563664126
-0.30387482714525177
-0.30421659977811966
-0.304558332539144
-0.30490002627754487
-0.3052416795611547
-0.30558329255701044
-0.30592486489733123
-0.30626639612314616
-0.3066078872303989
-0.3069493369605485
-0.30729074459722355
-0.30763211005152813
-0.3079734341795731
-0.30831471579403746
-0.3086559549423429
-0.30899715037064346
-0.30933830326132056
-0.3096794125061089
-0.3100204785440696
-0.3103615008271849
-0.31070247841637577
-0.3110434127853229
-0.31138430185256655
-0.3117251453116483
-0.3120659436178969
-0.3124066969167587
-0.3127474046693933
-0.31308806652302046
-0.31342868275174596
-0.3137692512935132
-0.31410977445560134
-0.3144502497397276
-0.31479067826867246
-0.31513105931244356
-0.31547139220005715
-0.3158116780453698
-0.3161519155546088
-0.3164921042205409
-0.31683224423902856
-0.3171723348038926
-0.31751237710009256
-0.3178523695632399
-0.3181923121965902
-0.31853220492655265
-0.31887204702036787
-0.31921183990283897
-0.3195515813025857
-0.3198912720234114
-0.32023091090357364
-0.3205704989415586
-0.32091003510215593
-0.32124951879942676
-0.32158895074669513
-0.3219283307162945
-0.3222676574038481
-0.32260693046967215
-0.3229461518930303
-0.3232853192620274
-0.3236244327952728
-0.3239634918984574
-0.32430249811262035
-0.3246414489377389
-0.3249803452080584
-0.32531918636990553
-0.32565797268754987
-0.32599670311821694
-0.32633537874251606
-0.32667399836261596
-0.3270125613891037
-0.32735106765334315
-0.32768951794686335
-0.32802791130385717
-0.328366247670964
-0.3287045259870557
-0.32904274691842245
-0.3293809109073902
-0.32971901557801964
-0.33005706289731745
-0.3303950508336775
-0.33073297989283934
-0.33107085053831253
-0.3314086619521312
-0.33174641323567655
-0.33208410493256996
-0.33242173651935814
-0.332759307844862
-0.33309681837614574
-0.333434268955082
-0.33377165758647237
-0.33410898553742974
-0.3344462519248785
-0.3347834562385182
-0.3351205983833831
-0.33545767944102833
-0.3357946972459275
-0.33613165197730954
-0.33646854467267034
-0.3368053737740988
-0.3371421395368142
-0.3374788419909371
-0.3378154799012042
-0.33815205440750656
-0.3384885640116572
-0.3388250097042325
-0.3391613892067154
-0.3394977052880344
-0.33983395489863744
-0.3401701390147421
-0.3405062581682611
-0.3408423105717007
-0.34117829679929856
-0.3415142166365507
-0.3418500698773358
-0.34218585568669424
-0.34252157530287225
-0.3428572271908848
-0.34319281130009205
-0.343528327287872
-0.3438637749239123
-0.34419915504587084
-0.34453446527046216
-0.3448697076869865
-0.34520488106745556
-0.34553998396587304
-0.3458750189940482
-0.3462099832239278
-0.346544877572333
-0.34687970252627476
-0.34721445630106285
-0.34754913913973573
-0.34788375133039356
-0.34821829262050796
-0.34855276273348995
-0.3488871613073764
-0.3492214871650121
-0.34955574011321405
-0.3498899227461584
-0.35022403255342605
-0.35055806943957946
-0.3508920329970201
-0.35122592265793945
-0.35155974010017305
-0.35189348383126823
-0.35222715261207327
-0.3525607488134141
-0.3528942693413019
-0.35322771572209194
-0.35356108696020067
-0.35389438394349615
-0.35422760460601493
-0.35456075102049955
-0.35489382044253587
-0.3552268148144886
-0.35555973252122497
-0.3558925748271012
-0.3562253396332053
-0.35655802760514843
-0.3568906383422094
-0.3572231722311321
-0.3575556281473664
-0.35788800650500824
-0.358220307161242
-0.35855252920743735
-0.35888467365063254
-0.35921673888688005
-0.35954872566388313
-0.3598806324023762
-0.3602124604288978
-0.36054420914371194
-0.36087587808567545
-0.361207466696449
-0.3615389754333113
-0.3618704032840248
-0.36220175161948254
-0.3625330176287299
-0.36286420345988546
-0.3631953078187576
-0.36352633051511474
-0.3638572712961663
-0.36418813091494473
-0.36451890740262277
-0.3648496024600543
-0.365180214627105
-0.365510743676573
-0.3658411896919487
-0.36617155284740194
-0.36650183170025813
-0.366832028408931
-0.3671621399322289
-0.3674921667256171
-0.36782211041366336
-0.3681519690361246
-0.36848174334522055
-0.3688114322298304
-0.3691410352535435
-0.36947055363426823
-0.3697999863051967
-0.370129333403163
-0.3704585938383629
-0.37078776848353223
-0.37111685721328075
-0.3714458579139056
-0.371774772147588
-0.3721035991656226
-0.37243233969910894
-0.3727609919063525
-0.37308955648852976
-0.373418032400448
-0.3737464212478925
-0.3740747209345685
-0.374402932282556
-0.3747310543898887
-0.37505908767082713
-0.3753870315592005
-0.37571488682785054
-0.376042652002404
-0.37637032639481605
-0.3766979119177143
-0.3770254063927245
-0.37735281066077875
-0.377680123894034
-0.3780073462124835
-0.3783344779813783
-0.3786615173902146
-0.37898846627738864
-0.3793153226614474
-0.37964208761689217
-0.3799687602912006
-0.3802953402548069
-0.3806218271120042
-0.3809482225490665
-0.3812745243606834
-0.3816007328494067
-0.3819268480549263
-0.382252869107943
-0.3825787963541787
-0.3829046299507649
-0.38323036968397095
-0.383556014934403
-0.38388156506907395
-0.3842070199633299
-0.3845323805108616
-0.3848576458271165
-0.38518281505011914
-0.3855078887300418
-0.385832867435697
-0.3861577493919543
-0.3864825348916753
-0.3868072238669911
-0.3871318164385227
-0.38745631239083006
-0.3877807106003256
-0.38810501189400687
-0.3884292163771445
-0.3887533227000631
-0.3890773305806121
-0.38940124093875417
-0.38972505324199397
-0.3900487663111374
-0.3903723806816811
-0.3906958966195685
-0.3910193142052569
-0.39134263072068126
-0.3916658499521462
-0.39198896800032323
-0.39231198651972976
-0.3926349051342655
-0.3929577236579714
-0.39328044079896607
-0.3936030578947077
-0.3939255743062465
-0.3942479899747955
-0.39457030375322094
-0.3948925166432936
-0.3952146277828282
-0.3955366368730463
-0.39585854409033466
-0.3961803489195517
-0.39650205092391405
-0.3968236511194283
-0.39714514829765496
-0.39746654206982646
-0.3977878329101214
-0.39810902107506024
-0.39843010421160724
-0.39875108528282965
-0.39907196121698435
-0.3993927344026103
-0.3997134018643188
-0.40003396519789214
-0.400354423789012
-0.40067477781757
-0.400995025935113
-0.40131516970915404
-0.4016352074092427
-0.40195513980925746
-0.40227496614314445
-0.40259468696342127
-0.4029143010834482
-0.4032338082270419
-0.4035532096063515
-0.4038725036077139
-0.4041916918485211
-0.4045107720319766
-0.404829744847249
-0.40514861014647063
-0.4054673677087676
-0.4057860177513943
-0.4061045587816849
-0.40642299243079294
-0.40674131802159713
-0.40705953390735916
-0.4073776415207825
-0.4076956397143364
-0.40801352882886804
-0.4083313085381406
-0.4086489793062496
-0.4089665392267652
-0.409283989825399
-0.409601330463794
-0.40991856121333853
-0.41023568104453134
-0.4105526896438443
-0.4108695879045633
-0.4111863748821295
-0.41150305021468236
-0.4118196155499171
-0.4121360682556462
-0.4124524099070635
-0.4127686390287754
-0.41308475668950734
-0.413400761778289
-0.4137166536229345
-0.41403243328309774
-0.4143481004852822
-0.4146636550893109
-0.41497909512406367
-0.4152944232961197
-0.4156096370630458
-0.4159247370712088
-0.41623972406088317
-0.4165545955979446
-0.41686935369914885
-0.4171839976785194
-0.4174985270938239
-0.41781294116820294
-0.41812724037620347
-0.4184414247950818
-0.41875549317845756
-0.41906944718226724
-0.41938328523758855
-0.4196970071807238
-0.4200106129826893
-0.4203241024808089
-0.420637476393888
-0.4209507333073923
-0.42126387425924294
-0.4215768971028703
-0.4218898041933678
-0.4222025929257972
-0.42251526510766535
-0.42282781981730283
-0.42314025688861134
-0.42345257454860397
-0.42376477640223126
-0.4240768585952141
-0.4243888226792466
-0.4247006684125712
-0.42501239478367925
-0.4253240030535699
-0.42563549203062234
-0.4259468622474232
-0.4262581128858393
-0.4265692429197355
-0.4268802541909526
-0.4271911453269732
-0.42750191596945886
-0.42781256707870624
-0.4281230977288778
-0.42843350723719736
-0.428743796510333
-0.42905396472775165
-0.4293640120864792
-0.42967393814844906
-0.4299837428760019
-0.4302934258005823
-0.4306029868422966
-0.43091242632142573
-0.43122174329823787
-0.43153093885811405
-0.4318400107942004
-0.4321489620102996
-0.43245778912522814
-0.4327664936000292
-0.4330750755450432
-0.43338353400626006
-0.433691869089538
-0.43400008147054614
-0.4343081691284892
-0.4346161329548289
-0.4349239736137683
-0.43523168978535914
-0.4355392811076863
-0.43584674862757705
-0.4361540910119171
-0.43646130897329816
-0.43676840187265287
-0.4370753703296348
-0.43738221301074204
-0.4376889296766347
-0.4379955211623874
-0.438301988053389
-0.4386083274750909
-0.4389145414854302
-0.43922062913946675
-0.4395265912023676
-0.4398324262476533
-0.440138134192295
-0.44044371565771945
-0.4407491703065603
-0.4410544973505709
-0.4413596980459903
-0.4416647704011507
-0.44196971590577144
-0.4422745330803979
-0.44257922297268726
-0.44288378423374536
-0.4431882179613513
-0.44349252275238094
-0.4437966991125533
-0.4441007471961174
-0.4444046655291353
-0.44470845613800014
-0.4450121169271186
-0.44531564909952204
-0.4456190514148451
-0.44592232396376913
-0.4462254673917419
-0.4465284802873055
-0.44683136284605207
-0.4471341163212057
-0.4474367398181093
-0.4477392320074322
-0.4480415934322228
-0.44834382473532913
-0.44864592501560596
-0.4489478935462725
-0.44924973235958654
-0.4495514392474769
-0.44985301418477774
-0.4501544575865251
-0.45045576938069903
-0.4507569495114954
-0.451057997381409
-0.45135891300895387
-0.45165969614174983
-0.45196034718025246
-0.4522608653541966
-0.4525612509947805
-0.45286150396136315
-0.4531616232117036
-0.45346160938481717
-0.45376146232372305
-0.4540611823468353
-0.4543607681827121
-0.45466022032211534
-0.454959538643602
-0.4552587227398017
-0.45555777276302417
-0.4558566883463264
-0.45615547025068537
-0.4564541165603494
-0.45675262864365346
-0.45705100554004224
-0.45734924789072257
-0.4576473551824678
-0.4579453266371622
-0.45824316281689176
-0.4585408627016681
-0.4588384279994941
-0.4591358574960325
-0.4594331506940871
-0.4597303066996777
-0.46002732792689055
-0.4603242116914976
-0.4606209601267127
-0.46091757148022733
-0.4612140455190213
-0.4615103834886282
-0.46180658342280206
-0.4621026464122869
-0.46239857231357273
-0.46269436133069153
-0.46299001219508884
-0.4632855254699074
-0.46358090064079766
-0.46387613791166066
-0.46417123686488365
-0.4644661977813309
-0.46476102024480587
-0.4650557040756923
-0.4653502495412917
-0.4656446559399567
-0.4659389240704135
-0.46623305254376746
-0.46652704234203907
-0.4668208926484289
-0.46711460301777596
-0.4674081743887339
-0.46770160554752244
-0.46799489735326094
-0.46828804920486394
-0.4685810612191436
-0.46887393296006213
-0.46916666414012537
-0.46945925491022034
-0.4697517049529929
-0.47004401452366157
-0.4703361830049535
-0.4706282115962932
-0.47092009822510844
-0.4712118435210643
-0.47150344807166494
-0.4717949106164603
-0.472086231898194
-0.47237741114005966
-0.47266844820779297
-0.47295934460807637
-0.4732500984075465
-0.473540710112742
-0.47383117882167464
-0.4741215055925306
-0.47441169030796626
-0.47470173128255444
-0.4749916308181655
-0.475281386654801
-0.47557099911452705
-0.47586046865848686
-0.47614979500616345
-0.4764389783670397
-0.4767280174521688
-0.47701691376243993
-0.47730566563527754
-0.47759427394467546
-0.4778827387233611
-0.47817105898028717
-0.4784592341007567
-0.4787472662633033
-0.47903515339973446
-0.47932289652743915
-0.4796104941246582
-0.47989794730049073
-0.4801852559319918
-0.4804724182945381
-0.4807594366779759
-0.4810463097071101
-0.481333037075495
-0.48161961822615074
-0.48190605526848007
-0.4821923461215232
-0.4824784906207965
-0.4827644894373411
-0.4830503423923717
-0.48333604960545534
-0.4836216094890809
-0.4839070236551469
-0.48419229135148834
-0.48447741198694744
-0.4847623858722087
-0.48504721321480665
-0.48533189428129225
-0.48561642687718676
-0.4859008129341603
-0.48618505131065837
-0.48646914330339835
-0.4867530875396428
-0.48703688405678497
-0.48732053244728946
-0.4876040333284114
-0.4878873858372166
-0.48817059153833997
-0.48845364812286146
-0.4887365565561523
-0.4890193160660102
-0.48930192828096475
-0.489584391251474
-0.48986670572735136
-0.49014887136671126
-0.4904308882337649
-0.49071275642126916
-0.4909944751688982
-0.49127604469742625
-0.49155746467259254
-0.4918387362845149
-0.4921198571971448
-0.4924008290339352
-0.49268165121529967
-0.492962322949559
-0.4932428452167929
-0.49352321780147
-0.49380344007067134
-0.49408351178386173
-0.49436343364312735
-0.4946432051242282
-0.4949228257247765
-0.4952022954029835
-0.49548161571833654
-0.4957607840299209
-0.4960398007847216
-0.49631866771558764
-0.49659738330384595
-0.49687594825141096
-0.49715436087136444
-0.49743262231729135
-0.49771073263863286
-0.4979886904986422
-0.498266498147849
-0.49854415267628804
-0.4988216556091692
-0.49909900713605215
-0.4993762059962622
-0.4996532529782674
-0.4999301474230794
-0.5002068894311762
-0.50048347936791
-0.5007599163785122
-0.5010362014152484
-0.5013123332983382
-0.5015883114512188
-0.5018641379988971
-0.5021398106650893
-0.5024153309669
-0.5026906980161199
-0.5029659117459966
-0.5032409720688428
-0.5035158779901765
-0.5037906307149758
-0.5040652303288907
-0.504339675577788
-0.5046139677796813
-0.5048881054790969
-0.5051620892811874
-0.5054359189478737
-0.5057095940220285
-0.505983115550609
-0.5062564819861148
-0.5065296943757291
-0.5068027523841129
-0.5070756551655209
-0.5073484038722487
-0.5076209979710756
-0.5078934358304383
-0.508165719667877
-0.5084378486502051
-0.5087098226212653
-0.5089816403033119
-0.509253303354708
-0.5095248111777323
-0.5097961635745117
-0.5100673594285884
-0.5103384001635797
-0.5106092861926895
-0.5108800148180092
-0.5111505884428759
-0.5114210047437049
-0.5116912669926493
-0.5119613723746156
-0.5122313208322378
-0.5125011139745835
-0.5127707501279454
-0.513040229509263
-0.5133095523057005
-0.5135787184011108
-0.5138477284939394
-0.5141165812165778
-0.5143852780843966
-0.5146538167809027
-0.5149221989864238
-0.5151904234338358
-0.515458491549763
-0.5157264023542794
-0.5159941550280869
-0.5162617509736211
-0.5165291883127366
-0.5167964691179572
-0.5170635922421816
-0.5173305585387967
-0.5175973652111631
-0.5178640146674262
-0.5181305059814222
-0.5183968395758374
-0.5186630154702749
-0.5189290325814309
-0.5191948906791204
-0.5194605916550332
-0.519726134137031
-0.5199915180045492
-0.5202567433030872
-0.5205218096459713
-0.52078671728131
-0.521051466254158
-0.52131605634869
-0.5215804877102437
-0.5218447600497054
-0.522108873759486
-0.5223728277893784
-0.5226366231208532
-0.5229002589698573
-0.5231637346865194
-0.5234270516832344
-0.5236902090797787
-0.5239532067346705
-0.5242160456465742
-0.5244787241353516
-0.5247412430348991
-0.5250036020117641
-0.525265801303044
-0.525527840065462
-0.5257897197368072
-0.5260514384381949
