1025
0.09346742381277193
0.09374801582654807
0.09402876025130798
0.09430966559667486
0.09459072427419464
0.09487194067004105
0.09515331346505874
0.09543484154907449
0.09571652568670981
0.09599836482371225
0.0962803582958841
0.09656251058885312
0.09684481120357806
0.09712726823118363
0.09740988352415147
0.09769265199836166
0.09797557306969766
0.09825864653087611
0.09854187573712322
0.0988252569892627
0.09910879319845843
0.09939247887695707
0.09967631902971694
0.09996031219211156
0.10024445854997796
0.10052875376685948
0.10081320331170433
0.10109780222141823
0.10138255558955317
0.10166745748809082
0.10195251050941115
0.10223771634864642
0.10252306871680847
0.10280857672902155
0.10309423086427312
0.10338003662948742
0.10366598968316411
0.10395209499314981
0.10423834804761319
0.10452474929354655
0.1048113019482553
0.10509799980531709
0.10538484816789397
0.10567184249848123
0.1059589869341158
0.10624627674631879
0.10653371885859879
0.1068213008901138
0.107109034547461
0.10739691482627853
0.10768494153336329
0.10797311316334278
0.10826143135855744
0.10854989607053712
0.10883850648860949
0.10912726047487756
0.10941616225376298
0.10970520409724184
0.10999439579220434
0.11028373071491898
0.11057320840554735
0.11086283311174659
0.11115259973999404
0.11144250733019628
0.11173256263262941
0.1120227584846045
0.11231309747725797
0.112603580891286
0.11289420742490047
0.11318497171128908
0.11347588155811782
0.11376693168093353
0.11405812247929675
0.1143494580038156
0.1146409303409575
0.11493254604254569
0.11522430112544464
0.11551619588872722
0.11580823412159331
0.1161004076797056
0.1163927245499276
0.11668517890952992
0.11697777252884313
0.1172705053580944
0.11756337944351788
0.11785638873396245
0.11814953852244724
0.11844282528551354
0.1187362489454605
0.11902981016747709
0.11932351054689844
0.11961734546163227
0.11991131967745029
0.12020542938520992
0.12049967402275531
0.12079405608975231
0.12108857443935209
0.12138322789656772
0.12167801631309019
0.12197294056795484
0.12226800157539519
0.12256319341254054
0.12285852193847009
0.12315398531719957
0.12344958126464413
0.12374530856235849
0.12404117536099725
0.12433717005658498
0.12463330055768553
0.12492956186401578
0.12522595755210228
0.12552248364393453
0.12581914336093655
0.12611593669846258
0.12641285609741051
0.12670990922892889
0.1270070953367344
0.12730441008065435
0.1276018561058278
0.12789943191808215
0.1281971376334861
0.1284949744265029
0.12879294088859838
0.1290910348106172
0.12938925996252382
0.12968761264656234
0.12998609316976895
0.1302847026463222
0.13058344083863918
0.13088230821212524
0.13118129932760947
0.1314804202418889
0.1317796670733793
0.1320790432934499
0.13237854322839424
0.13267817021202039
0.13297792359444177
0.1332778017755721
0.13357780860958046
0.13387793415416785
0.13417819285376
0.1344785721262139
0.13477907546816642
0.1350797041439544
0.13538045673595536
0.1356813335775869
0.13598233324720754
0.13628345655471383
0.13658470281567647
0.13688607113651158
0.13718756246542368
0.13748917722106935
0.1377909136330746
0.1380927703188008
0.1383947508160641
0.1386968489312575
0.1389990721412171
0.1393014147263331
0.13960387491117118
0.13990645807405108
0.1402091599307779
0.14051198320772595
0.14081492730477413
0.14111798502120315
0.1414211675828271
0.14172446410536274
0.14202788065795224
0.1423314167198561
0.14263506797392142
0.14293883959112058
0.1432427273850941
0.14354673122834957
0.1438508537639508
0.1441550903545229
0.14445944510120454
0.14476391874193004
0.1450685038011142
0.14537320226952744
0.14567802378621503
0.14598295706253825
0.14628800123414043
0.14659316142003243
0.1468984377505529
0.14720382981242613
0.1475093300814947
0.14781494586039584
0.14812067551459068
0.1484265211443847
0.14873247381965596
0.14903854125512078
0.14934472145252414
0.14965101129099606
0.14995741383461889
0.15026392797980845
0.15057055323145896
0.15087729106475298
0.1511841358874376
0.15149109271607045
0.1517981592591812
0.15210533480075422
0.1524126209064829
0.15272001480190084
0.15302751702272738
0.15333512903888527
0.15364285079336948
0.15395067733981796
0.15425861425019832
0.1545666561227843
0.1548748067384289
0.15518306547722302
0.1554914290214925
0.15579989777481582
0.15610847708829803
0.15641716083371376
0.1567259447233286
0.15703483978193658
0.15734383903082147
0.1576529404131368
0.15796214946648598
0.15827146148111862
0.15858087569581159
0.15889039710983646
0.15920002195495636
0.15950974575821555
0.15981957226808358
0.1601295050917724
0.16043953724829335
0.16074967516731886
0.1610599102532215
0.16137025104131325
0.16168069022928266
0.16199122865638496
0.16230187163234722
0.16261261240191704
0.16292345403019348
0.16323439499098794
0.16354543750308773
0.16385657722933616
0.1641678149065012
0.16447915521512757
0.16479058917027226
0.16510212408497296
0.1654137548877053
0.16572548362527037
0.1660373096601914
0.1663492330217841
0.1666612545902028
0.16697337136419552
0.16728558420566983
0.16759789239798928
0.16791029570036692
0.16822279610702734
0.16853538980310628
0.16884807940928367
0.16916086411277326
0.16947374102314117
0.16978671129394082
0.17009977749606672
0.17041293327620344
0.170726183563656
0.17103952741130726
0.1713529641730977
0.17166649016800906
0.17198011350453327
0.17229382469871315
0.1726076278382276
0.17292152121045135
0.17323550737970494
0.17354958141292548
0.17386374436497537
0.17417800318746854
0.1744923452584769
0.17480677680862272
0.17512130175411153
0.17543591301269293
0.17575061261734867
0.17606540233106416
0.17638027587922778
0.17669523923322217
0.17701028905077096
0.17732542629948647
0.177640650160418
0.17795596005641262
0.17827135713512823
0.178586836187171
0.17890240462116644
0.17921805961820125
0.17953379616183343
0.17984962004027544
0.18016552602951796
0.18048151349775096
0.18079758964791315
0.18111374614771483
0.1814299877031844
0.18174631205769323
0.18206271354635278
0.18237920386804654
0.1826957751085272
0.18301242377372562
0.18332915831708685
0.1836459726386489
0.18396286751094776
0.1842798439782986
0.1845968983524236
0.18491403203147472
0.18523124811340616
0.185548542108729
0.18586591639158076
0.1861833666485221
0.18650089686453591
0.18681850514463622
0.18713619162762088
0.18745395673212956
0.18777179560677074
0.1880897116092217
0.18840770605479676
0.18872577809570834
0.18904392334188738
0.18936214487818911
0.18968044132963496
0.18999881597297943
0.1903172633242024
0.19063578612947787
0.19095438165557266
0.19127305059658833
0.19159179507646995
0.19191060868537016
0.19222949758590097
0.1925484617252595
0.19286749821582239
0.19318660532668688
0.19350578374362495
0.19382503359324446
0.1941443526183485
0.1944637470356776
0.19478320733574986
0.19510274126644223
0.19542234360055782
0.1957420157319376
0.1960617588765408
0.19638156781076654
0.1967014459865669
0.19702139399200105
0.19734140991631674
0.1976614954954886
0.1979816451720855
0.19830186344697867
0.19862214904197237
0.19894250102436256
0.1992629208628564
0.19958340218547824
0.1999039519273707
0.2002245660951786
0.20054524753633196
0.2008659915448737
0.20118680059204988
0.2015076756150398
0.20182861282490022
0.20214961182118107
0.20247067613634384
0.2027918057335228
0.20311299234622995
0.20343424343492764
0.20375555699944653
0.20407693398100968
0.20439836763182387
0.20471986577272053
0.20504142416639762
0.20536304365368632
0.20568472205415425
0.2060064619184166
0.20632825818831538
0.2066501139586731
0.20697203016338342
0.20729400622250274
0.20761603807163703
0.20793812799199357
0.20826027503510056
0.20858248176111027
0.2089047446277862
0.20922706082823894
0.20954943772971407
0.20987186706523023
0.21019435495613034
0.2105168984041405
0.21083949451106648
0.21116214509696227
0.211484852174654
0.21180761257547112
0.2121304270468135
0.21245329492046247
0.21277621695051543
0.21309918889237628
0.2134222167729843
0.21374529482655363
0.21406842505945123
0.2143916081350268
0.21471484320437637
0.2150381252087333
0.2153614607205047
0.21568484798170662
0.2160082820344192
0.21633176729893053
0.21665530174582737
0.2169788840031682
0.2173025174049155
0.21762619663314983
0.21794992592426574
0.21827370057097412
0.21859752751632044
0.2189213956964669
0.21924531489317833
0.21956928041586857
0.21989328916910025
0.22021734645646426
0.22054144901571052
0.2208655964387017
0.22118978831104474
0.22151402646177634
0.22183830528916193
0.2221626291248508
0.22248699701660235
0.22281140900353696
0.22313586476398342
0.2234603601312973
0.22378490247374686
0.22410948315135798
0.2244341054180739
0.22475877332830635
0.22508347628571984
0.22540822370336305
0.225733011068598
0.2260578355413671
0.226382702344293
0.2267076094577133
0.227032554678216
0.227357537770987
0.2276825585875342
0.22800761725373161
0.22833271684447987
0.22865785693566856
0.22898302702013534
0.22930823499023475
0.22963347999378114
0.22995876241038304
0.23028408308119358
0.23060943488010352
0.23093482196073076
0.23126024765569944
0.23158570233722334
0.23191119595996504
0.23223672185628969
0.23256228247281513
0.23288787353327692
0.23321350124868326
0.23353915706169362
0.23386484967906185
0.234190570991537
0.2345163256751104
0.234842108037028
0.23516792445776286
0.23549377147239367
0.23581964930066773
0.23614555546091714
0.23647149284198282
0.23679745887555262
0.23712345288071252
0.2374494770224819
0.23777552651376174
0.23810160602048935
0.2384277117280816
0.23875384814034248
0.23908000938019275
0.2394061965311277
0.23973241000759735
0.24005865079347527
0.24038491606595863
0.2407112083524228
0.2410375215996672
0.24136386477640565
0.2416902290498506
0.24201661794239554
0.24234303102132285
0.2426694680538713
0.24299592521761265
0.24332240851758366
0.24364891066064684
0.2439754357817874
0.24430198362664068
0.24462855271542105
0.24495514135750107
0.2452817536075263
0.245608380556185
0.24593503205161388
0.2462617053459521
0.2465883934932581
0.246915102411868
0.24724182828803679
0.2475685739987595
0.24789534001653218
0.24822212082773762
0.2485489192082279
0.24887573350388242
0.24920256657365064
0.24952941416200178
0.2498562755793515
0.25018315736284197
0.2505100527489443
0.2508369633615204
0.2511638854693823
0.2514908245502728
0.25181777704019076
0.2521447455577245
0.2524717232417905
0.25279871654303004
0.25312572137833916
0.2534527399077956
0.2537797695558151
0.2541068112451017
0.2544338611364579
0.2547609233800811
0.2550879994108811
0.2554150812136818
0.2557421755859226
0.2560692783608405
0.25639639143140425
0.2567235132917096
0.25705064154440815
0.25737778158186575
0.25770492572910564
0.25803208006775674
0.2583592395509231
0.2586864062280248
0.25901358056782725
0.2593407628648649
0.2596679459825581
0.2599951368112257
0.2603223331423399
0.2606495337452732
0.260976740683892
0.26130395165187903
0.26163116497327193
0.26195838038549557
0.26228559899054305
0.26261282204113057
0.2629400488527315
0.2632672751501501
0.26359450308219473
0.2639217346388746
0.2642489667956974
0.2645761964338411
0.2649034288493275
0.2652306619148424
0.2655578948327792
0.2658851260984556
0.26621235537990745
0.2665395857149201
0.2668668130154834
0.2671940358671685
0.2675212580371156
0.26784847952862273
0.26817569590329715
0.2685029080575291
0.2688301191418137
0.2691573262109505
0.2694845272257523
0.26981172085807675
0.27013891579730687
0.2704660973900606
0.27079327861296976
0.27112045242106503
0.2714476191768078
0.2717747784476937
0.2721019338311975
0.27242907951266404
0.2727562166828143
0.2730833445380646
0.2734104661382322
0.2737375768409103
0.27406467871208584
0.2743917717680148
0.27471885432313453
0.2750459271906942
0.27537299091349626
0.2757000407761335
0.27602708008673815
0.27635410921988124
0.27668112541165346
0.2770081267100787
0.2773351205398848
0.2776620952051889
0.27798906072703045
0.27831600746136104
0.27864294507737297
0.27896986679016744
0.27929677384511054
0.27962366448541603
0.2799505425558072
0.28027740137007173
0.28060424619052715
0.2809310731151363
0.2812578839308428
0.28158467561053274
0.28191145138189566
0.2822382112459699
0.2825649497716282
0.28289167178640906
0.283218370418829
0.28354505291846605
0.2838717158020467
0.2841983585498551
0.2845249809836133
0.28485158124381993
0.2851781637135172
0.2855047215137672
0.2858312560836818
0.2861577722684374
0.2864842639822252
0.2868107342833525
0.2871371809404304
0.28746360413769523
0.2877900012007279
0.2881163779513073
0.28844272787436853
0.2887690523080645
0.2890953500054554
0.2894216235805202
0.28974787320973394
0.29007409469719636
0.29040029038056525
0.2907264606121831
0.29105259843586384
0.291378712343467
0.2917047956423833
0.29203085263374134
0.29235687848941666
0.29268287624810096
0.2930088472706005
0.2933347868124176
0.2936606948006461
0.2939865707872275
0.2943124208552287
0.29463823429014374
0.29496401922845156
0.29528977236529486
0.2956154900454529
0.295941180048794
0.29626683415033583
0.29659245379359295
0.29691803960760144
0.2972435933859801
0.29756911244848927
0.2978945955475891
0.29822004617718445
0.2985454573711204
0.29887083386249436
0.29919617521548353
0.29952148054175604
0.2998467494856922
0.30017197847481036
0.30049717162627054
0.30082232420825
0.3011474430119233
0.3014725185692289
0.30179755928678487
0.3021225576661276
0.3024475161098125
0.30277243418819483
0.303097317348694
0.30342215165353337
0.30374694998185336
0.3040717058030916
0.30439641903602016
0.3047210923580112
0.3050457202425338
0.3053703060009794
0.30569484684491827
0.3060193446717268
0.3063438022512286
0.3066682119889584
0.30699257790250867
0.3073169002749152
0.3076411747225299
0.30796540365222136
0.30828958851314775
0.3086137251013091
0.3089378154652783
0.3092618579167048
0.3095858530831989
0.3099098001587953
0.3102336998673847
0.3105575515787886
0.3108813531545279
0.3112051070918184
0.311528808485196
0.3118524643866661
0.3121760633683479
0.3124996166842296
0.31282311809214414
0.3131465663241277
0.31346996381452014
0.3137933092949131
0.3141165993819137
0.3144398404139396
0.3147630282090476
0.3150861595279168
0.3154092381365535
0.31573226439736246
0.31605523365575133
0.31637814975745315
0.3167010092190678
0.31702381338921687
0.3173465591316508
0.31766925037140065
0.3179918869517007
0.3183144650135608
0.3186369815209568
0.3189594458650907
0.31928184973505863
0.3196041956268368
0.3199264798775614
0.3202487066906365
0.3205708754404266
0.3208929829985948
0.321215029636391
0.321537017313299
0.32185894058288683
0.32218080569954716
0.32250260640599276
0.3228243470872722
0.32314602308994644
0.32346763835182235
0.32378918803767837
0.3241106762692035
0.32443210035219044
0.32475345878459644
0.32507475601596353
0.3253959838348483
0.3257171488580288
0.32603824589117353
0.3263592785102722
0.3266802454693536
0.32700114354952003
0.327321976947807
0.32764274405607124
0.3279634395081509
0.32828406554998374
0.32860462618223796
0.3289251184768715
0.3292455392847868
0.32956589094341626
0.3298861751496597
0.3302063837604953
0.3305265238370292
0.33084659450232745
0.33116659349518396
0.33148652011838736
0.33180637373299543
0.3321261555946919
0.33244586472740634
0.3327655012106701
0.33308506271710886
0.3334045511294679
0.3337239643876733
0.33404330213336814
0.33436256722852165
0.334681756532878
0.33500086970616866
0.3353199047641182
0.3356388653826791
0.33595774895967134
0.33627655505077786
0.33659528427648383
0.3369139352095052
0.3372325082983316
0.33755099996086374
0.33786941619339145
0.3381877512626445
0.3385060077635922
0.33882418248184293
0.3391422764796699
0.33946029163950836
0.3397782251014195
0.3400960797172646
0.34041384843255507
0.34073153481339113
0.3410491397600782
0.3413666656785327
0.34168410300634416
0.34200146058360736
0.3423187298448238
0.3426359163114547
0.3429530199069736
0.3432700353516959
0.34358696889537216
0.34390381571882306
0.3442205755452368
0.3445372467710786
0.3448538331436541
0.3451703317997547
0.3454867437325194
0.34580306740640765
0.3461193034579552
0.34643545008574805
0.3467515079227926
0.34706747678818695
0.3473833548925535
0.34769914393138757
0.34801484023626217
0.34833044792451057
0.34864596269181286
0.3489613866090983
0.34927672046833874
0.34959196007207166
0.3499071089873246
0.35022216328554634
0.35053712430582507
0.3508519907992505
0.351166763558207
0.35148144276854876
0.3517960270871986
0.352110516862864
0.35242491031623807
0.3527392088770395
0.35305340743957336
0.3533675126244096
0.35368152138803854
0.35399543078144113
0.3543092445539757
0.35462295922201725
0.35493657675594775
0.35525009687297576
0.3555635133254964
0.3558768322775649
0.35619005112814534
0.3565031722991283
0.35681619114729757
0.3571291073844517
0.3574419262122003
0.35775463858964335
0.35806725185023847
0.35837976402500304
0.35869217269818754
0.3590044780520441
0.3593166785627624
0.3596287780725108
0.3599407704153161
0.3602526607713935
0.3605644452112506
0.36087612283404846
0.36118769641875703
0.36149916739145216
0.3618105271643533
0.3621217823611802
0.3624329285890498
0.3627439705042177
0.3630549033668233
0.3633657268197477
0.3636764463139463
0.3639870528229058
0.3642975505424345
0.36460793982629164
0.36491822184546724
0.36522838828547805
0.36553844584948203
0.36584839435747
0.3661582306706813
0.36646795462744425
0.36677756505317877
0.3670870668734143
0.36739645355613204
0.3677057270629519
0.36801488874003907
0.36832393671042635
0.36863286945998686
0.36894168528435445
0.3692503913335811
0.3695589799178658
0.3698674543553978
0.3701758092702799
0.3704840487913558
0.37079217209877774
0.37110017990795385
0.3714080691944367
0.3717158423617952
0.3720234930585377
0.372331028803711
0.37263844539526625
0.37294574488460963
0.3732529206613693
0.3735599789854213
0.3738669164538993
0.3741737335263736
0.3744804292939897
0.3747870026090152
0.37509345552333784
0.3753997865151501
0.3757059960360921
0.37601207908155293
0.3763180433383079
0.37662388219741255
0.37692959708154455
0.37723519005751344
0.3775406569149722
0.37784599766903426
0.3781512139157285
0.37845630575705236
0.3787612699720277
0.37906610772351323
0.3793708200899041
0.3796754065305981
0.3799798607053223
0.3802841913778313
0.38058839630187946
0.380892468436594
0.38119641259726034
0.38150022549335544
0.38180391255958546
0.3821074688935977
0.3824108936049189
0.38271419080669145
0.38301735173361345
0.3833203860613718
0.3836232876909563
0.3839260552067248
0.38422869245100183
0.38453119585735057
0.3848335671244144
0.3851358051827248
0.3854379080607766
0.38573987809250365
0.38604171117398145
0.38634341087335594
0.38664497854317315
0.38694640586962725
0.3872477003619746
0.3875488558604797
0.3878498748732469
0.38815075695159
0.38845150174282045
0.388752112116419
0.38905258306607743
0.3893529136121751
0.3896531075985626
0.38995315958385046
0.3902530741270874
0.39055284837466053
0.39085248250772703
0.3911519775130028
0.39145132892842804
0.391750541669357
0.3920496112803964
0.3923485382953639
0.3926473251289551
0.39294596688616173
0.3932444648940216
0.3935428243479663
0.3938410365854373
0.3941391039351415
0.39443702631331745
0.3947348076552751
0.3950324413488115
0.3953299288425185
0.39562727022006594
0.3959244688788544
0.39622151894616414
0.3965184183544874
0.39681517614299244
0.3971117830175859
0.3974082466772063
0.3977045547026103
0.39800071657133074
0.39829673184661585
0.3985925940957357
0.39888830869008357
0.39918387420859036
0.3994792893165776
0.3997745538356676
0.4000696645647692
0.4003646257981265
0.40065943145851046
0.40095408924704684
0.4012485924640061
0.401542945050526
0.40183714120863073
0.4021311838841385
0.4024250753348401
0.4027188099262107
0.4030123937530744
0.4033058187660866
0.4035990884637365
0.4038921991112753
0.404185160181759
0.4044779623858679
0.4047706084166079
0.40506309614135544
0.4053554248537657
0.4056475978613143
0.4059396153590741
0.40623146993289305
0.40652316588613496
0.40681470304914963
0.40710608062874326
0.40739729943258396
0.4076883579525211
0.4079792553967913
0.4082699919525726
0.40856056646969446
0.4088509794010908
0.4091412287052966
0.4094313176050795
0.4097212419149961
0.41001100387816414
0.4103006052075993
0.4105900402718026
0.4108793115967681
0.4111684190989853
0.4114573585894547
0.41174613552945427
0.4120347463503765
0.4123231916101913
0.41261146988485436
0.4128995836046598
0.41318752705069833
0.4134753063257202
