1025
0.950773163564709
0.9504173061032286
0.9500611409624018
0.9497046513466603
0.9493478518055212
0.9489907335260409
0.9486332988630835
0.9482755497428443
0.9479174844006578
0.947559104691708
0.9472004116391433
0.9468413962972113
0.9464820788595466
0.9461224432859388
0.9457624857528638
0.9454022159566475
0.9450416347287036
0.9446807422766794
0.9443195317865449
0.9439580102403833
0.9435961717145974
0.9432340266682951
0.9428715650764946
0.9425087895602915
0.9421456995156825
0.9417823031128791
0.9414185895047904
0.9410545680828657
0.9406902286317167
0.9403255825235467
0.9399606244368505
0.9395953507879098
0.9392297736217228
0.9388638748937836
0.938497672902556
0.9381311566958722
0.9377643344371129
0.9373971962251915
0.9370297505893025
0.9366619964192734
0.9362939271635693
0.935925554707208
0.9355568683847875
0.9351878768748614
0.9348185717772097
0.9344489621005462
0.9340790340662335
0.9337088115683586
0.9333382715289744
0.9329674234437669
0.932596267386047
0.9322248061116185
0.9318530361035495
0.9314809572186109
0.9311085707503254
0.9307358806627599
0.9303628783856016
0.9299895787595515
0.9296159624505077
0.9292420420980289
0.9288678183160929
0.9284932825809464
0.9281184445877321
0.9277433058919938
0.9273678531018348
0.9269920998891088
0.926616040969173
0.9262396735536187
0.9258629999145968
0.9254860302630142
0.9251087491018831
0.9247311664590603
0.9243532813037796
0.9239750854472376
0.9235965940837062
0.9232177941364013
0.9228386931132825
0.9224592901609324
0.9220795776153404
0.9216995710998228
0.9213192547545328
0.9209386396661647
0.920557722096693
0.9201765018779516
0.919794974787234
0.9194131523108042
0.919031023824087
0.9186485959993038
0.9182658686328732
0.9178828401928042
0.917499507308399
0.9171158786811344
0.9167319447614038
0.91634771269977
0.9159631832983273
0.9155783514343259
0.9151932190294566
0.9148077881041354
0.9144220586829609
0.9140360287872743
0.9136496963341184
0.9132630725461968
0.9128761458359324
0.9124889193766909
0.9121013973947529
0.911713582007216
0.911325457018545
0.9109370447315225
0.9105483295107573
0.9101593207547095
0.9097700112954706
0.9093804084909632
0.9089905059024145
0.9086003031236831
0.9082098146737078
0.9078190253436036
0.907427936243818
0.9070365556177259
0.9066448779670389
0.9062529059395241
0.905860639043058
0.9054680746668411
0.9050752152729568
0.9046820648918681
0.9042886158815232
0.9038948751297855
0.9035008418211488
0.9031065134028805
0.9027118900914352
0.9023169707145355
0.9019217655325009
0.9015262624903397
0.9011304688075362
0.9007343774727644
0.9003379992077144
0.8999413272523266
0.8995443625900316
0.8991471080370211
0.8987495557482651
0.8983517248450481
0.8979535868509896
0.8975551660251699
0.8971564552442912
0.8967574517280574
0.8963581579478432
0.8959585729798365
0.8955586992763546
0.8951585349225886
0.8947580810452768
0.8943573390275302
0.8939563067042869
0.8935549829856629
0.8931533710437254
0.8927514732408248
0.8923492823480709
0.8919468101923885
0.8915440418999451
0.8911409882655215
0.890737652471897
0.8903340237598978
0.8899301101489538
0.8895259059978773
0.8891214122218348
0.8887166425157392
0.8883115746844538
0.8879062296897737
0.8875005953297957
0.8870946723410825
0.886688468879857
0.8862819744850906
0.8858751970260019
0.8854681364596432
0.8850607873302252
0.884653158377289
0.8842452412263114
0.8838370342156322
0.8834285515377223
0.8830197890792032
0.8826107276589388
0.8822013890338495
0.8817917745138201
0.8813818738740562
0.8809716865234746
0.8805612129076671
0.8801504674761955
0.879739435565578
0.8793281201296315
0.8789165167338923
0.8785046425013591
0.8780924820180973
0.8776800389082281
0.8772673189608927
0.8768543158082527
0.8764410313452732
0.8760274662049241
0.8756136171901503
0.8751994948738034
0.8747850892082621
0.874370404276803
0.8739554411977034
0.8735401965871835
0.8731246755252622
0.8727088766694613
0.8722927968170322
0.87187643572249
0.8714598027760838
0.8710428867546735
0.8706256978999133
0.8702082284639575
0.8697904793768726
0.8693724567614358
0.868954159531336
0.8685355768945101
0.8681167204853494
0.8676975983646645
0.8672781886864281
0.8668585047256352
0.8664385501931215
0.8660183139656407
0.8655978048618563
0.8651770240828093
0.864755961524029
0.8643346242110457
0.863913020541186
0.8634911428869689
0.8630689838691807
0.862646556781612
0.8622238487552883
0.8618008762081444
0.8613776221924958
0.8609541005933803
0.8605303094568288
0.8601062380832059
0.859681899334962
0.8592572868888582
0.8588324033851721
0.858407244158095
0.8579818173727978
0.8575561212096738
0.8571301462172518
0.8567039096106133
0.8562773967845742
0.8558506172792736
0.8554235667600799
0.8549962461495568
0.8545686550552158
0.8541407914295149
0.8537126607968788
0.8532842610882283
0.8528555934180162
0.8524266579001949
0.8519974502983108
0.8515679777295424
0.8511382347245887
0.8507082225762246
0.850277946505452
0.8498474039805615
0.8494165896224761
0.848985515507155
0.8485541716402064
0.8481225595567301
0.8476906801606213
0.8472585403094824
0.84682612381514
0.846393448860582
0.8459605071198746
0.8455273016033823
0.8450938269416232
0.8446600924077617
0.8442260956174518
0.843791822667989
0.8433572978302007
0.8429225085965617
0.8424874469929091
0.8420521264882315
0.8416165427706935
0.8411806920348114
0.8407445861805599
0.8403082132588671
0.8398715793711412
0.8394346823086665
0.8389975233674919
0.838560103234922
0.8381224193784699
0.837684481588123
0.837246275121445
0.8368078050456482
0.8363690808365022
0.8359300908580408
0.83549084490193
0.835051343915984
0.8346115734544789
0.8341715494403952
0.8337312623253066
0.833290716167415
0.8328499216314849
0.8324088556279045
0.8319675331293542
0.8315259606809228
0.8310841214054742
0.8306420268502843
0.8301996751591058
0.8297570639213174
0.8293142000016281
0.8288710802977531
0.8284276984070542
0.8279840627715335
0.8275401683481352
0.827096023209903
0.8266516192278801
0.8262069597666828
0.8257620441630601
0.8253168712539647
0.824871450147799
0.8244257739219446
0.8239798396669504
0.8235336486352797
0.8230872091082072
0.8226405146545798
0.8221935675982294
0.8217463611907017
0.8212989057615532
0.8208511956344617
0.8204032357013352
0.8199550242856921
0.8195065569395463
0.8190578456796822
0.8186088782412637
0.8181596542853221
0.8177101791029828
0.8172604557233192
0.8168104824551499
0.8163602586282204
0.8159097883179771
0.8154590590200954
0.8150080889214981
0.8145568625761419
0.8141053897861489
0.8136536674519854
0.8132016928544821
0.8127494757916852
0.8122970091929081
0.8118442915181548
0.811391326159373
0.810938109296212
0.8104846514911536
0.8100309435219603
0.8095769875472723
0.8091227850222911
0.8086683326621218
0.8082136425788266
0.8077587008812782
0.8073035149103107
0.8068480788326163
0.8063924014028074
0.8059364774441145
0.8054803047501088
0.8050238903548008
0.804567234645013
0.8041103303710618
0.8036531772242573
0.8031957909731966
0.8027381566450391
0.8022802778103372
0.8018221522621384
0.8013637927674471
0.800905183700104
0.8004463329659008
0.7999872385133232
0.7995279042442374
0.7990683248230903
0.7986085096846137
0.798148452479753
0.797688150973863
0.797227605931331
0.7967668248971264
0.7963058030531841
0.7958445418470358
0.7953830359437828
0.7949212918303373
0.7944593146484237
0.7939970896163573
0.7935346324880487
0.7930719309493263
0.7926089904536533
0.7921458162993448
0.7916824045321605
0.7912187508498031
0.7907548610709653
0.7902907333296292
0.7898263685577996
0.7893617649013375
0.7888969302597703
0.7884318524955766
0.7879665424750193
0.787500995902174
0.7870352110845559
0.7865691893185195
0.7861029400584049
0.7856364501273992
0.7851697225507928
0.7847027666230014
0.7842355733435306
0.7837681462459334
0.783300487678365
0.7828325907274597
0.7823644653810985
0.7818961029879475
0.7814275123067709
0.7809586795027148
0.7804896256880777
0.7800203313970889
0.7795508054461164
0.77908105344226
0.778611064641466
0.7781408450465879
0.7776703950679401
0.7771997151090803
0.7767288012383956
0.776257663958505
0.7757862944513646
0.7753146941699529
0.7748428626527417
0.7743708001473995
0.773898514387155
0.7734259906084945
0.7729532452625345
0.7724802716218034
0.7720070613805656
0.7715336348167278
0.771059973173584
0.7705860848935934
0.7701119750818454
0.7696376331637204
0.769163062709634
0.7686882676029632
0.7682132479159202
0.7677380035341356
0.7672625338288207
0.7667868324238875
0.7663108997176172
0.7658347558335296
0.7653583849605424
0.764881788399355
0.764404964998768
0.763927912715091
0.7634506450466834
0.7629731535212729
0.7624954312242422
0.7620174965302174
0.7615393296272084
0.7610609431357743
0.7605823319153298
0.7601035038399084
0.7596244464404017
0.7591451759906405
0.7586656751450968
0.7581859592992606
0.7577060189334541
0.7572258647374804
0.7567454838804728
0.7562648827236275
0.7557840604569781
0.7553030215046062
0.7548217598208722
0.7543402800277866
0.7538585830515065
0.753376664236576
0.7528945325745924
0.7524121785304457
0.7519296091512315
0.7514468152725274
0.7509638079398507
0.7504805845730141
0.7499971440807175
0.7495134840457383
0.7490296096123193
0.7485455154421907
0.7480612129387253
0.7475766842265317
0.7470919460715304
0.7466069912778954
0.7461218202110416
0.745636432975559
0.7451508366028403
0.7446650189524929
0.7441789938816213
0.743692752915668
0.7432062961089884
0.7427196260053379
0.7422327454215017
0.7417456460904022
0.7412583449966488
0.7407708224935011
0.740283083537727
0.739795141292772
0.7393069837682616
0.7388186180483087
0.7383300380648135
0.7378412425220697
0.7373522417824083
0.736863029950473
0.7363736099471471
0.7358839756666994
0.7353941350854929
0.7349040891367703
0.7344138246317466
0.7339233543760201
0.7334326747810953
0.7329417927218872
0.7324506971054445
0.7319593944587602
0.7314678792725157
0.7309761645281179
0.7304842372149909
0.7299921049203233
0.7294997629946449
0.7290072160367093
0.72851446188528
0.728021507538195
0.7275283445772843
0.727034969736632
0.7265413982695351
0.7260476164526231
0.7255536320646209
0.7250594409869126
0.7245650457250034
0.7240704505216871
0.7235756445089015
0.723080642213166
0.7225854312951264
0.7220900213175047
0.7215944077528875
0.7210985893144661
0.7206025650387143
0.7201063484145842
0.7196099255565663
0.7191133003924749
0.7186164749288382
0.7181194446741019
0.7176222137361494
0.7171247849777472
0.716627158459011
0.716129331671058
0.7156313016910458
0.7151330694935674
0.7146346430061236
0.7141360175725358
0.7136371889179318
0.71313816254124
0.7126389440661716
0.7121395227817383
0.7116399024374052
0.7111400841371288
0.710640070395985
0.7101398614858411
0.7096394510049242
0.7091388465371229
0.7086380504502144
0.7081370549580095
0.7076358595978561
0.7071344726759817
0.7066328919759669
0.7061311109726
0.7056291349566832
0.705126967492113
0.7046246107601
0.704122047412661
0.7036193055710069
0.7031163595387137
0.7026132226245236
0.7021098937006633
0.7016063731642689
0.7011026536481189
0.7005987459932228
0.700094647522341
0.6995903593342752
0.699085875087378
0.6985812033782194
0.6980763397550095
0.6975712837844061
0.6970660383409135
0.696560601399159
0.6960549714613519
0.6955491573583288
0.6950431521504641
0.6945369547425928
0.6940305700593769
0.6935240015200891
0.6930172341936264
0.6925102904793362
0.6920031504211064
0.6914958323836905
0.6909883171291078
0.6904806174416326
0.6899727304169511
0.6894646591398531
0.68895639565649
0.6884479526136776
0.6879393192436996
0.6874305028058576
0.6869214993701143
0.6864123144260399
0.6859029412475567
0.6853933793792218
0.684883639037413
0.6843737103676492
0.6838636063326058
0.6833533123915073
0.6828428348785166
0.6823321744179933
0.6818213309158798
0.6813103075884652
0.680799095455658
0.6802877074807754
0.6797761404535926
0.6792643845280326
0.6787524510984525
0.6782403338147872
0.6777280365761276
0.6772155586047778
0.6767029046867442
0.6761900630620385
0.6756770460103939
0.6751638504663426
0.6746504784331885
0.6741369244264442
0.6736231876535207
0.6731092758753532
0.6725951841155899
0.6720809112168489
0.6715664703577027
0.6710518445361432
0.6705370463841356
0.6700220671161743
0.6695069156796035
0.6689915857053351
0.6684760741650043
0.6679603898416331
0.6674445324759225
0.666928502497774
0.6664122876023721
0.6658959083089739
0.665379348286732
0.6648626135445428
0.6643457108006366
0.6638286244612658
0.663311370100246
0.6627939445042595
0.6622763460236847
0.661758570731022
0.6612406234048797
0.6607225060535883
0.660204211453916
0.6596857527457806
0.6591671202685515
0.6586483144476047
0.658129336588383
0.6576101869654037
0.6570908721002355
0.6565713835446854
0.6560517300923213
0.6555318980629571
0.6550119054872987
0.6544917355597543
0.6539714024882577
0.6534509011068657
0.6529302318711339
0.6524093837001751
0.6518883833596529
0.6513672053189549
0.6508458618359063
0.6503243526820219
0.6498026721601087
0.6492808306745596
0.6487588213412699
0.6482366490878564
0.6477143098403398
0.6471917977712096
0.6466691272487297
0.6461462899890665
0.6456232850543098
0.6451001205378
0.644576791275073
0.6440532940827167
0.6435296367004322
0.6430058146724675
0.6424818308871469
0.6419576836929932
0.6414333742049874
0.6409089006239055
0.6403842637185965
0.6398594672297006
0.6393345058554617
0.6388093887415033
0.6382841016759094
0.6377586665574786
0.6372330609636698
0.6367072966923637
0.6361813757087559
0.6356552929209951
0.6351290502851527
0.6346026540337815
0.6340760913150658
0.6335493699405017
0.633022495706518
0.6324954608658748
0.6319682643048022
0.6314409146437185
0.6309134039462596
0.6303857385862964
0.6298579155324742
0.6293299404223064
0.6288018051542725
0.6282735096725287
0.6277450610111298
0.6272164646688236
0.6266877019159918
0.6261587885417322
0.6256297192073387
0.6251005006413469
0.6245711242177078
0.6240415907164358
0.623511905818883
0.622982068560047
0.62245207466942
0.6219219343592062
0.6213916349821613
0.6208611883152133
0.6203305853862997
0.6197998348197982
0.6192689285298311
0.6187378754709346
0.6182066672236154
0.6176753085491897
0.6171438020246426
0.6166121384489868
0.6160803334688594
0.6155483737481539
0.6150162689393266
0.614484011657586
0.61395160391684
0.6134190515559952
0.6128863459468246
0.6123534897891176
0.611820493125527
0.6112873511613808
0.6107540556044764
0.6102206118154743
0.609687025405824
0.6091532914697452
0.6086194062372791
0.6080853851358412
0.6075512139686559
0.6070168940715811
0.6064824293325235
0.6059478207453726
0.6054130690716768
0.6048781714559124
0.6043431293944146
0.6038079422827562
0.6032726141977928
0.6027371410706136
0.6022015264691399
0.601665770666547
0.6011298676566628
0.6005938230790128
0.6000576372660942
0.5995213135564075
0.5989848444177216
0.5984482344506257
0.5979114841018911
0.5973745917184519
0.596837559667233
0.5963003866530845
0.5957630792005122
0.5952256252230431
0.5946880354246538
0.5941503043382462
0.5936124377942986
0.5930744332832153
0.5925362867011859
0.5919980032166636
0.5914595768143546
0.5909210208286615
0.5903823278597244
0.5898434957406626
0.5893045193420463
0.5887654168704027
0.5882261706299747
0.5876867969717401
0.5871472846151318
0.5866076333195239
0.5860678529501876
0.5855279308680954
0.5849878760527226
0.5844476886019372
0.583907371230325
0.5833669161796929
0.5828263285937336
0.582285606162843
0.5817447513738819
0.5812037626163494
0.5806626429181796
0.5801213906463859
0.5795800057210507
0.5790384912010075
0.5784968433374982
0.5779550688618499
0.5774131593229672
0.5768711226372236
0.5763289544166239
0.575786652622025
0.575244225038755
0.5747016642492594
0.5741589775122306
0.5736161617788893
0.5730732190703993
0.5725301473674147
0.57198694591438
0.571443616901584
0.5709001591819113
0.5703565758239778
0.5698128636320647
0.5692690320812486
0.5687250678633285
0.5681809764834127
0.5676367632534535
0.5670924204224063
0.5665479543773037
0.5660033608603253
0.5654586399336698
0.5649138034000369
0.5643688388040946
0.5638237507486086
0.56327853413289
0.5627331975877514
0.5621877411836166
0.5616421544252657
0.5610964544520213
0.560550626573454
0.5600046741714243
0.5594586015438043
0.5589124079106178
0.5583660958047278
0.5578196573004051
0.5572731040190921
0.5567264254027884
0.5561796287113356
0.5556327152329253
0.5550856791770681
0.5545385173098848
0.5539912459288239
0.5534438517320742
0.5528963428043451
0.5523487096734979
0.5518009611578436
0.551253097514138
0.5507051076990062
0.5501570088815999
0.5496087924387901
0.5490604572488886
0.548512000617051
0.5479634383522782
0.5474147569416223
0.5468659563032048
0.5463170420878062
0.545768014275772
0.5452188746591546
0.5446696132571286
0.5441202423538382
0.5435707576750466
0.5430211561950445
0.5424714411464114
0.5419216150815658
0.5413716808675268
0.5408216241393914
0.5402714594543171
0.5397211799655792
0.5391707956678512
0.5386202981608951
0.5380696885542585
0.5375189650305685
0.5369681331135685
0.5364171876584114
0.5358661406014964
0.5353149768929027
0.5347637043057182
0.5342123183901024
0.5336608316248245
0.5331092313861854
0.5325575238648528
0.5320057077926829
0.5314537844568727
0.5309017557007457
0.5303496171065842
0.5297973712016765
0.5292450166899282
0.5286925629118531
0.5281399944577355
0.5275873237880984
0.5270345476955348
0.5264816617548422
0.5259286737086896
0.5253755831733091
0.5248223865466994
0.5242690832520552
0.5237156791389947
0.5231621715046624
0.5226085578479609
0.5220548387805736
0.5215010262610972
0.5209471027812211
0.5203930722611486
0.5198389480652623
0.5192847203419974
0.5187303951398056
0.5181759613675275
0.5176214282096372
0.5170667969800498
0.5165120592484691
0.5159572316516995
0.5154022949749689
0.5148472605969683
0.514292130918586
0.5137368980069343
0.5131815684147146
0.5126261384180371
0.512070609671232
0.5115149855787033
0.5109592611857176
0.5104034441136125
0.5098475269307743
0.5092915066231661
0.5087353989625872
0.5081791888869776
0.5076228880039879
0.5070664910200603
0.5065099983551246
0.5059534103003399
0.5053967208621474
0.5048399393635961
0.5042830673048383
0.5037260967565913
0.5031690379474273
0.5026118815463023
0.5020546327175774
0.5014972906866273
0.5009398531141305
0.5003823282906896
0.499824706196183
0.4992669951534166
0.49870919365460864
0.49815129658896967
0.4975933131323158
0.49703524021395545
0.49647706732584496
0.4959188109492192
0.49536046611988654
0.4948020326046969
0.494243502295304
0.49368488766574026
0.4931261855287076
0.4925673952560997
0.49200850980565547
0.4914495402871986
0.4908904902543648
0.4903313416996202
0.48977211230554324
0.489212786685303
0.4886533886331587
0.48809389923437735
0.4875343189629648
0.4869746599242146
0.4864149112467947
0.48585507530671257
0.48529515427975994
0.4847351480951991
0.48417506261365634
0.48361488904152095
0.48305463878887883
0.4824942964780503
0.48193387472936183
0.4813733654658085
0.4808127795951336
0.4802521109221745
0.47969135470300667
0.4791305214684196
0.4785695989627402
0.47800860241270354
0.4774475246182895
0.4768863725031457
0.4763251271472652
0.47576380624362247
0.4752024041450989
0.47464092463602064
0.4740793686721623
0.47351772936874653
0.4729560059765147
0.4723942125223738
0.47183234022367887
0.47127038901463525
0.4707083600368347
0.47014625129035487
0.4695840653198967
0.4690218032722064
0.46845946438425623
0.4678970504913179
0.46733456029789194
0.46677199738711783
0.4662093550756674
0.4656466411194245
0.46508385074749914
0.46452098022515603
0.46395804009646835
0.46339502508527186
0.46283193492359304
0.4622687773834497
0.4617055414108714
0.4611422335489032
0.46057885234430823
0.46001540014899656
0.4594518718571384
0.4588882781771209
0.45832460685080617
