1025
1.906530396527716
1.9057809789713964
1.9050313037059974
1.904281383767449
1.9035312091255234
1.9027807867563253
1.9020301155301655
1.9012791947305525
1.9005280261037427
1.899776609068623
1.899024943320271
1.8982730362030642
1.8975208734080355
1.8967684672288223
1.896015821102883
1.895262928716597
1.8945097897894034
1.8937564049929188
1.893002779781878
1.8922489097195716
1.891494799743149
1.8907404428073389
1.8899858468180544
1.8892310104864112
1.8884759348799827
1.8877206144744465
1.8869650580883548
1.8862092593139383
1.8854532260598182
1.8846969508955413
1.8839404382530063
1.883183691262092
1.882426701819121
1.8816694836471013
1.8809120239554922
1.880154331503506
1.8793964007099744
1.8786382396116963
1.8778798424618053
1.8771212108138473
1.8763623498979802
1.875603251839742
1.8748439247776314
1.8740843632597193
1.8733245737773878
1.8725645505300974
1.8718043040679044
1.87104381762557
1.870283108728898
1.8695221709628764
1.8687610047594307
1.8679996090172313
1.8672379866408955
1.86647613852337
1.8657140641696421
1.8649517615200082
1.8641892372018898
1.8634264810928973
1.8626635079316012
1.8619003090689032
1.8611368846501564
1.8603732415368437
1.8596093733322436
1.8588452793831416
1.8580809701936023
1.8573164362509471
1.8565516821652965
1.8557867105289525
1.8550215202535616
1.8542561045094732
1.8534904752686474
1.8527246257871983
1.851958557434072
1.8511922767561169
1.8504257733948228
1.8496590574057195
1.8488921239130258
1.8481249742039438
1.8473576144232604
1.846590033862219
1.8458222446218773
1.8450542392712441
1.844286021136732
1.84351759087343
1.8427489524269096
1.8419800978016343
1.8412110353552844
1.8404417610290822
1.8396722753128503
1.8389025800768728
1.8381326784956937
1.8373625646264027
1.8365922462235182
1.8358217185802048
1.8350509817784384
1.8342800401506556
1.8335088928677394
1.832737539055335
1.831965979366764
1.8311942159244299
1.8304222508253138
1.829650076233346
1.8288777017114346
1.8281051251322507
1.8273323441798681
1.8265593579616355
1.82578617891633
1.8250127912189125
1.824239207093764
1.8234654201167706
1.8226914364261722
1.8219172508232755
1.8211428691473683
1.8203682918163473
1.8195935090534987
1.8188185327320834
1.8180433623990768
1.8172679928406152
1.8164924285202835
1.815716668210706
1.8149407129541282
1.8141645651723652
1.813388223695343
1.8126116861882329
1.8118349589084133
1.8110580373370349
1.8102809228900438
1.8095036177624728
1.8087261225355888
1.8079484388839993
1.8071705596068373
1.806392494386306
1.8056142383303653
1.8048357973276867
1.8040571640683323
1.8032783441847045
1.802499337580144
1.8017201428765741
1.8009407662455534
1.800161194417051
1.7993814487984852
1.7986015123451538
1.797821390881212
1.797041086941312
1.7962605994008236
1.795479929609976
1.7946990763220239
1.7939180414089133
1.7931368250415716
1.7923554265911292
1.7915738481788825
1.7907920913429232
1.790010154439428
1.7892280362685598
1.7884457425757165
1.7876632655980773
1.786880616824811
1.786097788733706
1.785314779762382
1.7845315985242174
1.7837482396037634
1.782964707743882
1.7821810029671148
1.7813971158336543
1.7806130631670687
1.7798288303877143
1.7790444268580368
1.7782598527210651
1.777475102788559
1.7766901851423076
1.775905094613108
1.7751198319729133
1.7743344018693916
1.7735487984965475
1.7727630283542373
1.7719770936189143
1.771190984284866
1.770404704219238
1.7696182678145513
1.7688316599706484
1.7680448802077966
1.767257936760239
1.7664708306176191
1.7656835619636548
1.764896121089988
1.7641085190092887
1.7633207544899632
1.7625328312379447
1.7617447374344943
1.7609564848606936
1.7601680716016854
1.7593794940747962
1.7585907573260209
1.7578018607987034
1.7570128045966158
1.7562235916328919
1.7554342147948032
1.75464468221951
1.7538549912363202
1.753065141953619
1.752275137311956
1.7514849741713807
1.7506946542686896
1.7499041804812614
1.7491135535068738
1.748322767295415
1.7475318305829475
1.7467407365687968
1.7459494913776836
1.745158095105549
1.7443665438315363
1.743574839039138
1.742782989094255
1.741990986192782
1.7411988251072212
1.7404065223770606
1.7396140688835764
1.7388214626361573
1.7380287123361808
1.7372358120552045
1.7364427617659237
1.735649569218214
1.7348562300609063
1.7340627387309149
1.733269101445347
1.7324753241620363
1.7316813978794363
1.7308873325393852
1.7300931167754012
1.7292987636149966
1.7285042635030299
1.727709618583519
1.7269148371426533
1.7261199105053529
1.7253248439385
1.724529636023619
1.7237342908188757
1.722938803120291
1.722143174698324
1.7213474131397266
1.7205515065256296
1.7197554661237053
1.7189592856351703
1.7181629686999296
1.7173665153512785
1.7165699265286731
1.7157732043785594
1.7149763454203462
1.7141793517063268
1.7133822232196643
1.7125849604006167
1.7117875669156892
1.7109900383280656
1.7101923790981042
1.7093945891220914
1.7085966648789013
1.7077986091298585
1.7070004263025678
1.7062021082316845
1.7054036627727864
1.7046050894857938
1.7038063882658723
1.703007554861457
1.7022086015707725
1.7014095158189269
1.7006103043021594
1.6998109654639932
1.6990115038026612
1.6982119131034126
1.6974121958167392
1.6966123626951128
1.6958123966407794
1.6950123074077879
1.6942121014227118
1.693411769506999
1.6926113154462874
1.6918107425330668
1.6910100427149177
1.6902092255719594
1.6894082869807086
1.6886072292442285
1.6878060522497762
1.6870047557537533
1.686203342478491
1.6854018057808533
1.684600157208138
1.683798393509284
1.6829965084822656
1.6821945112012038
1.6813923950745264
1.6805901602013813
1.6797878175900518
1.6789853563390265
1.6781827839907821
1.6773800982112743
1.6765772917520465
1.675774382379136
1.6749713593653657
1.6741682188663827
1.6733649737218321
1.6725616160752923
1.6717581480187085
1.6709545717940018
1.6701508831424376
1.6693470848604413
1.668543182235319
1.6677391699059876
1.6669350519242419
1.666130823048685
1.6653264899683295
1.6645220508397105
1.6637175066843521
1.6629128590248292
1.6621081017792585
1.661303240649216
1.6604982783888307
1.6596932146124665
1.6588880441277472
1.6580827720422169
1.6572773973471044
1.6564719255741365
1.6556663497681068
1.6548606748583092
1.6540548976560936
1.6532490200852958
1.6524430462251842
1.6516369675572558
1.6508307940122005
1.6500245261988364
1.649218160933956
1.6484116967329614
1.6476051354318095
1.6467984780051905
1.6459917221699936
1.6451848776329052
1.64437793179656
1.6435708966394091
1.6427637655637257
1.6419565413370423
1.6411492266902743
1.6403418149800095
1.6395343121504975
1.6387267197584636
1.6379190361417317
1.6371112644553645
1.6363033979251895
1.6354954436762044
1.634687400814757
1.63387926895226
1.6330710509356088
1.6322627387413793
1.63145434310358
1.6306458590958428
1.6298372917969786
1.6290286353812053
1.6282198941985524
1.6274110705299993
1.6266021598973521
1.6257931625105762
1.6249840844092702
1.6241749262994174
1.623365677501943
1.6225563492825525
1.6217469398483724
1.620937451451159
1.6201278752977544
1.6193182234556383
1.6185084907958527
1.6176986793428287
1.6168887869235569
1.6160788181268617
1.6152687664545073
1.6144586374533827
1.613648433192841
1.6128381538076952
1.6120277943451937
1.6112173589722634
1.6104068472479247
1.6095962637221697
1.6087856041617392
1.6079748656234174
1.6071640593459173
1.6063531745096524
1.6055422207398922
1.6047311946194396
1.6039200929515376
1.6031089192445394
1.6022976772129027
1.6014863632661043
1.6006749793553932
1.5998635254113371
1.5990520034427365
1.598240408259457
1.5974287493796395
1.5966170194771696
1.5958052223217147
1.594993359702927
1.5941814314007199
1.593369431008866
1.5925573688087984
1.5917452432572772
1.5909330481314565
1.590120790630723
1.5893084687345145
1.5884960814465994
1.5876836344492216
1.5868711209852524
1.5860585480132507
1.5852459096487308
1.5844332168963144
1.5836204547210364
1.582807637894524
1.5819947608720966
1.5811818199417553
1.5803688235872757
1.5795557681288794
1.578742653871323
1.5779294810903117
1.5771162533685161
1.5763029635395815
1.575489618700918
1.5746762183919167
1.573862763537994
1.5730492546519537
1.5722356867147325
1.5714220710130824
1.5706083961992081
1.5697946678432686
1.568980892606161
1.5681670562471888
1.567353173118548
1.5665392377258878
1.565725246897966
1.5649112088983739
1.5640971218812338
1.5632829835106448
1.5624687944065088
1.5616545552377354
1.5608402670903816
1.560025935283415
1.5592115600508294
1.5583971274021404
1.5575826493907918
1.556768125763597
1.5559535580320774
1.5551389481466074
1.5543242869809926
1.5535095813131419
1.5526948367538589
1.5518800405794455
1.5510652077898657
1.5502503298027295
1.5494354111418915
1.5486204464511224
1.5478054455000443
1.546990397025016
1.546175314408447
1.5453601869665117
1.5445450222602173
1.543729813028799
1.542914569230427
1.542099287005861
1.5412839674688787
1.5404686080194887
1.5396532135795462
1.5388377815745962
1.5380223118144265
1.5372068082005201
1.5363912650044214
1.5355756896943251
1.5347600777863961
1.5339444365905746
1.5331287586413331
1.5323130462202084
1.5314973010933841
1.5306815253678467
1.529865716017501
1.5290498775240269
1.5282340022117085
1.5274181037834256
1.526602170365765
1.5257862082058473
1.5249702172767454
1.5241541983453866
1.5233381468207579
1.5225220721290182
1.5217059648591496
1.520889831777213
1.5200736733652607
1.5192574885769707
1.5184412756934442
1.5176250415487798
1.5168087743888734
1.5159924890195047
1.51517618247339
1.514359845897177
1.513543488393843
1.5127271056924068
1.511910702549492
1.511094280717818
1.5102778332790598
1.5094613648839228
1.5086448744015737
1.5078283663780498
1.5070118360244087
1.5061952831743666
1.5053787179820772
1.504562131753684
1.5037455277305491
1.5029289015344303
1.5021122617715597
1.5012956043554253
1.5004789338590496
1.499662241493794
1.498845537290546
1.4980288164381361
1.497212082826015
1.496395333665821
1.495578571351176
1.4947617910646696
1.4939449998682701
1.4931282005842486
1.4923113827710428
1.4914945568853373
1.4906777180777462
1.4898608698954712
1.4890440110619039
1.4882271389827761
1.4874102624505812
1.4865933713763173
1.4857764751201852
1.4849595677902847
1.4841426528350894
1.4833257320342605
1.4825088067213599
1.4816918676117463
1.4808749253465807
1.480057977769585
1.479241024113773
1.4784240680200942
1.4776071072697818
1.476790140345519
1.4759731677222028
1.4751561920177823
1.4743392157439876
1.473522238951639
1.4727052565208896
1.4718882722896383
1.4710712900029779
1.4702543064006022
1.469437317765372
1.4686203326392597
1.4678033489737865
1.4669863664487643
1.4661693838146153
1.4653524015973065
1.4645354248944422
1.4637184488314294
1.4629014724687226
1.462084501937129
1.4612675380807738
1.460450575661807
1.4596336167213897
1.458816666750625
1.457999722397374
1.4571827816490146
1.456365843606269
1.455548921540113
1.454731995404905
1.4539150847100075
1.4530981802050067
1.4522812834455543
1.4514643945033956
1.4506475197010138
1.449830651440834
1.4490137924741877
1.4481969424351728
1.4473801067416538
1.4465632795601384
1.445746464750608
1.4449296632926387
1.4441128737302207
1.4432960980479377
1.442479337885929
1.4416625876417548
1.440845852646643
1.4400291346252236
1.4392124303201714
1.438395738033648
1.437579069109841
1.436762407859656
1.4359457695072138
1.4351291411180631
1.4343125375333639
1.433495949871877
1.4326793807348337
1.4318628287137214
1.4310463001071028
1.4302297863845608
1.4294132957439953
1.4285968236593256
1.4277803736111063
1.4269639422187528
1.4261475349100994
1.4253311525331565
1.4245147883823739
1.4236984502644445
1.4228821291758187
1.4220658364623466
1.4212495679457429
1.420433323887098
1.419617104963257
1.418800909366214
1.4179847442710893
1.4171686006944149
1.416352481718293
1.415536395136023
1.414720333144806
1.4139043010592345
1.413088296502773
1.412272320727982
1.4114563708160675
1.4106404559980619
1.409824567864685
1.40900870919406
1.408192879147296
1.4073770823446834
1.406561319955169
1.4057455869776592
1.4049298875710585
1.4041142230530181
1.4032985845407242
1.4024829850185372
1.401667415833959
1.4008518841276958
1.4000363837868708
1.3992209200432582
1.3984054958415288
1.3975901052830244
1.3967747491499118
1.3959594277196776
1.3951441504573558
1.3943289032794217
1.3935136984637224
1.3926985322090217
1.3918834002688083
1.391068314681765
1.3902532645126175
1.3894382527707534
1.3886232813204116
1.3878083535832844
1.386993466576446
1.3861786194709367
1.3853638182079264
1.3845490536443124
1.383734333560647
1.3829196581465686
1.3821050270289994
1.3812904407172337
1.3804758949403482
1.3796613964995204
1.3788469395015421
1.3780325345651192
1.377218169046623
1.3764038559120988
1.3755895853876348
1.3747753616983844
1.3739611852114506
1.3731470645352652
1.372332980800259
1.3715189532480698
1.3707049733182228
1.3698910420050525
1.3690771638279675
1.3682633320007966
1.3674495521341437
1.366635820981994
1.3658221422129362
1.3650085207665401
1.3641949466527044
1.3633814264888713
1.3625679616611033
1.3617545467771133
1.3609411860438223
1.360127882626231
1.3593146313444997
1.3585014359772967
1.3576882950657143
1.356875210426039
1.3560621816972895
1.3552492109819272
1.3544362981996176
1.3536234411261274
1.3528106443408427
1.351997901674894
1.3511852240598088
1.3503725962340491
1.349560034974936
1.3487475324495295
1.347935087553909
1.3471227048937897
1.3463103832986523
1.34549811909545
1.344685921947311
1.343873787086298
1.3430617105956073
1.3422496987305887
1.3414377530024493
1.3406258676543128
1.3398140489921684
1.3390022930156318
1.338190602621063
1.3373789740754252
1.336567413907211
1.335755922887565
1.3349444963043866
1.334133130759374
1.333321840520048
1.3325106147334722
1.3316994577041852
1.3308883652111583
1.3300773441132163
1.3292663943635743
1.3284555125000492
1.327644699722388
1.3268339597223042
1.3260232857019565
1.325212687371613
1.3244021567786555
1.3235917010387181
1.3227813143985607
1.3219710034402357
1.3211607620361825
1.3203505971087657
1.3195405055251759
1.3187304862769917
1.3179205463020156
1.317110675047094
1.316300882764509
1.3154911628244939
1.314681521332173
1.3138719574157436
1.3130624673575322
1.312253058004492
1.3114437279099884
1.310634470451226
1.309825289615998
1.3090161919663132
1.3082071743978305
1.307398233009428
1.306589372347556
1.305780595528329
1.3049718918730564
1.3041632723432801
1.303354736658872
1.3025462823433018
1.3017379094146273
1.3009296177154293
1.300121410001925
1.2993132858024445
1.298505246160974
1.2976972884941362
1.2968894164887927
1.2960816280404266
1.2952739235690274
1.294466308031897
1.2936587776830493
1.2928513332921643
1.2920439725423436
1.2912367017969808
1.290429518113322
1.2896224217625727
1.2888154145100736
1.2880084952448276
1.287201665519134
1.2863949210230705
1.28558827127845
1.284781708915194
1.283975238610597
1.283168856546507
1.282362565241849
1.2815563681270552
1.280750262148558
1.2799442522234477
1.279138329112972
1.278332498821095
1.2775267635112082
1.2767211275567332
1.2759155781163443
1.2751101286101914
1.2743047679781319
1.2734995047351556
1.2726943396816848
1.2718892662797066
1.2710842942644973
1.2702794175880954
1.2694746367954723
1.2686699504930286
1.2678653648552975
1.267060876655003
1.2662564883834202
1.2654521984702283
1.2646480089046115
1.2638439178529706
1.263039927159924
1.2622360374466903
1.2614322470520891
1.26062855921077
1.2598249696821169
1.259021485130593
1.2582181002140052
1.2574148190171388
1.2566116432980887
1.2558085680840823
1.2550055992364548
1.2542027321313023
1.2533999695052924
1.2525973104981603
1.2517947570035182
1.25099231026165
1.2501899692642946
1.2493877352612004
1.248585606617187
1.2477835863789262
1.2469816679711871
1.2461798617732809
1.2453781643856396
1.2445765723850597
1.2437750919746777
1.2429737191647625
1.242172457635296
1.2413713076831319
1.240570261439425
1.2397693285457112
1.2389685060343563
1.2381677984001234
1.2373671998366358
1.2365667107152796
1.2357663395046357
1.2349660740000517
1.2341659256819224
1.2333658924430706
1.2325659718497057
1.231766164973111
1.230966470503459
1.2301668947462485
1.229367429933021
1.2285680841605662
1.2277688528031208
1.2269697352749593
1.2261707366285004
1.225371859642848
1.2245730929286538
1.2237744468861127
1.2229759159811469
1.222177507782245
1.2213792164646178
1.2205810422782757
1.219782993951966
1.218985059432173
1.2181872455397045
1.2173895536663764
1.2165919862738468
1.2157945325736113
1.2149972028660487
1.214199997726411
1.2134029134319986
1.2126059509304918
1.2118091091338743
1.2110123960842312
1.210215803280111
1.2094193342985187
1.2086229919864522
1.2078267745163738
1.2070306806707225
1.2062347087762264
1.2054388699012788
1.204643153924392
1.2038475665659503
1.2030521008313428
1.2022567636690733
1.2014615546099237
1.2006664755421106
1.1998715231088324
1.1990767015398043
1.1982820025832803
1.1974874378598486
1.1966930022927744
1.1958986995696088
1.1951045211603994
1.1943104768313502
1.1935165625719113
1.1927227800312372
1.1919291286282478
1.1911356075336632
1.1903422206551708
1.189548966616897
1.188755846897536
1.1879628552580792
1.1871700035280859
1.1863772830418555
1.1855846967592585
1.184792248481287
1.1839999329448023
1.1832077512388712
1.1824157062735352
1.1816237991428364
1.180832026127922
1.1800403896498097
1.1792488921742046
1.1784575337404741
1.177666306206485
1.1768752228604817
1.1760842813288293
1.1752934724799775
1.174502803971384
1.1737122720615527
1.1729218851819978
1.1721316372998756
1.1713415279545376
1.170551563926287
1.1697617334832313
1.1689720513766753
1.1681825095374678
1.1673931069877106
1.1666038499588602
1.1658147342209266
1.1650257631257488
1.1642369359000975
1.1634482505726766
1.1626597112775034
1.161871313186503
1.1610830620162111
1.1602949606572788
1.1595069980416042
1.1587191857237826
1.1579315157902557
1.1571439927129157
1.1563566165211605
1.1555693876688018
1.1547823111038173
1.1539953804616498
1.1532085952310607
1.1524219616612354
1.1516354729483684
1.1508491363064106
1.1500629485698965
1.1492769108202725
1.148491025312949
1.1477052865108828
1.1469197021969957
1.1461342670381323
1.145348982391728
1.1445638526726216
1.1437788717579542
1.142994042227976
1.142209372450351
1.1414248508973202
1.140640481652555
1.1398562655358255
1.1390722088804468
1.138288303113298
1.1375045512373283
1.1367209540399499
1.135937517238349
1.1351542334058544
1.1343711002885484
1.133588131689184
1.1328053150788226
1.1320226623933096
1.1312401567193355
1.1304578122752873
1.1296756294239934
1.1288935997062934
1.1281117316480282
1.1273300241125965
1.126548475916552
1.1257670876861532
1.1249858557036974
1.124204786888329
1.1234238733076334
1.1226431269559003
1.1218625389301622
1.1210821157629043
1.1203018500081423
1.1195217465929979
1.118741809728524
1.1179620320799368
1.117182423233902
1.116402972353727
1.1156236853588528
1.1148445578782569
1.114065604109432
1.1132868115780647
1.1125081849503737
1.111729722156594
1.1109514228971933
1.1101732926429029
1.109395332605996
1.108617532950395
1.1078399006406334
1.1070624363077675
1.1062851395963094
1.1055080124391412
1.1047310535236226
1.1039542625251453
1.1031776405858016
1.1024011868154577
1.1016249026779819
1.100848786037796
1.10007284241471
1.0992970665406896
1.0985214624910378
1.0977460334897022
1.0969707722835766
1.0961956834033328
1.095420767423518
1.0946460192027487
1.0938714473358548
1.0930970475289201
1.092322821436564
1.0915487677644662
1.0907748909075505
1.0900011834128973
1.0892276548226256
