1025
-1.1844993719138859
-1.1853641213338044
-1.1862284229181699
-1.1870922869788607
-1.1879557036783717
-1.1888186783299801
-1.1896812090282627
-1.1905432940169287
-1.1914049341225055
-1.1922661275975448
-1.1931268734852365
-1.1939871769900947
-1.1948470247546394
-1.1957064267301454
-1.1965653849651445
-1.1974238926356002
-1.198281948987136
-1.1991395533019795
-1.1999967096619475
-1.200853413092337
-1.20170966699575
-1.2025654642087928
-1.2034208107929534
-1.2042757046294112
-1.2051301456772525
-1.20598412835536
-1.2068376590456171
-1.2076907313693361
-1.2085433516349884
-1.2093955118754167
-1.2102472151574375
-1.2110984634458812
-1.2119492484877386
-1.2127995815766812
-1.2136494504807842
-1.2144988617589598
-1.2153478098879937
-1.2161963007031587
-1.2170443283838488
-1.217891893116662
-1.2187389988632802
-1.2195856373690677
-1.2204318152986708
-1.2212775264509013
-1.2221227760073792
-1.2229675576139822
-1.2238118798686035
-1.224655726841889
-1.225499112993432
-1.2263420318581713
-1.2271844830494374
-1.2280264641674359
-1.2288679772884854
-1.2297090219413322
-1.2305495970117688
-1.2313896993679643
-1.2322293343014465
-1.2330684917423205
-1.23390718379182
-1.2347454018822952
-1.2355831452029977
-1.236420418862162
-1.237257216141966
-1.2380935356984217
-1.2389293857142831
-1.2397647570503165
-1.2405996526176162
-1.24143407384147
-1.2422680188895576
-1.2431014807560399
-1.2439344690090068
-1.2447669767831362
-1.245599004359264
-1.246430556649529
-1.2472616233389424
-1.2480922125519178
-1.2489223190504246
-1.2497519429346668
-1.2505810888199558
-1.2514097461292497
-1.252237924798621
-1.2530656172099943
-1.2538928253827957
-1.2547195491186491
-1.2555457905463845
-1.2563715420167438
-1.2571968099811002
-1.2580215896177098
-1.2588458808392298
-1.2596696841505526
-1.2604930012526183
-1.261315826286118
-1.2621381648853265
-1.2629600121326632
-1.2637813670372733
-1.2646022325804427
-1.2654226071184356
-1.2662424889760568
-1.2670618777031848
-1.2678807741413725
-1.2686991792589464
-1.2695170856091569
-1.2703344999441277
-1.2711514200982408
-1.2719678428552221
-1.272783766445604
-1.2735992009308936
-1.2744141316024558
-1.2752285680732205
-1.2760425039708077
-1.2768559433593405
-1.2776688813999648
-1.278481321494346
-1.2792932638602361
-1.280104698586833
-1.2809156350126376
-1.2817260721993071
-1.2825360043196516
-1.2833454346470983
-1.2841543610207944
-1.2849627833319204
-1.2857707029479601
-1.2865781178848663
-1.2873850251760919
-1.288191429317183
-1.28899732553645
-1.2898027138623955
-1.2906075957445073
-1.2914119705898945
-1.2922158386026614
-1.2930191930313213
-1.2938220410822125
-1.2946243778778608
-1.295426207481118
-1.2962275226160866
-1.2970283272397312
-1.297828620345262
-1.298628399658811
-1.2994276700107903
-1.300226418617237
-1.30102466350328
-1.3018223885749645
-1.302619598047311
-1.3034162934350337
-1.3042124727055717
-1.3050081360533052
-1.3058032815642093
-1.3065979102032494
-1.3073920205966747
-1.308185611644338
-1.308978684431289
-1.3097712391948826
-1.3105632734818295
-1.311354785445006
-1.3121457795064977
-1.3129362474499917
-1.3137261985212942
-1.3145156255644541
-1.3153045260322636
-1.3160929064111444
-1.316880761289008
-1.3176680939123289
-1.3184549033099753
-1.31924118026237
-1.320026938758285
-1.3208121648182407
-1.3215968660577848
-1.3223810416058384
-1.3231646857240387
-1.3239478049032656
-1.3247303937480424
-1.325512451816644
-1.3262939822346291
-1.3270749790362804
-1.3278554474275768
-1.3286353878758734
-1.329414791012737
-1.3301936589845755
-1.3309720039769732
-1.331749811456143
-1.3325270802766527
-1.3333038166250875
-1.334080020553501
-1.334855691466504
-1.335630819543118
-1.33640541408921
-1.33717947262438
-1.3379529977793172
-1.3387259780861247
-1.339498423179752
-1.3402703302986056
-1.3410416953388218
-1.3418125221930621
-1.3425828091434133
-1.3433525554558883
-1.3441217628817665
-1.3448904242209334
-1.3456585454982937
-1.3464261239492825
-1.3471931582348753
-1.3479596503290567
-1.3487255966296565
-1.3494909975405998
-1.3502558548421089
-1.351020168397437
-1.3517839316743374
-1.352547151613989
-1.353309821220159
-1.3540719452418306
-1.3548335226225179
-1.3555945490935244
-1.3563550249674734
-1.357114956967819
-1.3578743371592874
-1.3586331599701884
-1.35939143918587
-1.3601491659080003
-1.36090633732084
-1.3616629603140253
-1.3624190288994094
-1.3631745417731203
-1.3639295053426364
-1.364683914561929
-1.3654377637108017
-1.3661910573627378
-1.3669437999764784
-1.367695982535125
-1.3684476130925565
-1.3691986806667633
-1.3699491958780219
-1.3706991494090357
-1.371448542099855
-1.3721973806597003
-1.372945656356482
-1.3736933728901306
-1.374440528322886
-1.3751871252900771
-1.3759331580820813
-1.3766786276558969
-1.3774235397311567
-1.3781678828392694
-1.378911666092652
-1.3796548829151587
-1.380397535913837
-1.3811396240829432
-1.3818811473078494
-1.3826221065510826
-1.3833624979826002
-1.3841023226223466
-1.384841579300961
-1.385580267686906
-1.3863183902222138
-1.3870559418468429
-1.3877929258973472
-1.388529341037765
-1.3892651838002883
-1.3900004552624705
-1.3907351586631744
-1.391469285861962
-1.392202843003191
-1.3929358287388416
-1.3936682422029911
-1.394400078517899
-1.395131347927635
-1.3958620382980484
-1.3965921546747775
-1.3973216947780154
-1.3980506617641861
-1.3987790493706114
-1.3995068587431654
-1.4002340985630592
-1.400960752805607
-1.4016868292187148
-1.402412332660099
-1.4031372540630678
-1.4038615958723732
-1.4045853603075766
-1.405308539346424
-1.4060311402067196
-1.4067531588273634
-1.4074745962770117
-1.4081954512355674
-1.4089157231946299
-1.4096354132803528
-1.4103545149342676
-1.411073037271587
-1.4117909767697525
-1.4125083269370744
-1.4132250950253356
-1.4139412743910937
-1.4146568640110306
-1.4153718730135112
-1.4160862907087963
-1.416800122981291
-1.4175133668930688
-1.4182260152779087
-1.4189380825555231
-1.4196495590167668
-1.4203604398991692
-1.4210707358602535
-1.4217804391722577
-1.4224895506090751
-1.4231980715327788
-1.4239059970895522
-1.4246133290389347
-1.4253200712090093
-1.4260262176972325
-1.426731771638149
-1.427436727488838
-1.4281410900584814
-1.428844856901164
-1.429548028176929
-1.4302506042888419
-1.430952579098283
-1.4316539567238806
-1.4323547387490387
-1.4330549240962709
-1.4337545069640538
-1.434453491347178
-1.4351518753710475
-1.43584966311217
-1.4365468476131569
-1.4372434321212446
-1.4379394133143095
-1.438634791939365
-1.4393295704222433
-1.4400237409094907
-1.440717310810299
-1.441410280206953
-1.442102645343314
-1.4427944038691787
-1.4434855566089613
-1.4441761037585519
-1.444866042353993
-1.4455553802065533
-1.4462441052004091
-1.4469322269771046
-1.447619738928708
-1.448306642859897
-1.4489929401244641
-1.4496786241726776
-1.450363699148391
-1.4510481659092507
-1.4517320218083405
-1.4524152691937982
-1.4530979007321738
-1.4537799222272059
-1.4544613319677904
-1.455142128668948
-1.455822314271325
-1.4565018805115855
-1.4571808361149967
-1.457859176131528
-1.4585369039508698
-1.4592140136088503
-1.4598905082269364
-1.4605663888810054
-1.4612416507113193
-1.4619162932815504
-1.4625903208708009
-1.46326373352375
-1.463936520556339
-1.4646086915926422
-1.465280243889453
-1.4659511785669241
-1.4666214871512002
-1.4672911794183892
-1.4679602499670383
-1.4686286998844937
-1.4692965263337234
-1.4699637324224468
-1.4706303119283088
-1.4712962684530428
-1.4719616032945986
-1.4726263156114645
-1.4732904002999072
-1.4739538601697988
-1.4746166939746717
-1.4752789048892843
-1.4759404885005154
-1.4766014410631831
-1.4772617719859318
-1.4779214707477428
-1.4785805450189315
-1.4792389910290284
-1.4798968050512853
-1.4805539893278334
-1.481210546413698
-1.4818664722508281
-1.4825217677635127
-1.4831764320910357
-1.4838304661146782
-1.4844838644958962
-1.4851366347633987
-1.4857887696319418
-1.4864402715868787
-1.4870911414925871
-1.4877413781553968
-1.4883909752745652
-1.4890399410848767
-1.4896882732830135
-1.4903359656523265
-1.490983023736138
-1.4916294449865322
-1.4922752275816098
-1.4929203756711937
-1.4935648826111727
-1.494208753695592
-1.4948519830553482
-1.4954945791892988
-1.4961365283200248
-1.4967778428228797
-1.4974185165161247
-1.498058545693445
-1.498697936995437
-1.4993366862199025
-1.499974792850234
-1.500612256387138
-1.5012490790382085
-1.5018852538225962
-1.5025207861578789
-1.5031556748364137
-1.5037899199280091
-1.504423520941374
-1.5050564725973505
-1.5056887842882982
-1.5063204450536685
-1.5069514589504447
-1.5075818310974496
-1.5082115481783327
-1.508840622009956
-1.5094690468592677
-1.5100968191731683
-1.5107239456092942
-1.5113504234803672
-1.511976250110353
-1.5126014251438678
-1.5132259484141837
-1.5138498200723296
-1.5144730439518908
-1.5150956195892322
-1.5157175336575979
-1.5163387962030255
-1.5169594060885372
-1.5175793637260409
-1.518198670332825
-1.518817316803558
-1.5194353084173955
-1.5200526494220912
-1.5206693275949787
-1.52128535557559
-1.5219007249509082
-1.5225154386679143
-1.5231294915229585
-1.5237428913301312
-1.5243556272883567
-1.5249677102989194
-1.5255791301885242
-1.5261898928649769
-1.5267999912216448
-1.5274094333453976
-1.5280182147033095
-1.528626335688094
-1.5292337931538629
-1.529840590857325
-1.5304467253878036
-1.5310521960305916
-1.5316570056224559
-1.532261147945815
-1.5328646289898784
-1.5334674439130869
-1.5340695984189074
-1.5346710851171745
-1.5352719055717106
-1.5358720600304563
-1.5364715499703687
-1.5370703717571488
-1.537668528620159
-1.5382660129094596
-1.538862835926787
-1.5394589867688087
-1.540054469557688
-1.5406492841051356
-1.5412434299363262
-1.541836902314007
-1.5424297088698025
-1.5430218403582292
-1.543613302049297
-1.5442040937169141
-1.5447942133565775
-1.5453836590965697
-1.5459724359142466
-1.5465605325759408
-1.5471479616611679
-1.5477347196951676
-1.5483207978111162
-1.5489062037467936
-1.5494909324588833
-1.5500749878673161
-1.550658370419242
-1.5512410731653667
-1.5518230998667553
-1.5524044481304387
-1.552985122057241
-1.5535651159326618
-1.554144429017379
-1.5547230696596446
-1.555301029333978
-1.5558783101063112
-1.5564549072790657
-1.5570308279041754
-1.5576060674468533
-1.5581806293131124
-1.5587545048124678
-1.559327702189682
-1.5599002162351268
-1.5604720498148423
-1.5610431997553915
-1.5616136670808283
-1.5621834472694662
-1.5627525453373723
-1.5633209632794012
-1.5638886909635459
-1.5644557371501342
-1.5650220964422645
-1.5655877713342636
-1.5661527600201062
-1.5667170596168212
-1.567280676756795
-1.567843601883778
-1.5684058429397127
-1.5689673931974817
-1.569528255695199
-1.5700884308626646
-1.570647919114349
-1.5712067115371005
-1.5717648169583247
-1.5723222325614767
-1.5728789567678216
-1.573434992452541
-1.5739903366002492
-1.5745449871917425
-1.575098944019347
-1.5756522083800684
-1.5762047821046146
-1.5767566642612283
-1.577307849456204
-1.5778583406000433
-1.5784081402557917
-1.578957244527219
-1.5795056497378426
-1.5800533625286215
-1.5806003802036452
-1.5811467019202796
-1.5816923258610784
-1.5822372515731147
-1.5827814830999036
-1.5833250153100669
-1.5838678463101392
-1.5844099810672987
-1.5849514197272485
-1.5854921565750537
-1.586032192961687
-1.5865715328257906
-1.5871101725946641
-1.5876481097846504
-1.5881853427040622
-1.5887218823899782
-1.5892577105307883
-1.5897928434331106
-1.5903272724166582
-1.5908609978775679
-1.5913940195743514
-1.5919263418090026
-1.5924579575670657
-1.5929888682642945
-1.593519073103738
-1.5940485758572291
-1.5945773708873956
-1.5951054608669253
-1.5956328458414923
-1.5961595237275534
-1.596685495714855
-1.5972107626128291
-1.5977353183376144
-1.5982591674459126
-1.5987823101933012
-1.5993047434172911
-1.5998264645561295
-1.600347483200366
-1.6008677846222017
-1.6013873814943327
-1.6019062618552935
-1.6024244378086823
-1.6029419010177075
-1.6034586532287198
-1.6039746921114466
-1.604490022693424
-1.6050046365390218
-1.6055185405941195
-1.606031729890488
-1.6065442067446136
-1.6070559674052503
-1.6075670161114004
-1.6080773530215784
-1.6085869712483805
-1.6090958769482204
-1.6096040616786311
-1.6101115345552433
-1.6106182914104403
-1.6111243315831143
-1.6116296549211073
-1.6121342592413588
-1.612638150140396
-1.6131413191413855
-1.6136437680232947
-1.6141455030043907
-1.6146465165574804
-1.6151468125792072
-1.6156463884663212
-1.616145244464742
-1.6166433773182807
-1.617140794433262
-1.6176374877335897
-1.6181334590460772
-1.618628706870148
-1.6191232346086832
-1.6196170425778593
-1.6201101255198829
-1.6206024865652227
-1.6210941263597154
-1.6215850361111996
-1.6220752266517056
-1.6225646896747412
-1.6230534305947835
-1.623541443583668
-1.6240287325828784
-1.6245152993068586
-1.625001137936087
-1.625486248505153
-1.6259706305500705
-1.62645429195945
-1.6269372190508753
-1.627419422419351
-1.6279008980121585
-1.6283816412728587
-1.6288616620693908
-1.6293409502789318
-1.6298195077821114
-1.630297335419654
-1.6307744356078555
-1.63125080515687
-1.631726442564804
-1.6322013522889984
-1.6326755257952275
-1.6331489690303793
-1.633621681657259
-1.6340936626882951
-1.634564911677125
-1.635035424331298
-1.635505205924769
-1.6359742506738177
-1.6364425672181
-1.636910143806373
-1.637376991066633
-1.637843099661961
-1.6383084728549067
-1.6387731101431813
-1.63923701857702
-1.6397001806272584
-1.6401626126581084
-1.6406243067352604
-1.6410852626634114
-1.6415454841534127
-1.6420049641689414
-1.6424637070221617
-1.6429217095157078
-1.6433789740985854
-1.6438355042967774
-1.6442912907435037
-1.6447463386439838
-1.6452006483965582
-1.6456542146610327
-1.6461070407341527
-1.6465591283610044
-1.6470104724747965
-1.647461075836055
-1.6479109363999147
-1.648360055070792
-1.6488084310861344
-1.6492560653152781
-1.6497029571869901
-1.6501491042230383
-1.6505945095833705
-1.651039167303227
-1.6514830864283832
-1.6519262525658394
-1.6523686802030835
-1.65281036144162
-1.6532512950344411
-1.6536914839338095
-1.6541309269641258
-1.6545696197388629
-1.6550075706693523
-1.6554447743164982
-1.6558812269591954
-1.6563169334905725
-1.6567518944106676
-1.6571861040245237
-1.6576195673984588
-1.6580522802188187
-1.6584842442483
-1.658915455853635
-1.6593459200909335
-1.6597756368007788
-1.6602046013897422
-1.6606328101482537
-1.6610602750682972
-1.6614869857294663
-1.661912945584146
-1.662338150061391
-1.6627626046354755
-1.6631863087238408
-1.6636092584321052
-1.6640314543397825
-1.6644528990680523
-1.6648735858344315
-1.6652935227754162
-1.66571270209072
-1.666131129486974
-1.6665487992770547
-1.666965716496141
-1.6673818753500118
-1.66779728102238
-1.6682119304781475
-1.6686258217259886
-1.6690389608483174
-1.6694513373880175
-1.6698629599129597
-1.6702738221681834
-1.670683928698962
-1.6710932780817818
-1.6715018664474262
-1.6719096992750129
-1.6723167747490209
-1.6727230861350117
-1.6731286365314055
-1.6735334311819297
-1.6739374663689346
-1.6743407386159521
-1.6747432506892286
-1.6751450050951138
-1.6755459917066038
-1.6759462195772679
-1.6763456876817877
-1.6767443934988042
-1.677142336183935
-1.6775395152488484
-1.6779359323626901
-1.6783315864301216
-1.6787264776831197
-1.6791206035231614
-1.6795139663706704
-1.6799065638637205
-1.680298395678402
-1.6806894656021707
-1.6810797700218605
-1.6814693082932604
-1.681858078488738
-1.6822460851633279
-1.6826333253432404
-1.683019798624623
-1.6834055059729924
-1.683790445727587
-1.6841746186013928
-1.6845580203555623
-1.6849406586260707
-1.685322526460962
-1.6857036272085264
-1.686083957126141
-1.686463517609227
-1.6868423113514208
-1.6872203347860428
-1.687597591722203
-1.6879740735246556
-1.6883497848318354
-1.6887247269607946
-1.689098903065316
-1.6894723013817479
-1.6898449332978691
-1.6902167879263141
-1.6905878726616286
-1.6909581875598798
-1.6913277260484814
-1.6916964962464296
-1.6920644923300037
-1.692431714080679
-1.6927981596523562
-1.6931638340054367
-1.6935287337522695
-1.693892860124384
-1.6942562116564266
-1.6946187891261455
-1.69498059061184
-1.695341617033072
-1.6957018683546485
-1.6960613425049809
-1.696420041876143
-1.696777961926793
-1.6971351081210968
-1.6974914753245434
-1.6978470660681593
-1.6982018818088742
-1.6985559173137068
-1.6989091773785034
-1.6992616571474999
-1.6996133585549555
-1.6999642801781432
-1.7003144233332725
-1.700663788347416
-1.701012373695414
-1.7013601801463438
-1.7017072056288916
-1.7020534520036756
-1.7023989132241633
-1.702743597756681
-1.703087501902756
-1.7034306222477518
-1.7037729637323704
-1.7041145220649634
-1.7044552999290332
-1.7047952973589322
-1.7051345065145653
-1.705472935383386
-1.7058105810348403
-1.7061474465441013
-1.7064835263284823
-1.7068188203313026
-1.7071533351136587
-1.7074870596961294
-1.7078200033592008
-1.7081521640095196
-1.7084835386671968
-1.7088141278312352
-1.709143929800289
-1.7094729496669718
-1.7098011797145638
-1.7101286268442064
-1.710455286203964
-1.7107811570515268
-1.7111062428619261
-1.7114305457722503
-1.711754055197602
-1.712076779595393
-1.7123987137956567
-1.712719863808101
-1.713040223809
-1.7133597936755618
-1.7136785803925287
-1.7139965728604298
-1.7143137766088956
-1.7146301922780967
-1.7149458216327533
-1.715260654211042
-1.7155746987974507
-1.7158879554190365
-1.7162004204608117
-1.7165120936044793
-1.716822973884114
-1.717133067555209
-1.717442366669152
-1.7177508740035075
-1.7180585914055704
-1.718365516747316
-1.718671648258489
-1.7189769841282359
-1.719281533568854
-1.719585287141135
-1.7198882491091039
-1.7201904131302155
-1.720491784412621
-1.7207923623199146
-1.7210921479704788
-1.7213911376759166
-1.7216893347513902
-1.7219867314848
-1.7222833375230002
-1.7225791477452508
-1.7228741650626893
-1.7231683813396763
-1.7234618047033274
-1.723754431117469
-1.7240462612413197
-1.7243372943144595
-1.7246275291684658
-1.724916968486916
-1.7252056106507612
-1.7254934564794222
-1.7257804998601356
-1.7260667506883285
-1.7263522009751302
-1.726636852666104
-1.7269207085944578
-1.7272037638141244
-1.7274860183499356
-1.7277674746787486
-1.7280481330597335
-1.7283279896529786
-1.7286070462500027
-1.7288853043642078
-1.7291627635964821
-1.7294394161501674
-1.7297152733574173
-1.7299903326530894
-1.730264585345114
-1.7305380378002775
-1.730810686002907
-1.7310825372169185
-1.7313535853927497
-1.7316238296886552
-1.7318932754556369
-1.7321619119849017
-1.7324297515819245
-1.7326967870465169
-1.7329630166326009
-1.7332284455192464
-1.7334930694472603
-1.7337568907124874
-1.734019908308599
-1.734282120006788
-1.734543529029089
-1.7348041302623662
-1.7350639286737655
-1.7353229260868925
-1.735581112339634
-1.7358384971308927
-1.7360950729216644
-1.7363508430610703
-1.7366058074150943
-1.73685996566669
-1.7371133216594068
-1.7373658694113485
-1.7376176078916543
-1.7378685422651106
-1.7381186658091474
-1.7383679846471247
-1.7386164953687286
-1.7388641984723945
-1.7391110954397349
-1.7393571809188135
-1.7396024614186085
-1.7398469313887306
-1.7400905920086445
-1.7403334464327938
-1.7405754887248046
-1.7408167209708933
-1.7410571498352023
-1.7412967646783333
-1.741535568762121
-1.7417735621276753
-1.7420107501038498
-1.7422471246029987
-1.742482687591245
-1.7427174396085794
-1.7429513851493819
-1.7431845169518507
-1.7434168328210689
-1.7436483443090618
-1.7438790400876953
-1.7441089299757346
-1.7443379986336864
-1.7445662583872212
-1.7447937087841614
-1.7450203421085841
-1.745246165345762
-1.745471176902714
-1.7456953754762516
-1.7459187610515547
-1.7461413298379473
-1.7463630875391931
-1.7465840268690032
-1.7468041575882833
-1.747023471712867
-1.7472419743770933
-1.747459658551003
-1.747676528313994
-1.7478925865962094
-1.7481078267035746
-1.7483222564978462
-1.7485358663076276
-1.7487486606903249
-1.7489606350709157
-1.7491718017852467
-1.7493821494607245
-1.7495916817516048
-1.7498003960831652
-1.7500082919533009
-1.7502153738695887
-1.7504216422254026
-1.7506270880461765
-1.7508317170103387
-1.751035529119248
-1.7512385236902037
-1.751440702052756
-1.7516420625588447
-1.7518426044975044
-1.7520423283170212
-1.7522412329115395
-1.7524393191255219
-1.7526365847026153
-1.7528330338627829
-1.7530286617307353
-1.7532234713410744
-1.7534174651584722
-1.75361063641196
-1.753802988432498
-1.7539945215187012
-1.7541852306528822
-1.7543751229942361
-1.75456419434618
-1.7547524456367984
-1.7549398754306604
-1.7551264869417738
-1.7553122733640307
-1.7554972426258992
