1025
-0.789793853635917
-0.7896673683910373
-0.7895409892710454
-0.7894147210705952
-0.7892885605857382
-0.7891625102548845
-0.7890365698334951
-0.7889107393908937
-0.7887850194851231
-0.7886594103302537
-0.788533911767421
-0.7884085267334426
-0.7882832503572268
-0.7881580869246435
-0.7880330378034374
-0.7879081012798523
-0.787783277044983
-0.7876585658038587
-0.787533969385659
-0.7874094865497387
-0.7872851191394556
-0.78716086493448
-0.7870367267487877
-0.7869127043419275
-0.7867887982729659
-0.7866650066280133
-0.7865413329511616
-0.786417775043788
-0.7862943355154426
-0.7861710124109292
-0.7860478073090809
-0.7859247213079127
-0.7858017519614626
-0.7856789039740415
-0.7855561731723913
-0.7854335628845868
-0.7853110710857366
-0.7851887009310953
-0.7850664504713333
-0.7849443205997969
-0.7848223130081898
-0.7847004254981346
-0.7845786606246041
-0.7844570170913973
-0.7843354969162103
-0.7842140985490613
-0.7840928255332947
-0.7839716725105955
-0.7838506456384272
-0.7837297427897326
-0.7836089641191413
-0.7834883098368025
-0.7833677807007655
-0.7832473774437302
-0.7831270998360564
-0.7830069476630753
-0.782886922998453
-0.7827670227450882
-0.7826472520314146
-0.7825276080814179
-0.7824080911007802
-0.7822887035872265
-0.782169443649015
-0.7820503110738894
-0.7819313097107911
-0.7818124363312403
-0.7816936928451378
-0.7815750802237258
-0.7814565982027593
-0.7813382446657061
-0.7812200238770428
-0.7811019336902347
-0.7809839747245233
-0.7808661492931961
-0.7807484542498498
-0.7806308929989659
-0.780513464048479
-0.7803961680777834
-0.7802790072194502
-0.7801619781646622
-0.7800450850110082
-0.7799283255027079
-0.7798117009079791
-0.7796952114769852
-0.7795788590602473
-0.779462640816106
-0.7793465597197039
-0.7792306148237279
-0.7791148060909745
-0.778999134498394
-0.7788836014201548
-0.7787682047295009
-0.7786529474439309
-0.7785378279865608
-0.7784228466452525
-0.7783080049793841
-0.7781933028380955
-0.7780787400617647
-0.7779643171094197
-0.7778500349434762
-0.7777358943855817
-0.7776218925960612
-0.7775080336232727
-0.7773943163438434
-0.7772807403408986
-0.7771673055162897
-0.7770540162238104
-0.7769408670935715
-0.7768278626416559
-0.7767150006449145
-0.7766022837088886
-0.7764897096413409
-0.7763772812851595
-0.7762649982646058
-0.7761528577301218
-0.7760408640424341
-0.7759290168634136
-0.7758173148434875
-0.7757057594199153
-0.7755943504625512
-0.775483088566534
-0.775371974570455
-0.7752610082527264
-0.7751501889631048
-0.7750395190588236
-0.7749289970368516
-0.774818623791816
-0.7747083998395613
-0.7745983256890294
-0.7744884023563464
-0.7743786271060472
-0.7742690037244561
-0.7741595303937897
-0.7740502094473185
-0.7739410384671712
-0.7738320195982828
-0.7737231529607851
-0.7736144383499395
-0.773505877747181
-0.7733974669402278
-0.7732892132850026
-0.7731811112707515
-0.7730731630236752
-0.7729653693846491
-0.7728577302234995
-0.772750246218957
-0.772642917005384
-0.772535743166894
-0.7724287254327588
-0.7723218634184051
-0.7722151578793202
-0.7721086096586905
-0.7720022184247453
-0.7718959838051929
-0.7717899076668576
-0.771683987912452
-0.7715782285637656
-0.7714726268804989
-0.7713671826948577
-0.7712618992455367
-0.7711567746058573
-0.7710518105448009
-0.770947007293511
-0.7708423617695755
-0.7707378797740418
-0.7706335566904697
-0.7705293956019132
-0.7704253967808584
-0.7703215588299556
-0.7702178843940465
-0.7701143718060461
-0.7700110216521189
-0.769907835707775
-0.7698048120956538
-0.7697019528333142
-0.769599259272192
-0.7694967278435755
-0.7693943603159505
-0.7692921613664883
-0.7691901262853
-0.7690882548841061
-0.7689865502555605
-0.7688850128011807
-0.768783642592865
-0.7686824367912855
-0.7685813988368718
-0.7684805288785537
-0.768379828087009
-0.7682792927171201
-0.7681789267703377
-0.7680787298890056
-0.7679787010363335
-0.7678788417617557
-0.767779152301181
-0.767679632760087
-0.7675802841988529
-0.7674811043617357
-0.7673820963693951
-0.767283259032625
-0.7671845929791952
-0.7670860991118131
-0.7669877764457892
-0.7668896259047852
-0.7667916484822854
-0.7666938444230448
-0.7665962120758182
-0.7664987544229431
-0.766401469385782
-0.7663043589654932
-0.7662074235438423
-0.7661106618515062
-0.766014074618703
-0.765917664612006
-0.7658214294533296
-0.7657253675654504
-0.7656294846146328
-0.7655337776091997
-0.7654382461542345
-0.7653428932475863
-0.765247716893802
-0.7651527175490954
-0.7650578975871356
-0.7649632559296917
-0.7648687907601526
-0.7647745043405604
-0.7646803987441612
-0.7645864712086929
-0.7644927250952231
-0.7643991567329609
-0.7643057706669771
-0.7642125637828764
-0.7641195370796955
-0.7640266932578879
-0.7639340296723579
-0.7638415482869804
-0.7637492485877506
-0.7636571321275525
-0.7635651974764934
-0.7634734451222673
-0.763381877844666
-0.7632904917970695
-0.7631992908819825
-0.7631082732017265
-0.7630174398900854
-0.7629267912158152
-0.7628363276787161
-0.7627460501780003
-0.7626559575631155
-0.7625660505737982
-0.7624763295711314
-0.7623867946965474
-0.7622974472474737
-0.762208286071286
-0.762119312572427
-0.7620305271563446
-0.7619419283121188
-0.7618535175137073
-0.7617652962105427
-0.7616772618163438
-0.7615894170366733
-0.7615017619251646
-0.7614142964850242
-0.7613270196130283
-0.7612399353752974
-0.7611530397770753
-0.7610663352023652
-0.760979821278866
-0.7608934996001314
-0.7608073681062679
-0.760721427876226
-0.7606356826233605
-0.7605501267322026
-0.7604647636206313
-0.7603795955434864
-0.7602946195958659
-0.7602098372047036
-0.7601252494521462
-0.7600408537746135
-0.7599566538550632
-0.7598726480329258
-0.7597888372976865
-0.7597052220354654
-0.7596218017906414
-0.7595385779588034
-0.7594555482659885
-0.7593727169307737
-0.7592900827793027
-0.7592076439684273
-0.7591254036037918
-0.7590433595318782
-0.7589615121251687
-0.758879864994243
-0.7587984147421459
-0.7587171639643601
-0.7586361120050978
-0.7585552564458066
-0.7584746037706095
-0.7583941499279829
-0.758313894175445
-0.7582338408180368
-0.7581539872602713
-0.7580743345068773
-0.7579948832294683
-0.7579156323063032
-0.7578365826742449
-0.7577577362231648
-0.7576790915253774
-0.7576006497133086
-0.7575224091826713
-0.757444372513436
-0.7573665391729733
-0.7572889095216448
-0.7572114842655787
-0.7571342613934816
-0.7570572429962457
-0.7569804301220302
-0.7569038226494662
-0.7568274192567525
-0.7567512214948766
-0.7566752292481638
-0.7565994444671567
-0.7565238648826956
-0.7564484924966035
-0.7563733260428573
-0.7562983663794772
-0.7562236152831545
-0.7561490695300981
-0.7560747330421689
-0.7560006057961434
-0.7559266869144298
-0.7558529761692413
-0.755779474255609
-0.7557061814524358
-0.7556330971913034
-0.7555602247950871
-0.7554875602365413
-0.75541510776064
-0.7553428651900082
-0.7552708333995112
-0.7551990136049852
-0.7551274035330827
-0.7550560055286695
-0.7549848199535879
-0.7549138466435475
-0.7548430864254376
-0.7547725375631427
-0.7547022022659824
-0.7546320804174518
-0.7545621720810691
-0.7544924780976782
-0.7544229961543396
-0.7543537299243356
-0.7542846776317594
-0.754215841338357
-0.7541472191560792
-0.7540788125691451
-0.7540106225416385
-0.7539426477258716
-0.7538748881208964
-0.7538073460582719
-0.7537400216733587
-0.7536729118095638
-0.7536060199532357
-0.7535393458842269
-0.7534728905006213
-0.753406650828074
-0.7533406310934443
-0.7532748297066024
-0.7532092473406301
-0.7531438834433326
-0.7530787397715266
-0.753013813931708
-0.7529491083077029
-0.7528846234467321
-0.7528203596108168
-0.7527563151472964
-0.7526924916053845
-0.7526288889598812
-0.7525655088749319
-0.7525023498868617
-0.752439411379385
-0.7523766969927482
-0.7523142032894767
-0.7522519336335642
-0.7521898869085418
-0.7521280622086485
-0.752066460843128
-0.7520050840917905
-0.7519439308991125
-0.7518830020018582
-0.7518222974618527
-0.7517618181187754
-0.7517015622655466
-0.7516415332669004
-0.7515817287448302
-0.7515221500943652
-0.751462797932348
-0.7514036724403155
-0.7513447713991314
-0.7512860984155635
-0.7512276531650569
-0.7511694335644352
-0.7511114421485982
-0.751053678280778
-0.7509961418400418
-0.7509388348867221
-0.750881755119208
-0.7508249050197205
-0.7507682825716381
-0.7507118919520395
-0.750655727896235
-0.7505997953801377
-0.7505440930299324
-0.7504886193609241
-0.7504333773707339
-0.750378366034876
-0.7503235855333951
-0.7502690359982478
-0.7502147188636392
-0.7501606316652891
-0.750106776939416
-0.7500531546156881
-0.7499997650556469
-0.7499466086432478
-0.7498936838083123
-0.7498409942731716
-0.7497885364022893
-0.7497363122241194
-0.7496843240498459
-0.7496325671051688
-0.7495810463826046
-0.7495297601891114
-0.7494787074943375
-0.7494278910540592
-0.7493773105532253
-0.7493269651357862
-0.7492768551894439
-0.7492269809951764
-0.7491773430228339
-0.7491279432191987
-0.7490787816429635
-0.7490298538013834
-0.7489811636929715
-0.7489327114277666
-0.7488844977089371
-0.7488365230441943
-0.7487887846429647
-0.7487412848211094
-0.7486940254901842
-0.7486470025927053
-0.7486002211381636
-0.7485536783507121
-0.7485073760669295
-0.7484613122837143
-0.7484154904242535
-0.7483699068142634
-0.7483245661807489
-0.7482794649503604
-0.7482346057513872
-0.7481899861348408
-0.7481456094912492
-0.7481014748823678
-0.7480575826135557
-0.7480139319399018
-0.7479705244480177
-0.7479273596461271
-0.7478844373595204
-0.7478417588398464
-0.7477993225572495
-0.7477571309702166
-0.7477151827287822
-0.7476734803707279
-0.7476320214646075
-0.7475908065782663
-0.7475498368593945
-0.7475091127544221
-0.7474686334847971
-0.7474284006039785
-0.747388411677606
-0.7473486714447
-0.7473091756603193
-0.7472699270498979
-0.7472309251628295
-0.7471921706633957
-0.747153662000256
-0.7471154023685661
-0.7470773888084083
-0.7470396236309944
-0.7470021069708894
-0.7469648388246336
-0.7469278183270353
-0.7468910481167879
-0.7468545243706376
-0.7468182519397992
-0.7467822299714041
-0.7467464557849876
-0.7467109321424843
-0.7466756581067979
-0.7466406349504159
-0.7466058636277361
-0.7465713419397726
-0.7465370711751004
-0.7465030515696378
-0.7464692840073683
-0.7464357675613779
-0.7464025021091885
-0.7463694910354225
-0.7463367315514403
-0.7463042248557241
-0.7462719696004211
-0.7462399685967731
-0.7462082206724104
-0.7461767273448793
-0.7461454858569742
-0.7461144995534705
-0.7460837670564112
-0.7460532895926107
-0.7460230662517348
-0.7459930982032942
-0.7459633834693168
-0.7459339249155508
-0.7459047233441594
-0.7458757754326372
-0.7458470845469752
-0.7458186494319363
-0.7457904712610409
-0.7457625496099644
-0.7457348835340261
-0.7457074764097743
-0.7456803248019331
-0.7456534315803597
-0.7456267954939497
-0.7456004171383926
-0.7455742975216085
-0.745548437182573
-0.7455228330192163
-0.7454974885457649
-0.7454724032485691
-0.7454475770708777
-0.745423010964976
-0.7453987045134791
-0.745374657218797
-0.7453508692053862
-0.7453273416651957
-0.7453040752064253
-0.7452810701206172
-0.7452583248529301
-0.7452358405411404
-0.7452136185263367
-0.7451916580061438
-0.7451699574946135
-0.7451485200898618
-0.7451273452925785
-0.7451064329055636
-0.7450857825522432
-0.7450653946344896
-0.7450452706981644
-0.745025409242753
-0.7450058102915229
-0.7449864757418407
-0.7449674058226283
-0.744948599138251
-0.7449300561976095
-0.7449117790786733
-0.7448937666038111
-0.7448760181374052
-0.7448585335785205
-0.7448413174432039
-0.7448243629062608
-0.7448076767960363
-0.7447912558633161
-0.7447751009029537
-0.7447592116459973
-0.744743590766213
-0.7447282353899812
-0.7447131467612578
-0.7446983245994669
-0.744683771046231
-0.744669483984317
-0.7446554647895426
-0.7446417139367475
-0.7446282310591105
-0.744615016751042
-0.7446020715556495
-0.7445893939928212
-0.7445769854399267
-0.7445648470052495
-0.744552977277363
-0.7445413760328896
-0.7445300469213665
-0.7445189848237673
-0.7445081949957513
-0.7444976729691384
-0.7444874240678164
-0.7444774451556836
-0.7444677370229541
-0.744458299575913
-0.7444491348478571
-0.7444402401707937
-0.7444316180113151
-0.7444232671247213
-0.7444151887772271
-0.7444073819291661
-0.7443998483408594
-0.7443925882488367
-0.7443855996635986
-0.7443788853013498
-0.7443724419880816
-0.7443662737850171
-0.7443603791339053
-0.7443547583395137
-0.7443494117171207
-0.7443443386134163
-0.7443395415362607
-0.7443350173616967
-0.7443307673873604
-0.7443267942776322
-0.7443230953784427
-0.7443196726282658
-0.7443165251061322
-0.7443136534219653
-0.744311056619878
-0.7443087379183925
-0.7443066944828777
-0.744304927237106
-0.7443034359994307
-0.7443022223764273
-0.7443012868242693
-0.7443006278223163
-0.7443002467042161
-0.7443001438076299
-0.7443003163954517
-0.7443007688582522
-0.7443014982959583
-0.744302507344697
-0.7443037937595384
-0.7443053593432053
-0.7443072053142471
-0.7443093296494272
-0.7443117326398239
-0.7443144144389876
-0.7443173781121984
-0.7443206194156223
-0.7443241421769349
-0.7443279451641385
-0.7443320270883487
-0.7443363921356724
-0.7443410364626663
-0.7443459612170168
-0.7443511671759547
-0.7443566554788551
-0.7443624250514642
-0.7443684757316917
-0.7443748096678673
-0.7443814236252915
-0.7443883204818482
-0.7443955002005278
-0.7444029626837539
-0.7444107083286048
-0.7444187356009323
-0.7444270468909361
-0.7444356401679911
-0.744444519115493
-0.7444536794233583
-0.7444631256470667
-0.7444728545501373
-0.7444828674234728
-0.7444931645701724
-0.7445037488374253
-0.7445146140473732
-0.744525766716635
-0.7445372037351814
-0.7445489258224254
-0.7445609342160601
-0.7445732269821054
-0.7445858060396032
-0.7445986700312679
-0.7446118203538026
-0.7446252588587288
-0.7446389821017942
-0.7446529923345369
-0.7446672902075274
-0.744681873858512
-0.7446967445362623
-0.7447119036862088
-0.744727349447933
-0.7447430830590103
-0.744759104147399
-0.7447754133987953
-0.744792010541791
-0.7448088966075223
-0.7448260714656778
-0.7448435342818736
-0.7448612868284991
-0.7448793269405481
-0.7448976583054144
-0.7449162760207146
-0.7449351855159364
-0.7449543844605265
-0.7449738721816732
-0.7449936506730435
-0.7450137191321222
-0.7450340767707452
-0.7450547264403723
-0.7450756670587209
-0.7450968969940645
-0.7451184183849804
-0.745140231936093
-0.7451623356953004
-0.7451847317078057
-0.7452074187649462
-0.7452303980084641
-0.7452536679409385
-0.7452772308520471
-0.7453010872114388
-0.7453252352674071
-0.7453496739577874
-0.7453744081143635
-0.7453994342592152
-0.7454247536274266
-0.7454503649932541
-0.7454762706591556
-0.7455024705561232
-0.7455289637080882
-0.7455557504180945
-0.7455828319616887
-0.7456102061899426
-0.7456378762477343
-0.7456658395923127
-0.7456940986125393
-0.7457226513633545
-0.7457515002222013
-0.7457806429274934
-0.7458100821035406
-0.7458398164044653
-0.7458698459200708
-0.7459001725189283
-0.7459307930918425
-0.7459617110132883
-0.7459929238666735
-0.7460244339286457
-0.7460562409534217
-0.7460883436734176
-0.7461207443785864
-0.7461534425297591
-0.7461864361293445
-0.7462197263879219
-0.746253315475556
-0.7462872026757348
-0.7463213861817591
-0.7463558680919656
-0.7463906491666656
-0.7464257258737177
-0.7464611019497366
-0.7464967774674602
-0.7465327513553109
-0.7465690238557859
-0.7466055947041411
-0.7466424649824511
-0.7466796346082741
-0.7467171040148203
-0.746754872095111
-0.7467929403070989
-0.7468313078645364
-0.7468699749980559
-0.7469089433877745
-0.7469482115206287
-0.7469877802890359
-0.7470276483016005
-0.7470678181227909
-0.7471082885717738
-0.7471490597899765
-0.7471901323785733
-0.7472315060432522
-0.7472731813715545
-0.7473151567723559
-0.7473574356323571
-0.7474000153312668
-0.7474428976205552
-0.7474860810323829
-0.7475295666202382
-0.7475733553408457
-0.7476174464041332
-0.7476618414274715
-0.747706537201299
-0.7477515358218708
-0.7477968380352394
-0.7478424454264809
-0.747888353519082
-0.7479345667510844
-0.7479810818466333
-0.7480279012919122
-0.7480750254268719
-0.7481224522221835
-0.7481701848852671
-0.7482182212938808
-0.748266561732055
-0.7483152057638376
-0.7483641554041928
-0.7484134095287589
-0.7484629693174161
-0.748512833810942
-0.74856300403113
-0.7486134791202754
-0.7486642598211786
-0.7487153463521836
-0.7487667381777707
-0.7488184362993672
-0.7488704394692555
-0.7489227498195499
-0.748975365403935
-0.7490282880402276
-0.7490815179162983
-0.7491350535796754
-0.7491888968488396
-0.7492430463346207
-0.7492975028888424
-0.7493522663014499
-0.7494073370266329
-0.7494627156590836
-0.749518401912451
-0.7495743960081113
-0.7496306974495892
-0.749687307489923
-0.7497442236233822
-0.7498014494789074
-0.7498589840141134
-0.7499168259258161
-0.7499749772864535
-0.7500334369215865
-0.750092206079421
-0.7501512845702865
-0.7502106700138906
-0.750270365641074
-0.7503303702292572
-0.7503906855859908
-0.7504513096593396
-0.7505122424145888
-0.7505734870292036
-0.7506350390625592
-0.750696902654743
-0.7507590768148815
-0.7508215609468629
-0.75088435532228
-0.7509474594836448
-0.7510108754955532
-0.7510746009809166
-0.7511386384190601
-0.7512029864235263
-0.7512676445136076
-0.7513326147663472
-0.751397897919075
-0.7514634900903795
-0.7515293949506353
-0.7515956103897047
-0.7516621390764467
-0.7517289791439219
-0.7517961305005461
-0.7518635962436643
-0.751931372212692
-0.7519994606639231
-0.7520678620977034
-0.7521365772328509
-0.7522056027414232
-0.7522749419065059
-0.7523445948651268
-0.7524145601625327
-0.7524848386416927
-0.75255542946821
-0.7526263356204966
-0.7526975541274158
-0.7527690860550397
-0.7528409324721383
-0.7529130927324194
-0.7529855665515042
-0.7530583531811749
-0.7531314563796487
-0.7532048726827523
-0.753278604237866
-0.7533526483499218
-0.7534270077055876
-0.753501681863539
-0.7535766714689937
-0.7536519755469381
-0.7537275954195867
-0.7538035281924607
-0.7538797778652905
-0.75395634280191
-0.754033224081333
-0.7541104188719654
-0.7541879304441342
-0.7542657573992639
-0.7543439005187904
-0.754422359351464
-0.7545011335384543
-0.7545802245923754
-0.754659631933792
-0.7547393560217263
-0.7548193948014396
-0.7548997522875031
-0.7549804253820269
-0.755061415192559
-0.7551427230026089
-0.7552243468247388
-0.7553062873758953
-0.755388545259838
-0.7554711209999747
-0.7555540133555492
-0.7556372229867733
-0.7557207508426019
-0.7558045968502547
-0.7558887583205492
-0.7559732396436375
-0.7560580399549066
-0.7561431562596979
-0.7562285910279781
-0.7563143431551833
-0.7564004151907637
-0.7564868052641457
-0.7565735131401082
-0.7566605412065721
-0.7567478853364644
-0.756835550698575
-0.7569235341664288
-0.7570118357181017
-0.7571004572894967
-0.7571893974519089
-0.7572786574566411
-0.757368236871506
-0.7574581349956053
-0.7575483531531858
-0.7576388899866869
-0.7577297470527345
-0.7578209255110044
-0.7579124214990149
-0.7580042389130297
-0.7580963751019639
-0.758188831647665
-0.7582816082539793
-0.7583747052420882
-0.7584681242953121
-0.7585618631253545
-0.7586559216108191
-0.7587503017249052
-0.7588450013366232
-0.758940022656965
-0.7590353646989729
-0.7591310277794403
-0.7592270126540898
-0.7593233174078401
-0.7594199445435961
-0.759516892537648
-0.7596141614278056
-0.7597117529012863
-0.759809664909424
-0.7599078980440521
-0.7600064553198604
-0.7601053327946892
-0.7602045317085192
-0.7603040524842456
-0.7604038970549035
-0.7605040625253111
-0.7606045500662495
-0.7607053596398843
-0.760806493215775
-0.7609079484592016
-0.7610097243404913
-0.7611118256431555
-0.7612142479201139
-0.7613169953958547
-0.7614200622594184
-0.7615234530878614
-0.7616271682328195
-0.7617312046103911
-0.7618355651409398
-0.7619402495121211
-0.7620452571171694
-0.7621505882187471
-0.7622562415688288
-0.7623622194261076
-0.7624685189179007
-0.7625751443835932
-0.7626820924906086
-0.7627893655616984
-0.7628969610436285
-0.7630048804027418
-0.7631131253190568
-0.7632216930655319
-0.7633305869807923
-0.7634398030567013
-0.7635493434441136
-0.7636592068554816
-0.763769397839428
-0.7638799120571819
-0.7639907510657102
-0.7641019143786179
-0.7642134016770192
-0.7643252146648168
-0.7644373539105942
-0.7645498159108032
-0.764662603006873
-0.764775715465913
-0.7648891530648249
-0.7650029163575303
-0.7651170048990008
-0.7652314185259153
-0.7653461576829459
-0.7654612219264134
-0.7655766117156635
-0.7656923262296358
-0.7658083674731978
-0.7659247334446231
-0.7660414255861141
-0.7661584449022388
-0.766275788831192
-0.7663934590679815
-0.7665114555710647
-0.7666297765943897
-0.7667484249998068
-0.7668673992635848
-0.7669866999941817
-0.7671063265883957
-0.7672262806936546
-0.7673465595625125
-0.7674671664468664
