1025
-0.007167330095400522
-0.006631374074876825
-0.006096365254381345
-0.005562310659173567
-0.005029204663384462
-0.004497051088993935
-0.003965849246106737
-0.003435598593527079
-0.0029063001108998563
-0.0023779532818638525
-0.0018505579604383383
-0.001324117986204319
-0.0007986254615935301
-0.0002740871145384267
0.0002494952616705552
0.0007721253665565304
0.0012938032623582938
0.0018145288169956189
0.00233429902078227
0.0028531164645004617
0.003370978515936462
0.0038878891646108365
0.004403844124019231
0.004918844218695947
0.005432888973848848
0.0059459814423684886
0.0064581170413930055
0.006969299320568433
0.007479523904172202
0.007988795190213184
0.008497110794772628
0.009004469037844617
0.009510874568097802
0.01001631986343685
0.010520812097402958
0.011024346637888743
0.011526926539921406
0.012028547606816627
0.012529213049933917
0.013028922224354032
0.01352767224658482
0.01402546772825612
0.014522304122344136
0.015018184747643446
0.015513105975931052
0.016007071256697973
0.016500074797992464
0.01699212606019734
0.0174832155191263
0.017973346793135614
0.018462519698785724
0.01895073517871329
0.019437991577648115
0.01992428866201236
0.020409626735448636
0.02089400722569676
0.02137742644896254
0.021859890219037403
0.02234139052267256
0.02282193227533509
0.023301515535689737
0.023780136665804093
0.02425779939762271
0.024734504165915914
0.025210245377105832
0.025685028357583652
0.02615885079873634
0.026631711387498407
0.027103610850967606
0.02757455313475545
0.028044531802183404
0.02851355072402811
0.028981609301370476
0.029448704043761507
0.02991484093068246
0.030380014490666362
0.030844227579724378
0.03130747969094215
0.031769767542963734
0.03223109729174273
0.03269146234568684
0.033150867024362755
0.03360930965209218
0.03406678997743414
0.03452330616005498
0.03497886265257182
0.03543345500320733
0.03588708576061188
0.03633975465667354
0.03679146092676072
0.03724220306144237
0.03769198439685813
0.03814080093962283
0.03858865540894861
0.03903554798724596
0.03948147644247465
0.03992644140024309
0.040370443524478716
0.040813482680585315
0.04125555792816384
0.04169666827683212
0.04213681808639232
0.04257600257878105
0.04301422285593466
0.04345148049499361
0.04388777621154731
0.044323103322841347
0.04475747069091834
0.045190871871182925
0.04562331051527567
0.04605478361430808
0.04648529396436991
0.04691483888386001
0.04734341802701626
0.047771037150559144
0.04819768999250854
0.048623376850192114
0.04904810094314775
0.04947185990640695
0.04989465469689564
0.05031648499472185
0.050737349614322115
0.051157249428357456
0.05157618594195679
0.05199415595707484
0.05241116212917925
0.05282720402628681
0.05324228047647322
0.05365639145959828
0.05406953641620701
0.054481719339946694
0.05489293527703582
0.055303187010901894
0.055712471609898465
0.05612079329460734
0.05652814923104472
0.056934539707693244
0.057339965771569495
0.057744424126329574
0.058147922404259735
0.05855044899486768
0.05895201360805855
0.05935261326859677
0.05975224673870316
0.060150914929860334
0.06054861737783174
0.06094535497055433
0.061341126825921126
0.061735933346091836
0.06212977497600301
0.06252265074035039
0.06291456012264722
0.06330550432224828
0.06369548419935443
0.06408449672763514
0.06447254663513254
0.06485962782177747
0.06524574454289646
0.0656308980205046
0.06601508384046642
0.06639830514428403
0.0667805595786439
0.06716184743756003
0.06754217418138597
0.06792153076255121
0.06829992559031432
0.06867735364569033
0.06905381515998751
0.069429313373231
0.0698038439769501
0.07017741007347147
0.07055001159543647
0.07092164627771166
0.07129231757986128
0.07166202203166729
0.07203075893450912
0.07239853394118576
0.07276534534986841
0.07313118532590601
0.07349606262321924
0.0738599777062425
0.0742229263939932
0.07458490838880756
0.07494592381274187
0.07530597846830311
0.07566506635205261
0.07602318864165056
0.07638034347390753
0.07673653773040427
0.07709176513061497
0.07744602710358217
0.07779932594394026
0.0781516590165557
0.07850302706819903
0.07885343030485427
0.07920286739081316
0.07955134256287344
0.07989885173995558
0.08024539650016421
0.08059097730236185
0.08093559272289909
0.08127924477561427
0.08162193290559894
0.08196365577704132
0.08230441325199929
0.08264420911448397
0.08298303879612903
0.08332090641348806
0.083657808797342
0.0839937463140537
0.08432872141038622
0.08466273363366603
0.0849957785844224
0.08532786095771337
0.08565898399322383
0.08598913884400364
0.08631833085413415
0.08664656152036909
0.08697382632490075
0.08730012881152105
0.08762546948203577
0.0879498442068441
0.08827325584273574
0.08859570776612298
0.08891719688955128
0.08923772021965037
0.0895572831380726
0.0898758804263559
0.09019351872148353
0.09051019117249419
0.0908259033903535
0.09114065460064255
0.09145444045720767
0.09176726617454468
0.09207912920941723
0.09239003061842944
0.0926999685263029
0.09300894625562393
0.093316963061333
0.09362401514250407
0.09393010946690787
0.09423524014259627
0.09453941104945934
0.09484262042973543
0.09514486868011303
0.09544615566508075
0.09574648057888385
0.09604584565870658
0.09634425009034825
0.09664169435967733
0.09693817852356607
0.09723370088740414
0.09752826437145375
0.09782186677058854
0.09811450865843538
0.09840619213749448
0.09869691624735387
0.09898667883085316
0.09927548479812287
0.09956333014131911
0.09985021551735426
0.10013614131935096
0.10042111037129338
0.10070511615211547
0.10098816605359619
0.10127025675306149
0.10155138950677556
0.1018315621845615
0.10211077856685677
0.10238903774503155
0.10266633413983804
0.1029426776075427
0.10321806314377382
0.10349248756632401
0.10376595637476208
0.10403846787871748
0.10431002057826558
0.10458061933651248
0.10485025940555215
0.10511894327324789
0.105386670109385
0.10565344051744432
0.10591925479468939
0.10618411200525105
0.10644801615298585
0.10671096135135696
0.10697294970314736
0.10723398510741669
0.10749406291662159
0.107753187156671
0.10801135828704472
0.10826857052224956
0.10852483037878849
0.10878013406276148
0.10903448328436176
0.10928788242185844
0.10954032224199518
0.1097918088292837
0.11004234493658333
0.11029192380951999
0.11054055018456943
0.11078822340936179
0.11103494256898694
0.11128071053605293
0.11152552612880517
0.11176938684022894
0.11201229618903451
0.11225425219306237
0.11249525820296748
0.11273531104368756
0.11297441215472634
0.11321256135276173
0.11344975826499729
0.11368600665563695
0.11392130382552441
0.1141556486923236
0.11438904185198942
0.11462148676794415
0.11485298091582515
0.11508352534561618
0.11531311742495931
0.11554176142522181
0.11576945517042081
0.1159962007218299
0.11622199750865252
0.11644684385839962
0.11667074470573219
0.11689369522824397
0.1171156953747829
0.11733674739845024
0.1175568526464624
0.11777601054125415
0.11799422091793774
0.11821148553834786
0.11842779946088748
0.11864317016212976
0.11885759151923204
0.11907106761067295
0.1192835972870743
0.11949517958517411
0.11970581857526878
0.11991551154086755
0.12012425795715363
0.12033205934598025
0.12053891426076271
0.12074482713092759
0.12094979433499269
0.12115381687677645
0.12135689548231526
0.12155902893940537
0.12176022229501637
0.12196047006442658
0.12215977533364475
0.1223581358920073
0.12255555542111086
0.12275203195097936
0.12294756474150666
0.12314215677579006
0.12333580833839318
0.1235285166551269
0.12372028172638841
0.12391111009866979
0.12410099583059486
0.12428994053317818
0.1244779434646229
0.12466500992441612
0.12485113374973224
0.1250363182889097
0.12522056285701746
0.1254038691864493
0.12558623528501886
0.1257676650942204
0.12594815623909592
0.1261277079503628
0.12630632070553333
0.1264839977051568
0.12666073716294937
0.12683653983292295
0.1270114037165124
0.12718533159126602
0.12735832572157274
0.12753038027639987
0.12770150179934223
0.1278716854825197
0.12804093369262337
0.12820924874500553
0.12837662921745965
0.1285430735356647
0.12870858422496825
0.12887316070815666
0.12903680353295088
0.12919951213290845
0.12936128987222828
0.12952213202630927
0.12968204316723037
0.1298410217405878
0.1299990672367944
0.13015618037553156
0.1303123651474192
0.13046761641255097
0.13062193559329976
0.13077532662062438
0.13092778604548327
0.1310793154857608
0.13122991608136156
0.1313795852405378
0.13152832717661878
0.13167613859095412
0.13182302321059194
0.13196897566165525
0.13211400465522433
0.1322581025104865
0.13240127302212093
0.13254351862763705
0.13268483519209628
0.13282522534978855
0.1329646894661481
0.13310322790581833
0.13324083929246516
0.1333775280676531
0.13351329087635655
0.13364812851320051
0.13378204099659896
0.1339150286458878
0.13404709480008717
0.13417823368706217
0.13430845217961895
0.134437747777371
0.13456611733579366
0.1346935692589781
0.1348200961917337
0.1349457017649131
0.13507038826196388
0.1351941516157479
0.13531699350855528
0.13543891572008693
0.13555991850950214
0.13568000205273323
0.13579916632151026
0.13591740896752214
0.1360347303758023
0.136151138915559
0.13626662841364723
0.1363811996324422
0.13649485235224293
0.1366075859545449
0.13671940615012398
0.13683030973943971
0.13694029415966683
0.13704936708887575
0.13715752074355736
0.1372647604651481
0.13737108443402948
0.13747649605311266
0.13758099052452707
0.13768457467408404
0.1377872417429813
0.1378889981961062
0.13798984043108642
0.13808977300910485
0.1381887909833156
0.13828689720395124
0.13838409157375509
0.13848037613883313
0.13857574869344383
0.13867021138681612
0.13876376482797922
0.13885640737916535
0.1389481429543331
0.13903896794989837
0.13912888547628496
0.13921789208500926
0.1393059925033425
0.1393931859303798
0.13947947221662904
0.13956485062783544
0.13964932351906204
0.13973288899155778
0.13981555193074355
0.13989730537862252
0.13997815635393762
0.14005810226403725
0.14013714348301964
0.14021528034913808
0.1402925159719384
0.14036884571405814
0.14044427545925833
0.14051880205280085
0.14059242578743
0.14066514798780452
0.14073697004356636
0.14080788891178753
0.14087791174297845
0.1409470308586819
0.14101524855251327
0.1410825704472862
0.1411489919472198
0.14121451623823983
0.1412791411182151
0.14134286637613744
0.1414056964902181
0.1414676293448288
0.14152866644760845
0.14158880556693676
0.1416480502702432
0.14170640121274192
0.1417638533515
0.14182041216053526
0.1418760764922176
0.1419308494246195
0.1419847267557971
0.14203771144148677
0.14208980154250025
0.14214100261649595
0.14219130970158161
0.14224072617963107
0.14228925046247792
0.14233688471227401
0.14238362838361687
0.14242948458040408
0.14247445023685204
0.14251852432869855
0.14256171333823833
0.14260401201557157
0.14264542383804205
0.14268594744620064
0.14272558416454093
0.1427643360086649
0.1428021989306942
0.14283917911120617
0.14287527185441307
0.14291048139287152
0.14294480616734093
0.14297824600939607
0.14301080084881124
0.14304247645847945
0.14307326753977978
0.14310317601592895
0.14313220303454402
0.14316034707732309
0.14318761015796885
0.14321399375320376
0.1432394982128466
0.1432641228708662
0.1432878668548597
0.14331073090388088
0.14333271856592908
0.14335382827915685
0.1433740586471196
0.1433934122516375
0.14341189167858304
0.14342949294645085
0.1434462179212754
0.1434620673791503
0.1434770426762934
0.14349114427370835
0.14350436991200743
0.14351672300551163
0.14352820487891155
0.14353881271196356
0.14354854665669495
0.14355741044151074
0.14356540350012484
0.14357252355705385
0.14357877309456152
0.14358415390309076
0.1435886672299436
0.14359230641112666
0.1435950831604252
0.14359698746266525
0.14359802503399727
0.14359819579926555
0.14359750024431567
0.14359593578937827
0.14359350715178992
0.14359021362493404
0.14358605600168162
0.14358103210010514
0.14357514574383692
0.14356839549999262
0.14356078156402113
0.14355230547205047
0.14354296676076708
0.14353276519040672
0.1435217047265392
0.14350978289569774
0.14349699966724136
0.1434833573713921
0.14346885778933596
0.143453495241749
0.14343727916537655
0.14342020187676047
0.14340227116262874
0.14338347964584514
0.14336383285502574
0.14334332999137908
0.1433219727021363
0.143299758146318
0.1432766918259246
0.1432527697520573
0.14322799525338514
0.14320236713525272
0.1431758880064127
0.14314855552305844
0.14312036988323326
0.14309133562070822
0.14306144914897367
0.14303071607882595
0.14299913094325506
0.14296669667694586
0.1429334139390053
0.14289928309276848
0.14286430582016324
0.14282847889345154
0.1427918079392493
0.14275429207601315
0.1427159277183943
0.14267671987045044
0.14263666637113143
0.1425957691843512
0.14255402841306059
0.14251144639173308
0.14246801877712312
0.14242375093165663
0.14237864202043066
0.14233269326732725
0.1422859028574939
0.14223827088425398
0.14218980090601094
0.14214049131012724
0.14209034203004614
0.14203935881990423
0.14198753522259092
0.14193487675209612
0.14188138028815658
0.14182704984653616
0.14177188327041582
0.14171587976502087
0.14165904329778808
0.1416013741778595
0.1415428730034964
0.14148353520714618
0.1414233695457941
0.14136236980930297
0.14130053885448074
0.14123787982638383
0.14117438685855357
0.14111006665714743
0.1410449183561569
0.1409789417267626
0.14091213560688498
0.14084450234883783
0.14077604320291992
0.14070675569022678
0.14063664553662136
0.14056570929557022
0.1404939475554952
0.14042136128052354
0.14034795103461245
0.14027371988083726
0.14019866484550822
0.14012278991576163
0.14004609000980603
0.13996857284709704
0.1398902320907971
0.13981107392377923
0.13973109669363964
0.1396503010351201
0.1395686829096216
0.13948625359554595
0.1394030032157555
0.13931893715393054
0.13923405579521142
0.13914835726112645
0.13906184622986448
0.13897452037089442
0.13888638210746998
0.13879743025071145
0.1387076629148396
0.1386170863508013
0.13852569766867315
0.1384334969534991
0.13834048792991116
0.13824666895313487
0.1381520392195265
0.13805660230758648
0.13796035687385116
0.13786330455083215
0.13776544513873867
0.13766677953442433
0.1375673075012159
0.13746702980268422
0.13736594840457214
0.137264061652232
0.13716137369408948
0.13705787925683433
0.13695358767573515
0.13684849033686877
0.13674259250140164
0.1366358954118094
0.13652839751077134
0.13642010003191343
0.13631100600137394
0.13620111066325613
0.1360904176876803
0.13597892987474766
0.13586664456335645
0.13575356179715217
0.13563968553864186
0.13552501305035455
0.13540954739750782
0.1352932878462334
0.13517623713710153
0.13505839248882615
0.13493975436944528
0.13482032609698644
0.13470011038459015
0.13457910014526353
0.13445730226164793
0.13433471504432684
0.13421134171847984
0.1340871792822428
0.13396222853500914
0.13383649227945296
0.13370997060479456
0.13358266228299565
0.13345457194319107
0.13332569495422303
0.13319603658418697
0.1330655936962099
0.132934370274783
0.13280236355820219
0.13266957764966839
0.13253600966385384
0.13240166200474696
0.13226653624219406
0.13213062912404547
0.13199394751165844
0.13185648650641082
0.1317182504998397
0.1315792370313282
0.1314394474192086
0.13129888452777969
0.13115754537560256
0.1310154315541195
0.13087254765376277
0.1307288922266795
0.13058446243574337
0.13043926097670192
0.13029329059318823
0.13014654985888058
0.1299990377363483
0.12985076098387452
0.12970171437964564
0.12955189898668534
0.12940131688190962
0.12924996899532734
0.12909785613891187
0.12894497768813196
0.12879133476802976
0.12863692766740556
0.12848175853283877
0.1283258262567508
0.12816913279849287
0.12801167879850506
0.12785346235214354
0.12769448624507945
0.12753475118724591
0.12737425900340138
0.1272130072103537
0.12705099818089166
0.1268882326263082
0.12672471041005068
0.12656043302456754
0.12639540048113085
0.12622961593710108
0.12606307505282033
0.12589578267976634
0.12572773715509558
0.1255589413523194
0.12538939481454753
0.12521909639819373
0.1250480487500158
0.12487624997482207
0.12470370598901118
0.12453041435106865
0.12435637472164157
0.12418158558258367
0.1240060548184775
0.12382977581404031
0.12365275575615589
0.12347499060148985
0.12329648079703433
0.12311723089365395
0.1229372363255694
0.12275650125597136
0.12257502628541167
0.12239281305824057
0.12220985898400534
0.12202616669030311
0.12184173581883138
0.12165656789308212
0.1214706628418817
0.12128402242511552
0.1210966465427471
0.12090853571822995
0.12071969174602641
0.12053011365851543
0.12033980475060714
0.12014876215023498
0.11995698960725243
0.1197644859399212
0.11957125085242551
0.11937728806878739
0.11918259514008309
0.1189871755767716
0.1187910287020566
0.1185941559013687
0.11839655690959638
0.11819823200041842
0.11799918262893362
0.11779940888230477
0.11759891256881926
0.11739769298470862
0.11719575450630829
0.11699309233186601
0.11678970926701875
0.11658560801568285
0.11638078601455254
0.1161752464335153
0.11596898812023475
0.1157620116545624
0.11555432240119638
0.11534591590001375
0.11513679456956698
0.11492695694806528
0.11471640708893614
0.11450514559253226
0.11429316881669739
0.11408048424304207
0.11386708653791223
0.11365297762269073
0.11343815983670008
0.11322263343763087
0.11300640003145804
0.11278945699384829
0.11257180962521732
0.11235345422347155
0.11213439432161648
0.11191463100454593
0.11169416254775458
0.11147298821544543
0.11125111518270303
0.11102853867279351
0.11080526252547417
0.11058128351127881
0.11035660579406562
0.1101312300532376
0.10990515243285764
0.10967838045538268
0.10945091122797342
0.10922274489645374
0.10899388095271123
0.10876432641177433
0.10853407639036798
0.10830313144971578
0.10807149445629148
0.107839166042235
0.10760614749413297
0.10737243539810025
0.1071380353139834
0.10690294610350969
0.1066671671552382
0.10643070037537579
0.10619354740729196
0.10595571000148242
0.10571718295886082
0.10547797276537689
0.10523807727564242
0.10499750111048733
0.10475624150783346
0.10451429950323304
0.10427167497368173
0.10402837076863616
0.10378438541447932
0.10353972433904227
0.10329438207263333
0.10304836237882094
0.10280166405811546
0.1025542927705037
0.10230624402494003
0.10205752093859276
0.10180812362804062
0.10155805321449099
0.1013073110465476
0.10105589597600233
0.10080380963438683
0.10055105211028009
0.10029762780383819
0.10004353110957172
0.09978876766687247
0.09953333681377945
0.09927723738117138
0.09902047310566325
0.09876304448216496
0.09850495064987534
0.09824619200954746
0.0979867715557574
0.09772668880596436
0.09746594338583003
0.09720453616460902
0.09694247260718636
0.09667974625652699
0.09641635932468709
0.09615231784445878
0.09588761846009487
0.09562226425395502
0.09535625135771361
0.09508958412643782
0.09482226371433235
0.09455428735966759
0.09428566240704887
0.09401638173499843
0.09374645055052619
0.09347587048421518
0.0932046389522624
0.09293275923733997
0.09266023048546888
0.09238705398606431
0.0921132317560098
0.09183876242393672
0.09156364973067375
0.09128789128486807
0.09101148652504513
0.09073444245591376
0.0904567536352261
0.09017842539631492
0.08989945624983796
0.08961984698537118
0.08933959838004213
0.08905870865580923
0.08877718221733928
0.08849502032287869
0.08821222040310604
0.08792878725362242
0.08764471773237069
0.0873600145819396
0.08707467813823225
0.08678870810332685
0.08650210847565029
0.08621487584754957
0.08592701425647067
0.085638523710463
0.08534940281797428
0.08505965593539518
0.084769282459244
0.08447827881204246
0.08418665230648073
0.08389440157914274
0.08360152720618312
0.08330802655002505
0.08301390531424038
0.08271916287567345
0.0824237996180951
0.08212781336023013
0.08183120926047788
0.08153398939876669
0.08123614716775267
0.08093769035830906
0.08063861343023379
0.08033892665428218
0.08003862303056472
0.07973770343585536
0.07943617340716594
0.07913402922069916
0.07883127250669975
0.0785279047938854
0.07822392672848859
0.0779193413429405
0.07761414574593899
0.07730834520436825
0.07700193419409672
0.07669491845919263
0.07638729541449359
0.07607907013654902
0.07577024077797988
0.07546080611223363
0.07515077104960637
0.07484013131528353
0.0745288937119569
0.07421705601524727
0.07390462171174593
0.07359158381072735
0.0732779501294955
0.07296371906007619
0.0726488928257223
0.07233347246955803
0.07201745588013367
0.07170084344362547
0.07138364149395168
0.07106584715892472
0.07074746109729739
0.07042848444101435
0.0701089170567716
0.06978876065404822
0.06946801637306935
0.06914668459448232
0.06882476672913083
0.06850226293733096
0.0681791753392589
0.06785550193434975
0.0675312465213228
0.06720640786452313
0.06688098513086335
0.06655498326488127
0.06622840083045793
0.06590123838886663
0.06557349976833848
0.06524518118834245
0.06491628597719541
0.06458681423878469
0.06425676760049416
0.06392614470473029
0.06359495055243371
0.063263180880575
