1025
0.2928703249778165
0.29275056421814016
0.29263050079839525
0.2925101290720339
0.2923894540649573
0.29226847290581487
0.2921471864646508
0.2920255954756673
0.2919036994745136
0.2917814991312228
0.2916589949259922
0.2915361838658553
0.29141307293106655
0.29128965680233454
0.2911659342479207
0.29104190860973017
0.2909175803452668
0.29079294955966734
0.290668014076124
0.2905427763392065
0.2904172344407268
0.2902913920187692
0.29016524579468855
0.29003879674320754
0.2899120447525048
0.2897849927377069
0.28965763704245223
0.28952998099565297
0.28940202128276715
0.2892737617796172
0.28914520080627726
0.2890163372847495
0.2888871753626601
0.2887577090545347
0.2886279446795231
0.28849787858625725
0.2883675137092951
0.28823684674955374
0.28810588072750565
0.2879746153489418
0.28784304853783027
0.28771118437790033
0.2875790194489462
0.2874465567001864
0.28731379348593894
0.28718073291378704
0.28704737045704976
0.2869137143055817
0.28677975674262984
0.2866455011090324
0.286510947592683
0.2863760971444079
0.2862409487594449
0.28610550246847954
0.2859697588625734
0.2858337193311196
0.28569738117133936
0.28556074948843096
0.28542381783978804
0.285286590638945
0.2851490682306878
0.2850112478249398
0.28487313279512483
0.28473472384475423
0.28459601651721006
0.2844570156026677
0.2843177193909051
0.28417812708604984
0.2840382395837408
0.2838980604529989
0.28375758456875694
0.2836168154621627
0.2834757528939072
0.2833343942382689
0.2831927447279446
0.28305080009670947
0.2829085630052533
0.2827660332867796
0.28262320848284483
0.28248009399379875
0.28233668459717187
0.28219298416856037
0.28204899158464747
0.2819047069194454
0.2817601288156208
0.28161526134911263
0.28147010107965537
0.2813246503153536
0.28117890921407723
0.28103287734260896
0.28088655367026305
0.2807399413273843
0.2805930371817065
0.280445843799529
0.28029836159789256
0.2801505889545677
0.28000252669241243
0.2798541756273686
0.2797055358879302
0.2795566069235745
0.27940738818872546
0.279257883687223
0.27910808948776333
0.2789580069527251
0.2788076375936746
0.2786569822455332
0.2785060355819712
0.27835480534950313
0.27820328631798497
0.27805148188916906
0.27789938967494704
0.27774701245108047
0.2775943480237582
0.2774413965581647
0.2772881630428717
0.2771346424284232
0.27698083532860657
0.2768267446076393
0.27667236861236477
0.27651770836084877
0.27636276381006236
0.27620753426212463
0.2760520206960761
0.27589622461784025
0.2757401435853717
0.2755837801208466
0.27542713401772967
0.2752702046669465
0.27511299224519403
0.274955496467191
0.274797721038178
0.2746396619641454
0.2744813219157659
0.274322698615823
0.27416379590230106
0.2740046116046364
0.2738451462032881
0.27368540081179044
0.273525372976464
0.2733650692994931
0.27320448030747896
0.2730436143536931
0.2728824691919466
0.2727210440665377
0.27255933996571424
0.27239735671160215
0.2722350953219759
0.27207255535556524
0.2719097372437447
0.27174664169153034
0.27158326815051786
0.27141961638145035
0.27125568760072505
0.2710914828105231
0.27092699976686385
0.27076224257408577
0.27059720635349394
0.2704318950000504
0.2702663097259788
0.270100447015349
0.269934309795895
0.26976789634365367
0.2696012070888754
0.269434246881321
0.26926700837428935
0.2690994987911904
0.26893171423905354
0.26876365510993644
0.268595324286826
0.26842671847670907
0.26825784051062024
0.2680886905228675
0.26791926683052064
0.2677495725678811
0.2675796051544803
0.2674093640972537
0.26723885446817486
0.2670680749606865
0.26689701934151416
0.2667256950944292
0.2665541029101285
0.266382239431351
0.2662101046644061
0.26603769899146257
0.26586502738839024
0.2656920851935932
0.26551887349171016
0.2653453909981317
0.26517164366808077
0.2649976265205133
0.26482334091909626
0.264648788989711
0.2644739688468954
0.2642988812470551
0.26412352660859406
0.2639479040411081
0.26377201732551675
0.26359586318379374
0.26341944327213584
0.2632427580941597
0.263065806715872
0.26288859106054663
0.2627111108313226
0.26253336515473064
0.26235535417839884
0.26217708119952043
0.2619985426470171
0.26181974215014575
0.26164067733691865
0.26146134866320414
0.2612817584229391
0.261101906414814
0.26092178921951314
0.2607414109584037
0.26056077453247817
0.26037987276130387
0.26019871034853065
0.2600172887165555
0.2598356042981957
0.2596536603216243
0.25947145733345484
0.2592889921576957
0.2591062673542783
0.2589232859691304
0.2587400456077772
0.25855654399058053
0.2583727858048379
0.25818876690207176
0.2580044930567563
0.2578199587058907
0.2576351687793832
0.257450122798583
0.25726481736970175
0.2570792570263873
0.25689343984184776
0.25670736692888757
0.25652103691616696
0.25633445272776745
0.2561476140134691
0.25596051776562007
0.25577316999508587
0.2555855659741882
0.2553977091512029
0.25520959828762285
0.25502123388494624
0.25483261601702956
0.2546437441940186
0.25445462049687456
0.2542652444881011
0.2540756166943242
0.2538857373910915
0.2536956053693673
0.2535052232262114
0.253314589354777
0.25312370434687903
0.25293257028136923
0.25274118643997584
0.25254955124999073
0.25235766899110096
0.25216553653676915
0.25197315459331004
0.25178052370303977
0.2515876463759246
0.2513945173907121
0.25120114308997565
0.25100752088425754
0.25081365199921707
0.2506195348628229
0.25042517284469656
0.25023056533605115
0.2500357078541595
0.24984060883862694
0.2496452642869734
0.2494496717164125
0.24925383590522496
0.24905775561688734
0.24886142981515896
0.24866486274414248
0.24846805052448523
0.24827099553418314
0.24807369722274958
0.24787615619580197
0.2476783730239128
0.24748034700724095
0.24728208171676824
0.2470835723268652
0.24688482086751584
0.24668583073088202
0.24648659820869565
0.24628712689171753
0.24608741725856287
0.24588746470462167
0.24568727482189495
0.2454868446302769
0.24528617572735387
0.24508527199076632
0.24488412574215893
0.24468274241661309
0.24448112436294006
0.2442792661432489
0.244077171902119
0.24387484123195063
0.2436722735818917
0.2434694714773805
0.2432664341305408
0.24306315961627567
0.24285965097729661
0.24265590681618862
0.24245193008693114
0.24224771826456182
0.24204327270584386
0.2418385934640613
0.2416336803712852
0.24142853675245657
0.2412231605164189
0.24101755090638877
0.24081170863312365
0.2406056366534457
0.24039933309975464
0.24019279899410867
0.23998603229505486
0.23977903675158815
0.23957181063683958
0.23936435594068614
0.2391566723004471
0.23894875838856783
0.23874061865857485
0.23853224907212886
0.23832364985383456
0.23811482301790893
0.23790576981397157
0.23769648991125997
0.23748698339552213
0.2372772518570439
0.23706729132958415
0.2368571082102974
0.23664669748777142
0.2364360627605562
0.23622520325478255
0.23601411827470054
0.23580281141989595
0.2355912805104045
0.23537952531794362
0.23516754719868
0.23495534519471845
0.2347429230283188
0.23453027791903464
0.23431741081787738
0.23410432246430776
0.23389101206265858
0.23367748390524365
0.23346373354541658
0.23324976381011542
0.2330355728863145
0.23282116404689474
0.23260653579095153
0.23239168763274667
0.2321766221963125
0.23196133990372841
0.23174583853980565
0.23153011828080425
0.23131418469071185
0.23109803303151336
0.23088166471966423
0.230665079266992
0.23044828128396302
0.2302312657398484
0.2300140355589673
0.22979659035172842
0.22957893167785562
0.2293610579773559
0.22914297277822693
0.22892467411645734
0.22870616155082216
0.2284874355919904
0.2282684990718822
0.22804935061768658
0.22782999100962106
0.22761041867619133
0.22739063613095403
0.22717064532727185
0.2269504415768305
0.2267300304693663
0.2265094081025686
0.22628857661167556
0.22606753803514326
0.22584629132758838
0.22562483530609326
0.22540317219329964
0.22518130165743525
0.2249592242800372
0.22473693970610545
0.22451445088582817
0.22429175398294668
0.22406885294959705
0.2238457466064002
0.22362243467641027
0.22339891784482127
0.22317519962524074
0.2229512758088392
0.22272714771027988
0.22250281875167366
0.22227828615968043
0.2220535514494696
0.22182861563690937
0.2216034766823779
0.22137813825362418
0.22115259770330856
0.22092685831864048
0.22070091559163713
0.2204747770417282
0.22024843636801839
0.22002189676520711
0.2197951604730481
0.219568224146987
0.21934109007104402
0.21911375866767413
0.21888623037662044
0.21865850412263163
0.21843058378642266
0.2182024666483743
0.21797415350117894
0.2177456444741482
0.21751693992257382
0.21728804275364053
0.21705894826956307
0.2168296623315151
0.21660018293865094
0.2163705075764308
0.2161406434012684
0.21591058435526278
0.21568033355326335
0.2154498930558864
0.2152192595779678
0.2149884345858189
0.21475741971479748
0.21452621527017196
0.21429482151787338
0.2140632385281534
0.21383146441883252
0.21359949965686803
0.213367351319136
0.21313501437795002
0.21290248953230848
0.21266977669646944
0.21243687549546003
0.21220379078846646
0.21197051998485508
0.21173706106186768
0.21150342053583437
0.2112695920052863
0.2110355800277262
0.21080138312292304
0.2105670043351184
0.21033243970145443
0.21009769504610612
0.2098627647587343
0.20962765437588474
0.20939236097730485
0.20915688850169614
0.2089212328987643
0.2086853966060484
0.20844937964445648
0.20821318382706788
0.20797680742998037
0.2077402522931547
0.20750351904684067
0.20726660645739983
0.20702951780471196
0.20679225020485786
0.20655480633709195
0.2063171833860361
0.20607938541132326
0.20584141192180772
0.20560326271946625
0.2053649374008111
0.20512643796839325
0.2048877629310892
0.20464891645354544
0.20440989277242233
0.20417069794452836
0.20393132974140016
0.2036917886949284
0.2034520750823517
0.20321219161745335
0.20297213452658056
0.20273190877068253
0.20249151179982394
0.20225094398417928
0.20201020642449596
0.20176930047672414
0.2015282235979677
0.20128698183560007
0.20104556889492842
0.2008039867609227
0.20056224017094776
0.2003203254398607
0.2000782452086854
0.1998359978076515
0.19959358306742675
0.1993510047945362
0.1991082613974416
0.19886535405748093
0.19862228117755593
0.19837904566331124
0.19813564815995993
0.19789208455504254
0.1976483594778193
0.19740447204198577
0.19716042488519478
0.19691621458109765
0.19667184366525622
0.1964273105916496
0.19618262005960194
0.19593776800941695
0.1956927572905003
0.1954475866834061
0.19520225808238184
0.19495677101668404
0.19471112827482404
0.19446532722650697
0.194219367153256
0.19397325350625885
0.19372698202620167
0.19348055559509397
0.19323397316202348
0.19298723592168812
0.19274034566282586
0.19249329895588715
0.1922461010781408
0.1919987482582515
0.1917512439013561
0.19150358694513483
0.19125577722454817
0.19100781471763068
0.19075970433631645
0.1905114417462237
0.1902630285660342
0.1900144657776175
0.18976575225675138
0.18951688968650018
0.1892678793611995
0.18901872167123318
0.18876941603328953
0.1885199618650652
0.18827035976575843
0.18802061274038026
0.18777071960237743
0.18752067921572674
0.18727049374666052
0.18702016548827832
0.18676969110723335
0.18651907218369887
0.18626830946599887
0.1860174041434283
0.18576635659552954
0.18551516505791768
0.18526383240303215
0.18501235972781435
0.18476074476468968
0.18450898773498417
0.1842570917077132
0.18400505632877184
0.18375287968220552
0.18350056393479078
0.18324811062695737
0.1829955208182894
0.1827427889582332
0.1824899249489969
0.18223692038980452
0.18198378014771124
0.1817305041695512
0.18147709297434617
0.1812235443174302
0.18096986230358542
0.18071604629300606
0.1804620970551888
0.18020801272739007
0.17995379660773694
0.17969944753166397
0.17944496567234106
0.17919035233439387
0.17893560719923318
0.17868073012312574
0.17842572436855986
0.17817058801755406
0.1779153209643939
0.17765992528231087
0.17740440242566752
0.17714874772338107
0.17689296908820248
0.176637060095667
0.17638102733873304
0.17612486459598045
0.1758685765771319
0.17561216270170896
0.17535562426816073
0.17509895896858302
0.1748421713966108
0.1745852583486022
0.17432822255137723
0.17407106304002676
0.17381378201062486
0.17355637754862144
0.1732988498819056
0.17304120276276144
0.17278343321648817
0.17252554600644598
0.1722675365286793
0.17200940732189138
0.1717511589066973
0.17149279161598774
0.17123430688252061
0.1709757020217104
0.17071698180839795
0.17045814547634316
0.1701991900189867
0.16994011969653483
0.16968093267003523
0.16942163064768642
0.16916221370523646
0.1689026838221832
0.16864303734931466
0.16838327880224252
0.16812340752837143
0.16786342456017864
0.16760332835963426
0.16734311903325158
0.1670827995540602
0.1668223685913401
0.1665618261581888
0.16630117702590966
0.16604041580897322
0.16577954713748455
0.16551856835632706
0.16525748290396838
0.16499628899643837
0.16473498590792235
0.16447357701425971
0.1642120625636638
0.16395044307473453
0.16368871476242913
0.16342688486120419
0.16316494825332709
0.1629029073407854
0.16264076473698444
0.1623785155109477
0.16211616534374132
0.16185371347561672
0.16159115969817553
0.16132850304725588
0.16106574552736153
0.1608028881726493
0.16053992887587565
0.16027687247554023
0.16001371605194575
0.15975046011642055
0.1594871054731648
0.15922365255887339
0.15896010396837162
0.15869645719220937
0.15843271558186905
0.1581688748717712
0.15790494154151533
0.15764091023993745
0.15737678612966421
0.15711256788305722
0.1568482559687992
0.1565838470309984
0.1563193504783065
0.15605475801742819
0.15579007422478558
0.15552529933062811
0.15526043183305166
0.15499547555275892
0.1547304285229944
0.15446529287056224
0.15420006752515122
0.15393475086882794
0.15366934815306701
0.15340385695890596
0.1531382772884963
0.1528726122790772
0.15260686059940934
0.15234102145435677
0.152075097868898
0.15180908873551868
0.15154299537346652
0.15127681758859635
0.1510105561633988
0.1507442108031865
0.150477782173909
0.15021127191924452
0.14994467860468777
0.14967800569659795
0.14941124878155077
0.1491444155957301
0.14887749897338612
0.14861050321543504
0.14834342944887224
0.14807627621965372
0.14780904466721864
0.14754173719157307
0.14727434989345456
0.14700688568386805
0.1467393470008334
0.1464717315690369
0.14620403935382922
0.14593627367454953
0.14566843222926434
0.14540051753398803
0.14513252890193207
0.14486446867595673
0.14459633449870513
0.14432812665275319
0.1440598479618108
0.14379150065216087
0.14352307874276418
0.14325458793630771
0.14298602685154863
0.1427173981186392
0.14244869919289682
0.14217993072794247
0.14191109500455676
0.1416421920848422
0.14137322091602977
0.14110418530724914
0.14083508137940132
0.14056591348715552
0.1402966789624799
0.14002738112363464
0.13975801758057924
0.13948859179687537
0.13921910123946357
0.13894954797388426
0.13867993315667346
0.13841025416390898
0.13814051659077864
0.13787071630777478
0.13760085701734687
0.13733093656896672
0.13706095600949458
0.13679091770534182
0.13652081912848965
0.1362506615828879
0.13598044882988397
0.13571017962075865
0.13543985158612792
0.13516946683054384
0.1348990277552934
0.13462853297307978
0.13435798163395782
0.13408737936150508
0.1338167217248185
0.13354600949838966
0.13327524447890232
0.1330044273136813
0.13273355870551065
0.1324626380405527
0.13219166618374453
0.13192064332681386
0.13164957127678598
0.13137844899737663
0.13110727810312667
0.13083605906169377
0.13056479021828
0.13029347393129043
0.13002211057140708
0.12975070178147444
0.12947924531094746
0.1292077431540973
0.12893619583534643
0.12866460319191372
0.12839296639413625
0.12812128537693415
0.12784956277224285
0.1275777948290083
0.12730598560899226
0.1270341336158328
0.1267622412284514
0.12649030797938818
0.12621833287989975
0.125946318034446
0.1256742618172622
0.12540216913060973
0.12513003786608365
0.1248578676595964
0.12458565716251892
0.12431341294785418
0.12404112944009585
0.12376881246884625
0.12349645870028317
0.1232240684011392
0.12295164529212183
0.12267918550562351
0.12240669246640906
0.12213416660224218
0.12186160920427166
0.12158901805742316
0.12131639530480645
0.12104374048279637
0.12077105491946345
0.12049833838422788
0.12022559235719857
0.1199528166405752
0.11968001160024352
0.11940717866249054
0.11913431696547652
0.11886142916313774
0.11858851278414059
0.11831557095310179
0.11804260247713542
0.11776960714009346
0.11749658793096558
0.11722354276788591
0.11695047446690085
0.11667738239915768
0.11640426762332569
0.11613112989950601
0.11585796932132862
0.11558478701999625
0.11531158304602783
0.1150383588031103
0.11476511356955281
0.11449185101213112
0.1142185669808338
0.11394526372870124
0.11367194346616043
0.11339860397263392
0.11312524777488725
0.11285187381234608
0.11257848257208543
0.1123050783863547
0.11203165743798169
0.1117582217304853
0.11148476986789861
0.11121130516937157
0.11093782812044856
0.11066433547305264
0.11039083350327178
0.11011731758008064
0.10984378928739447
0.10957025044965366
0.10929670120019983
0.10902314280322456
0.10874957297847086
0.10847599602103315
0.10820240879127598
0.1079288141116121
0.10765521286805332
0.10738160342290773
0.10710798511194392
0.10683436387382123
0.1065607355519232
0.10628710334488171
0.10601346440255688
0.10573982210080857
0.10546617694517438
0.10519252557134198
0.10491887420286386
0.1046452203318187
0.10437156397850343
0.10409790462005539
0.10382424797076277
0.10355058987597254
0.10327693071482148
0.10300327285037565
0.10272961656045224
0.10245596294283474
0.1021823089538412
0.10190865918354447
0.10163501261161534
0.1013613685823092
0.10108772859237239
0.1008140938744087
0.10054046583691559
0.10026684000843787
0.09999322173307931
0.09971960903322256
0.09944600577024379
0.09917240940855254
0.09889882079792486
0.09862523971905973
0.09835166838683927
0.09807810549412395
0.0978045555122152
0.09753101370460514
0.09725748309620787
0.0969839626119204
0.09671045686414174
0.09643696197142007
0.09616348045226619
0.09589001221677178
0.09561655817146585
0.09534311931896806
0.09506969454535721
0.09479628512879948
0.0945228910255572
0.0942495157926558
0.09397615460689634
0.09370281210310737
0.09342948759844899
0.09315617996899495
0.09288289229115507
0.09260962475324276
0.09233637661900071
0.09206314804445394
0.09178994141936513
0.09151675625019179
0.09124359206226874
0.0909704494875838
0.09069733295937404
0.09042423695103713
0.09015116323048168
0.08987811666983014
0.08960509437676291
0.08933209874406041
0.08905912649918737
0.08878618110348213
0.0885132634097711
0.08824037094812852
0.08796750979737153
0.0876946737726025
0.08742186723900837
0.08714909133869193
0.08687634381446714
0.08660362727148199
0.08633094083578874
0.08605828549014033
0.08578566281049513
0.08551307151018131
0.08524051452279854
0.08496798980433985
0.08469549668671071
0.08442304094148036
0.08415061786921904
0.08387823178968691
0.08360588129361493
0.08333356697673122
0.0830612893107639
0.08278904664897976
0.08251684257953223
0.08224467800322287
0.08197255065927733
0.08170046437339626
0.08142841642183639
0.08115640893650873
0.08088444206440269
0.08061251541474218
0.08034063219552835
0.0800687894394573
0.07979699030603582
0.07952523475767907
0.07925352144192231
0.07898185382646286
0.07871023135137092
0.07843865081384704
0.07816711819832647
0.07789563224141269
0.07762419324166266
0.07735279888503721
0.07708145380455197
0.07681015726706093
0.07653890952629952
0.07626770860029466
0.07599655857971378
0.07572546114528109
0.07545441056321109
0.07518341326384792
0.07491246439074553
0.0746415724221275
0.07437073138529281
0.07409994179852766
0.07382920820218243
0.07355852730022201
0.07328790028073623
0.07301732830909215
0.07274681176744617
0.07247635301607125
0.07220594949117227
0.07193560549856737
0.07166531616926838
0.07139508623031535
0.07112491332456904
0.07085480154090384
0.07058474923192815
0.0703147551157479
0.07004482321939613
0.06977494975270826
0.0695051403512357
0.06923539294140002
0.06896571021484282
0.06869608621455438
0.0684265273553248
0.06815703211628747
0.06788760213879196
0.06761823817410206
0.06734893832570524
0.06707970269782021
0.06681053647621465
0.06654143707414374
0.06627240485915742
0.06600344062480673
0.06573454411844946
0.0654657165952827
0.06519695884096288
0.06492827098869994
0.06465965407235796
0.06439110806345617
0.06412263457683572
0.06385423173695892
0.06358590258681554
0.06331764590141889
0.06304946081335804
0.0627813513330847
0.06251331601700139
0.06224535521446065
0.0619774719542996
0.06170966289722866
0.06144193067729283
0.06117427516672559
0.060906697593911166
0.06063919658894471
0.06037177623191469
0.0601044327299056
