1025
-1.1855399545931775
-1.185639054053324
-1.1857385767359112
-1.1858385175260064
-1.1859388805683224
-1.186039663355841
-1.1861408665704465
-1.1862424905739528
-1.1863445350104258
-1.1864470001309406
-1.1865498864096122
-1.1866531909269276
-1.1867569196749201
-1.186861067994977
-1.186965634704863
-1.1870706223028815
-1.1871760313544422
-1.1872818615592091
-1.1873881110732385
-1.1874947817717916
-1.1876018718772126
-1.1877093843682103
-1.1878173163061303
-1.1879256683663755
-1.1880344402851695
-1.1881436345763283
-1.1882532476495342
-1.1883632823551293
-1.1884737359047026
-1.1885846111385678
-1.1886959065369074
-1.1888076211200609
-1.1889197581857922
-1.189032312545572
-1.1891452894351218
-1.1892586854210383
-1.189372503096093
-1.1894867392535036
-1.1896013964651733
-1.1897164741298067
-1.1898319705256815
-1.1899478887166302
-1.1900642258957508
-1.1901809841312982
-1.1902981612441492
-1.1904157595226135
-1.1905337750924518
-1.1906522146373735
-1.190771071331781
-1.1908903479702653
-1.1910100446372793
-1.191130161639298
-1.1912506982627522
-1.1913716541077617
-1.191493029691937
-1.191614825763108
-1.1917370400731804
-1.1918596766721667
-1.191982729900704
-1.1921062033362968
-1.1922300970640916
-1.1923544085210778
-1.1924791403163502
-1.1926042929479446
-1.192729862318628
-1.1928558524626334
-1.192982261568638
-1.1931090887940792
-1.1932363347599715
-1.1933640022964824
-1.1934920867592516
-1.1936205909756654
-1.1937495145594754
-1.1938788550947343
-1.1940086166831954
-1.1941387955893485
-1.1942693938904836
-1.1944004111468354
-1.1945318451439693
-1.1946637001408094
-1.1947959715982193
-1.1949286625144975
-1.1950617717105487
-1.1951952991698034
-1.195329243198148
-1.1954636073064426
-1.195598388304322
-1.195733587761031
-1.1958692058510518
-1.1960052418371094
-1.1961416944831205
-1.196278566467918
-1.1964158546667238
-1.1965535611829727
-1.1966916860120989
-1.1968302276334497
-1.1969691864939864
-1.1971085630836578
-1.1972483572067212
-1.1973885680808984
-1.1975291950166502
-1.1976702414838252
-1.197811703356743
-1.1979535819658889
-1.1980958782073583
-1.1982385925253258
-1.1983817201028768
-1.198525267430518
-1.1986692296423183
-1.1988136095146265
-1.1989584044823802
-1.1991036171161893
-1.199249244717287
-1.199395287687703
-1.199541749801652
-1.1996886263331186
-1.199835917790647
-1.1999836261761534
-1.2001317499739035
-1.2002802896813654
-1.2004292449294314
-1.2005786149479114
-1.200728400286012
-1.2008786019866577
-1.201029217599348
-1.201180249092023
-1.2013316958359974
-1.2014835573078775
-1.2016358332716792
-1.201788522935
-1.2019416295738352
-1.2020951491872645
-1.2022490840225715
-1.2024034317188406
-1.2025581953063669
-1.2027133725966557
-1.2028689637218275
-1.2030249692196018
-1.2031813869193304
-1.2033382220788655
-1.2034954663272137
-1.2036531264260701
-1.2038112001430046
-1.203969686680768
-1.2041285864879219
-1.2042878990689554
-1.2044476250591802
-1.2046077639336188
-1.2047683153392597
-1.2049292798246745
-1.2050906567061777
-1.2052524453268079
-1.2054146463654252
-1.205577260442601
-1.205740285521481
-1.2059037244735697
-1.2060675728363288
-1.2062318339026448
-1.2063965082036499
-1.2065615922749633
-1.206727088506381
-1.2068929950592504
-1.207059311963204
-1.2072260430229647
-1.207393181672586
-1.2075607336417893
-1.2077286954326718
-1.2078970670074765
-1.2080658503392134
-1.2082350424338448
-1.208404645459389
-1.2085746590345148
-1.2087450813349137
-1.2089159147686692
-1.209087157038982
-1.2092588070154802
-1.2094308689327937
-1.2096033411102296
-1.209776218125385
-1.209949505841436
-1.210123204594942
-1.210297311090234
-1.2104718250314777
-1.2106467464731163
-1.2108220791223312
-1.2109978189410258
-1.2111739661748158
-1.2113505195681027
-1.2115274837730778
-1.2117048542346078
-1.211882631663222
-1.2120608175057594
-1.212239409998427
-1.2124184092138495
-1.2125978151966346
-1.2127776268858292
-1.2129578471188962
-1.2131384725624674
-1.2133195046129501
-1.2135009429245251
-1.2136827865494781
-1.2138650368090398
-1.214047692905244
-1.214230753817638
-1.2144142193837935
-1.2145980918667183
-1.214782367904591
-1.2149670501723093
-1.2151521364083764
-1.215337626460291
-1.2155235219576792
-1.2157098222830627
-1.2158965242894555
-1.216083630996874
-1.2162711444708523
-1.2164590582243753
-1.2166473759198086
-1.2168360982693294
-1.2170252219155526
-1.2172147493019674
-1.217404680219522
-1.217595011910633
-1.2177857459091488
-1.2179768844930883
-1.2181684252038758
-1.2183603657494115
-1.2185527095940087
-1.2187454529241528
-1.2189386002107092
-1.2191321463222557
-1.2193260950490281
-1.2195204454477486
-1.2197151944282372
-1.2199103453210083
-1.220105895998687
-1.2203018471633955
-1.2204981971703524
-1.2206949479515645
-1.2208920989747913
-1.2210896471799284
-1.2212875972641437
-1.2214859447939352
-1.2216846921711437
-1.2218838381363475
-1.2220833825813122
-1.222283325091826
-1.2224836647840953
-1.2226844031225408
-1.2228855393258016
-1.22308707323867
-1.2232890047805651
-1.2234913325459262
-1.2236940581165876
-1.2238971798949294
-1.224100697690578
-1.2243046132019724
-1.2245089250285586
-1.2247136315325013
-1.2249187359135738
-1.2251242350851839
-1.2253301291664602
-1.2255364182466442
-1.2257431038384279
-1.2259501812132014
-1.226157655245569
-1.2263655232645123
-1.2265737858540184
-1.2267824412403068
-1.2269914919293163
-1.2272009368400745
-1.227410771731236
-1.2276210033160768
-1.227831627706258
-1.228042642372836
-1.2282540508667505
-1.2284658516437055
-1.228678043485443
-1.2288906295303685
-1.2291036057257556
-1.229316973944948
-1.2295307331927618
-1.2297448832685227
-1.2299594245805219
-1.230174355767855
-1.2303896795356692
-1.2306053911583632
-1.2308214919940028
-1.2310379843831325
-1.2312548647661996
-1.2314721357227862
-1.2316897970417007
-1.2319078444833538
-1.23212628220322
-1.232345107222772
-1.2325643204196914
-1.23278392467297
-1.233003912666579
-1.2332242889734952
-1.233445054770938
-1.233666205030815
-1.2338877428678054
-1.2341096672641816
-1.2343319774372445
-1.2345546748797158
-1.2347777585243018
-1.2350012262351968
-1.2352250798950815
-1.2354493180980335
-1.235673942836067
-1.2358989512431315
-1.2361243440326988
-1.2363501208036571
-1.2365762808435592
-1.2368028265642306
-1.2370297556004402
-1.2372570668119949
-1.237484760349898
-1.2377128380033966
-1.2379412978879036
-1.238170140252967
-1.2383993628741885
-1.2386289684640013
-1.238858954852972
-1.23908932343214
-1.2393200733228864
-1.2395512026488265
-1.2397827150054763
-1.2400146061020878
-1.2402468758534542
-1.2404795253944574
-1.2407125551207479
-1.2409459642707397
-1.2411797524784718
-1.2414139205237777
-1.2416484645361325
-1.2418833893338674
-1.2421186900483827
-1.2423543692443153
-1.2425904258770357
-1.242826858650313
-1.2430636702115174
-1.243300857962143
-1.2435384214098024
-1.2437763609184491
-1.2440146753942987
-1.2442533671361113
-1.2444924334372354
-1.2447318745266176
-1.2449716904046741
-1.2452118800100223
-1.2454524462296916
-1.2456933847807452
-1.2459346976479406
-1.2461763825975345
-1.2464184418313038
-1.2466608736186358
-1.2469036768890696
-1.2471468532831553
-1.2473904027542626
-1.2476343226724276
-1.2478786128278494
-1.2481232770799662
-1.248368311185527
-1.2486137155554835
-1.2488594891742701
-1.2491056354968808
-1.24935214960886
-1.249599033418266
-1.2498462860894588
-1.2500939083309544
-1.2503418981484635
-1.2505902582159887
-1.2508389859439935
-1.25108808058803
-1.2513375419011243
-1.251587371797703
-1.251837568491978
-1.252088132014121
-1.2523390604551967
-1.2525903554590099
-1.2528420178831854
-1.2530940433519626
-1.253346435944036
-1.2535991917275757
-1.253852311979245
-1.2541057978042196
-1.2543596476594348
-1.25461386002001
-1.254868436152323
-1.255123375163097
-1.2553786769761048
-1.255634340622517
-1.2558903680777247
-1.25614675540816
-1.256403505392426
-1.2566606163933736
-1.256918087635079
-1.2571759189650054
-1.2574341128941287
-1.257692665212423
-1.2579515763068356
-1.258210848577911
-1.2584704790437287
-1.2587304683860525
-1.2589908168062665
-1.259251521868842
-1.2595125862066676
-1.2597740068989693
-1.260035786214732
-1.260297919427069
-1.2605604125225043
-1.2608232596040463
-1.2610864624335292
-1.2613500225750782
-1.2616139364908088
-1.2618782054113957
-1.262142829087661
-1.2624078073006948
-1.262673138396629
-1.2629388251544122
-1.263204864594422
-1.263471256746887
-1.263738001135994
-1.2640050973197012
-1.264272547104767
-1.264540346020543
-1.2648084983133048
-1.2650770015877462
-1.2653458530736625
-1.265615058298695
-1.2658846113809035
-1.2661545143011914
-1.2664247681699246
-1.2666953696643704
-1.2669663191940015
-1.2672376176381452
-1.2675092645234296
-1.2677812594447166
-1.2680536018062987
-1.268326289300338
-1.2685993217368565
-1.268872704386144
-1.2691464324286834
-1.2694205057337185
-1.2696949234405206
-1.269969684798197
-1.2702447930799363
-1.270520245500244
-1.2707960397135758
-1.2710721804537999
-1.2713486617302339
-1.2716254867453665
-1.2719026533731383
-1.2721801637395453
-1.272458013801743
-1.2727362077915545
-1.2730147401602256
-1.273293614983057
-1.2735728290970723
-1.2738523852524035
-1.2741322793825303
-1.2744125126072008
-1.2746930844411288
-1.274973995679055
-1.2752552443117213
-1.275536830942048
-1.2758187556170248
-1.2761010167058542
-1.2763836160630806
-1.2766665506431898
-1.2769498219693074
-1.2772334269847527
-1.2775173684361678
-1.2778016454177021
-1.2780862567354807
-1.2783712015808097
-1.2786564808532055
-1.2789420926128765
-1.2792280396398255
-1.2795143163039633
-1.279800927323411
-1.2800878696454054
-1.2803751434559472
-1.2806627480230193
-1.2809506850155252
-1.2812389505409183
-1.2815275480327908
-1.2818164746503742
-1.2821057300613294
-1.2823953142968463
-1.282685228076132
-1.2829754683141925
-1.2832660394089843
-1.2835569354558372
-1.2838481573645986
-1.2841397082541597
-1.2844315846021366
-1.2847237875741282
-1.285016315376277
-1.2853091668913799
-1.285602344603677
-1.285895846701626
-1.286189673043365
-1.2864838221242456
-1.2867782951788573
-1.2870730921674671
-1.2873682089306313
-1.2876636486449675
-1.2879594097758456
-1.2882554937920603
-1.2885518972046661
-1.288848621289548
-1.2891456641002377
-1.289443028783382
-1.289740711227341
-1.290038712990501
-1.2903370324192425
-1.2906356704134427
-1.2909346255952145
-1.2912338999328272
-1.2915334901273952
-1.2918333949753757
-1.2921336182899856
-1.2924341558579673
-1.2927350091534926
-1.2930361766067064
-1.2933376585271148
-1.2936394558034854
-1.2939415644883503
-1.2942439883954444
-1.2945467238332613
-1.294849772438027
-1.2951531330460335
-1.2954568044654848
-1.2957607859271008
-1.2960650808800636
-1.2963696849688084
-1.2966745987070771
-1.296979822057984
-1.29728535358074
-1.2975911937089997
-1.2978973428434621
-1.298203800607738
-1.2985105655586364
-1.2988176366587694
-1.299125013505162
-1.299432697787764
-1.2997406878857334
-1.3000489820702337
-1.3003575811990646
-1.3006664867006947
-1.3009756948421787
-1.3012852060856603
-1.301595020402935
-1.3019051380443352
-1.3022155584404551
-1.302526279469911
-1.3028373027543447
-1.3031486281959632
-1.3034602532862014
-1.3037721774993973
-1.3040844024383396
-1.3043969271947307
-1.3047097492254207
-1.305022869655132
-1.3053362890322386
-1.305650007336988
-1.3059640190841584
-1.3062783320059057
-1.3065929379888748
-1.3069078405657852
-1.3072230386793429
-1.3075385322986977
-1.3078543183058156
-1.308170399679927
-1.3084867748932167
-1.3088034439592753
-1.3091204042839806
-1.3094376580413942
-1.3097552034146767
-1.3100730396804026
-1.3103911670875523
-1.3107095846669252
-1.3110282915334472
-1.311347289370289
-1.3116665761327801
-1.3119861505120605
-1.3123060137832654
-1.3126261661173604
-1.3129466029156018
-1.313267330005528
-1.3135883410364841
-1.3139096409504443
-1.3142312234065043
-1.3145530917680015
-1.3148752447975074
-1.3151976825490719
-1.3155204023389533
-1.3158434071387979
-1.316166693648857
-1.316490263226622
-1.3168141141553014
-1.317138247444173
-1.3174626607463662
-1.3177873534931712
-1.3181123278908373
-1.3184375805198407
-1.3187631147837233
-1.3190889257643914
-1.319415014951856
-1.3197413818306392
-1.3200680257903168
-1.3203949473284882
-1.32072214327003
-1.321049616960592
-1.321377366721247
-1.3217053891962467
-1.322033687187748
-1.3223622582357426
-1.3226911030896762
-1.3230202208380326
-1.3233496123369515
-1.323679273595225
-1.324009207662374
-1.3243394131573603
-1.32466989005391
-1.3250006362379436
-1.3253316509058024
-1.3256629356246001
-1.3259944885355281
-1.326326308895622
-1.3266583997513364
-1.3269907556714233
-1.327323379783276
-1.3276562688164257
-1.327989425024532
-1.3283228460128562
-1.3286565301839262
-1.3289904795816914
-1.3293246936046323
-1.3296591717943915
-1.3299939102147647
-1.3303289137642644
-1.330664177529484
-1.3309997026754499
-1.3313354904807624
-1.3316715357961961
-1.3320078427488227
-1.3323444097654622
-1.332681235694596
-1.3330183188973845
-1.333355660295526
-1.3336932598237574
-1.3340311147281505
-1.3343692284325803
-1.3347075973516984
-1.3350462211912277
-1.335385099772773
-1.335724232412838
-1.3360636205580791
-1.3364032611407386
-1.3367431562141512
-1.3370833011839078
-1.3374237007708725
-1.3377643494038602
-1.33810525059338
-1.3384464024319047
-1.3387878043458503
-1.3391294526451196
-1.3394713543297294
-1.3398135014660448
-1.3401558972693302
-1.3404985407437175
-1.3408414299863907
-1.3411845671072957
-1.341527949549263
-1.341871578431617
-1.3422154518897436
-1.3425595674991362
-1.3429039289354756
-1.3432485332289865
-1.3435933793855819
-1.3439384692272278
-1.3442838008734244
-1.3446293724851242
-1.344975185852454
-1.3453212391599951
-1.345667532571211
-1.3460140649782133
-1.346360836292596
-1.3467078451160588
-1.3470550912076764
-1.3474025751787757
-1.347750294695539
-1.3480982519319322
-1.3484464422087812
-1.3487948710463626
-1.3491435316287355
-1.3494924264934032
-1.3498415559261117
-1.3501909174612003
-1.3505405114907933
-1.3508903387968403
-1.351240395505125
-1.3515906827816482
-1.3519412020193122
-1.3522919503901356
-1.3526429268046196
-1.3529941331772553
-1.353345566726355
-1.3536972285725515
-1.354049117102457
-1.3544012335986149
-1.3547535750428361
-1.3551061406487195
-1.355458932012738
-1.3558119500570935
-1.3561651887778112
-1.3565186519630288
-1.3568723376998417
-1.3572262471443317
-1.357580377232501
-1.357934727656533
-1.3582892992709332
-1.3586440913151063
-1.3589991019268908
-1.3593543333222091
-1.3597097813879593
-1.3600654487879413
-1.360421332355367
-1.360777433983906
-1.3611337505879388
-1.3614902843456735
-1.3618470319441596
-1.3622039944418656
-1.3625611715631023
-1.362918560511896
-1.3632761647581022
-1.363633979937891
-1.3639920084083403
-1.36435024721337
-1.3647086962863653
-1.3650673567212808
-1.3654262254369238
-1.365785302658946
-1.366144590434333
-1.3665040869218275
-1.3668637891370048
-1.3672236977046421
-1.3675838141122767
-1.367944135769878
-1.3683046612729475
-1.3686653943797407
-1.3690263303367507
-1.3693874687644372
-1.3697488103796238
-1.370110354631521
-1.370472101323884
-1.3708340488636575
-1.3711961969926103
-1.3715585448231173
-1.3719210931479895
-1.3722838399582682
-1.3726467857350337
-1.3730099298418346
-1.3733732699143035
-1.3737368071974614
-1.3741005405345834
-1.3744644708650515
-1.3748285949737287
-1.3751929137406316
-1.3755574266174777
-1.3759221324856885
-1.376287031318903
-1.376652122048163
-1.3770174060568803
-1.3773828790531204
-1.3777485436153227
-1.3781143973553276
-1.3784804415096379
-1.378846674495974
-1.3792130947040477
-1.3795797027427406
-1.379946496268188
-1.3803134785940054
-1.380680646859774
-1.3810479997887977
-1.3814155351374966
-1.3817832576687294
-1.382151161710065
-1.3825192508902142
-1.3828875216776126
-1.3832559732999277
-1.383624607770658
-1.3839934208632283
-1.3843624146134879
-1.3847315882876092
-1.3851009419897058
-1.3854704728897669
-1.385840181854439
-1.3862100672273918
-1.3865801294935616
-1.3869503671872514
-1.3873207807557812
-1.3876913689560535
-1.388062131096463
-1.3884330673751377
-1.388804176138876
-1.3891754584801395
-1.3895469114240884
-1.3899185367259619
-1.3902903320244504
-1.3906622964681077
-1.3910344314141982
-1.391406734209121
-1.3917792061144036
-1.392151845654292
-1.392524652665813
-1.392897626072509
-1.3932707648161917
-1.3936440688014342
-1.3940175372208556
-1.3943911702431842
-1.3947649660422332
-1.3951389269628292
-1.395513048365419
-1.3958873310527342
-1.396261776035903
-1.3966363804155042
-1.3970111451866536
-1.3973860684389197
-1.3977611497917561
-1.3981363917035412
-1.398511789916081
-1.3988873452929866
-1.3992630553922254
-1.3996389221235674
-1.400014944963995
-1.4003911198912953
-1.4007674514839363
-1.4011439345464636
-1.4015205696516657
-1.4018973571194768
-1.4022742961327654
-1.4026513867444181
-1.4030286260385696
-1.4034060164315918
-1.4037835544372268
-1.4041612412845672
-1.4045390769342239
-1.4049170586478845
-1.4052951849969
-1.4056734600231495
-1.4060518790348073
-1.4064304439018271
-1.4068091510832357
-1.407188002322229
-1.4075669971736318
-1.4079461315904425
-1.4083254099259768
-1.4087048290281097
-1.4090843878338541
-1.409464084986007
-1.4098439240235687
-1.4102239005342865
-1.4106040138459073
-1.4109842650731448
-1.4113646529877288
-1.411745177861333
-1.4121258358425082
-1.41250662986464
-1.4128875581202398
-1.413268618919639
-1.4136498125139283
-1.414031138802776
-1.414412598081248
-1.4147941854603392
-1.4151759044746122
-1.4155577522209888
-1.4159397311948836
-1.4163218379229527
-1.4167040722766266
-1.4170864330036956
-1.4174689208341718
-1.417851533656407
-1.4182342743010723
-1.4186171376306096
-1.419000125086625
-1.4193832348222464
-1.4197664696724948
-1.4201498252944487
-1.4205333027877078
-1.4209169008417615
-1.4213006193432258
-1.4216844581921
-1.4220684151786664
-1.422452490416752
-1.4228366828458685
-1.423220994379919
-1.4236054198111145
-1.4239899621877194
-1.424374619727308
-1.4247593904282718
-1.4251442759947088
-1.4255292752381836
-1.4259143867514101
-1.4262996094854234
-1.4266849443718075
-1.427070390049131
-1.4274559449409048
-1.4278416085642212
-1.428227383576516
-1.4286132642782943
-1.428999251107158
-1.4293853471130644
-1.4297715488075993
-1.430157857046885
-1.4305442681621467
-1.4309307839042202
-1.431317403987184
-1.4317041251266047
-1.4320909515398714
-1.4324778767570745
-1.4328649036991408
-1.4332520320078797
-1.4336392588067601
-1.4340265852447018
-1.434414009367833
-1.4348015310748459
-1.4351891506222525
-1.4355768659053176
-1.4359646780954942
-1.4363525846593825
-1.4367405837918785
-1.437128679414053
-1.4375168664184184
-1.4379051473826716
-1.43829351994591
-1.4386819837757607
-1.439070538024254
-1.4394591801906176
-1.4398479123432626
-1.4402367340994393
-1.4406256425387483
-1.4410146396904095
-1.441403722317889
-1.4417928910658637
-1.4421821449920604
-1.4425714826560165
-1.4429609057356383
-1.4433504106877604
-1.4437399988747812
-1.4441296695123618
-1.4445194201475506
-1.4449092526597358
-1.4452991656527412
-1.445689155130285
-1.4460792251355847
-1.4464693736003056
-1.4468595995329998
-1.4472499000209003
-1.4476402778897282
-1.448030731294669
-1.4484212595742036
-1.4488118598682167
-1.4492025344561164
-1.4495932838382461
-1.4499841019112307
-1.4503749932196643
-1.4507659523439194
-1.4511569854771262
-1.4515480865953798
-1.4519392548219159
-1.4523304930983385
-1.4527217974575792
-1.4531131677292357
-1.4535046039669373
-1.4538961053026114
-1.4542876726456502
-1.4546793027417033
-1.4550709982907122
-1.45546275376962
-1.4558545723654803
-1.4562464508333912
-1.4566383915796175
-1.4570303922083478
-1.4574224503105002
-1.457814568377427
-1.4582067419796214
-1.4585989750637602
-1.4589912646027672
-1.4593836116212773
-1.459776010093464
-1.460168464461876
-1.4605609723192272
-1.4609535337464958
-1.4613461484421089
-1.4617388137537632
-1.4621315285090064
-1.4625242961408513
-1.4629171133237597
-1.4633099791803956
-1.4637028933443685
-1.4640958545271
-1.4644888626624648
-1.4648819173354113
-1.4652750174568032
-1.46566816289859
-1.4660613525104806
-1.466454586626285
-1.4668478623553995
-1.467241181364442
-1.4676345413945309
-1.4680279406461485
-1.4684213814578975
-1.4688148613383718
-1.4692083796331716
-1.4696019377859766
-1.4699955318274769
-1.4703891629037813
-1.4707828297416083
-1.471176532367962
-1.4715702683313845
-1.4719640401322165
-1.4723578433967328
