1025
-1.336648413645436
-1.3364827173110807
-1.3363169279703904
-1.3361510395447105
-1.3359850569776648
-1.3358189775452798
-1.3356528021387175
-1.335486531183987
-1.335320164569954
-1.3351537024644664
-1.3349871457401752
-1.3348204908310444
-1.334653745045829
-1.3344869031204467
-1.3343199637145335
-1.3341529296390766
-1.3339858020437858
-1.3338185804004934
-1.333651262848989
-1.3334838516110976
-1.3333163447311418
-1.333148745805985
-1.3329810515777507
-1.332813262921009
-1.332645379622655
-1.3324774049550998
-1.3323093344712307
-1.3321411718279819
-1.331972914119119
-1.3318045644150815
-1.3316361211613907
-1.331467583481546
-1.3312989552175862
-1.3311302305511818
-1.3309614157645768
-1.3307925067849726
-1.330623507071991
-1.3304544127669382
-1.330285227159535
-1.33011594952091
-1.329946578194125
-1.3297771166276726
-1.329607562056493
-1.329437916633943
-1.3292681783281537
-1.3290983497124143
-1.3289284265815824
-1.3287584167690933
-1.3285883123998483
-1.3284181169829925
-1.3282478309515957
-1.328077454395381
-1.3279069870001625
-1.3277364282306776
-1.327565779052428
-1.32739504018286
-1.3272242095057571
-1.3270532917422508
-1.3268822804433809
-1.3267111799803204
-1.3265399906520339
-1.3263687095869472
-1.3261973398783402
-1.3260258824662052
-1.3258543325855048
-1.3256826952860143
-1.325510968437479
-1.3253391513153594
-1.3251672448593623
-1.3249952525052056
-1.3248231689756964
-1.324650997781142
-1.3244787386261807
-1.3243063889471476
-1.324133953521937
-1.3239614283319423
-1.3237888159700788
-1.3236161160457607
-1.3234433262410803
-1.323270451583115
-1.3230974870920809
-1.3229244363788035
-1.3227512982878584
-1.3225780730715957
-1.3224047586247323
-1.3222313595111794
-1.3220578722523673
-1.321884298565487
-1.3217106392323434
-1.3215368933925393
-1.3213630596741048
-1.3211891416539212
-1.3210151356830429
-1.3208410445198722
-1.3206668683134086
-1.3204926054906743
-1.3203182568538328
-1.3201438231823086
-1.319969304373283
-1.3197946996345271
-1.3196200084324095
-1.3194452353463035
-1.319270375116438
-1.3190954301026903
-1.3189204013295863
-1.318745289458988
-1.3185700891191485
-1.3183948082914108
-1.3182194412429586
-1.3180439916856512
-1.3178684564363552
-1.3176928393149527
-1.3175171366837137
-1.3173413499162394
-1.3171654833250133
-1.316989531425501
-1.3168134953999677
-1.3166373775219034
-1.3164611764937761
-1.3162848929966957
-1.3161085267313286
-1.3159320771748246
-1.3157555451784044
-1.3155789321835123
-1.3154022355019042
-1.3152254578077465
-1.3150485983006077
-1.314871657015908
-1.3146946337330168
-1.3145175275112237
-1.314340342822076
-1.3141630749042792
-1.313985726936671
-1.3138082961914883
-1.3136307865949777
-1.3134531957201019
-1.3132755239500769
-1.3130977720952093
-1.3129199381071077
-1.3127420282376185
-1.3125640330123576
-1.3123859604703096
-1.3122078082663817
-1.312029575870387
-1.3118512639819537
-1.3116728721889785
-1.3114944015905483
-1.3113158520309798
-1.3111372228421432
-1.3109585152468881
-1.3107797288128942
-1.3106008628694519
-1.3104219183862353
-1.3102428964851813
-1.3100637952592713
-1.3098846179752526
-1.309705359687773
-1.309526024841605
-1.3093466141373353
-1.3091671236247961
-1.3089875565866986
-1.3088079111690158
-1.3086281875484662
-1.3084483905319817
-1.3082685127558131
-1.3080885609977186
-1.3079085317120402
-1.3077284250349648
-1.3075482433294627
-1.3073679836585206
-1.3071876488604894
-1.307007238619538
-1.3068267510386213
-1.3066461892477936
-1.30646555119132
-1.306284835365879
-1.3061040473550019
-1.3059231851378033
-1.3057422430306274
-1.3055612279023059
-1.3053801406598937
-1.30519897752567
-1.3050177385426212
-1.3048364242397013
-1.304655038885923
-1.304473578542146
-1.3042920433670657
-1.3041104323954194
-1.3039287512433575
-1.3037469950718439
-1.3035651648414142
-1.3033832624923825
-1.3032012866046
-1.3030192372747393
-1.302837114938358
-1.3026549187178003
-1.3024726522512848
-1.3022903117140168
-1.3021078994570106
-1.3019254150038204
-1.3017428577463848
-1.3015602296038706
-1.3013775297860952
-1.3011947575299037
-1.301011913113738
-1.300828999213408
-1.3006460123614776
-1.3004629558963114
-1.300279827732668
-1.3000966277976636
-1.2999133584137237
-1.2997300190838716
-1.2995466066580814
-1.2993631248879738
-1.2991795764384195
-1.2989959541492162
-1.2988122626718532
-1.2986285030290052
-1.298444671692118
-1.2982607719994554
-1.2980768037397998
-1.2978927643501963
-1.2977086557668942
-1.2975244810341577
-1.2973402375891077
-1.2971559231779954
-1.2969715420662922
-1.2967870902460326
-1.2966025732740947
-1.2964179854616382
-1.2962333316290502
-1.296048610901616
-1.2958638202122439
-1.2956789636540218
-1.2954940390814365
-1.295309047790958
-1.2951239881919383
-1.2949388626888827
-1.2947536712667531
-1.2945684106365258
-1.294383086556559
-1.2941976942545492
-1.2940122368437794
-1.2938267133904355
-1.293641124016235
-1.2934554685624216
-1.2932697463226532
-1.2930839594320571
-1.2928981074841657
-1.2927121904109906
-1.2925262086122575
-1.2923401608826917
-1.292154049256588
-1.2919678724381944
-1.2917816302815364
-1.291595325581081
-1.2914089566923663
-1.2912225222445843
-1.291036026272646
-1.290849465671663
-1.290662840859721
-1.290476152406092
-1.2902894022751414
-1.2901025855393715
-1.2899157081280899
-1.2897287673306606
-1.2895417641716955
-1.2893546970442737
-1.2891675693239704
-1.2889803800210726
-1.288793124612061
-1.2886058112883914
-1.2884184359254993
-1.2882309959819565
-1.2880434959347402
-1.287855934361074
-1.2876683103776814
-1.287480628000361
-1.2872928826010088
-1.287105077149284
-1.2869172107792748
-1.286729283367794
-1.286541296286231
-1.2863532480115103
-1.2861651422409033
-1.2859769736419715
-1.285788744469109
-1.2856004576972981
-1.2854121096368338
-1.2852237038079306
-1.2850352401135579
-1.284846714256988
-1.284658131337081
-1.2844694883736976
-1.2842807867790107
-1.2840920304347403
-1.2839032108432646
-1.2837143343127293
-1.2835254021881453
-1.283336409190767
-1.2831473594059237
-1.2829582519302818
-1.282769086448063
-1.2825798649369922
-1.2823905866965157
-1.282201249678269
-1.2820118562450993
-1.2818224055246146
-1.2816329002035163
-1.2814433372221676
-1.2812537178193673
-1.2810640420836568
-1.2808743095430122
-1.2806845234848847
-1.2804946815736242
-1.2803047828889245
-1.2801148281824586
-1.2799248196257387
-1.2797347557510441
-1.2795446372036283
-1.2793544618482726
-1.2791642333186999
-1.2789739493037724
-1.2787836122032838
-1.2785932213073061
-1.2784027745800612
-1.2782122771756903
-1.2780217240312333
-1.2778311158610554
-1.27764045433927
-1.2774497402337024
-1.2772589731168564
-1.2770681532203367
-1.2768772817809437
-1.2766863548105676
-1.2764953782865909
-1.2763043468787576
-1.276113264115905
-1.275922129382321
-1.2757309414641844
-1.2755397040411778
-1.2753484143363707
-1.2751570724724925
-1.2749656790774144
-1.2747742336917973
-1.2745827389977902
-1.2743911926417382
-1.2741995952470182
-1.274007947210229
-1.2738162480045767
-1.2736245011718605
-1.2734327022244367
-1.2732408542233882
-1.273048954724023
-1.2728570068656537
-1.2726650091485237
-1.2724729607472456
-1.2722808639822976
-1.2720887194368518
-1.2718965243709224
-1.271704279179477
-1.271511988563072
-1.2713196484360416
-1.2711272594903513
-1.2709348209966018
-1.2707423375724969
-1.2705498039383158
-1.2703572227497735
-1.2701645936576125
-1.2699719178803026
-1.2697791934840075
-1.2695864243753252
-1.2693936076354084
-1.269200743126942
-1.2690078309561714
-1.2688148739134686
-1.268621870369615
-1.2684288208765857
-1.2682357236305157
-1.2680425812080642
-1.267849394836593
-1.267656160151784
-1.2674628823085425
-1.2672695572094907
-1.2670761869113953
-1.266882773111474
-1.2666893145347258
-1.2664958099551022
-1.2663022612822223
-1.2661086680385565
-1.2659150306364775
-1.2657213484126004
-1.2655276242111935
-1.2653338539218892
-1.2651400412895175
-1.2649461849007686
-1.2647522844495422
-1.264558340120696
-1.2643643555091995
-1.2641703261574317
-1.263976252990951
-1.2637821393669728
-1.2635879823151304
-1.263393783246806
-1.2631995427421023
-1.263005258490185
-1.2628109341615594
-1.2626165668531801
-1.2624221598780265
-1.262227707845524
-1.262033218583338
-1.2618386858237856
-1.2616441117717159
-1.2614494990776068
-1.2612548441390428
-1.261060148787314
-1.2608654132709127
-1.2606706379304766
-1.260475821239694
-1.26028096712133
-1.2600860725738217
-1.2598911381961106
-1.2596961639939153
-1.25950114988835
-1.259306098504229
-1.2591110053037862
-1.2589158757143286
-1.2587207074296265
-1.2585254977949916
-1.2583302538308057
-1.258134969195721
-1.2579396466398016
-1.2577442881027894
-1.2575488903422365
-1.2573534541885785
-1.2571579813595135
-1.2569624717770855
-1.2567669255597733
-1.2565713425376768
-1.2563757205054487
-1.256180059925787
-1.2559843673521864
-1.2557886378735597
-1.2555928717634133
-1.2553970685236087
-1.2552012280191842
-1.255005354482996
-1.254809445232481
-1.254613498172998
-1.2544175192827323
-1.2542215022441408
-1.2540254513051934
-1.253829364347751
-1.253633244721372
-1.253437088186417
-1.253240900237201
-1.253044674833691
-1.2528484173632861
-1.252652124717464
-1.2524558007512434
-1.2522594413175832
-1.2520630480867714
-1.2518666211483698
-1.2516701619913735
-1.2514736689797605
-1.2512771431595313
-1.2510805853019342
-1.2508839942397192
-1.250687372393853
-1.250490716950035
-1.2502940301905145
-1.2500973091092498
-1.2499005575057063
-1.2497037752104054
-1.2495069608927518
-1.2493101145905992
-1.2491132377555572
-1.2489163287511749
-1.2487193913465466
-1.2485224195137943
-1.2483254196547304
-1.248128388294837
-1.2479313267297745
-1.2477342343781221
-1.2475371138631448
-1.2473399613256575
-1.2471427812013172
-1.2469455708182096
-1.2467483305165934
-1.24655106063521
-1.2463537629847385
-1.246156434312946
-1.2459590802713039
-1.245761694790905
-1.2455642794735629
-1.245366838352002
-1.245169368264286
-1.244971870780847
-1.2447743447852313
-1.2445767893219601
-1.2443792078210403
-1.24418159914677
-1.2439839631919023
-1.2437862995191624
-1.2435886096016895
-1.2433908941078222
-1.2431931489317178
-1.2429953782970435
-1.2427975810237453
-1.24259975938381
-1.2424019100445525
-1.242204035032001
-1.2420061327517555
-1.2418082073719554
-1.241610254829061
-1.2414122773779945
-1.241214273863348
-1.2410162460025587
-1.2408181925249058
-1.2406201167693982
-1.2404220150828569
-1.2402238869298452
-1.2400257372309653
-1.239827561952149
-1.2396293631122544
-1.2394311395966968
-1.239232892466514
-1.2390346235148721
-1.2388363284302129
-1.2386380124007468
-1.2384396721121036
-1.2382413094144054
-1.2380429242203808
-1.237844515465499
-1.2376460828323006
-1.2374476310226041
-1.237249155750401
-1.2370506580892315
-1.236852138502048
-1.2366535962729173
-1.236455032315327
-1.2362564477571616
-1.2360578429283653
-1.2358592165262008
-1.2356605683005075
-1.2354618981870493
-1.2352632087106645
-1.2350644988612065
-1.2348657672240362
-1.2346670152492374
-1.2344682455238905
-1.2342694541822188
-1.2340706422899963
-1.2338718106246505
-1.2336729601424714
-1.233474090648414
-1.2332752005831156
-1.2330762923827907
-1.232877366343553
-1.2326784203947785
-1.2324794547204274
-1.2322804715125366
-1.232081470617603
-1.2318824495513994
-1.2316834104106458
-1.231484354493999
-1.2312852823183145
-1.2310861881391693
-1.2308870817692352
-1.2306879542339406
-1.2304888104616438
-1.2302896497320355
-1.2300904729648254
-1.2298912767375911
-1.2296920655714345
-1.2294928380648595
-1.2292935951271917
-1.2290943341462615
-1.2288950585264045
-1.228695766809051
-1.228496458726851
-1.2282971351768281
-1.2280977958219588
-1.227898440376361
-1.2276990711312366
-1.227499686821025
-1.2273002861668196
-1.2271008716591478
-1.2269014439064936
-1.226701998437039
-1.2265025426119849
-1.226303069646377
-1.2261035861211156
-1.225904085072362
-1.2257045712748775
-1.225505044148366
-1.225305504073605
-1.2251059487581712
-1.2249063821861974
-1.2247068015732194
-1.2245072089056646
-1.2243076028712268
-1.2241079852794614
-1.2239083541803304
-1.22370870971471
-1.223509054905113
-1.2233093864554843
-1.223109709175091
-1.2229100178563788
-1.2227103151207535
-1.2225106008826485
-1.2223108751208278
-1.2221111391501416
-1.22191138994688
-1.2217116322456303
-1.2215118646001484
-1.2213120837598925
-1.221112293810644
-1.220912492449745
-1.2207126814082412
-1.2205128602089852
-1.2203130305665941
-1.2201131884569745
-1.2199133381642573
-1.2197134788680701
-1.2195136112019664
-1.2193137333409272
-1.219113845072941
-1.218913948832512
-1.2187140432247314
-1.2185141282643872
-1.2183142079905112
-1.218114276826447
-1.2179143391295268
-1.2177143916182016
-1.2175144378521026
-1.2173144757776049
-1.2171145040295435
-1.2169145258190046
-1.216714541125868
-1.2165145501395698
-1.2163145491285914
-1.2161145440987375
-1.2159145303479393
-1.215714509953144
-1.2155144850175381
-1.2153144501852544
-1.2151144111800098
-1.2149143667721212
-1.2147143162506868
-1.2145142584645934
-1.2143141953140648
-1.214114127379616
-1.2139140520667848
-1.2137139742466867
-1.2135138903106735
-1.2133138007308508
-1.213113706025241
-1.2129136059702796
-1.2127135030943066
-1.2125133944892892
-1.212313283337341
-1.2121131649749868
-1.2119130456943517
-1.2117129195978413
-1.2115127914641108
-1.21131265999942
-1.2111125250877606
-1.210912383267746
-1.2107122432941821
-1.210512096635516
-1.2103119480279745
-1.2101117967255612
-1.2099116415447089
-1.20971148535878
-1.2095113259208163
-1.2093111656060525
-1.2091110027986869
-1.2089108352930595
-1.2087106682036524
-1.2085104988448032
-1.2083103266184747
-1.208110154478409
-1.2079099811793261
-1.2077098049555444
-1.2075096287799094
-1.207309451372954
-1.207109273561267
-1.2069090947598422
-1.2067089157775792
-1.2065087354510986
-1.2063085543841245
-1.2061083741127003
-1.2059081925209554
-1.2057080129529258
-1.2055078307666174
-1.20530765291755
-1.2051074724646675
-1.2049072928222986
-1.2047071154255922
-1.2045069377201783
-1.2043067613579073
-1.2041065875943113
-1.2039064130699546
-1.2037062394011642
-1.2035060693426514
-1.2033059003060613
-1.203105731615442
-1.2029055663201884
-1.2027054020178445
-1.2025052406672028
-1.202305080996413
-1.2021049255172749
-1.2019047714479667
-1.201704618387772
-1.2015044691808499
-1.2013043256014573
-1.2011041813899903
-1.2009040415847707
-1.2007039049498087
-1.200503773440142
-1.200303644266028
-1.200103517897141
-1.199903395950388
-1.1997032783971582
-1.1995031638512468
-1.1993030555354134
-1.1991029495584329
-1.1989028496941385
-1.1987027530232954
-1.1985026625649013
-1.1983025753524361
-1.1981024949114454
-1.1979024178778432
-1.197702346568439
-1.1975022810128235
-1.197302219216044
-1.1971021655804668
-1.1969021158655897
-1.1967020738013625
-1.1965020365389931
-1.1963020047262307
-1.1961019804423925
-1.1959019609141353
-1.1957019472337258
-1.1955019423875435
-1.1953019450863493
-1.1951019527608095
-1.1949019665611686
-1.1947019895117263
-1.1945020188462245
-1.1943020539693892
-1.1941021000310688
-1.193902152244818
-1.1937022107481554
-1.193502277474581
-1.1933023523002746
-1.1931024360199753
-1.1929025274196245
-1.1927026268962475
-1.1925027341753298
-1.1923028511879386
-1.192102976177807
-1.19190311057991
-1.1917032543719335
-1.1915034055753864
-1.1913035666947702
-1.1911037365658304
-1.1909039176688445
-1.190704106645843
-1.1905043055176232
-1.1903045143858855
-1.190104732755817
-1.1899049613110804
-1.1897051995388976
-1.1895054499918611
-1.1893057082796339
-1.1891059783699784
-1.1889062581139733
-1.188706549889002
-1.1885068525130773
-1.1883071650536512
-1.1881074888115464
-1.1879078219185946
-1.1877081690887252
-1.1875085277589705
-1.1873088971985575
-1.1871092755237487
-1.1869096692049468
-1.1867100725353534
-1.1865104900967403
-1.1863109189787362
-1.1861113589688048
-1.1859118130884119
-1.185712277300286
-1.1855127548190834
-1.1853132455373787
-1.1851137503266318
-1.1849142667712687
-1.184714796724313
-1.1845153387263765
-1.1843158945738752
-1.1841164630162277
-1.1839170456352353
-1.1837176416512596
-1.1835182510605824
-1.183318874881971
-1.1831195120775755
-1.1829201645833265
-1.1827208298087668
-1.182521510782757
-1.1823222051197186
-1.1821229130250617
-1.181923636680414
-1.1817243739635
-1.1815251269871574
-1.181325894902605
-1.1811266782469505
-1.1809274767754931
-1.1807282898806182
-1.1805291182206379
-1.1803299618658465
-1.1801308217391027
-1.1799316963267712
-1.1797325894588027
-1.1795334963977007
-1.1793344188160502
-1.1791353588247035
-1.1789363138862747
-1.1787372858136658
-1.1785382731664205
-1.1783392766140997
-1.1781402995628982
-1.1779413378874108
-1.1777423936289468
-1.1775434644665022
-1.1773445534987326
-1.1771456611419313
-1.1769467831730305
-1.176747926071517
-1.176549084344438
-1.1763502597205773
-1.17615145320283
-1.175952664712551
-1.175753895154284
-1.1755551419978725
-1.1753564086617447
-1.1751576921230504
-1.1749589944673648
-1.1747603167312852
-1.1745616561855354
-1.1743630121647304
-1.1741643902588639
-1.1739657856351462
-1.1737672015494327
-1.1735686345548457
-1.173370087427256
-1.1731715606116546
-1.1729730500792712
-1.1727745618002177
-1.1725760929733817
-1.1723776431646873
-1.1721792116678973
-1.1719808031702146
-1.1717824135093657
-1.1715840427725175
-1.1713856932896785
-1.1711873639327683
-1.1709890562862715
-1.1707907664135426
-1.1705924986716383
-1.170394251911766
-1.1701960248691048
-1.1699978186822986
-1.169799633926487
-1.169601471947315
-1.169403327845776
-1.1692052066199936
-1.1690071054765698
-1.168809028486012
-1.1686109720588624
-1.1684129371712886
-1.1682149231771126
-1.1680169315595663
-1.16781896080749
-1.16762101516218
-1.1674230893452069
-1.1672251858012008
-1.1670273033596312
-1.1668294460976032
-1.1666316097838978
-1.1664337965907052
-1.1662360055742584
-1.1660382377058385
-1.165840493706676
-1.1656427716766395
-1.1654450726831906
-1.1652473963328056
-1.1650497456398616
-1.164852115339024
-1.1646545099417778
-1.1644569281352293
-1.1642593683690368
-1.1640618336785653
-1.1638643231495804
-1.1636668363445477
-1.16346937268906
-1.1632719341010889
-1.163074519954711
-1.1628771291195805
-1.1626797619548874
-1.1624824223198542
-1.1622851044614886
-1.1620878098244853
-1.1618905426447752
-1.1616932998289506
-1.1614960830095198
-1.1612988890627058
-1.1611017206702354
-1.160904578388879
-1.1607074591303759
-1.1605103688171792
-1.1603133004858222
-1.160116258807562
-1.1599192438807362
-1.1597222533335885
-1.1595252893095906
-1.1593283502627392
-1.1591314370470043
-1.1589345508500315
-1.158737690075466
-1.158540856667617
-1.1583440488559733
-1.1581472651698268
-1.157950511137576
-1.157753781638723
-1.157557080474393
-1.1573604056478382
-1.157163757880276
-1.1569671368618388
-1.1567705404689925
-1.1565739720799906
-1.156377432033072
-1.1561809178788447
-1.1559844326433046
-1.1557879735830119
-1.1555915421985943
-1.155395138265872
-1.1551987609407717
-1.1550024130367098
-1.154806091373925
-1.1546097980976566
-1.1544135335070922
-1.154217295413178
-1.1540210867568217
-1.1538249070485165
-1.1536287522665296
-1.1534326279892113
-1.1532365327510425
-1.153040466096879
-1.1528444256421013
-1.1526484155249186
-1.1524524342360511
-1.15225648213478
-1.1520605566974071
-1.151864661181708
-1.151668797298403
-1.151472958625911
-1.1512771514975138
-1.1510813702272695
-1.150885622961095
-1.1506899037011067
-1.1504942120415012
-1.1502985524519165
-1.1501029210876235
-1.1499073185078987
-1.149711745782162
-1.1495162027074226
-1.1493206911280964
-1.1491252081530265
-1.1489297579511384
-1.1487343346313237
-1.1485389430316322
-1.1483435800905066
-1.1481482494589872
-1.1479529493832896
-1.1477576775977294
-1.1475624380957115
-1.1473672264139372
-1.147172048334355
-1.1469769010050035
-1.1467817862444158
-1.146586698096556
-1.1463916426888063
-1.1461966180430827
-1.146001624885094
-1.1458066638763151
-1.1456117329041953
-1.145416831263285
-1.1452219639601275
-1.1450271279345392
-1.1448323229444335
-1.1446375494698355
-1.1444428069431163
-1.144248096108761
-1.1440534173431212
-1.1438587701574336
-1.1436641553437703
-1.1434695724318782
-1.143275022707103
-1.1430805035234826
-1.1428860178216278
-1.142691563743466
-1.1424971400708612
-1.1423027504991072
-1.1421083927572162
-1.1419140671283619
-1.1417197761285074
-1.1415255159946633
-1.1413312889719016
-1.1411370943167782
-1.1409429330503074
-1.1407488029763568
-1.1405547080764877
-1.1403606439950096
