1025
-0.579285350981947
-0.5794562378363783
-0.5796272203196405
-0.579798294220578
-0.5799694627992212
-0.5801407237550378
-0.5803120774385531
-0.5804835241017124
-0.580655063122993
-0.5808266947310426
-0.5809984189673223
-0.5811702334872744
-0.5813421428973652
-0.5815141431746409
-0.581686233195937
-0.5818584150561692
-0.5820306887563885
-0.5822030541289978
-0.5823755093480161
-0.5825480558637072
-0.5827206920574869
-0.5828934202085461
-0.5830662377240741
-0.5832391450164934
-0.5834121417307393
-0.5835852296081231
-0.58375840584435
-0.5839316724712366
-0.5841050268517515
-0.5842784714717022
-0.5844520048558722
-0.5846256259434442
-0.5847993373854469
-0.5849731346771884
-0.5851470219654898
-0.5853209964240425
-0.5854950597922991
-0.5856692094934084
-0.5858434473482298
-0.5860177728763168
-0.5861921843079954
-0.5863666842537592
-0.5865412699716305
-0.5867159432995184
-0.5868907020368032
-0.5870655481058731
-0.587240478015
-0.58741549723706
-0.5875906000609413
-0.5877657885332115
-0.5879410624638521
-0.5881164222791915
-0.588291866935609
-0.5884673961793813
-0.5886430101066971
-0.5888187094353075
-0.5889944919209077
-0.5891703608734917
-0.5893463114716689
-0.5895223465094452
-0.5896984659189501
-0.5898746674491308
-0.5900509531866428
-0.590227323291854
-0.5904037743530559
-0.5905803094109104
-0.5907569269836797
-0.590933626192603
-0.5911104073601343
-0.5912872726953181
-0.5914642182904315
-0.5916412463147044
-0.5918183562999614
-0.5919955460808617
-0.5921728190486003
-0.5923501718752435
-0.5925276061261564
-0.5927051213765022
-0.5928827155821992
-0.5930603922394158
-0.5932381473529129
-0.5934159833404333
-0.5935938990919802
-0.5937718943447017
-0.5939499678643231
-0.5941281221695665
-0.5943063545137094
-0.5944846662494037
-0.5946630571193953
-0.5948415265283274
-0.595020073448381
-0.595198699733224
-0.5953774028825939
-0.5955561843746465
-0.5957350441801855
-0.595913980848784
-0.596092994621199
-0.5962720857515708
-0.596451254019016
-0.5966304987246166
-0.5968098191510489
-0.5969892177526359
-0.5971686915250674
-0.5973482410193245
-0.5975278670066554
-0.5977075697605979
-0.5978873452029769
-0.5980671984240301
-0.5982471254628772
-0.5984271283417604
-0.5986072051118864
-0.5987873573172011
-0.5989675831756031
-0.5991478823852758
-0.5993282581636483
-0.5995087066560052
-0.5996892279119818
-0.5998698236538111
-0.6000504923539717
-0.600231234409271
-0.6004120494706892
-0.6005929366926726
-0.6007738964318986
-0.6009549294158223
-0.6011360335956409
-0.6013172103875355
-0.6014984593544693
-0.6016797796736006
-0.6018611711589692
-0.6020426332960347
-0.6022241683058628
-0.6024057730797862
-0.602587449114866
-0.6027691945018336
-0.6029510115709243
-0.6031328984742397
-0.6033148552125926
-0.6034968822259488
-0.603678977420646
-0.6038611451111031
-0.6040433782883194
-0.6042256824911743
-0.6044080557922372
-0.6045904972999742
-0.6047730073688147
-0.6049555855404339
-0.6051382321695248
-0.6053209465727776
-0.6055037287689505
-0.6056865788628902
-0.6058694961080492
-0.6060524800062709
-0.6062355310739296
-0.6064186496447684
-0.6066018337677421
-0.6067850860137833
-0.6069684026066207
-0.6071517858889179
-0.6073352363793197
-0.6075187512751044
-0.6077023322542688
-0.6078859777420488
-0.6080696877104069
-0.6082534651911227
-0.6084373046636724
-0.6086212108729689
-0.6088051806888569
-0.608989214043929
-0.6091733126351069
-0.609357473746615
-0.6095416990117725
-0.6097259881797035
-0.6099103397124717
-0.6100947554514277
-0.6102792331763759
-0.6104637722382905
-0.6106483757898521
-0.6108330425990249
-0.6110177678743798
-0.6112025565455045
-0.6113874086969149
-0.6115723216423689
-0.611757295006138
-0.6119423286623511
-0.6121274257953464
-0.6123125826937166
-0.6124977998052707
-0.6126830758392637
-0.6128684146261851
-0.613053812266382
-0.613239269373488
-0.6134247870814598
-0.6136103636466845
-0.6137959992671672
-0.6139816938565873
-0.6141674464115112
-0.6143532592098938
-0.6145391296079955
-0.6147250583477438
-0.6149110454459047
-0.6150970898558985
-0.6152831925467236
-0.6154693529512882
-0.6156555700673318
-0.6158418436002224
-0.6160281755296978
-0.6162145629470495
-0.6164010080412442
-0.6165875087334407
-0.6167740649937092
-0.616960678039786
-0.6171473473635161
-0.6173340701582108
-0.6175208489470647
-0.6177076854004243
-0.6178945740763843
-0.6180815178920623
-0.618268517480608
-0.6184555699485117
-0.6186426771567658
-0.6188298391381799
-0.6190170532461592
-0.6192043209066291
-0.6193916438722142
-0.6195790200787382
-0.6197664475260439
-0.6199539291306372
-0.6201414615825008
-0.6203290485464522
-0.6205166857349292
-0.6207043762115203
-0.62089211926086
-0.6210799120913939
-0.6212677575136446
-0.6214556537772822
-0.6216436012626991
-0.6218315986134825
-0.6220196475175892
-0.6222077473025895
-0.6223958954678651
-0.6225840958580839
-0.6227723447492737
-0.6229606441672463
-0.6231489928310091
-0.6233373907096412
-0.6235258374598065
-0.6237143323436916
-0.6239028764256493
-0.6240914689716658
-0.6242801099882532
-0.6244687992554621
-0.6246575355161097
-0.6248463202118449
-0.6250351517930767
-0.6252240303091597
-0.6254129567653868
-0.6256019302985028
-0.6257909493809056
-0.6259800166317264
-0.6261691294278443
-0.6263582878778362
-0.6265474919475802
-0.6267367430147596
-0.6269260369790252
-0.6271153779123244
-0.6273047635819792
-0.627494194450089
-0.6276836689905604
-0.6278731891589241
-0.6280627541314379
-0.6282523603463026
-0.628442013328375
-0.6286317098485422
-0.6288214477543926
-0.6290112299978634
-0.6292010552994609
-0.6293909225032568
-0.6295808341861676
-0.6297707872422487
-0.6299607828826654
-0.630150820321946
-0.6303408996065855
-0.630531020661394
-0.6307211826194025
-0.6309113875594905
-0.6311016317081839
-0.6312919160309136
-0.6314822425204903
-0.6316726081513568
-0.6318630150066933
-0.6320534630455219
-0.6322439485812562
-0.6324344751441678
-0.6326250402088599
-0.6328156444836851
-0.6330062902559632
-0.6331969717597553
-0.6333876923216991
-0.6335784532282661
-0.6337692502121581
-0.6339600857641038
-0.6341509591843141
-0.6343418696457737
-0.6345328185202159
-0.6347238048151871
-0.6349148267509166
-0.6351058860710456
-0.6352969813276015
-0.6354881141813901
-0.635679282439453
-0.6358704866401781
-0.6360617263736664
-0.6362530011024932
-0.6364443127350402
-0.6366356593687968
-0.636827040049017
-0.6370184548228421
-0.6372099053883061
-0.6374013899655815
-0.6375929088477046
-0.6377844601687981
-0.6379760461291996
-0.6381676651113337
-0.6383593180331556
-0.6385510042289665
-0.6387427223705694
-0.6389344750793408
-0.6391262591558109
-0.6393180742725356
-0.6395099214243221
-0.6397018010694258
-0.6398937125426019
-0.6400856554337527
-0.640277630446117
-0.6404696343443123
-0.6406616711953566
-0.6408537370569569
-0.6410458340051678
-0.6412379610432805
-0.6414301172597265
-0.641622304728691
-0.6418145215008116
-0.6420067669522719
-0.6421990416221981
-0.6423913443517614
-0.6425836773755464
-0.642776038250504
-0.6429684272215502
-0.6431608443717582
-0.6433532886654171
-0.6435457627138313
-0.6437382629453456
-0.6439307908599249
-0.6441233447891885
-0.6443159265626544
-0.6445085346833814
-0.6447011683631347
-0.6448938290107825
-0.6450865164572156
-0.645279228712898
-0.6454719654400941
-0.645664730126595
-0.6458575189521241
-0.6460503324951798
-0.6462431699657486
-0.6464360341414078
-0.6466289210390129
-0.646821832271925
-0.6470147670941462
-0.6472077261656435
-0.6474007079482192
-0.6475937144331984
-0.6477867438323631
-0.6479797953557916
-0.6481728689182615
-0.6483659660507685
-0.6485590853403334
-0.6487522268698196
-0.6489453890976373
-0.6491385733097529
-0.6493317804558716
-0.6495250067580305
-0.6497182556982665
-0.6499115240785229
-0.6501048129336611
-0.6502981232533076
-0.6504914538349836
-0.6506848033866406
-0.6508781730238162
-0.6510715620402617
-0.6512649703893154
-0.6514583973630924
-0.6516518445737784
-0.6518453088668312
-0.6520387925597122
-0.6522322943630947
-0.6524258136096127
-0.652619350335854
-0.6528129065303506
-0.6530064787839833
-0.6532000675525735
-0.6533936747794157
-0.6535872980529207
-0.6537809379532887
-0.653974594761676
-0.6541682665681455
-0.6543619554820506
-0.6545556591762648
-0.6547493794731337
-0.6549431127950582
-0.6551368639126947
-0.6553306279240035
-0.6555244066491854
-0.6557182011611407
-0.6559120086356597
-0.6561058302279889
-0.6562996657663097
-0.6564935150796244
-0.6566873769592967
-0.6568812536412924
-0.6570751427535291
-0.657269044375644
-0.6574629581264241
-0.6576568837938375
-0.6578508229495903
-0.6580447718092575
-0.6582387340206945
-0.6584327077106632
-0.6586266906336384
-0.6588206873452462
-0.6590146931114056
-0.6592087096655909
-0.6594027379600996
-0.6595967752062689
-0.6597908219796369
-0.6599848789366358
-0.6601789458229865
-0.6603730223424826
-0.6605671080721598
-0.660761201221397
-0.6609553016189477
-0.6611494137800106
-0.6613435336738459
-0.6615376613324071
-0.6617317962131749
-0.6619259375595279
-0.662120088313974
-0.6623142461834264
-0.662508409253473
-0.6627025816279193
-0.6628967583187486
-0.6630909420551593
-0.6632851313370606
-0.6634793277793358
-0.6636735281331358
-0.6638677360036601
-0.6640619469840474
-0.6642561644702756
-0.6644503859242775
-0.6646446136201073
-0.6648388442293527
-0.6650330789928846
-0.6652273174417276
-0.6654215603594151
-0.6656158060356797
-0.6658100552961694
-0.6660043080876676
-0.6661985630350756
-0.6663928219959907
-0.6665870824324593
-0.6667813457483365
-0.6669756094845902
-0.6671698759996519
-0.6673641444172593
-0.6675584141832989
-0.6677526844656998
-0.6679469562071751
-0.6681412278658025
-0.6683355018808497
-0.6685297737206165
-0.6687240471122841
-0.6689183200548381
-0.6691125923742557
-0.6693068638121733
-0.6695011357709322
-0.6696954050914375
-0.6698896747905018
-0.6700839425776276
-0.67027820819799
-0.6704724719709159
-0.6706667343058403
-0.6708609929524598
-0.6710552516755771
-0.671249505530499
-0.6714437554211202
-0.6716380042024255
-0.6718322487521969
-0.6720264904722183
-0.6722207276518706
-0.6724149597019342
-0.6726091888113709
-0.67280341331325
-0.672997633611137
-0.6731918479968507
-0.6733860580787446
-0.6735802638041489
-0.6737744617636265
-0.6739686547254732
-0.674162841561791
-0.6743570236330979
-0.6745511980226192
-0.6747453660101803
-0.674939526007412
-0.6751336808277951
-0.6753278271007199
-0.6755219663502872
-0.6757160971985667
-0.6759102204662695
-0.6761043353545367
-0.6762984432662904
-0.6764925419065562
-0.676686630231195
-0.6768807115889601
-0.677074782446084
-0.6772688443666969
-0.6774628960965592
-0.6776569379582522
-0.6778509706896806
-0.6780449914154805
-0.6782390033223914
-0.6784330032077772
-0.6786269930476866
-0.6788209715084985
-0.6790149379993958
-0.6792088920098907
-0.679402836476494
-0.6795967678232661
-0.679790686701301
-0.6799845933074385
-0.6801784863050893
-0.6803723663899113
-0.6805662339650987
-0.6807600887739355
-0.6809539299316877
-0.6811477564769417
-0.681341568354539
-0.6815353671731031
-0.6817291515551259
-0.6819229202021239
-0.6821166741423198
-0.6823104144438507
-0.6825041382740226
-0.6826978462443197
-0.6828915383457308
-0.6830852148994588
-0.6832788756854611
-0.6834725189126655
-0.683666146102518
-0.6838597575372227
-0.6840533510881427
-0.6842469263746579
-0.6844404850828854
-0.6846340264167822
-0.6848275485380602
-0.6850210524344769
-0.6852145386745152
-0.6854080074976485
-0.6856014544934738
-0.6857948860836092
-0.6859882958679594
-0.6861816867380819
-0.6863750581474299
-0.6865684099163056
-0.6867617400013808
-0.6869550507176784
-0.6871483411387782
-0.6873416112554875
-0.6875348592721198
-0.6877280869622097
-0.6879212929879711
-0.6881144769647433
-0.6883076392957784
-0.6885007792239733
-0.6886938961166601
-0.6888869917879543
-0.6890800643182945
-0.6892731131585071
-0.6894661392094861
-0.6896591430002995
-0.6898521207024286
-0.6900450773674781
-0.6902380079643505
-0.6904309165886093
-0.6906237983751107
-0.6908166560923678
-0.6910094887788086
-0.6912022968757545
-0.6913950782156585
-0.6915878355259685
-0.6917805659773383
-0.6919732710062431
-0.6921659494018833
-0.692358602189746
-0.6925512274910555
-0.6927438249233661
-0.6929363966305326
-0.6931289399902483
-0.693321457811479
-0.6935139463490555
-0.6937064068383306
-0.6938988391416991
-0.6940912429604773
-0.6942836187782965
-0.694475964179494
-0.6946682819746293
-0.6948605711168333
-0.6950528289770952
-0.6952450579977387
-0.6954372563801197
-0.69562942477765
-0.6958215627240273
-0.6960136710804965
-0.696205746763538
-0.6963977924168977
-0.696589807036976
-0.6967817908210839
-0.696973742176629
-0.6971656606396376
-0.6973575477772509
-0.6975494021225415
-0.6977412231287232
-0.697933013646453
-0.6981247693505664
-0.6983164929674831
-0.6985081821207116
-0.6986998386671521
-0.6988914608145345
-0.6990830475524392
-0.6992746006993455
-0.6994661199087142
-0.6996576050063515
-0.699849052785648
-0.7000404678421093
-0.7002318460148679
-0.7004231884549965
-0.7006144964800847
-0.7008057660962788
-0.7009970007377471
-0.7011881993541297
-0.7013793612725293
-0.7015704852775926
-0.7017615722308012
-0.7019526223297284
-0.70214363357153
-0.7023346088067682
-0.7025255454561857
-0.7027164433410398
-0.7029073024907517
-0.7030981226897828
-0.7032889052128412
-0.703479647767997
-0.703670352168414
-0.7038610148794644
-0.7040516399140421
-0.7042422229880747
-0.7044327672019469
-0.7046232710543593
-0.7048137343656562
-0.7050041542231413
-0.7051945367152815
-0.7053848754826733
-0.7055751731709836
-0.7057654294389984
-0.7059556426578903
-0.7061458150152274
-0.7063359445906858
-0.7065260322924646
-0.7067160768601858
-0.706906076626037
-0.7070960347327571
-0.707285948931491
-0.7074758187113266
-0.7076656457231468
-0.7078554284649874
-0.7080451658863373
-0.7082348595539439
-0.7084245081329831
-0.7086141120268697
-0.7088036705613273
-0.7089931837271886
-0.7091826508075715
-0.7093720717118009
-0.709561447049671
-0.7097507752795694
-0.7099400582971077
-0.7101292924441649
-0.7103184826461012
-0.7105076232937586
-0.7106967169052495
-0.7108857636824213
-0.7110747621186182
-0.7112637124138952
-0.711452615761113
-0.7116414688313709
-0.7118302731896688
-0.7120190299509931
-0.712207736987376
-0.7123963937488987
-0.7125850020128202
-0.7127735596105543
-0.7129620677782832
-0.7131505255093953
-0.7133389338743008
-0.7135272906675234
-0.7137155955840825
-0.7139038500292892
-0.7140920550305707
-0.7142802058469849
-0.7144683059555612
-0.714656353812938
-0.7148443507379145
-0.7150322943974277
-0.7152201846987775
-0.7154080227132603
-0.7155958079323274
-0.7157835390626159
-0.7159712182521912
-0.7161588422145224
-0.7163464134721358
-0.716533929608354
-0.7167213923995486
-0.7169087996378858
-0.717096153182609
-0.7172834507423137
-0.7174706931807683
-0.7176578808195361
-0.7178450112043939
-0.7180320877694989
-0.7182191070615221
-0.7184060711070139
-0.7185929778648509
-0.7187798275332674
-0.7189666212240746
-0.7191533566061648
-0.7193400340443914
-0.7195266556485087
-0.7197132199949844
-0.7198997248415204
-0.7200861711713122
-0.7202725600577919
-0.7204588900400746
-0.7206451599464331
-0.7208313731746148
-0.7210175260658557
-0.7212036186487429
-0.7213896515859908
-0.7215756248244428
-0.7217615382755354
-0.7219473909765041
-0.7221331830014945
-0.722318913930364
-0.7225045844605924
-0.7226901933394843
-0.7228757411406387
-0.7230612276499885
-0.7232466511582082
-0.7234320127384735
-0.7236173121741606
-0.7238025499996236
-0.723987724131067
-0.7241728353932523
-0.7243578836124603
-0.7245428681189496
-0.7247277891953199
-0.7249126462534515
-0.7250974405740401
-0.725282168994642
-0.7254668337936181
-0.7256514333878307
-0.7258359688877256
-0.7260204394198999
-0.7262048437293511
-0.726389182765102
-0.726573454821922
-0.7267576627943961
-0.7269418046459604
-0.72712587958021
-0.7273098860991732
-0.7274938282614899
-0.727677701581809
-0.7278615096612706
-0.7280452495517058
-0.7282289209112669
-0.7284125258113858
-0.7285960609691512
-0.7287795282431776
-0.7289629273813657
-0.7291462587500848
-0.729329520228937
-0.7295127127663573
-0.7296958355263167
-0.7298788888371655
-0.7300618720277338
-0.7302447855516061
-0.7304276287380634
-0.7306104012916586
-0.7307931036636689
-0.7309757346874483
-0.7311582956877722
-0.7313407843744969
-0.7315232023641541
-0.7317055483218334
-0.7318878214963861
-0.7320700234603891
-0.7322521521774527
-0.7324342090938538
-0.7326161932092105
-0.7327981047261006
-0.732979942895825
-0.7331617072553724
-0.7333433980506174
-0.7335250147392671
-0.7337065577707303
-0.7338880261050149
-0.7340694217307306
-0.7342507411987504
-0.7344319855444233
-0.7346131557579295
-0.7347942497210701
-0.7349752686741335
-0.7351562113267671
-0.7353370774281485
-0.7355178695046065
-0.7356985843169188
-0.7358792226929651
-0.7360597831342159
-0.7362402674196342
-0.736420675302096
-0.7366010039948311
-0.7367812573142877
-0.7369614314812436
-0.737141527031442
-0.7373215447112152
-0.7375014840590377
-0.7376813454054955
-0.7378611265897903
-0.7380408301008196
-0.7382204531547705
-0.7383999972018354
-0.7385794622809276
-0.7387588467304355
-0.7389381495105871
-0.7391173742308278
-0.7392965174432137
-0.739475580808381
-0.7396545617906901
-0.7398334622159874
-0.7400122818736167
-0.7401910178586586
-0.740369673986156
-0.7405482479321688
-0.7407267391571969
-0.7409051467433861
-0.7410834741774458
-0.7412617179721759
-0.7414398778353073
-0.7416179548474566
-0.7417959487147998
-0.741973859603428
-0.7421516848557953
-0.7423294271282671
-0.7425070851352138
-0.7426846578786523
-0.7428621458560549
-0.7430395493986935
-0.7432168689213317
-0.743394100731716
-0.7435712480253854
-0.7437483088914699
-0.7439252854485984
-0.7441021754110322
-0.7442789787831791
-0.744455694859338
-0.7446323246741005
-0.7448088667366509
-0.744985323621303
-0.7451616914676281
-0.7453379718533528
-0.7455141634525888
-0.7456902689625292
-0.7458662851053302
-0.7460422130869078
-0.7462180523260619
-0.7463938028685119
-0.7465694648768916
-0.7467450370278597
-0.7469205196548238
-0.7470959121775566
-0.7472712165480805
-0.7474464288270827
-0.747621551710882
-0.7477965841681035
-0.7479715248693413
-0.7481463753958514
-0.748321135374165
-0.7484958036887034
-0.7486703799244643
-0.7488448652052028
-0.7490192586208565
-0.7491935593017989
-0.7493677671277142
-0.7495418846730424
-0.7497159074995151
-0.7498898362787849
-0.7500636739124021
-0.7502374177931059
-0.7504110690831091
-0.7505846248852523
-0.7507580871088863
-0.7509314557991553
-0.7511047286775234
-0.751277909443022
-0.7514509932393593
-0.7516239825237978
-0.7517968775886443
-0.7519696762808679
-0.7521423798890973
-0.7523149872570497
-0.7524874985133246
-0.7526599142036047
-0.7528322328771577
-0.7530044560754902
-0.7531765817707822
-0.7533486089697721
-0.7535205411645001
-0.7536923745012349
-0.7538641114741451
-0.7540357505531093
-0.7542072915769363
-0.7543787343447017
-0.7545500771593204
-0.7547213219768582
-0.7548924688865112
-0.7550635157374572
-0.7552344646916593
-0.755405313265692
-0.7555760624200935
-0.7557467117039317
-0.7559172602953603
-0.7560877099001073
-0.7562580578704331
-0.7564283059131611
-0.7565984534123145
-0.756768498883158
-0.7569384442365821
-0.757108288488021
-0.7572780288642227
-0.7574476690220562
-0.75761720751648
-0.7577866440238843
-0.7579559763527342
-0.7581252072077393
-0.7582943355574234
-0.7584633609959771
-0.7586322815835576
-0.7588010996873281
-0.758969815900626
-0.7591384256667133
-0.7593069329358072
-0.7594753337738961
-0.7596436335837519
-0.7598118276022819
-0.7599799156722158
-0.7601479004167319
-0.7603157789812284
-0.7604835516658258
-0.7606512187271426
-0.7608187798866792
-0.7609862362713736
-0.7611535855264278
-0.761320830109735
-0.7614879660901487
-0.761654996214274
-0.7618219182944291
-0.7619887346616651
-0.7621554435870745
-0.7623220436663779
-0.7624885371530042
-0.7626549208606849
-0.7628211981625221
-0.7629873670777241
-0.7631534289838524
-0.763319379122643
-0.7634852214463638
-0.7636509543467435
-0.7638165784582733
-0.7639820937500609
-0.7641474983260004
-0.7643127917406767
-0.7644779770765091
-0.764643051979176
-0.7648080161707765
-0.764972869662367
-0.7651376117208915
-0.7653022426902762
-0.7654667625815236
-0.7656311709518612
-0.7657954679787525
-0.7659596530947863
-0.7661237268925895
-0.7662876875207848
-0.76645153656571
-0.7666152726313562
-0.7667788945679831
-0.7669424046320449
-0.76710580129968
-0.7672690842525762
-0.767432255081245
-0.7675953108956531
-0.7677582529977517
-0.7679210807761429
-0.7680837945369149
-0.768246392799406
-0.7684088778631264
-0.768571246543221
