1025
1.5430905645170991
1.543392718307753
1.5436947213174266
1.5439965851594182
1.5442983002312014
1.5445998727839747
1.544901301501883
1.5452025853144558
1.5455037257188844
1.545804721681958
1.5461055728171327
1.5464062854052032
1.5467068460602487
1.5470072659218244
1.547307547849102
1.5476076854932543
1.5479076786209105
1.5482075273069495
1.5485072364675605
1.548806801624978
1.5491062270585194
1.5494055059528233
1.5497046453697831
1.5500036437986406
1.5503025019133692
1.550601214481183
1.5508997890566942
1.5511982195763052
1.5514965132723852
1.5517946626414465
1.5520926715733339
1.5523905427878462
1.552688268372942
1.552985860844481
1.553283308070758
1.5535806177130045
1.5538777845607548
1.5541748155482435
1.5544717051978671
1.5547684544947764
1.555065068197578
1.5553615384675814
1.5556578728643295
1.5559540657206636
1.5562501230516141
1.5565460389852979
1.5568418231676646
1.557137459647731
1.5574329643272562
1.5577283310686516
1.5580235601148502
1.5583186498060906
1.5586136028669477
1.5589084196159833
1.5592030994920427
1.5594976400302378
1.5597920473618245
1.560086311680195
1.5603804463685336
1.560674443135189
1.5609683018339886
1.561262028520961
1.561555616883031
1.5618490661607767
1.5621423856846113
1.56243556649585
1.562728612418686
1.563021525626562
1.563314304866723
1.5636069434939834
1.5638994522725382
1.5641918246863393
1.5644840617170193
1.5647761691963378
1.5650681370723019
1.5653599745077045
1.5656516766948771
1.565943244473355
1.5662346833341814
1.5665259829377118
1.5668171543402567
1.5671081902848794
1.5673990935836675
1.5676898646586919
1.5679805065840253
1.568271011907519
1.5685613881001434
1.5688516308847278
1.5691417407311419
1.5694317189299147
1.5697215680165713
1.5700112824240082
1.570300868856594
1.5705903227802205
1.5708796439006825
1.5711688359962894
1.5714578980357423
1.5717468289392167
1.572035628955569
1.572324299692247
1.5726128428439408
1.5729012511471583
1.5731895326277943
1.5734776855001646
1.5737657071513167
1.5740535964253415
1.574341364573456
1.574628996787981
1.5749165039181863
1.5752038799004862
1.575491129819789
1.5757782490652774
1.5760652421657408
1.576352109784346
1.5766388423188318
1.576925450327151
1.5772119333888286
1.577498286165341
1.5777845126960053
1.578070611450157
1.57835658302967
1.5786424295068684
1.5789281494921186
1.5792137405454008
1.5794992081094577
1.5797845478161299
1.5800697604677896
1.580354848133772
1.5806398109289805
1.58092464987568
1.581209358387187
1.58149394485245
1.5817784047152323
1.5820627429858491
1.5823469526868956
1.582631038677983
1.5829150005795707
1.5831988367411374
1.5834825528087357
1.5837661360923747
1.5840496061768472
1.584332946892098
1.5846161633470657
1.5848992577414474
1.5851822286652393
1.5854650770239243
1.5857478014534898
1.5860304035691744
1.5863128828075557
1.586595238570378
1.5868774726293242
1.5871595859786318
1.5874415767465941
1.5877234436322623
1.5880051918615516
1.5882868136409032
1.5885683193383713
1.588849701986547
1.589130959674856
1.5894120999523518
1.589693117716391
1.589974017064542
1.5902547976655224
1.5905354505189189
1.5908159909606523
1.5910964050529977
1.5913767013802864
1.5916568797250787
1.5919369348149823
1.5922168740562532
1.592496692422795
1.5927763901975014
1.5930559713549877
1.5933354302761236
1.5936147729738974
1.5938940007871385
1.5941731044357346
1.594452086952472
1.5947309616713867
1.59500971410281
1.5952883436623944
1.595566857555684
1.5958452564802577
1.5961235404384466
1.5964016998901929
1.5966797451188495
1.5969576743481055
1.5972354909110047
1.597513183479943
1.5977907627971881
1.598068226679567
1.598345571492141
1.5986228018802515
1.5988999168101647
1.599176916148709
1.599453802368869
1.5997305685885284
1.600007221875012
1.6002837598225452
1.6005601818779245
1.6008364906728445
1.6011126830645344
1.6013887602193795
1.601664724618334
1.6019405767338268
1.6022163104606295
1.602491933707247
1.6027674398165541
1.6030428343582224
1.6033181169604058
1.6035932837750313
1.6038683358201662
1.6041432807308957
1.604418110891408
1.6046928211258953
1.6049674265375988
1.6052419184281568
1.605516294553424
1.6057905627609665
1.6060647173809917
1.6063387578330848
1.6066126913320158
1.6068865133535897
1.6071602185154579
1.6074338122771477
1.6077072999429978
1.6079806727673847
1.6082539397926074
1.6085270901705562
1.6088001356890895
1.609073067224797
1.6093458863694152
1.609618600711859
1.6098912018018154
1.610163694201113
1.6104360764508685
1.6107083519903025
1.6109805155503323
1.6112525686933408
1.6115245181034556
1.6117963524054884
1.6120680817954254
1.6123397000721924
1.6126112105174937
1.612882612773301
1.6131539073891197
1.613425096038047
1.6136961752946604
1.6139671468581183
1.61423801023092
1.6145087656539565
1.614779416304911
1.6150499576104673
1.6153203936166804
1.6155907236871472
1.615860944651824
1.6161310584475563
1.6164010690449417
1.6166709685524157
1.6169407640400595
1.617210454755424
1.6174800403952962
1.6177495165666522
1.618018894572482
1.6182881623646272
1.618557325878295
1.618826383365899
1.6190953387636533
1.6193641860991221
1.6196329272618335
1.619901571976635
1.6201701040814809
1.6204385323454318
1.620706862477407
1.6209750856306602
1.621243205015703
1.6215112235333085
1.6217791334103857
1.6220469429827196
1.622314648471921
1.6225822516609694
1.622849751914187
1.6231171491406475
1.6233844452916544
1.6236516340552047
1.6239187256912089
1.6241857170775835
1.6244526020736016
1.6247193888784022
1.624986071147838
1.6252526485070404
1.625519131076975
1.625785508333722
1.6260517870528288
1.626317964779462
1.6265840345927485
1.6268500123801903
1.6271158883753616
1.6273816583701022
1.627647334117381
1.6279129081028294
1.6281783818422613
1.6284437573019717
1.6287090300915492
1.6289742026303642
1.6292392795520134
1.6295042553886363
1.6297691339119076
1.6300339099411434
1.6302985892361794
1.630563169826457
1.6308276524675829
1.631092038231155
1.6313563212586881
1.6316205065185558
1.6318845962844741
1.6321485900117867
1.6324124823414015
1.6326762779715362
1.632939975601078
1.6332035801060876
1.6334670847878725
1.6337304937525787
1.6339938040229314
1.6342570170227326
1.6345201360167034
1.634783153219309
1.6350460771746087
1.635308908458137
1.6355716437692858
1.6358342813195887
1.6360968225629569
1.6363592682662058
1.6366216159539941
1.6368838744070882
1.6371460315729445
1.6374080982028902
1.6376700679558498
1.6379319432607735
1.6381937262208222
1.638455410516033
1.638717001192099
1.6389784996396437
1.6392399038045449
1.6395012166238216
1.639762431171185
1.6400235540314927
1.6402845840329854
1.6405455204675223
1.6408063658907568
1.6410671123431144
1.6413277695520845
1.6415883328566052
1.6418488064843533
1.6421091847882308
1.6423694715939245
1.642629668672852
1.642889771544113
1.6431497802764135
1.6434097000365004
1.6436695313766563
1.6439292638330036
1.6441889079266254
1.6444484614850075
1.6447079262927664
1.644967294012158
1.6452265755153108
1.6454857657395303
1.6457448663822796
1.6460038750848138
1.646262795741908
1.6465216223012862
1.646780359293886
1.6470390085712476
1.6472975698892403
1.647556038447288
1.6478144177976437
1.64807270724268
1.6483309106981026
1.6485890240783516
1.6488470441490195
1.6491049812659495
1.649362825026182
1.6496205840680926
1.6498782549987916
1.6501358345162747
1.6503933255794223
1.6506507314179488
1.6509080483756324
1.651165278007767
1.6514224199834264
1.6516794758393836
1.6519364405306143
1.6521933225617251
1.6524501148678097
1.6527068206479751
1.6529634413567431
1.6532199763838515
1.653476419639023
1.653732780347377
1.6539890567246511
1.6542452427854677
1.6545013449243648
1.65475736103854
1.6550132898219816
1.6552691362369363
1.655524893833269
1.6557805687585456
1.6560361553871945
1.6562916633377853
1.6565470786325065
1.656802414779755
1.6570576660273493
1.657312828927244
1.6575679110413293
1.657822908575843
1.6580778215500527
1.6583326499921334
1.6585873968366658
1.6588420552796674
1.6590966315865976
1.659351125060752
1.65960553632085
1.6598598654679688
1.6601141075454278
1.660368272891471
1.6606223506233513
1.6608763455839328
1.6611302636973653
1.6613840915283944
1.661637842066968
1.6618915098786375
1.6621450917927696
1.6623985952973206
1.6626520182232631
1.6629053582609106
1.663158615634693
1.6634117907179133
1.6636648842300894
1.6639179007735911
1.6641708403852316
1.6644236896941498
1.6646764597344792
1.664929149904597
1.6651817612476014
1.6654342954896262
1.665686743727559
1.6659391120164335
1.6661914053427866
1.6664436115081993
1.6666957442618646
1.6669477953398129
1.6671997684757525
1.6674516586618755
1.6677034746472545
1.6679552056770774
1.668206863780501
1.6684584388188128
1.668709937535212
1.6689613529899465
1.6692126941836818
1.669463957035611
1.6697151424248793
1.669966247626401
1.670217277059022
1.6704682278183052
1.670719099610592
1.670969895901444
1.6712206108338776
1.6714712511826608
1.6717218124432764
1.671972301126695
1.6722227100300073
1.67247304123228
1.6727232956974258
1.6729734753971515
1.6732235771139026
1.6734736047576784
1.6737235508753858
1.6739734278677736
1.6742232247112037
1.6744729464796804
1.6747225933040668
1.6749721653467782
1.6752216581436112
1.6754710802150474
1.675720422441642
1.6759696908636077
1.6762188857427027
1.6764680056052153
1.67671704888403
1.676966021427915
1.6772149120058428
1.6774637342562315
1.677712485093851
1.677961155840104
1.6782097549806638
1.678458277925295
1.6787067291465152
1.6789551097566644
1.6792034130108349
1.6794516432484947
1.679699798687116
1.6799478838723814
1.6801958935779007
1.6804438274868747
1.680691694839099
1.6809394872343801
1.6811872073805019
1.6814348508915111
1.681682425608993
1.6819299273622887
1.6821773601942982
1.682424715563315
1.6826720025933555
1.6829192164002849
1.683166360445743
1.683413431903112
1.6836604324734465
1.6839073577670391
1.6841542137108905
1.684401002833869
1.6846477150646644
1.6848943600223705
1.685140932671273
1.6853874361024301
1.6856338689108579
1.685880228526176
1.6861265225455142
1.6863727414186105
1.686618893849223
1.686864973536609
1.6871109839330274
1.6873569261337729
1.6876028010778836
1.687848599909693
1.6880943323422144
1.6883399959769658
1.688585589713749
1.6888311169359007
1.6890765750934085
1.6893219625409635
1.6895672795309074
1.6898125280115215
1.6900577102904322
1.69030282596112
1.6905478699106273
1.6907928456095371
1.6910377562396341
1.6912825983101534
1.6915273683426968
1.6917720738539355
1.6920167125617702
1.6922612840213898
1.6925057868122917
1.6927502210080212
1.6929945912597495
1.6932388927015258
1.6934831239534347
1.6937272906191494
1.693971393303573
1.6942154266138147
1.6944593923660858
1.694703295239313
1.6949471319384255
1.695190900334471
1.6954345991998663
1.6956782405803255
1.6959218057119423
1.6961653122571014
1.6964087515121316
1.6966521244730937
1.6968954312186988
1.6971386769348562
1.6973818546096986
1.6976249662983727
1.697868011566821
1.6981109949485576
1.6983539109293726
1.6985967627992804
1.6988395511148784
1.699082274195096
1.6993249337110519
1.6995675309649028
1.6998100601871318
1.7000525264418682
1.7002949306621375
1.7005372698535008
1.700779541920943
1.7010217573027517
1.7012639010696973
1.7015059870117917
1.701748002987323
1.7019899622646366
1.7022318564887633
1.702473687917948
1.7027154546899088
1.7029571624933475
1.7031988030031306
1.7034403838456378
1.7036819003474448
1.703923355430009
1.7041647456402422
1.7044060758343336
1.7046473466071406
1.7048885512758354
1.7051296967806928
1.7053707746455435
1.7056117949670304
1.7058527537555104
1.7060936508369966
1.7063344865339936
1.706575258964163
1.706815974475105
1.7070566245767849
1.7072972116767877
1.7075377427341825
1.707778210295343
1.7080186189285207
1.7082589662900471
1.7084992531510148
1.7087394765392747
1.708979644692796
1.7092197495688257
1.7094597935177653
1.7096997754403953
1.7099396993377178
1.7101795660052164
1.710419370427329
1.7106591162773759
1.7108988046266136
1.711138426778042
1.7113779945286989
1.7116174995933444
1.7118569481654344
1.7120963344869082
1.7123356631373345
1.7125749364161884
1.7128141486419028
1.713053300271351
1.71329239127104
1.7135314302818037
1.7137704035792047
1.7140093225650292
1.714248183432036
1.7144869818739308
1.7147257287125308
1.7149644136895486
1.7152030392399882
1.7154416067250666
1.7156801190865167
1.7159185733680868
1.716156968458678
1.7163953095032227
1.7166335878988652
1.7168718104109544
1.7171099770470424
1.7173480871927762
1.7175861408877737
1.7178241340015838
1.718062072513277
1.7182999507460393
1.718537778218185
1.718775542989946
1.7190132566909118
1.7192509099528868
1.7194885065629202
1.7197260464593478
1.7199635374266204
1.7202009615595641
1.7204383364301985
1.7206756540359796
1.7209129147301088
1.7211501226936643
1.7213872710833358
1.7216243648323655
1.7218614008989293
1.722098382298606
1.7223353132104078
1.7225721841763764
1.7228090010695252
1.7230457647678816
1.723282470055669
1.723519120724274
1.7237557191397188
1.7239922603406437
1.7242287476111657
1.7244651792415795
1.7247015566044857
1.7249378792327905
1.7251741485581156
1.7254103643357344
1.725646524316012
1.725882632306988
1.7261186823963666
1.726354684472552
1.7265906239181246
1.7268265162295506
1.7270623536261898
1.7272981350798675
1.7275338642357374
1.727769540095052
1.7280051586177985
1.7282407288481945
1.728476245665935
1.7287117054457877
1.7289471137011487
1.7291824714160273
1.7294177730022207
1.7296530241176935
1.7298882206749793
1.730123364963195
1.7303584534594973
1.7305934918910155
1.7308284805318588
1.7310634148907214
1.7312982914856079
1.731533123271268
1.7317678997686203
1.7320026248895857
1.7322372942953266
1.7324719140931195
1.7327064840223705
1.732941000450812
1.733175464311369
1.7334098787445085
1.7336442370603211
1.733878548109694
1.7341128041395037
1.7343470114922808
1.7345811645749585
1.7348152690957737
1.7350493192712038
1.7352833210137113
1.7355172713975853
1.7357511688592278
1.7359850199650853
1.7362188142866672
1.736452561133993
1.736686254243584
1.7369198988342822
1.7371534937870334
1.7373870353988556
1.737620529771311
1.7378539753357172
1.7380873654894284
1.738320703769664
1.7385539960379275
1.7387872388654957
1.7390204287775701
1.7392535692521347
1.7394866631506494
1.7397197002440483
1.7399526903965319
1.7401856329360137
1.7404185254990483
1.7406513676296542
1.7408841590909672
1.741116902041948
1.7413495957057665
1.7415822407188448
1.7418148346071272
1.7420473803392575
1.7422798757561706
1.7425123209014015
1.7427447200928712
1.7429770697930207
1.7432093699160756
1.7434416185455248
1.7436738209642588
1.7439059743259622
1.7441380785653764
1.7443701350432284
1.7446021423871965
1.7448341017085984
1.7450660088489023
1.7452978722191674
1.7455296848220403
1.7457614505747105
1.7459931658075976
1.7462248324157146
1.7464564534677178
1.7466880256564896
1.7469195533013726
1.7471510276305091
1.747382453880178
1.7476138337616254
1.7478451709671814
1.748076453424943
1.748307693379744
1.7485388799148274
1.7487700209730968
1.749001116954936
1.7492321613734978
1.7494631630453303
1.7496941161437172
1.7499250208153025
1.7501558754553326
1.7503866855679386
1.7506174479104655
1.7508481642273712
1.7510788331396463
1.7513094559184048
1.751540030782228
1.751770559056546
1.752001041028577
1.752231474855448
1.7524618633278461
1.7526922020798226
1.7529224971026267
1.753152743280505
1.753382943750391
1.7536131001972641
1.7538432075358743
1.7540732710508915
1.754303286028067
1.7545332547786603
1.75476317615145
1.7549930517722265
1.7552228823593212
1.7554526666463646
1.7556824056730396
1.7559120975878633
1.756141744743562
1.7563713409951676
1.7566008955740653
1.7568304049543753
1.7570598657951482
1.7572892835781664
1.7575186541741847
1.7577479806976168
1.7579772633801505
1.758206494404164
1.7584356824416283
1.7586648246345666
1.758893924619971
1.7591229767956604
1.7593519813544172
1.759580945589739
1.759809858160279
1.7600387292031443
1.7602675567021837
1.760496337923025
1.7607250736407207
1.760953762361662
1.7611824096941964
1.7614110079367553
1.7616395645166436
1.7618680747042976
1.7620965378993463
1.7623249581828946
1.7625533380046503
1.7627816665414833
1.7630099530082954
1.763238192180913
1.7634663906875168
1.7636945427487247
1.7639226484453803
1.764150715452784
1.7643787323710285
1.7646067052691856
1.764834635117423
1.7650625239904802
1.7652903613291007
1.7655181565461828
1.7657459099267574
1.7659736178851304
1.7662012805665317
1.7664288970520947
1.7666564742806292
1.7668840041552918
1.7671114898105942
1.767338933498104
1.7675663332471474
1.7677936875210865
1.7680209946229504
1.7682482644975566
1.7684754874982191
1.768702668447269
1.7689298008353063
1.7691568905194
1.7693839369985191
1.7696109417169454
1.7698379011235352
1.7700648189289356
1.7702916872695944
1.7705185165503654
1.7707453016988577
1.770972045967799
1.7711987411027
1.7714253958769082
1.771652006307256
1.7718785734271645
1.7721050966096101
1.7723315748401514
1.7725580112793309
1.7727844044421581
1.7730107554243977
1.7732370580925947
1.7734633230928918
1.7736895422232872
1.7739157178342735
1.7741418531410473
1.7743679431317656
1.7745939882165838
1.7748199911019544
1.7750459523632578
1.7752718682346516
1.7754977407792703
1.7757235718781992
1.7759493613316213
1.77617510122909
1.7764008036614791
1.776626466172477
1.776852079906634
1.7770776517538667
1.777303177795864
1.777528665793029
1.777754109699343
1.7779795088386068
1.7782048691080934
1.7784301794537707
1.7786554530810328
1.7788806825329448
1.779105866332879
1.779331010084707
1.779556109550564
1.7797811674282202
1.7800061828249347
1.780231153631824
1.780456083425201
1.7806809671841066
1.780905810206149
1.7811306147042967
1.7813553702016842
1.7815800871036267
1.7818047577355591
1.7820293858681113
1.7822539714662347
1.7824785144945137
1.782703019210901
1.782927479513378
1.7831518945681584
1.7833762699640847
1.7836005989359074
1.7838248880396461
1.7840491339522682
1.7842733374008575
1.7844975001588272
1.7847216168108742
1.7849456943577775
1.7851697273028144
1.7853937169325749
1.7856176668603414
1.7858415710657043
1.7860654318563927
1.7862892565113293
1.7865130340612867
1.7867367680836426
1.7869604588962296
1.7871841122180945
1.7874077197812948
1.7876312839106767
1.7878548052681542
1.7880782887996842
1.7883017271467643
1.788525118121535
1.7887484740952675
1.7889717833052452
1.7891950563329833
1.7894182772518454
1.7896414591056689
1.7898646017164965
1.7900876971019475
1.7903107528074673
1.7905337673911965
1.7907567396008974
1.7909796696501512
1.7912025537544478
1.79142539806671
1.7916481950675607
1.7918709553072014
1.7920936704736234
1.7923163461968525
1.7925389752769019
1.7927615621168398
1.7929841100759707
1.7932066122322246
1.7934290770579613
1.7936514944669772
1.7938738694900769
1.7940961975852292
1.794318491789675
1.7945407403112856
1.7947629471604178
1.7949851099084382
1.7952072281232505
1.795429306668626
1.7956513462010135
1.7958733374187683
1.7960952864534683
1.7963171935125102
1.7965390580162846
1.7967608815063898
1.7969826624317649
1.797204400200975
1.7974260954897472
1.7976477472541266
1.7978693565476513
1.7980909211334524
1.7983124456798216
1.7985339251486616
1.7987553629280184
1.798976761737168
1.7991981146119365
1.7994194252745672
1.7996406941168397
1.7998619160409115
1.8000830987126881
1.800304237873579
1.800525334675673
1.8007463877172813
1.8009674006006209
1.8011883662663704
1.8014092931962082
