1025
-0.09041458671681411
-0.09037500509530132
-0.09033552844997692
-0.09029614268503872
-0.09025685966626582
-0.09021767186925028
-0.09017858101199794
-0.09013958852339815
-0.09010069269689669
-0.09006189490379048
-0.09002319574000624
-0.08998458763171073
-0.0899460870782631
-0.0899076805771257
-0.08986936473753766
-0.08983114744036182
-0.08979302910183999
-0.08975500973853903
-0.0897170834591742
-0.08967925585653228
-0.08964152181387133
-0.08960388978467779
-0.08956635125463774
-0.08952890818564832
-0.089491559870302
-0.08945431283612976
-0.0894171579464765
-0.08938010274535726
-0.08934313851093764
-0.08930627452671233
-0.08926950615686255
-0.08923283020061473
-0.08919625644536493
-0.08915976970477138
-0.08912338494226539
-0.08908709289646224
-0.08905090007021577
-0.08901479809304448
-0.08897879378493605
-0.08894288605946644
-0.0889070692182013
-0.08887135296135885
-0.08883572817816084
-0.08880020189788199
-0.08876476690113948
-0.08872943048004889
-0.08869418095849141
-0.0886590379667275
-0.08862398217266027
-0.08858902120182725
-0.08855415488873425
-0.08851938536532337
-0.08848470942908647
-0.08845012680813873
-0.08841563831339129
-0.08838124706713214
-0.08834694570693004
-0.08831274634116777
-0.08827863271409286
-0.08824461509316311
-0.08821069378420211
-0.08817686149249619
-0.08814312605256153
-0.08810948852962384
-0.08807593762068357
-0.08804248441217669
-0.08800912433852903
-0.08797585486960607
-0.08794267765625972
-0.087909600944548
-0.08787661169111488
-0.08784371798983849
-0.0878109187549843
-0.08777820697985922
-0.0877455950745259
-0.08771307195933649
-0.0876806436317742
-0.08764830918889013
-0.08761606203345332
-0.0875839149329614
-0.08755185448639399
-0.08751988969179779
-0.08748801723579003
-0.08745623671732541
-0.08742454449126007
-0.08739294980220234
-0.08736144364282149
-0.08733003134595946
-0.08729871247808954
-0.08726748557278402
-0.08723634764721384
-0.0872053056395463
-0.08717435146860883
-0.08714349079950473
-0.08711272412113773
-0.08708204692343331
-0.08705146060056651
-0.08702096659298172
-0.08699056471439469
-0.08696025311768003
-0.08693002985787036
-0.08689990395025209
-0.08686986567282136
-0.0868399173638303
-0.08681006232714711
-0.08678030209222481
-0.08675062302506945
-0.08672104337177416
-0.0866915499644107
-0.086662150361989
-0.086632838443435
-0.0866036199984866
-0.0865744895809992
-0.0865454465325645
-0.08651650270576224
-0.08648764530015925
-0.08645887497229111
-0.08643019835769007
-0.08640161065065503
-0.08637311384267292
-0.08634470731365437
-0.08631638865993758
-0.08628815970274054
-0.08626002354545481
-0.08623197365583184
-0.0862040155077691
-0.08617614822293478
-0.08614836941615622
-0.08612067905735253
-0.08609307601660192
-0.08606556848248836
-0.08603814630763822
-0.08601081520134943
-0.08598356914441709
-0.08595641680867788
-0.08592935236365568
-0.0859023763926992
-0.08587549104371568
-0.0858486895394737
-0.08582198751856603
-0.08579536115156225
-0.08576883033641636
-0.08574238895017987
-0.08571603442759373
-0.08568976861722706
-0.08566359052864865
-0.08563750195852825
-0.08561150106271137
-0.08558558863354784
-0.08555976554053861
-0.08553402974275447
-0.085508380141645
-0.08548281914528003
-0.08545734847669578
-0.08543196187223118
-0.08540666897971415
-0.08538145723585515
-0.08535633529978344
-0.08533130562806003
-0.08530635910284895
-0.08528150209523526
-0.08525672972340498
-0.08523204250160843
-0.08520745157567283
-0.0851829383090407
-0.08515851986395562
-0.08513418587843605
-0.08510993673519424
-0.08508577899572331
-0.08506170374389903
-0.08503771724516439
-0.08501381927536258
-0.08499000509540042
-0.0849662816992822
-0.08494264187193457
-0.08491908407960967
-0.0848956198165592
-0.08487224547668763
-0.08484894489072896
-0.08482573589411349
-0.08480261934297716
-0.084779586527317
-0.08475663672410706
-0.08473377006845796
-0.08471099832859662
-0.08468830907789815
-0.0846657045957794
-0.0846431809312395
-0.0846207520594766
-0.08459840497982322
-0.08457614247562398
-0.08455396911081464
-0.08453187934684181
-0.08450987455907577
-0.08448795503609537
-0.08446611787767047
-0.08444437163079827
-0.0844227077618076
-0.08440112935050588
-0.08437963719348746
-0.0843582281945763
-0.08433690632380603
-0.08431567027595868
-0.08429451714264956
-0.08427344647879617
-0.08425246585991657
-0.0842315657461706
-0.08421075439610504
-0.08419002513430802
-0.08416937852883304
-0.08414881941685944
-0.08412834667183015
-0.08410795108438397
-0.08408764209467318
-0.08406742615003633
-0.0840472849068084
-0.08402722913014869
-0.08400726168406233
-0.08398737309092207
-0.08396757042036075
-0.08394785449859091
-0.08392821662585566
-0.08390866246418183
-0.0838891987184358
-0.0838698188314359
-0.08385051644291895
-0.0838313023743389
-0.08381216568642245
-0.08379311977762738
-0.0837741503450146
-0.08375526867926347
-0.0837364729563422
-0.08371775401634476
-0.0836991223159574
-0.08368057240498585
-0.08366210618987097
-0.08364371958979712
-0.08362541916457832
-0.08360720313820821
-0.08358906345746199
-0.08357101415153363
-0.08355304287505455
-0.08353515734342458
-0.0835173536652585
-0.08349963239847316
-0.08348199299614115
-0.08346443353452891
-0.08344695832166078
-0.08342956541944549
-0.08341225554593353
-0.08339502853321386
-0.08337788061992547
-0.0833608175223936
-0.08334383441727805
-0.08332693219696777
-0.0833101148789919
-0.0832933802066298
-0.0832767234518962
-0.08326015438250955
-0.08324366448612701
-0.08322725479831324
-0.08321092581648719
-0.08319468303430691
-0.08317851275682075
-0.08316242983589014
-0.08314642713925276
-0.08313050692355643
-0.08311466450478913
-0.0830989073103887
-0.08308323314974375
-0.08306763024999413
-0.08305211850333488
-0.08303668731131328
-0.08302132980938062
-0.08300605694259754
-0.08299086490748771
-0.08297575028259899
-0.08296072269602739
-0.08294577206681082
-0.08293090315394466
-0.0829161138930888
-0.08290140517436644
-0.08288677725188531
-0.08287222785061932
-0.08285776481766939
-0.08284337571097587
-0.08282906449535031
-0.08281483879271061
-0.0828006886938112
-0.08278662209612069
-0.08277263956166912
-0.08275872884498132
-0.08274490293583582
-0.0827311536736599
-0.08271748418015328
-0.08270390305205066
-0.082690390958868
-0.08267695999414641
-0.08266361540792587
-0.08265034295564824
-0.08263715194774268
-0.08262404065457196
-0.08261100679446608
-0.08259805585511847
-0.08258518500348985
-0.08257238869431174
-0.08255967372950472
-0.08254703562887468
-0.08253448084576302
-0.08252200246150113
-0.08250960299811184
-0.08249728166262535
-0.08248503726393362
-0.08247287708608644
-0.08246079517903779
-0.0824487888788377
-0.0824368589845862
-0.08242501215276328
-0.08241324277000597
-0.0824015525513443
-0.0823899356517113
-0.08237840038667281
-0.08236694184560621
-0.08235556381152513
-0.08234426465252298
-0.08233304048273452
-0.08232190097837001
-0.08231083577875348
-0.08229984432080627
-0.08228893075661746
-0.08227809739167215
-0.08226734256412545
-0.08225666547380811
-0.08224606925725651
-0.08223554329901633
-0.08222510246240872
-0.08221473370798527
-0.08220444492073622
-0.08219423325146483
-0.08218409624518594
-0.08217404175752192
-0.08216406373183505
-0.08215416058990645
-0.08214433495982328
-0.08213458338366175
-0.08212491443256227
-0.0821153201903734
-0.08210580220030546
-0.08209636144829599
-0.08208699494092409
-0.08207771252053836
-0.08206850240722813
-0.0820593704415736
-0.08205031154662946
-0.08204133276735687
-0.08203242953562385
-0.08202359980937053
-0.08201484918357194
-0.08200617769845907
-0.08199757915161893
-0.08198905298641289
-0.08198061212026342
-0.08197224381170719
-0.08196395082800757
-0.08195573110506972
-0.08194759496463813
-0.08193952922669732
-0.08193154019850458
-0.08192362593212935
-0.08191578942412626
-0.08190802602711054
-0.08190034327344874
-0.08189273572773023
-0.08188520124982566
-0.08187774025594645
-0.0818703587361628
-0.0818630524609895
-0.0818558224113329
-0.08184866390344586
-0.08184158206445367
-0.08183458095906532
-0.08182764804400572
-0.08182079616080142
-0.08181401486016052
-0.08180730841292057
-0.0818006809687108
-0.08179412903403627
-0.0817876487736805
-0.08178124477099245
-0.08177491525003328
-0.0817686607288713
-0.08176247944709751
-0.08175637769063143
-0.08175034517435156
-0.0817443906563815
-0.08173851034075923
-0.08173270256856685
-0.0817269681986494
-0.08172131480247925
-0.08171573120557729
-0.08171021971584445
-0.0817047877651968
-0.0816994276473716
-0.08169414206313363
-0.08168893270822435
-0.08168379363992605
-0.08167873285987694
-0.08167374296664216
-0.08166883096674947
-0.08166398518699737
-0.08165922286085671
-0.08165452757936854
-0.08164990648356121
-0.08164536391405423
-0.08164089074228793
-0.08163649171639355
-0.08163216692655133
-0.08162791645858865
-0.08162373683175463
-0.08161963649228968
-0.08161560788610608
-0.08161165198440433
-0.08160776814331752
-0.08160395635250701
-0.08160022279067783
-0.08159655492451853
-0.08159296618470804
-0.08158945076007305
-0.08158600152002546
-0.08158263500984014
-0.08157933545889993
-0.081576109617916
-0.08157296149205373
-0.08156988203254244
-0.0815668740019486
-0.08156394034369446
-0.08156108089556616
-0.08155829531712885
-0.08155558283881106
-0.0815529379400987
-0.08155036069960594
-0.08154786757832441
-0.08154544519770326
-0.08154309439761169
-0.08154081402271338
-0.08153860207164133
-0.08153646955258187
-0.08153440916243708
-0.0815324149194342
-0.08153050186119112
-0.08152865328010576
-0.0815268793929888
-0.08152517573989934
-0.08152354857495875
-0.08152198729616801
-0.08152050517658732
-0.0815190876057078
-0.08151774710263311
-0.08151647553126075
-0.08151528149466637
-0.08151415408909092
-0.08151309842298929
-0.0815121135223429
-0.08151120283789175
-0.08151036107638523
-0.08150959190264176
-0.08150889578360151
-0.0815082685984801
-0.08150771760924015
-0.0815072346493899
-0.08150682533648385
-0.08150648180997395
-0.08150621299541282
-0.08150601647620503
-0.08150589115224945
-0.08150583474727648
-0.08150585129646006
-0.08150593612691878
-0.08150609846693277
-0.08150632325147582
-0.08150662408575156
-0.08150699485850553
-0.0815074355329799
-0.08150794600730252
-0.08150853185616616
-0.08150918277280936
-0.08150991001083209
-0.08151070629114637
-0.08151157141209646
-0.08151250726948335
-0.08151351590575247
-0.08151459026441066
-0.08151574418790712
-0.08151696110830185
-0.08151824490785664
-0.08151960630587383
-0.08152103503666566
-0.0815225368136665
-0.08152410628162578
-0.0815257421820129
-0.0815274528671707
-0.08152923315526989
-0.0815310853084483
-0.08153300390004262
-0.08153499541390638
-0.08153706034173457
-0.08153918749628734
-0.08154138725214616
-0.08154365640879764
-0.08154600043471368
-0.08154840984138517
-0.08155088984441863
-0.08155343559943204
-0.08155605765824134
-0.08155874497175397
-0.0815615036111374
-0.08156432945285598
-0.08156722606343093
-0.0815701914563542
-0.08157323112381358
-0.08157633789956925
-0.08157950880983902
-0.081582756269197
-0.08158606863043842
-0.08158945214158929
-0.08159290312896661
-0.08159642342087277
-0.08160001626794205
-0.08160367246893684
-0.08160740381624705
-0.08161119978214898
-0.08161506814570157
-0.08161900481350379
-0.08162300854289577
-0.08162707827997986
-0.08163122496419521
-0.0816354368256785
-0.08163971689267137
-0.08164406660913906
-0.081648481948722
-0.08165296613096064
-0.08165752126530831
-0.08166214715597132
-0.08166684150838356
-0.08167160161667035
-0.08167642806528816
-0.08168132721021353
-0.08168629492022578
-0.08169132739676206
-0.08169642901043264
-0.08170160412515425
-0.08170684363866997
-0.08171215044014025
-0.08171752518303461
-0.08172296970575649
-0.08172848400747562
-0.08173406251451677
-0.08173971127157563
-0.08174543206206102
-0.08175121813468629
-0.08175706885908843
-0.08176299091543787
-0.08176898219254708
-0.08177503705754695
-0.0817811596491501
-0.08178735266858925
-0.0817936177158647
-0.08179994014859573
-0.081806343027678
-0.08181280484061164
-0.08181933633139891
-0.08182593638506816
-0.08183260500486939
-0.0818393359317029
-0.08184613786002976
-0.08185300835598741
-0.08185994806018965
-0.08186695151412923
-0.0818740255681284
-0.08188116629590737
-0.08188837310814023
-0.08189564815733864
-0.08190298949866953
-0.08191039564118677
-0.08191787372599725
-0.08192541766774976
-0.08193302641165998
-0.0819407037234271
-0.08194845225577706
-0.0819562593417914
-0.08196414333584615
-0.08197208746391615
-0.08198010667668011
-0.08198818483048961
-0.08199633224407715
-0.08200454626546921
-0.08201282924564884
-0.08202117432968624
-0.0820295917861897
-0.08203807240279817
-0.08204662196923386
-0.08205523701388136
-0.08206392185231909
-0.08207267063752606
-0.08208148274315637
-0.08209036642494673
-0.08209931329287352
-0.08210833380801039
-0.08211741571017996
-0.08212656397868985
-0.08213577891069009
-0.0821450602106692
-0.082154410265792
-0.0821638214070098
-0.08217330411757648
-0.08218285554092156
-0.08219246724686789
-0.0822021484583603
-0.08221189366764259
-0.08222170583782679
-0.08223158411770502
-0.08224153223330331
-0.08225154019428177
-0.0822616179274017
-0.08227176265626962
-0.0822819758178837
-0.08229225259479978
-0.08230259211128012
-0.08231300059272614
-0.08232347363064424
-0.0823340100147835
-0.08234462046327311
-0.08235529063983185
-0.082366030764225
-0.08237683334334578
-0.08238770551829007
-0.08239864178028329
-0.0824096393908768
-0.0824207054005174
-0.08243183932905249
-0.08244304131065695
-0.08245430086467755
-0.0824656348584667
-0.08247702943643107
-0.08248848934670658
-0.08250001993796563
-0.08251160806028318
-0.08252326635657597
-0.0825349919265887
-0.08254678319136129
-0.08255863663834635
-0.08257055597341957
-0.08258254264157527
-0.082594590430707
-0.08260670995092259
-0.08261889301717329
-0.08263113969986241
-0.08264345083509735
-0.08265582645929478
-0.08266827171220788
-0.08268077936151597
-0.08269335643618458
-0.08270599138052921
-0.08271869888246433
-0.0827314647978656
-0.08274430066407665
-0.08275720194635926
-0.0827701687898018
-0.08278319176285692
-0.08279629284848943
-0.08280945062883989
-0.0828226749864526
-0.08283596556371678
-0.0828493173377001
-0.08286273874758748
-0.08287622384024759
-0.08288977643782815
-0.08290339291693298
-0.08291706824872455
-0.08293081408443467
-0.08294462332719284
-0.08295849497147727
-0.08297243548467649
-0.08298644031835868
-0.08300050664086547
-0.08301464060777472
-0.08302883829010466
-0.08304310185094035
-0.08305742969121738
-0.08307182246545011
-0.08308627849403036
-0.08310079816121131
-0.08311538429474999
-0.08313003231969923
-0.08314474953975637
-0.08315952394693069
-0.08317437348857705
-0.08318927929635005
-0.08320425095258006
-0.0832192898108715
-0.08323439146819087
-0.08324955724421763
-0.08326479214351722
-0.08328008519095326
-0.0832954427061656
-0.08331086922401182
-0.08332635806549248
-0.08334190809896677
-0.08335752624296501
-0.08337320565186991
-0.08338895139837356
-0.08340476075003961
-0.08342063810148141
-0.0834365765287788
-0.08345257575051801
-0.08346864135147178
-0.08348477766305641
-0.08350096890709248
-0.0835172279737409
-0.08353355015978327
-0.08354994084403716
-0.08356639262697595
-0.08358290590189739
-0.08359948518333828
-0.08361612940149082
-0.08363283479394552
-0.08364960961023031
-0.0836664430987398
-0.08368334481567871
-0.08370030706943117
-0.08371733677917312
-0.08373442702743475
-0.08375158497010023
-0.08376880343354802
-0.0837860860823853
-0.08380343487969141
-0.08382084188534636
-0.08383831991245978
-0.08385585764020322
-0.0838734628110047
-0.08389112910826861
-0.08390885796425868
-0.0839266539793051
-0.0839445097620466
-0.08396242729938473
-0.08398041473782666
-0.08399846780964527
-0.08401657943166171
-0.08403475384364631
-0.08405299538671875
-0.08407129985645741
-0.0840896638235318
-0.08410809987516453
-0.08412659601047846
-0.08414515310217555
-0.08416377413302185
-0.08418245970847302
-0.08420121019782206
-0.0842200230205197
-0.08423889918414185
-0.08425783798413397
-0.08427684251641811
-0.08429590920691067
-0.08431504076575652
-0.08433423720356586
-0.0843534933003969
-0.0843728134602698
-0.08439219783076993
-0.0844116488399221
-0.0844311600754817
-0.08445073509207933
-0.08447037402913676
-0.0844900752892327
-0.0845098406099324
-0.08452966869161088
-0.08454956468981123
-0.08456951836895168
-0.08458953836225755
-0.08460961993432389
-0.08462976763398884
-0.08464997921052379
-0.08467025096765048
-0.08469058700854194
-0.08471098211658144
-0.08473144707703455
-0.08475197555142554
-0.08477256549919428
-0.08479321246871868
-0.08481393128562366
-0.08483470703795198
-0.08485555312108704
-0.08487645989771622
-0.08489742692387633
-0.08491846219622604
-0.084939554994369
-0.0849607124968339
-0.0849819345883001
-0.08500322328315532
-0.08502457191127381
-0.0850459844991799
-0.08506745895658038
-0.08508899704436627
-0.08511059725071336
-0.08513226182454404
-0.08515398919172733
-0.08517577905783771
-0.08519763373364984
-0.08521954986273597
-0.08524153284195805
-0.0852635753925029
-0.08528568383976987
-0.08530785438280226
-0.08533008502878221
-0.08535238204601753
-0.08537473903152278
-0.08539716180032077
-0.08541964757951483
-0.08544219782664435
-0.08546481061716679
-0.085487485117113
-0.08551022292853674
-0.08553302284049054
-0.08555588716166106
-0.0855788130631239
-0.08560180812530174
-0.08562486109936322
-0.08564797635187606
-0.08567115802095722
-0.08569439945478685
-0.08571770575150323
-0.08574107314643183
-0.08576450142170629
-0.0857880001789457
-0.08581155886198126
-0.0858351810252463
-0.0858588622584531
-0.08588260945934348
-0.08590642245940705
-0.08593029236624893
-0.08595423311552583
-0.08597823234876151
-0.0860022925839345
-0.08602641721285807
-0.08605060533237756
-0.08607485882004366
-0.0860991708635227
-0.0861235509261724
-0.08614798997457654
-0.08617249383526797
-0.08619706329740645
-0.08622169340305377
-0.08624638120602825
-0.08627113999778742
-0.0862959585408621
-0.08632084328387117
-0.08634578615513536
-0.0863707942695318
-0.08639586757330724
-0.0864209967210788
-0.08644619570117919
-0.08647145713788693
-0.08649677989052382
-0.0865221614569578
-0.08654761479586418
-0.08657312843671852
-0.08659870207537611
-0.08662434015032928
-0.08665004250651497
-0.08667581032467693
-0.08670163514756948
-0.08672752692819474
-0.08675348187825477
-0.08677949727893039
-0.08680557558169279
-0.08683171870027685
-0.08685792875847441
-0.08688419363077392
-0.08691052516063393
-0.08693691747713117
-0.08696337859639468
-0.08698990137512459
-0.08701648648042426
-0.08704313218448413
-0.08706984285555357
-0.08709661400239505
-0.08712345528804755
-0.08715035401173407
-0.08717731641719682
-0.08720433856775858
-0.08723143059456907
-0.08725858179998058
-0.08728579709978097
-0.08731307525271564
-0.08734041707831154
-0.08736782384188073
-0.08739529171497919
-0.08742282255342812
-0.08745041504836877
-0.08747807673733099
-0.08750579463221261
-0.08753357879849544
-0.087561426400959
-0.08758933353204298
-0.08761730636711249
-0.08764534442242197
-0.08767344443587075
-0.0877016057250805
-0.08772983293380986
-0.08775812357148162
-0.087786475364604
-0.0878148885954212
-0.08784337296790845
-0.08787191372145046
-0.08790051390358371
-0.08792918436141235
-0.08795791670995771
-0.08798671575747302
-0.08801557206138115
-0.08804449303596226
-0.08807347953666012
-0.08810252437948832
-0.08813164112337016
-0.0881608136242998
-0.08819005105659918
-0.08821935524190896
-0.08824871935757213
-0.08827814860998133
-0.08830763972781877
-0.0883371938307724
-0.08836681353339218
-0.08839649448240643
-0.08842624283871112
-0.08845605216068936
-0.08848591975867845
-0.0885158584785974
-0.08854585561986798
-0.08857592059136876
-0.0886060488032363
-0.0886362403305576
-0.08866649523833879
-0.08869680833681294
-0.08872718711999547
-0.08875763263132015
-0.08878813806112952
-0.0888187117012778
-0.08884934555950592
-0.08888004372026533
-0.08891080531960144
-0.08894162820961475
-0.08897251903547086
-0.08900346926009702
-0.08903448561832662
-0.08906556656726837
-0.08909670770905799
-0.08912791641429149
-0.08915918989894622
-0.08919051927141916
-0.0892219179689136
-0.08925338163564715
-0.08928490990061963
-0.08931649579061318
-0.08934814944239809
-0.08937986801660161
-0.08941165073478483
-0.08944349156788967
-0.08947539951599658
-0.08950737729028561
-0.08953940976830334
-0.08957151136174997
-0.08960366913642846
-0.08963590259307008
-0.08966819579626863
-0.08970054897456513
-0.08973297191326207
-0.08976545539558473
-0.08979800119711785
-0.08983061086734878
-0.08986328416466186
-0.08989602572412556
-0.08992882803625042
-0.08996170032117376
-0.08999462967659991
-0.09002762629027915
-0.09006068328550779
-0.09009380948011736
-0.09012699951103298
-0.09016024926579763
-0.0901935672356362
-0.09022694305932226
-0.09026038910115883
-0.09029389921266279
-0.09032747894964686
-0.09036111238456271
-0.09039481395610559
-0.09042857876636566
-0.09046240979022545
-0.09049630756714848
-0.09053026616617954
-0.09056428478490788
-0.09059837481627708
-0.0906325287645884
-0.09066674638405513
-0.09070102839066299
-0.09073537291257475
-0.09076978185271399
-0.09080425593997626
-0.09083879435503536
-0.09087339838090924
-0.09090806673937227
-0.09094280216933949
-0.09097759896925192
-0.09101246330548494
-0.09104739103954355
-0.09108237884652422
-0.09111743526162958
-0.09115255572295651
-0.0911877397622481
-0.0912229936184578
-0.09125830791993572
-0.09129368788379968
-0.09132913209457602
-0.09136464227544705
-0.09140021401709539
-0.09143585596721171
-0.09147155774158448
