1025
-1.0378644304778086
-1.0378073501317953
-1.0377505614974762
-1.0376940746994592
-1.0376378810227844
-1.0375819859301565
-1.0375263880847105
-1.0374710863423426
-1.0374160819585
-1.0373613737693794
-1.0373069613533674
-1.0372528500551024
-1.0371990278554748
-1.0371455045625186
-1.037092282538712
-1.0370393558781195
-1.0369867243608726
-1.0369343877823853
-1.0368823504383602
-1.0368306081404397
-1.0367791645497968
-1.0367280134229457
-1.0366771609232004
-1.036626605528108
-1.0365763476661336
-1.0365263825901756
-1.0364767167308906
-1.0364273445963386
-1.036378272560774
-1.036329493624558
-1.0362810111303773
-1.0362328273918262
-1.0361849351331909
-1.0361373453966076
-1.0360900472105912
-1.0360430471671411
-1.0359963405665265
-1.0359499333325157
-1.0359038204693325
-1.0358580026276303
-1.0358124839624483
-1.0357672572154206
-1.035722329103621
-1.0356776942451373
-1.0356333579837917
-1.0355893148169668
-1.0355455732433443
-1.0355021188235727
-1.0354589655512954
-1.0354161078163413
-1.0353735457399837
-1.035331277505275
-1.035289305510779
-1.0352476297882702
-1.035206249741839
-1.0351651628797174
-1.035124374638529
-1.0350838760293308
-1.0350436788168247
-1.0350037754443404
-1.0349641656254205
-1.0349248545671563
-1.0348858364194382
-1.0348471104059025
-1.034808684618474
-1.034770550952454
-1.0347327125747114
-1.0346951712833605
-1.0346579258010256
-1.0346209700035849
-1.0345843133091197
-1.034547949740979
-1.0345118799854185
-1.034476109101301
-1.0344406278683962
-1.0344054443468642
-1.0343705540627635
-1.034335957562475
-1.0343016595974175
-1.0342676507163509
-1.0342339406501282
-1.034200522719181
-1.0341673992639118
-1.0341345705074492
-1.0341020388924533
-1.03406979769136
-1.034037853413532
-1.034006201935847
-1.033974843647315
-1.0339437794370234
-1.0339130113388604
-1.0338825342956492
-1.0338523540322473
-1.0338224663530224
-1.0337928708026247
-1.0337635705536963
-1.0337345645413456
-1.0337058516123554
-1.0336774317736257
-1.0336493062386853
-1.0336214763604952
-1.0335939355927533
-1.0335666906557368
-1.0335397400029513
-1.0335130810226874
-1.0334867124642475
-1.0334606441958243
-1.0334348628928143
-1.0334093779355296
-1.0333841838282338
-1.03335928475604
-1.0333346766482776
-1.0333103630807898
-1.0332863447209932
-1.0332626126857454
-1.0332391761287443
-1.0332160346271517
-1.0331931831085366
-1.0331706250840944
-1.033148358942335
-1.033126384990867
-1.033104704941466
-1.0330833173539165
-1.0330622198491708
-1.033041417067733
-1.0330209049767003
-1.033000683973863
-1.0329807558715796
-1.0329611205044156
-1.0329417784934434
-1.0329227239182406
-1.0329039639420412
-1.0328854944232237
-1.0328673195476723
-1.0328494329575408
-1.032831838737944
-1.0328145363443237
-1.0327975240854554
-1.0327808068900504
-1.0327643731823604
-1.032748240256492
-1.0327323934441188
-1.032716837107382
-1.0327015730640272
-1.0326865998274424
-1.0326719179646062
-1.0326575260994721
-1.032643425548593
-1.032629615408369
-1.0326160950658436
-1.0326028659400186
-1.0325899286525644
-1.0325772812933738
-1.0325649225537639
-1.032552856969279
-1.032541077246915
-1.0325295924335927
-1.0325183962315057
-1.0325074866625918
-1.0324968701877955
-1.0324865421306946
-1.0324765059557521
-1.0324667610996165
-1.0324572993703423
-1.0324481342519782
-1.0324392530234308
-1.0324306632442841
-1.0324223644688888
-1.0324143516994115
-1.0324066314476488
-1.032399199025622
-1.0323920544199967
-1.0323852009482153
-1.0323786333970584
-1.0323723570547645
-1.0323663727224326
-1.0323606720485086
-1.0323552573873842
-1.0323501405685864
-1.0323453083435536
-1.0323407600747458
-1.032336501881993
-1.0323325342150402
-1.0323288569323767
-1.0323254611650918
-1.0323223560678785
-1.0323195396717317
-1.0323170148153848
-1.0323147711290699
-1.0323128180607242
-1.0323111533754568
-1.0323097735930697
-1.0323086827778387
-1.0323078796712266
-1.0323073639753524
-1.032307137695283
-1.0323071944853683
-1.0323075403352817
-1.0323081730407446
-1.0323090917489355
-1.0323102986547708
-1.0323117907623365
-1.0323135688261889
-1.0323156348851938
-1.0323179892056191
-1.032320626003901
-1.0323235521740326
-1.0323267615124416
-1.0323302588627818
-1.032334043588273
-1.0323381120750013
-1.0323424649660489
-1.0323471089324905
-1.0323520369202737
-1.032357244059637
-1.0323627436372174
-1.0323685276900652
-1.032374593937165
-1.032380949177333
-1.0323875881928284
-1.0323945101287912
-1.0324017213147894
-1.032409217425286
-1.0324169934504437
-1.0324250540225837
-1.032433403682515
-1.032442034359819
-1.032450953932274
-1.0324601525009682
-1.032469640331202
-1.0324794090850578
-1.0324894599104915
-1.0324997994237406
-1.03251041980403
-1.032521324895479
-1.0325325132107466
-1.0325439875896745
-1.0325557430217946
-1.032567780774399
-1.0325801065546076
-1.0325927099506096
-1.0326055998491341
-1.0326187704801366
-1.0326322246004005
-1.0326459616237185
-1.0326599817969813
-1.0326742863694967
-1.0326888720755734
-1.032703740260897
-1.032718890152977
-1.032734321784038
-1.0327500377837624
-1.0327660337768454
-1.0327823132133367
-1.0327988751825328
-1.0328157167944956
-1.032832839400999
-1.0328502463746578
-1.0328679304104302
-1.0328858976371942
-1.032904147108584
-1.032922678353856
-1.0329414871552391
-1.0329605834427489
-1.0329799561794009
-1.0329996104364474
-1.0330195444036034
-1.0330397613926554
-1.0330602558635544
-1.0330810292220858
-1.0331020899248629
-1.033123423306105
-1.0331450369635116
-1.0331669357613853
-1.033189111547951
-1.0332115669482884
-1.0332343043689773
-1.03325731661993
-1.0332806107899335
-1.0333041834233339
-1.033328035828499
-1.033352167091728
-1.0333765770867192
-1.033401267187367
-1.0334262315746603
-1.0334514790760276
-1.033477006779534
-1.033502808899656
-1.0335288925323114
-1.033555251823768
-1.0335818860958428
-1.033608804232727
-1.0336359965428166
-1.0336634688659208
-1.0336912187604312
-1.0337192398537307
-1.033747545933742
-1.0337761282634497
-1.0338049826714752
-1.033834119472822
-1.0338635317292775
-1.0338932205035214
-1.0339231873751475
-1.0339534281120573
-1.0339839446768229
-1.034014740972408
-1.0340458117741078
-1.0340771603369716
-1.0341087817680767
-1.0341406809143554
-1.0341728557593142
-1.0342053067859085
-1.0342380346776066
-1.0342710339735819
-1.0343043088676525
-1.0343378611284566
-1.0343716900857298
-1.0344057905692312
-1.0344401666423462
-1.0344748168671825
-1.0345097453561916
-1.0345449458971931
-1.034580421822397
-1.0346161703620882
-1.0346521924857712
-1.0346884907466456
-1.0347250581568763
-1.03476190189235
-1.034799022364039
-1.0348364163382469
-1.0348740819200957
-1.034912020158695
-1.0349502315758068
-1.0349887136631974
-1.0350274740348333
-1.0350665016515466
-1.0351058058169724
-1.0351453806559245
-1.035185228139522
-1.0352253498369248
-1.0352657399080838
-1.0353064025291698
-1.0353473387784335
-1.0353885464733996
-1.035430028125833
-1.0354717771166384
-1.035513799210723
-1.0355560930628496
-1.0355986577644307
-1.0356414954405815
-1.0356845986231247
-1.0357279757472846
-1.0357716225229103
-1.035815542336669
-1.0358597299426842
-1.0359041885172977
-1.0359489193694782
-1.035993918222478
-1.036039184939856
-1.0360847238311286
-1.0361305351859436
-1.0361766093173501
-1.0362229555008224
-1.0362695714409889
-1.0363164584658309
-1.0363636089193344
-1.0364110322412474
-1.0364587236316443
-1.0365066844091972
-1.0365549121753155
-1.0366034101107435
-1.0366521726783313
-1.0367012035131222
-1.036750504105286
-1.0368000739439944
-1.0368499085103955
-1.0369000107045074
-1.036950379659327
-1.0370010185783556
-1.0370519236255216
-1.0371030915513455
-1.0371545314326085
-1.0372062336900223
-1.0372582057690343
-1.0373104444117114
-1.0373629463715677
-1.0374157140476177
-1.0374687500760447
-1.0375220509070462
-1.0375756176961992
-1.0376294498844867
-1.0376835485704383
-1.0377379090000551
-1.0377925384975177
-1.03784743049061
-1.0379025875705545
-1.0379580108091457
-1.0380136993423528
-1.038069647536392
-1.0381258633329193
-1.0381823448698073
-1.0382390865570885
-1.0382960938336685
-1.0383533646059475
-1.0384108973732027
-1.0384686963096963
-1.0385267554252215
-1.0385850799380445
-1.0386436646228607
-1.038702517640033
-1.0387616263836281
-1.0388210026744495
-1.038880640973375
-1.0389405380521344
-1.0390007003973478
-1.0390611243081875
-1.039121809540829
-1.0391827558806368
-1.0392439656345094
-1.0393054325243984
-1.039367161850684
-1.0394291527436097
-1.0394914054948037
-1.039553919894753
-1.0396166912500602
-1.0396797285664932
-1.039743021848781
-1.0398065751322723
-1.0398703934534792
-1.039934464565514
-1.0399987997875642
-1.0400633939599402
-1.0401282440332997
-1.0401933564510182
-1.0402587289404026
-1.0403243592254545
-1.0403902472146087
-1.040456392991353
-1.040522796917536
-1.040589462809605
-1.0406563904839838
-1.040723567687216
-1.0407910040578372
-1.0408586987368607
-1.0409266523751117
-1.0409948663097595
-1.0410633322812897
-1.041132055419342
-1.0412010399381268
-1.0412702746523823
-1.0413397715990562
-1.041409523112102
-1.041479532180059
-1.0415497941899985
-1.0416203166342637
-1.041691089650492
-1.0417621236494092
-1.041833409342016
-1.041904952481175
-1.0419767466330367
-1.0420487995669336
-1.0421211072993346
-1.0421936703672694
-1.04226648607067
-1.042339558129853
-1.042412883602281
-1.0424864620003735
-1.0425602962102405
-1.0426343806112341
-1.0427087210380377
-1.0427833131765878
-1.0428581625511475
-1.0429332624717556
-1.043008614643689
-1.0430842194462537
-1.0431600785288517
-1.0432361886722288
-1.0433125531140546
-1.043389164906587
-1.0434660348240874
-1.0435431528789458
-1.0436205231325675
-1.0436981456157641
-1.0437760200792603
-1.0438541422987573
-1.0439325196442168
-1.0440111436366024
-1.044090019411275
-1.0441691469846246
-1.0442485246490352
-1.0443281508818683
-1.0444080305317622
-1.0444881532695687
-1.0445685310784345
-1.0446491609081627
-1.044730034665631
-1.0448111597763572
-1.0448925317213822
-1.0449741543581448
-1.0450560283088037
-1.0451381472519568
-1.0452205149270017
-1.045303129259291
-1.0453859943022474
-1.0454691048979072
-1.0455524605254116
-1.0456360692096007
-1.0457199231403487
-1.0458040244602718
-1.045888368962934
-1.0459729634102972
-1.046057803780649
-1.0461428934251815
-1.046228224406345
-1.0463138046307212
-1.0463996293931668
-1.046485701567169
-1.0465720183732015
-1.0466585809440563
-1.0467453852494915
-1.0468324361341959
-1.0469197356759892
-1.0470072745505175
-1.047095061165586
-1.0471830906228348
-1.0472713654384675
-1.0473598841093557
-1.0474486441172781
-1.0475376518299324
-1.0476268984945725
-1.047716391740779
-1.047806125397055
-1.0478961025165998
-1.0479863236817106
-1.048076789427845
-1.0481674915932804
-1.0482584386324296
-1.0483496280597855
-1.0484410585649644
-1.048532733016321
-1.0486246487722226
-1.0487168040927048
-1.0488091989773887
-1.0489018347808454
-1.0489947134107382
-1.0490878341296161
-1.049181192063752
-1.0492747901237758
-1.0493686308510208
-1.0494627107790149
-1.0495570266281327
-1.0496515847652546
-1.0497463828273523
-1.049841420201739
-1.0499366953463274
-1.0500322079751938
-1.0501279620656154
-1.050223952948006
-1.0503201790253651
-1.050416645089117
-1.050513351460653
-1.0506102929117915
-1.0507074708846287
-1.0508048892032866
-1.050902544701068
-1.0510004351939548
-1.0510985592633286
-1.0511969273723352
-1.0512955225492024
-1.0513943602086828
-1.0514934323553449
-1.0515927395465507
-1.0516922816764673
-1.051792062922824
-1.051892076895074
-1.051992325033842
-1.0520928067584863
-1.0521935257360677
-1.052294476840415
-1.0523956627242466
-1.0524970835675163
-1.0525987375614005
-1.052700625963857
-1.0528027496834014
-1.0529051031592274
-1.0530076907965054
-1.053110512986363
-1.0532135668974836
-1.0533168502782941
-1.0534203722409654
-1.0535241191413514
-1.053628102981065
-1.0537323126930993
-1.053836759741868
-1.0539414364542377
-1.0540463446376507
-1.0541514822030373
-1.0542568540030128
-1.0543624522663289
-1.054468283662642
-1.0545743436245139
-1.0546806344839832
-1.0547871528545194
-1.0548939028236664
-1.0550008846870762
-1.055108092102537
-1.05521553098567
-1.0553231935447354
-1.0554310884430715
-1.0555392119149072
-1.0556475634497928
-1.0557561430564188
-1.0558649487816445
-1.055973986003846
-1.0560832469154235
-1.056192733314766
-1.0563024511067403
-1.0564123934136402
-1.056522563970902
-1.0566329604647946
-1.0567435832578171
-1.0568544294233724
-1.0569655059959575
-1.0570768055241568
-1.0571883298613098
-1.0573000777287382
-1.0574120523790407
-1.057524254252773
-1.057636678555939
-1.0577493282991053
-1.0578622042280483
-1.0579752982121817
-1.0580886205129791
-1.058202163452496
-1.0583159322043822
-1.0584299214308261
-1.0585441349510256
-1.058658574443804
-1.0587732346055367
-1.0588881155400747
-1.0590032169423826
-1.0591185462913113
-1.059234090896763
-1.0593498607656506
-1.059465852215363
-1.0595820610824027
-1.0596984967112197
-1.0598151497386787
-1.059932022004852
-1.0600491144103978
-1.0601664293067867
-1.0602839638130837
-1.060401716629836
-1.0605196920218607
-1.0606378820830955
-1.060756292514959
-1.0608749230711485
-1.0609937729144083
-1.0611128417430469
-1.0612321256271733
-1.0613516295977612
-1.0614713483216145
-1.061591289999903
-1.0617114437129953
-1.0618318195027943
-1.0619524087067935
-1.0620732144989393
-1.062194236465571
-1.062315481313251
-1.0624369327242318
-1.0625586060879546
-1.062680494073832
-1.0628025965933505
-1.0629249172040027
-1.0630474493903583
-1.063170197264071
-1.063293157963623
-1.063416333815368
-1.0635397282222232
-1.0636633324925475
-1.0637871515985948
-1.063911185965217
-1.064035430688113
-1.064159888946779
-1.0642845624232733
-1.0644094464578313
-1.0645345437369957
-1.0646598524064044
-1.0647853733887271
-1.0649111060474175
-1.0650370512634741
-1.0651632085909337
-1.0652895757596104
-1.065416155834036
-1.0655429432703123
-1.0656699466360484
-1.0657971525096022
-1.0659245745349308
-1.066052205364086
-1.0661800439348281
-1.0663080930450959
-1.0664363516878792
-1.0665648158161618
-1.0666934933675838
-1.066822379295355
-1.0669514702272607
-1.0670807707769803
-1.0672102814718303
-1.067339997067411
-1.0674699223544895
-1.0676000533620804
-1.067730391787499
-1.0678609343000984
-1.0679916857209448
-1.0681226459069377
-1.068253810655095
-1.0683851765468175
-1.0685167548451617
-1.0686485358615707
-1.0687805228903882
-1.0689127117137873
-1.06904510750229
-1.0691777097595003
-1.0693105149065565
-1.0694435235215682
-1.0695767381302275
-1.0697101524276953
-1.0698437740786073
-1.0699775958399287
-1.070111623085186
-1.0702458505537293
-1.070380283001615
-1.0705149150638211
-1.0706497516270856
-1.0707847899124874
-1.0709200280778002
-1.0710554718859495
-1.0711911115847514
-1.0713269552226412
-1.0714629970061966
-1.0715992412389137
-1.0717356866167524
-1.0718723295590584
-1.0720091752415606
-1.072146221998178
-1.0722834635862388
-1.0724209028975884
-1.0725585449384385
-1.0726963862200818
-1.0728344235529297
-1.0729726595542473
-1.0731110965861266
-1.0732497252360413
-1.073388554011831
-1.0735275819407644
-1.0736668067592352
-1.073806227667566
-1.0739458442622623
-1.0740856581287774
-1.0742256682542226
-1.0743658749136504
-1.074506275696891
-1.0746468728908045
-1.0747876643153418
-1.0749286496996535
-1.0750698326057246
-1.0752112096938164
-1.075352780368769
-1.075494542865236
-1.0756365014551499
-1.0757786533945104
-1.0759209983192912
-1.0760635371664464
-1.0762062683943363
-1.0763491926861823
-1.0764923061039544
-1.0766356157943728
-1.07677911529713
-1.0769228077631074
-1.0770666896784775
-1.0772107624074143
-1.07735502845165
-1.0774994844991783
-1.0776441341495497
-1.0777889693027427
-1.0779339943412805
-1.0780792104890675
-1.0782246207327273
-1.0783702140572393
-1.078516001148147
-1.0786619718031174
-1.078808132985956
-1.078954484718576
-1.0791010208839829
-1.079247749098464
-1.0793946638877787
-1.0795417650809478
-1.079689050938886
-1.0798365261208542
-1.0799841874609577
-1.0801320361046332
-1.0802800707007831
-1.0804282919630848
-1.0805766981178666
-1.080725290008836
-1.0808740676058777
-1.0810230289716733
-1.0811721763435629
-1.0813215054894154
-1.0814710214909138
-1.0816207195700773
-1.081770602069862
-1.0819206703561877
-1.0820709195288394
-1.0822213540826437
-1.0823719694584517
-1.0825227674573283
-1.0826737467349081
-1.0828249085376411
-1.082976253145869
-1.0831277791316103
-1.083279487215903
-1.0834313754232492
-1.0835834454963678
-1.083735691775383
-1.083888122157216
-1.084040733185297
-1.0841935216341192
-1.0843464921253994
-1.0844996406252674
-1.0846529696182687
-1.0848064791407994
-1.0849601618257565
-1.085114025136537
-1.0852680663235903
-1.0854222882340834
-1.0855766856019275
-1.085731258402488
-1.0858860127195493
-1.0860409382749638
-1.0861960437317064
-1.0863513270970215
-1.086506785579404
-1.086662419601343
-1.0868182275570957
-1.0869742141836145
-1.087130372246087
-1.0872867081674775
-1.0874432173805966
-1.0875998991627687
-1.0877567567374251
-1.0879137920728903
-1.0880709952507037
-1.0882283741355352
-1.0883859238830884
-1.0885436500638082
-1.0887015472107475
-1.0888596151620105
-1.0890178604335146
-1.0891762725944147
-1.0893348567967562
-1.0894936136171725
-1.0896525446353507
-1.0898116400495972
-1.089970908034144
-1.0901303485738085
-1.090289958268957
-1.0904497367623043
-1.0906096831187768
-1.0907698031406103
-1.0909300893631728
-1.0910905443526946
-1.0912511697840628
-1.0914119636221402
-1.0915729241608814
-1.091734049666912
-1.0918953487224095
-1.0920568124553443
-1.0922184447909098
-1.0923802397678146
-1.0925422021810476
-1.092704331421658
-1.092866628486441
-1.0930290898429316
-1.0931917185687485
-1.0933545074077133
-1.0935174653125792
-1.0936805874475106
-1.093843876491954
-1.0940073247728919
-1.0941709398343527
-1.094334717863065
-1.0944986594028907
-1.0946627637186281
-1.0948270296154172
-1.0949914595771206
-1.095156052033473
-1.095320807682107
-1.095485720747839
-1.0956508004390382
-1.0958160391957688
-1.0959814388149547
-1.096147001855724
-1.0963127236492725
-1.0964786041369832
-1.0966446455957408
-1.0968108481813073
-1.0969772082501745
-1.0971437274105669
-1.0973104070077353
-1.097477246616326
-1.0976442388649785
-1.0978113942786383
-1.0979787104305432
-1.0981461790645715
-1.0983138061051803
-1.098481587692987
-1.0986495305971025
-1.0988176290602905
-1.0989858822188174
-1.0991542950145299
-1.0993228573711014
-1.0994915806815657
-1.0996604581822702
-1.0998294881469934
-1.09999867535023
-1.1001680157121898
-1.1003375113196971
-1.1005071611458759
-1.1006769630483784
-1.1008469199373712
-1.1010170269573651
-1.101187288684601
-1.1013577067287752
-1.1015282715088615
-1.1016989920252331
-1.1018698611316091
-1.1020408818790726
-1.102212054055104
-1.1023833772883238
-1.1025548550764537
-1.102726481740938
-1.1028982562362803
-1.1030701833148728
-1.1032422565865876
-1.1034144816929672
-1.103586855353583
-1.1037593779456643
-1.1039320507741268
-1.1041048687269095
-1.104277837814786
-1.1044509527425665
-1.1046242145179732
-1.1047976260235624
-1.104971181563366
-1.1051448830362398
-1.1053187365793449
-1.1054927321280712
-1.1056668726342542
-1.1058411580492178
-1.1060155932606592
-1.1061901706092467
-1.106364891811648
-1.1065397572889297
-1.1067147711676601
-1.1068899264976089
-1.1070652211627536
-1.1072406658648188
-1.1074162499002875
-1.1075919823504112
-1.1077678487554636
-1.107943860544168
-1.1081200171912127
-1.1082963113696889
-1.1084727495074722
-1.1086493300083826
-1.1088260515335815
-1.1090029139862991
-1.1091799136826783
-1.1093570558579713
-1.1095343335894126
-1.1097117559038707
-1.109889315205782
-1.1100670161978565
-1.1102448521701702
-1.110422826855388
-1.110600942849995
-1.110779193796077
-1.110957586917729
-1.1111361130655442
-1.1113147763877664
-1.1114935724640553
-1.1116725127404996
-1.1118515864532543
-1.1120307968936787
-1.1122101415380656
-1.1123896197856948
-1.1125692357500805
-1.1127489896693483
-1.1129288730257534
-1.113108891000329
-1.1132890434771727
-1.1134693296831386
-1.1136497507533205
-1.113830305016766
-1.1140109916707692
-1.1141918110189035
-1.1143727618868444
-1.1145538449476124
-1.1147350579462207
-1.114916404730643
-1.1150978805782632
-1.1152794882122818
-1.115461229793661
-1.1156430988813215
-1.1158250984366258
-1.1160072286077616
-1.1161894845646168
-1.1163718728793222
-1.1165543895031544
-1.1167370351416726
-1.1169198083257248
-1.1171027119200403
-1.1172857394398903
-1.1174688981291523
