1025
0.018953534756753123
0.01897829648070249
0.01900298926377963
0.01902761915673374
0.01905218142156134
0.01907667885709594
0.019101110723859255
0.019125476692803935
0.01914977701851976
0.019174011620901547
0.01919817979527628
0.019222285116084942
0.01924632055891638
0.019270291402733623
0.019294199085241614
0.019318040926536252
0.01934181596736938
0.019365524799563126
0.019389169390247877
0.019412747665057038
0.019436261656271436
0.01945970795690658
0.01948308987553233
0.019506406670211838
0.01952965866271889
0.01955284278801205
0.019575963470166814
0.01959901726385036
0.019622007168315626
0.019644930234528075
0.01966778811350567
0.01969058179539037
0.019713307615341263
0.01973597140785069
0.019758567123934933
0.01978109884835567
0.01980356334500528
0.019825964474053666
0.019848299153108626
0.01987056817698135
0.019892773326093384
0.01991491128708672
0.019936984931977004
0.01995899222184926
0.019980935300936163
0.020002811728993642
0.02002462577463032
0.02004636984335273
0.020068051762060803
0.020089668226875412
0.020111218939676212
0.020132703874792875
0.020154123510814678
0.020175478440468252
0.02019676786606575
0.02021799115600736
0.02023915053615293
0.020260241471459994
0.020281270408148012
0.020302233169940277
0.020323129569456144
0.02034396254291794
0.020364729158234087
0.020385428616207363
0.0204060656894481
0.020426635562355223
0.020447140411394053
0.020467581062931783
0.020487956719409464
0.020508264123461212
0.02052850854861717
0.020548686666430293
0.020568798886972103
0.020588847839179792
0.020608828923199454
0.020628746210173285
0.020648597274260477
0.020668382593417432
0.02068810457153011
0.02070775836423079
0.020727348992531227
0.02074687300789481
0.020766331652436062
0.020785724819915627
0.020805054629252643
0.020824316760346576
0.020843514724103656
0.020862646925396876
0.020881712747675425
0.020900713124699606
0.02091964948907024
0.020938518485566805
0.020957323761818566
0.020976062752888876
0.020994735393092205
0.02101334336220662
0.021031885971934314
0.02105036257624006
0.02106877337455847
0.021087119241836882
0.021105400810800114
0.021123613751649978
0.021141763246516412
0.021159847151776576
0.021177864551512795
0.021195814906132735
0.0212137035849244
0.02123152288759258
0.021249278527874036
0.021266966987143875
0.021284591456882416
0.021302148371773487
0.021319641314989236
0.021337069129974004
0.021354427661547527
0.021371722371738653
0.02138895224516129
0.021406115135943433
0.021423212446959477
0.02144024360104448
0.021457208989740354
0.021474109246972
0.021490943642448523
0.02150771087827618
0.021524413678885166
0.021541049540424587
0.021557619332525393
0.021574123166903495
0.02159056135240554
0.021606934868124365
0.021623239505965668
0.021639479987261952
0.021655653341751676
0.02167176233336586
0.02168780321609375
0.02170377847347347
0.02171968783952199
0.021735530598348096
0.02175130890223424
0.021767016713348238
0.02178266342837439
0.021798241257109618
0.021813752599497215
0.021829198107041953
0.02184457717965429
0.02185989032256949
0.02187513657216426
0.021890316210688425
0.02190542992935417
0.021920476674286146
0.021935456989343734
0.021950371611672105
0.02196521968834933
0.021980000232148873
0.0219947152511803
0.022009361589877274
0.02202394420625803
0.022038458893320963
0.022052905033165725
0.02206728657958918
0.022081600454026778
0.022095848564136388
0.02211003084644759
0.022124142678718563
0.022138191392073184
0.0221521704280122
0.02216608338572249
0.022179930230858118
0.02219370872403727
0.022207421865257912
0.022221066992758384
0.022234644488069725
0.0222481563040691
0.022261599488021307
0.02227497619500251
0.022288287941168827
0.022301529388373462
0.02231470258904394
0.02232781325364442
0.022340854720613722
0.02235382620767019
0.022366731517086912
0.022379570712201993
0.022392343382083225
0.0224050454184264
0.022417680824138295
0.022430249492536136
0.0224427525052942
0.02245518444406066
0.022467550154686648
0.02247984878393556
0.022492078530342085
0.022504240914101234
0.02251633590860996
0.022528363192409567
0.022540323738735147
0.022552214070631946
0.02256403801408987
0.022575793421515652
0.022587480783237537
0.022599100837741935
0.022610651809693662
0.022622134542038146
0.022633549898823237
0.02264489771594577
0.022656175444419814
0.022667386589290652
0.022678527971296648
0.022689601752824966
0.022700608078415844
0.02271154477461818
0.022722412418988827
0.02273321422365966
0.022743946585535187
0.02275460698791745
0.022765202552638707
0.02277572882059532
0.022786184868212843
0.022796574269619726
0.02280689385670138
0.022817143883693436
0.022827327027338293
0.0228374414336425
0.02284748422941
0.02285745802344511
0.02286736513030463
0.02287720143672235
0.022886970995997416
0.02289666843980585
0.022906299453698462
0.022915859398114257
0.022925349203238972
0.02293477201381627
0.022944123888402227
0.02295340700889855
0.022962620232578296
0.022971765200042696
0.022980839625333302
0.02298984364587527
0.022998780568596052
0.02300764484274389
0.023016441245776238
0.02302516679042212
0.023033822531271644
0.02304240842186186
0.02305092470142766
0.02305937214931771
0.023067748790324343
0.023076055111525703
0.02308429124701339
0.02309245691842719
0.023100553411378733
0.023108578785157523
0.023116534442963917
0.023124420576091733
0.02313223459645661
0.023139978148396047
0.023147652693892032
0.023155254370496616
0.023162786312573267
0.023170248199625865
0.02317763957729092
0.02318495857673574
0.023192210152316598
0.023199388567229945
0.023206496567191582
0.023213533238880972
0.023220500248760153
0.023227394393840688
0.023234216717334975
0.02324097175434591
0.023247651555158483
0.02325426025080975
0.023260800435736032
0.023267267796769166
0.023273663813624834
0.023279989465335205
0.023286240901583655
0.023292422702677763
0.02329853209622251
0.023304570014848838
0.023310536626480645
0.023316430739070818
0.023322253885992666
0.023328002553551757
0.0233336820434276
0.023339290238957363
0.0233448243035338
0.023350287962000334
0.023355677840809955
0.02336099410721756
0.023366241090082493
0.02337141385407881
0.023376515416342468
0.023381544481502942
0.023386497336508404
0.02339138236098998
0.023396193522322334
0.023400929535699038
0.02340559567955716
0.02341018805003616
0.023414707584915886
0.02341915471433486
0.023423527556670952
0.023427826903010547
0.023432054848454478
0.02343620912671234
0.023440290727875995
0.023444297101027654
0.023448231290164795
0.02345209218358525
0.02345587978574328
0.023459594634811152
0.023463233610449424
0.023466799070410885
0.02347029200925909
0.02347371177829728
0.023477056302809662
0.023480327142319343
0.023483523727568654
0.023486648244673638
0.023489697219878487
0.02349267297544517
0.023495573271459413
0.023498398885965176
0.023501151864641107
0.023503827279188153
0.02350643013493404
0.023508959851360367
0.02351141486303299
0.023513794473930025
0.023516099199067608
0.023518328902192444
0.023520482450922142
0.023522563846620877
0.023524567289205427
0.023526498082420546
0.023528352849544097
0.023530132305629777
0.023531837693064588
0.023533465505008927
0.023535018511618395
0.023536496719821276
0.023537899550933078
0.02353922757902168
0.02354047820536024
0.0235416538483304
0.023542753977678927
0.02354377826986991
0.02354472734752042
0.02354559778203695
0.023546394070365923
0.023547113301179486
0.023547757943382375
0.02354832498173198
0.023548815991541704
0.02354923184163806
0.02354957033091197
0.023549830995715743
0.023550016567632115
0.023550126780313662
0.0235501570394437
0.023550111497570983
0.023549989515914454
0.02354979188307203
0.02354951416445017
0.0235491616059163
0.023548731682204394
0.02354822482142396
0.023547639901608096
0.02354697888277301
0.02354623805015015
0.02354542028779329
0.023544525844147457
0.023543554673661513
0.023542504132941008
0.023541375891807857
0.02354016947113913
0.0235388867273784
0.023537525219750104
0.023536083784741077
0.02353456681626656
0.02353296931648482
0.023531295378721007
0.023529543068731326
0.023527710795072456
0.023525799867365547
0.023523811581581247
0.023521744137168153
0.023519598070434865
0.023517373059785324
0.023515069817307756
0.023512685641903237
0.02351022462689399
0.02350768317803201
0.0235050627505313
0.02350236372983681
0.023499585987221492
0.023496726090468316
0.023493788488793643
0.023490772319362398
0.023487674384128094
0.0234844976707363
0.02348124086168353
0.02347790346198946
0.023474487790716557
0.023470990346254158
0.023467414039411234
0.023463755704692127
0.023460020665847594
0.023456201343277878
0.023452303977412454
0.023448326419000933
0.02344426619033121
0.02344012688242127
0.0234359067579028
0.023431605649378278
0.02342722329929173
0.023422761258720656
0.023418215766458087
0.02341358983617785
0.023408882946090143
0.023404095173287336
0.023399226645476213
0.023394274851178478
0.023389244347772394
0.023384129857610014
0.02337893370524572
0.02337365856657556
0.02336829764080594
0.023362857202014625
0.023357334622872428
0.023351728062465132
0.023346040797709987
0.023340272048340254
0.02333442022325146
0.023328485452192883
0.023322467690209674
0.023316367174744543
0.02331018613017423
0.02330392417924634
0.023297574944768758
0.023291143333547155
0.02328462913827107
0.023278032886347513
0.023271354824016398
0.023264590823575144
0.02325774360676817
0.023250815301193127
0.023243800076636623
0.02323670422477069
0.023229523645777978
0.023222260449223472
0.023214911444316567
0.0232074808665308
0.023199963376806104
0.02319236495347089
0.023184680380430256
0.02317691277308487
0.02316905842789037
0.02316112149376009
0.023153100341213123
0.023144994987995948
0.023136804021349565
0.023128529138730827
0.02312016932327318
0.023111723923751902
0.023103194165500277
0.023094577696578213
0.02308587735705165
0.023077090958821506
0.023068221526039236
0.023059265388395884
0.02305022280604912
0.02304109510235105
0.02303188233292877
0.02302258312281121
0.02301319914438141
0.023003726749779314
0.02299417191460164
0.022984528463753408
0.02297479979032084
0.022964984761471314
0.022955083965652885
0.022945094901156114
0.02293502141688302
0.02292485921336083
0.02291461098076604
0.022904276452629536
0.022893855330159023
0.02288334594083762
0.02287275150262835
0.022862066527513634
0.022851297058967476
0.02284044157404573
0.022829496140133736
0.022818463981252212
0.0228073435521428
0.022796136070738774
0.02278484248888939
0.022773459497138205
0.022761988311507504
0.022750429028145284
0.02273878223284809
0.022727046450100076
0.022715221111401996
0.022703310312980368
0.022691309967266118
0.022679221278594345
0.022667042068072806
0.022654775697664626
0.022642420204944197
0.022629977235488676
0.0226174427348599
0.02260482076182925
0.02259210914166433
0.022579309086181096
0.02256641897118964
0.022553440061388645
0.022540369192872965
0.022527209958187428
0.02251396296077175
0.022500623419000918
0.022487195370386837
0.022473676854977576
0.022460069035198656
0.022446370931816402
0.022432580861305732
0.022418703065279776
0.02240473251870503
0.022390672573289066
0.02237652138993016
0.022362279189829977
0.022347947020124426
0.022333525253631754
0.022319009334861254
0.022304403536849503
0.022289706846823982
0.02227491884634628
0.02226004033982954
0.022245070441976943
0.02223000811495423
0.02221485309415199
0.022199606685503366
0.022184269222585346
0.022168840802917963
0.022153318983601348
0.022137704833115605
0.022121999798776625
0.022106202470280292
0.022090310406165048
0.022074327433593707
0.02205825254100678
0.02204208503483854
0.02202582403220022
0.02200946976106155
0.021993023825331068
0.021976483883944204
0.02195984965114007
0.021943123249142913
0.021926304555821983
0.021909391439134725
0.021892384128042168
0.021875285092700602
0.021858092334253985
0.02184080463631068
0.021823421517121525
0.021805948673006354
0.021788376539445684
0.021770713943085256
0.021752956134396716
0.021735103825164196
0.02171715622490649
0.021699116669248727
0.021680980815904145
0.021662750063339453
0.02164442359271489
0.021626003981890383
0.021607487967891175
0.021588877025660192
0.021570171455832066
0.02155137041733905
0.02153247430786967
0.021513483462376755
0.021494395632192718
0.021475212176794538
0.02145593432514214
0.02143655973951572
0.021417087824334505
0.021397523048858204
0.0213778582201867
0.02135810003084263
0.021338242097341135
0.02131829125984905
0.02129824291102298
0.02127809767273567
0.0212578551852986
0.02123751775964676
0.021217081513548647
0.021196549262126767
0.021175919086906383
0.021155192302491577
0.02113436717396449
0.021113445681171038
0.021092427739013653
0.02107131040351718
0.021050096938877806
0.021028782705475903
0.021007372827609113
0.02098586480408355
0.02096425874456287
0.02094255469866519
0.020920751446623455
0.020898851986777645
0.02087685173716029
0.020854752125410866
0.020832556399173217
0.02081026058646284
0.020787866986763187
0.020765373967968636
0.020742782015451024
0.020720089491574396
0.02069730038363277
0.020674410541176545
0.020651420810054024
0.020628330598876695
0.020605141757330716
0.020581854521784033
0.020558466522835394
0.020534979199174012
0.020511392589468835
0.02048770274610575
0.020463915181422376
0.02044002567084001
0.02041603744914394
0.02039194709493648
0.020367756656737273
0.020343467500035878
0.020319076512790604
0.02029458377017967
0.020269989115319687
0.020245296277693735
0.02022049933242661
0.0201956029895477
0.020170605246884497
0.02014550406638918
0.0201203047268616
0.020095001677024115
0.020069596156533125
0.020044088881009097
0.02001848102982169
0.019992770791139418
0.019966957619527572
0.019941044084845767
0.01991502547996698
0.019888905337077992
0.01986268326161204
0.019836358787031636
0.01980993213525156
0.01978340088439661
0.019756767915946463
0.01973003016133011
0.01970319221488478
0.019676247957094467
0.019649203187846166
0.019622053257341353
0.01959479948449033
0.019567442010565733
0.019539984273863293
0.019512417698357137
0.01948475069673478
0.0194569786922416
0.01942910239810664
0.019401123058113312
0.019373037847029533
0.019344849008291472
0.0193165542725446
0.019288155259280258
0.019259654137073336
0.01923104594100756
0.01920233333478276
0.019173516927914896
0.019144593862363328
0.019115565417950266
0.019086433321157264
0.019057194708176566
0.019027850868440836
0.01899840101775575
0.018968845756799083
0.01893918435099636
0.01890941793414973
0.01887954596130214
0.018849566983590305
0.018819483067567547
0.018789290993993284
0.018758995342429276
0.018728589297075233
0.018698079732540767
0.01866746329833729
0.018636738653162593
0.018605908286688545
0.01857497066379735
0.018543924525101705
0.01851277326198489
0.018481515254672596
0.018450147863788922
0.01841867367074992
0.018387093346030902
0.018355403925381358
0.018323607816741316
0.018291703110270667
0.018259691068346063
0.0182275692917688
0.01819534051947596
0.018163005166942244
0.018130560486742213
0.018098004760357965
0.01806534416566798
0.018032573762546945
0.01799969482540096
0.017966705437255478
0.01793360837180643
0.017900403209898403
0.017867088364126194
0.017833663915417016
0.017800131242996
0.017766487198328317
0.01773273565002992
0.017698872902951968
0.017664901860109838
0.01763081958557489
0.01759662899919176
0.017562326696680397
0.017527915970852702
0.01749339461493901
0.017458762575866277
0.01742402190001449
0.01738916823499655
0.017354205788023293
0.01731913094861688
0.017283946505881963
0.017248651851121993
0.01721324497504673
0.017177728627033415
0.017142101773799226
0.01710636147078651
0.017070509047861615
0.017034547037255748
0.016998474307029107
0.016962287978939197
0.01692599071424323
0.016889583173595353
0.016853060309686103
0.0168164268393929
0.016779682646945515
0.016742825872716572
0.016705856645347263
0.016668774233759332
0.01663157983541144
0.016594273082048014
0.016556854245776607
0.016519321494631728
0.016481676548073122
0.016443918033132776
0.016406045981658002
0.01636806236153979
0.016329964770733927
0.01629175428925375
0.016253428592246186
0.016214990942280894
0.016176439402217625
0.016137773891805533
0.016098994914923993
0.016060101815339567
0.01602109511174296
0.01598197233959187
0.015942737810324965
0.015903387663392422
0.015863924004512468
0.01582434456032869
0.015784650467370192
0.015744842704987178
0.01570491997967984
0.015664884144770966
0.015624730622394284
0.01558446192762402
0.015544078804422063
0.01550358309709436
0.015462968505921652
0.015422240657455186
0.015381395018609039
0.015340434509374598
0.015299359362900269
0.015258166599295216
0.015216860206721184
0.015175437074620393
0.015133897302940496
0.015092240057569246
0.015050467733172725
0.015008578535711982
0.014966573870336685
0.014924452049953291
0.014882214274544312
0.014839859037230972
0.014797387110222625
0.014754798513033036
0.01471209225972081
0.014669269399685748
0.014626328017145123
0.01458327069921404
0.014540094501475235
0.014496801725344708
0.014453392243060196
0.0144098638974529
0.014366218806361089
0.014322454891195975
0.014278573012512256
0.014234572649803228
0.014190454078002067
0.014146217889212265
0.014101863442271457
0.014057390708973485
0.014012798800970547
0.013968089180667134
0.013923258143626492
0.013878310339278574
0.013833244119411467
0.013788057455086326
0.013742752848903066
0.013697328511663873
0.01365178587427198
0.01360612432826257
0.013560340510036755
0.01351443848169867
0.013468416282226815
0.013422276163580596
0.013376015120600371
0.013329632763161256
0.0132831332135474
0.0132365101678163
0.013189768988274883
0.013142908036387953
0.0130959262996642
0.013048823887803913
0.013001599923430394
0.01295425691085274
0.012906791467550234
0.012859206610526492
0.012811500279060552
0.012763671508506429
0.012715722933134907
0.012667655246622864
0.012619462974245146
0.012571150851543799
0.012522715720840925
0.012474160964874768
0.012425483850118211
0.012376683980616273
0.012327765291409424
0.012278721951756518
0.012229556721221042
0.012180270025347063
0.012130862595506121
0.012081329786402773
0.012031675722068529
0.0119819003344308
0.011932001366929906
0.01188197986503697
0.011831834347276061
0.011781568649227223
0.011731178512928571
0.011680665090700924
0.011630029618764751
0.011579270991802237
0.011528388636162163
0.011477381263047575
0.011426253680008202
0.01137500099433882
0.011323625928179015
0.011272124535375069
0.01122050030488394
0.011168752313812971
0.011116881200702818
0.01106488550457081
0.011012766719327377
0.010960520700674244
0.01090815263003028
0.010855660099191271
0.010803044282850708
0.010750301180950626
0.010697434955800663
0.010644443480077143
0.010591327657827866
0.010538086565430867
0.010484719527363158
0.010431228372193029
0.010377612071864635
0.010323871025963794
0.010270002271055565
0.010216010970035624
0.010161892733663977
0.010107648823218542
0.010053280773358203
0.009998785631501627
0.009944164252537989
0.009889417115215342
0.009834544770886019
0.009779545331839029
0.009724419438228323
0.009669168185157794
0.009613791228781839
0.009558284778214455
0.009502654497101262
0.009446898962867463
0.009391014026840798
0.009335002728064107
0.009278863453668074
0.009222599296382654
0.009166207609874345
0.009109687861224652
0.00905304306258946
0.008996267420914122
0.008939367757629924
0.008882339530075925
0.008825182601776721
0.008767899321957408
0.00871048759316863
0.008652948907372594
0.008595282453392349
0.008537487061270223
0.008479564315388316
0.00842151226340355
0.008363332691835078
0.008305027019973139
0.00824658983654656
0.008188026160772134
0.008129332261094671
0.008070510082927364
0.008011558961511601
0.00795247916954785
0.007893272790373856
0.007833936524514423
0.007774470026929727
0.007714875714824664
0.007655150595207502
0.007595297388714724
0.007535314606976813
0.007475202472143799
0.007414961805840467
0.0073545898544024975
0.007294089746875847
0.007233459336382381
0.007172698387190809
0.00711180900376512
0.007050788310197428
0.006989636806760739
0.0069283584071652875
0.0068669476444720885
0.006805405972419637
0.0067437338063398656
0.006681933510046893
0.006620001014152711
0.006557937779140136
0.006495743484463769
0.006433420585711869
0.006370965874227991
0.006308377689233653
0.0062456623078903355
0.00618281354095541
0.006119836932091111
0.0060567244968075355
0.005993482144869142
0.00593011023133827
0.005866604396805258
0.005802968399383072
0.005739201671143239
0.005675303188703633
0.0056112731254614875
0.005547109672233969
0.005482815665023778
0.005418387030699639
0.005353829496047126
0.00528913835727188
0.00522431658774987
0.005159360607987023
0.00509427214730525
0.00502905339208704
0.0049637004432333005
0.004898217661030213
0.004832599407062736
0.004766848446647759
0.004700962965180642
0.004634948823874243
0.0045688000196998846
0.004502518488213906
0.00443610347315896
0.004369554350024542
0.004302873194427878
0.004236060666699529
0.004169111868812238
0.004102029796137323
0.0040348146638593645
0.00396746600758987
0.003899984380537979
0.003832369041151423
0.0037646196196445946
0.0036967365700072983
0.003628719127788356
0.0035605677422029277
0.0034922811594495003
0.0034238619309133024
0.003355307201923934
0.0032866187670168466
0.003217797825246868
0.003148840743731142
0.0030797497210645988
0.003010524499086758
0.002941162596949621
0.002871667695274153
0.002802037583015475
0.0027322729775755617
0.002662372883132002
0.0025923394173420116
0.002522168684852231
0.0024518649530594983
