1025
-0.31326746053116733
-0.31339315762169395
-0.31351896532519713
-0.3136448898294719
-0.31377092506699705
-0.313897074109651
-0.31402333566519364
-0.31414970859782604
-0.3142761932236925
-0.3144027884378311
-0.31452949346757925
-0.31465631142790745
-0.31478323404644304
-0.3149102672177638
-0.3150374120639858
-0.315164664404738
-0.31529202354474667
-0.31541948901685274
-0.31554706311252684
-0.31567474271819274
-0.3158025297722845
-0.31593041980351455
-0.3160584163515318
-0.31618651801250214
-0.31631472464109195
-0.3164430326644335
-0.3165714459362577
-0.31669996040540993
-0.3168285796912097
-0.3169572989566514
-0.317086119902741
-0.3172150435482579
-0.3173440648009282
-0.31747319033704896
-0.3176024126147601
-0.3177317355316511
-0.31786115551733324
-0.31799067605414494
-0.3181202934292907
-0.318250007685228
-0.318379821006083
-0.31850972835352964
-0.3186397335175179
-0.31876983271646475
-0.31890002885454066
-0.31903031801803927
-0.31916070521476103
-0.31929118070976936
-0.31942175313997023
-0.3195524184108422
-0.3196831761075987
-0.3198140247581403
-0.31994496536007216
-0.32007599757411387
-0.3202071205124067
-0.3203383322316405
-0.3204696357004
-0.3206010247222065
-0.3207325064752889
-0.32086407562510305
-0.32099573153979655
-0.3211274771664435
-0.3212593083256039
-0.3213912240156329
-0.321523229086629
-0.32165531780203516
-0.32178749183746536
-0.3219197518911403
-0.32205209668814405
-0.3221845218432875
-0.3223170330241813
-0.3224496259172047
-0.32258230053681625
-0.32271505969467656
-0.32284789705146744
-0.32298081733254014
-0.3231138172121017
-0.3232468966254828
-0.3233800581837099
-0.32351329537872053
-0.3236466140243229
-0.32378000938885143
-0.3239134825378896
-0.32404703315201894
-0.3241806624796335
-0.3243143656405254
-0.3244481463923481
-0.3245820017310471
-0.3247159313461024
-0.3248499354386036
-0.3249840149296576
-0.3251181660263934
-0.3252523920618449
-0.3253866898494095
-0.3255210586747246
-0.32565550014947287
-0.32579001312477
-0.32592459641417054
-0.32605924961163657
-0.32619397309204134
-0.32632876727257354
-0.32646362737497253
-0.3265985575237503
-0.3267335560847684
-0.32686862100731284
-0.3270037510662432
-0.3271389521963831
-0.32727421527728534
-0.3274095460271294
-0.32754494036935367
-0.327680400707018
-0.32781592377116836
-0.327951511669622
-0.3280871641721669
-0.32822287519668575
-0.3283586502897592
-0.3284944886204186
-0.32863038656251076
-0.32876634587047815
-0.32890236510326837
-0.32903844405454735
-0.32917458334492716
-0.3293107816115646
-0.3294470368783886
-0.3295833517289652
-0.3297197230701143
-0.32985615081875513
-0.32999263557389635
-0.33012917685022
-0.3302657746943067
-0.33040242470275216
-0.3305391311805004
-0.33067589090589994
-0.33081270621817016
-0.33094957251973045
-0.3310864920510266
-0.33122346402680053
-0.3313604869355681
-0.331497563449316
-0.3316346856837467
-0.33177186437358563
-0.3319090896245494
-0.33204636381688485
-0.3321836876395298
-0.332321059717915
-0.3324584800075936
-0.3325959471472822
-0.3327334614843966
-0.3328710221643341
-0.33300862824461847
-0.3331462801702535
-0.33328397795939985
-0.3334217199641518
-0.33355950485620467
-0.3336973350625817
-0.33383520554067253
-0.33397312170732785
-0.33411107893773717
-0.3342490755761978
-0.3343871154215614
-0.3345251949354092
-0.33466331591530357
-0.3348014775982707
-0.3349396742177903
-0.3350779140500047
-0.3352161884851907
-0.33535450189226784
-0.33549285357424496
-0.3356312399315458
-0.3357696646472181
-0.3359081242403903
-0.33604661831426824
-0.3361851485930143
-0.33632371125316823
-0.3364623091660415
-0.33660094256537154
-0.33673960549363374
-0.33687829914812056
-0.3370170306284292
-0.33715579100952753
-0.3372945793696768
-0.33743339930075783
-0.3375722506249786
-0.33771113275589726
-0.3378500396328594
-0.33798897658483124
-0.33812794203679314
-0.33826693732246543
-0.3384059553300947
-0.3385450016777213
-0.3386840745355414
-0.3388231712306482
-0.33896229384523363
-0.33910144122026437
-0.339240612702702
-0.3393798091315641
-0.33951902595839717
-0.3396582666984022
-0.33979752935327295
-0.33993681305973206
-0.34007611873745963
-0.3402154439900117
-0.34035478892299476
-0.3404941543811149
-0.3406335400503643
-0.34077294184199436
-0.3409123637334047
-0.34105180130648166
-0.3411912571809124
-0.3413307305779595
-0.3414702186903068
-0.34160972152680247
-0.3417492429022493
-0.3418887778471918
-0.3420283227977291
-0.34216788588400976
-0.34230746150213964
-0.34244704778300944
-0.34258664866779537
-0.3427262602939139
-0.34286588176954935
-0.34300551664548057
-0.34314516174900384
-0.34328481338552524
-0.34342447412410426
-0.3435641464376496
-0.3437038247068603
-0.34384351355678716
-0.3439832061489146
-0.3441229086980391
-0.34426261535791663
-0.34440232647212143
-0.34454204582069714
-0.3446817679531334
-0.34482149492344755
-0.34496122528882
-0.3451009604585948
-0.3452406968195079
-0.3453804346722831
-0.34552017729467466
-0.34565991753959785
-0.3457996607040676
-0.34593940263622414
-0.3460791446212842
-0.3462188858821103
-0.3463586261526546
-0.3464983658165034
-0.3466381023034985
-0.34677783600087103
-0.34691756605535756
-0.3470572920092008
-0.3471970151042796
-0.3473367321340612
-0.34747644482729295
-0.347616152255488
-0.3477558519682139
-0.3478955445297995
-0.3480352316301974
-0.34817490813180757
-0.3483145775245349
-0.34845423879123893
-0.34859389116254064
-0.34873353153415854
-0.3488731658237172
-0.3490127865026547
-0.3491523964073548
-0.34929199394405974
-0.349431580794257
-0.34957115291705276
-0.3497107108230633
-0.34985025953502114
-0.3499897891413632
-0.3501293041132373
-0.35026880715647357
-0.35040829258117634
-0.35054776165537066
-0.3506872154533208
-0.35082664890196574
-0.3509660662487653
-0.3511054646980536
-0.3512448446933293
-0.35138420530426023
-0.35152354585243084
-0.35166286690225373
-0.35180216420918675
-0.35194144312161874
-0.3520807012360436
-0.3522199344277568
-0.35235914683375313
-0.3524983342000905
-0.35263749573925374
-0.35277663668486575
-0.3529157503866498
-0.35305484016148636
-0.3531939040044469
-0.3533329373234875
-0.35347194872761345
-0.3536109319497901
-0.3537498840036442
-0.3538888110735852
-0.35402770822697704
-0.35416657576310345
-0.3543054142135838
-0.35444422046824314
-0.3545829953236171
-0.35472174086693914
-0.35486045336933125
-0.354999134392323
-0.3551377803596469
-0.3552763940220151
-0.35541497364982877
-0.3555535190827457
-0.35569203035396035
-0.35583050348487194
-0.35596894076182634
-0.356107342903445
-0.3562457090001994
-0.3563840353900966
-0.35652232417516605
-0.356660574020909
-0.35679878715009855
-0.35693695910394124
-0.35707509167973833
-0.3572131825457004
-0.3573512319396175
-0.3574892411782142
-0.3576272051430386
-0.35776512821026074
-0.35790301009553144
-0.3580408483086386
-0.3581786412419386
-0.3583163891399007
-0.3584540918428398
-0.358591747340218
-0.3587293601026394
-0.3588669225922296
-0.359004440433567
-0.3591419093701881
-0.359279330199964
-0.3594167035623718
-0.35955402520719065
-0.3596912974753535
-0.3598285205584043
-0.3599656927005407
-0.36010281498425917
-0.36023988284910885
-0.36037689948786605
-0.36051386363726823
-0.36065077430561365
-0.3607876323603494
-0.3609244326408348
-0.3610611801605307
-0.3611978716316751
-0.3613345089171666
-0.3614710881650788
-0.36160761098969774
-0.36174407782713974
-0.36188048550843427
-0.36201683346393193
-0.36215312410773565
-0.36228935714495825
-0.3624255259794786
-0.3625616360579638
-0.362697685558792
-0.3628336749245284
-0.3629695987430363
-0.3631054627075592
-0.363241263304632
-0.36337700091813574
-0.3635126736033758
-0.3636482830235436
-0.36378382507686857
-0.3639193018162261
-0.36405471370414366
-0.36419006001817444
-0.36432533739001777
-0.36446054728626337
-0.3645956887155305
-0.3647307633503699
-0.3648657682339446
-0.3650007009295484
-0.3651355668074164
-0.3652703592822671
-0.3654050827513866
-0.36553973466441403
-0.36567431252900134
-0.3658088174701533
-0.3659432507538303
-0.36607760968698205
-0.36621189457704717
-0.3663461046430389
-0.36648024018823555
-0.36661429770572757
-0.3667482815252089
-0.3668821869755329
-0.3670160153184109
-0.36714976679906375
-0.3672834404874203
-0.3674170322715248
-0.367550546887712
-0.3676839827267921
-0.36781733574106895
-0.3679506090321447
-0.3680838007962874
-0.36821690970137344
-0.36834993802559635
-0.368482881451154
-0.3686157429416273
-0.3687485186526899
-0.36888121357588777
-0.3690138190365555
-0.36914634223519527
-0.3692787792959679
-0.36941112761566813
-0.36954339097525246
-0.36967556660890927
-0.3698076539401484
-0.36993965239199167
-0.3700715630846229
-0.3702033814927494
-0.3703351106484343
-0.37046674956611086
-0.37059829800977184
-0.37072975546290954
-0.3708611184825464
-0.370992392432492
-0.37112357045598365
-0.37125465476620917
-0.37138564819649994
-0.37151654240099957
-0.37164734429536306
-0.37177805016332227
-0.37190865758816805
-0.3720391702950468
-0.3721695864662983
-0.37229990416847425
-0.3724301229558226
-0.3725602424571693
-0.3726902625022215
-0.37282018517017435
-0.37295000988668386
-0.3730797283644228
-0.37320934637542375
-0.3733388629946102
-0.37346827824987394
-0.3735975925349404
-0.3737268001454795
-0.3738559039854621
-0.373984906344387
-0.37411379961405683
-0.37424259113420577
-0.3743712755525743
-0.37449985446023043
-0.3746283243665141
-0.37475668973550297
-0.3748849437840541
-0.37501309288182183
-0.3751411305915172
-0.37526906022274975
-0.3753968771807931
-0.37552458607577244
-0.375652183992482
-0.3757796708432824
-0.37590704448001067
-0.37603430685829786
-0.37616145574685855
-0.37628849037633655
-0.37641541215715635
-0.3765422171535851
-0.3766689086808167
-0.37679548356997145
-0.37692194499489984
-0.377048288219883
-0.3771745138441608
-0.377300621878973
-0.3774266128584048
-0.3775524843548793
-0.37767823804823775
-0.37780386905970353
-0.3779293839716454
-0.378054775820599
-0.3781800469950487
-0.37830519695259973
-0.3784302252352884
-0.37855512868063107
-0.37867991162677483
-0.37880456824019804
-0.37892910142646596
-0.3790535107530576
-0.37917779480967373
-0.3793019520897533
-0.37942598541233824
-0.3795498877205292
-0.3796736662952796
-0.3797973187834579
-0.37992083962052947
-0.3800442330967269
-0.3801674960191453
-0.3802906303627148
-0.3804136362166942
-0.38053650911912607
-0.38065925096802916
-0.38078186020633636
-0.38090433882562197
-0.3810266832815681
-0.38114889280645414
-0.3812709721508599
-0.38139291589715174
-0.38151472503629624
-0.38163639647174663
-0.3817579341402036
-0.3818793350708821
-0.38200060101679734
-0.3821217264905255
-0.3822427161725602
-0.3823635666852317
-0.3824842794434527
-0.38260485224029706
-0.38272528550900986
-0.382845576111827
-0.38296572692999237
-0.383085738835026
-0.3832056054533973
-0.3833253317479861
-0.3834449142661675
-0.38356435421484397
-0.38368365020644485
-0.38380280018138146
-0.3839218079762156
-0.3840406675047758
-0.3841593831940681
-0.384277950887999
-0.38439637196438775
-0.3845146465111801
-0.3846327745036421
-0.38475075026000594
-0.3848685788096309
-0.3849862582087425
-0.3851037872653238
-0.38522116734152534
-0.38533839641659484
-0.3854554729724677
-0.3855723965804401
-0.3856891678147432
-0.3858057874205959
-0.38592225461246454
-0.38603856588250923
-0.386154722650983
-0.3862707261915411
-0.386386573942119
-0.3865022633070664
-0.3866177980735545
-0.3867331763692097
-0.38684839736173443
-0.38696345966602036
-0.38707836277419627
-0.38719310879110225
-0.38730769434770446
-0.38742211811141897
-0.3875363827320282
-0.3876504879914054
-0.38776443023392404
-0.3878782099319259
-0.3879918292351316
-0.3881052856748583
-0.38821857745751415
-0.3883317033259028
-0.3884446696712418
-0.38855746509308325
-0.3886700992407344
-0.38878256651650545
-0.3888948669531743
-0.38900700000812394
-0.389118968155295
-0.38923076675871326
-0.38934239646796714
-0.3894538564567438
-0.38956514880464055
-0.3896762697544694
-0.38978722064988097
-0.38989800126389035
-0.39000861007150384
-0.39011904747319903
-0.3902293136574728
-0.39033940476811824
-0.39044932313417957
-0.3905590687763716
-0.39066863938257745
-0.3907780332121342
-0.39088725571528826
-0.3909962977335632
-0.3911051666763985
-0.3912138549684842
-0.39132236973636125
-0.3914307055903517
-0.3915388632699448
-0.3916468411734322
-0.3917546420180825
-0.3918622604650332
-0.39196970033320105
-0.3920769583920164
-0.3921840357814459
-0.39229092996012593
-0.39239764317194176
-0.3925041752032791
-0.39261052166291366
-0.392716686010131
-0.39282266279016026
-0.392928457292962
-0.39303406665589036
-0.3931394902404078
-0.3932447276887298
-0.39334977735923365
-0.3934546423719572
-0.39355931726752863
-0.3936638029070996
-0.39376810275579616
-0.3938722119654333
-0.3939761326312747
-0.3940798628432747
-0.3941834025108835
-0.394286749376311
-0.3943899076491211
-0.3944928721409557
-0.39459564366284894
-0.39469822104013225
-0.39480060603597533
-0.3949027985705782
-0.3950047952171973
-0.39510659754008015
-0.39520820560800585
-0.39530961387678537
-0.395410828608883
-0.39551184448096227
-0.3956126645399252
-0.3957132849040469
-0.3958137076797003
-0.3959139336655764
-0.3960139590390626
-0.39611378352125926
-0.3962134065579439
-0.39631283258387684
-0.3964120531758986
-0.396511074350517
-0.39660989337032004
-0.3967085072263752
-0.39680692163094067
-0.39690513011343226
-0.3970031335485537
-0.3971009321973217
-0.39719852721521853
-0.39729591635475403
-0.39739309844671367
-0.3974900759338446
-0.3975868433012028
-0.39768340393769186
-0.39777975730573506
-0.39787590251343874
-0.3979718390686546
-0.39806756404348004
-0.39816308036455456
-0.3982583842138117
-0.3983534805615917
-0.39844836197997757
-0.3985430346597372
-0.39863749266848897
-0.39873173764827496
-0.39882576904490014
-0.39891959081621686
-0.3990131921100711
-0.39910658254142845
-0.39919975694214643
-0.399292715018056
-0.3993854586281174
-0.39947798332319573
-0.3995702914195756
-0.39966238061908305
-0.3997542521419434
-0.3998459078874296
-0.3999373418651272
-0.40002855693902284
-0.40011955310270997
-0.4002103268165334
-0.40030087973173684
-0.4003912127164073
-0.40048132237154643
-0.4005712100677263
-0.4006608743044672
-0.40075031535310957
-0.4008395324125718
-0.4009285258063153
-0.4010172948671246
-0.401105837765568
-0.4011941561965621
-0.4012822462201863
-0.40137011302261427
-0.4014577476653972
-0.4015451585565983
-0.4016323407065431
-0.4017192929825901
-0.4018060170039928
-0.40189251164221107
-0.4019787740837939
-0.4020648089988096
-0.4021506129568293
-0.40223618332358835
-0.4023215227699537
-0.402406631359498
-0.4024915053533801
-0.4025761474933929
-0.4026605549194076
-0.40274472845049336
-0.4028286655211843
-0.40291236893083815
-0.4029958383402541
-0.40307907063340503
-0.403162063294124
-0.40324482328843486
-0.4033273440731137
-0.40340962737903685
-0.4034916702057699
-0.4035734755685481
-0.40365504280187664
-0.4037363693176185
-0.4038174551369235
-0.4038983015654623
-0.4039789042472738
-0.40405926777408213
-0.4041393871738204
-0.404219265600736
-0.4042988993190408
-0.40437829113207374
-0.4044574371804673
-0.4045363403969573
-0.4046149985632484
-0.40469341031044465
-0.40477157888653864
-0.4048494978045708
-0.4049271719300498
-0.4050045971329302
-0.4050817759387966
-0.405158707207077
-0.4052353882982002
-0.40531182223166345
-0.40538800760012556
-0.4054639401117307
-0.40553962129690907
-0.405615054039969
-0.40569023588989456
-0.40576516430513077
-0.4058398408409755
-0.4059142666278609
-0.4059884352742167
-0.4060623519822047
-0.40613601587811476
-0.40620942508790037
-0.4062825788730866
-0.40635547658638865
-0.4064281189918962
-0.40650050515749864
-0.4065726349621369
-0.4066445064692414
-0.4067161209185086
-0.40678747656613845
-0.4068585729552637
-0.40692941208868194
-0.4069999914160756
-0.40707031044761083
-0.4071403675448293
-0.4072101652976725
-0.4072797015639279
-0.40734897582342855
-0.4074179883752547
-0.40748673794728985
-0.4075552247008411
-0.4076234457423244
-0.4076914054524158
-0.40775909930056126
-0.4078265290794225
-0.4078936921708899
-0.40796058920541867
-0.40802722145378556
-0.40809358654578803
-0.4081596864925245
-0.4082255157413973
-0.4082910768408733
-0.40835637030175254
-0.40842139778307446
-0.4084861518292236
-0.40855063902312255
-0.4086148526208616
-0.408678796701667
-0.40874247102437883
-0.4088058713847318
-0.4088690023880146
-0.4089318601911753
-0.4089944444120957
-0.409056753654662
-0.4091187906174667
-0.40918055295119576
-0.40924204121914504
-0.4093032541204551
-0.40936419194328216
-0.40942485317121835
-0.4094852381092355
-0.40954534645373536
-0.4096051766728498
-0.40966472990282404
-0.40972400317127206
-0.4097829994573254
-0.40984171533208297
-0.40990015217306475
-0.4099583104535522
-0.41001618679346824
-0.4100737837662689
-0.4101310981972435
-0.41018813095170137
-0.41024488090885325
-0.4103013485316248
-0.4103575337825552
-0.4104134354753872
-0.410469053734377
-0.4105243870325145
-0.41057943628649346
-0.41063419746716373
-0.4106886754531277
-0.41074286776051244
-0.4107967719898166
-0.41085039084820013
-0.4109037215060489
-0.4109567653082834
-0.41100952190798
-0.41106198636006563
-0.41111416321286187
-0.41116605034696657
-0.4112176494284152
-0.41126895676418707
-0.4113199720021329
-0.41137069892307
-0.4114211305069359
-0.4114712721714351
-0.41152112228182697
-0.4115706788299136
-0.4116199418040365
-0.41166890989356963
-0.4117175858806216
-0.41176596489592643
-0.4118140507557388
-0.41186184029943873
-0.4119093327104736
-0.4119565299302145
-0.4120034329113793
-0.4120500349606862
-0.4120963409642889
-0.41214234744759554
-0.4121880577987154
-0.41223346825092394
-0.41227857839466275
-0.41232339223045184
-0.4123679027325922
-0.41241211296006686
-0.41245602303650675
-0.41249963371024256
-0.4125429384749032
-0.41258594231156104
-0.4126286449404337
-0.4126710438444145
-0.4127131387101046
-0.41275492853597023
-0.4127964169119419
-0.41283759872385606
-0.41287847533857847
-0.41291904762837783
-0.41295931402179126
-0.4129992732120574
-0.4130389237717843
-0.41307827101324396
-0.41311730893582244
-0.41315603990853933
-0.4131944597222939
-0.4132325713519796
-0.41327037406379935
-0.41330786826218047
-0.4133450514833298
-0.4133819254352138
-0.4134184851466845
-0.4134547362045452
-0.4134906752608165
-0.41352630375856253
-0.4135616165144061
-0.4135966181667641
-0.41363130599095466
-0.41366568018212396
-0.41369973993753645
-0.4137334842439819
-0.41376691452313735
-0.41380002948905986
-0.41383282935406845
-0.4138653101642455
-0.4138974776491607
-0.41392932664389026
-0.41396085810120753
-0.4139920734579399
-0.41402296939277783
-0.4140535457545556
-0.414083803664142
-0.41411374305207316
-0.4141433613322184
-0.41417265927501873
-0.41420163756251854
-0.4142302956629508
-0.4142586286056504
-0.4142866429508111
-0.4143143368722731
-0.4143417048532454
-0.41436875045518834
-0.4143954710242504
-0.41442187060955943
-0.4144479453275744
-0.4144736943804118
-0.41449912077128725
-0.41452421770850045
-0.41454899242100496
-0.4145734401749635
-0.41459755973840756
-0.4146213539324578
-0.4146448199102611
-0.41466795883753876
-0.4146907697894772
-0.41471325114646546
-0.4147354045660034
-0.4147572267795605
-0.414778720417426
-0.4147998863712902
-0.4148207181939475
-0.41484122149275116
-0.41486139144795114
-0.4148812298473953
-0.4149007362526784
-0.4149199102657093
-0.4149387539532921
-0.4149572633908016
-0.4149754377107919
-0.41499327974091216
-0.41501078519824874
-0.4150279574616053
-0.41504479423280566
-0.4150612955362276
-0.4150774620140502
-0.415093290147727
-0.415108783584256
-0.41512393878820636
-0.4151387560852057
-0.41515323719272806
-0.4151673782538759
-0.4151811801985876
-0.41519464686194835
-0.4152077715255354
-0.4152205558650505
-0.41523299969601163
-0.41524510592556096
-0.4152568694000053
-0.41526829109900765
-0.4152793710027932
-0.4152901115954866
-0.4153005082635916
-0.4153105593516845
-0.4153202716346347
-0.41532963793346067
-0.4153386639961426
-0.41534734025237807
-0.41535567384120836
-0.4153636643053364
-0.41537130665128896
-0.4153786048659057
-0.4153855577563667
-0.415392164212941
-0.4153984239968089
-0.41540433455668846
-0.4154098990719487
-0.4154151128195946
-0.41541998155053395
-0.415424500074122
-0.4154286712885833
-0.4154324906676159
-0.41543596038001696
-0.4154390820188814
-0.41544185121111094
-0.41544427249351296
-0.4154463396576142
-0.415448055260974
-0.4154494163365323
-0.4154504300350367
-0.4154510891820649
-0.4154513957325799
-0.4154513479482068
-0.4154509452089547
-0.4154501899535459
-0.4154490822212865
-0.41544761627631943
-0.4154457953040569
-0.41544361907702265
-0.41544108690173287
-0.41543819931087617
-0.41543495506007655
-0.41543135345303905
-0.41542739453727034
-0.4154230773517794
-0.41541840215361425
-0.4154133672997056
-0.41540797515115446
-0.4154022224346934
-0.4153961107684146
-0.41538964137265383
-0.4153828098756054
-0.4153756180972477
-0.4153680659026219
-0.41536015000898563
-0.4153518744972573
-0.4153432365669204
-0.41533423654546786
-0.4153248732754801
-0.4153151485077436
-0.41530505781850974
-0.4152946057640483
