1025
1.0800471936409963
1.0796418175070266
1.0792361583377896
1.0788302224236175
1.078424005391108
1.078017510466966
1.0776107373027224
1.077203685858278
1.076796356885942
1.0763887505312602
1.0759808666010071
1.0755727088698948
1.0751642708138682
1.0747555581101016
1.074346572545235
1.073937311663957
1.0735277751152907
1.073117963678076
1.0727078798050456
1.0722975217434778
1.0718868918964781
1.0714759872383959
1.071064811470367
1.0706533642089258
1.070241646133878
1.0698296546885182
1.0694173944313192
1.069004862417031
1.0685920621617349
1.0681789908566384
1.0677656505825708
1.06735204278607
1.0669381641015858
1.0665240208022624
1.0661096072296565
1.06569492772282
1.0652799796105121
1.0648647669651075
1.0644492871868978
1.0640335413280795
1.063617531694535
1.0632012551709442
1.0627847152306453
1.0623679099791623
1.0619508421499013
1.061533509533125
1.0611159168906135
1.06069805692227
1.0602799377927905
1.0598615566526652
1.059442913680956
1.0590240089772107
1.0586048436366362
1.0581854184716653
1.0577657332034156
1.0573457873872505
1.056925583832664
1.0565051182893934
1.0560843975919783
1.055663417958022
1.0552421795880076
1.0548206857889504
1.0543989339438975
1.0539769237342198
1.0535546602288521
1.0531321391045771
1.0527093628035373
1.052286332577997
1.0518630480475673
1.0514395063207387
1.0510157130202464
1.0505916652199965
1.0501673637153683
1.0497428115564713
1.0493180044107624
1.048892946827945
1.0484676367684498
1.048042075046266
1.0476162645112963
1.0471902006142324
1.0467638888530117
1.0463373261066933
1.0459105140141638
1.0454834529313188
1.0450561451457105
1.0446285869057408
1.0442007821152082
1.0437727294005472
1.0433444287537017
1.042915881380929
1.0424870890138591
1.0420580488531181
1.0416287647882887
1.0411992347281158
1.0407694589333698
1.040339439507404
1.0399091761676715
1.039478668669083
1.0390479175483878
1.0386169240148968
1.0381856891169339
1.0377542091249092
1.0373224892045492
1.0368905279467497
1.036458324694108
1.0360258792658725
1.035593197424099
1.0351602719681383
1.0347271088570327
1.034293705091906
1.0338600640206579
1.0334261828303013
1.032992065055724
1.0325577103417591
1.0321231147395615
1.0316882839815091
1.0312532176514444
1.0308179138346432
1.0303823744617304
1.0299465992677217
1.0295105889783789
1.0290743447009112
1.0286378660827962
1.0282011522253198
1.0277642061905286
1.0273270259447647
1.0268896125855096
1.0264519668497858
1.0260140893378393
1.0255759812407612
1.0251376390180125
1.024699067561641
1.0242602644875625
1.0238212328326766
1.0233819693058004
1.0229424767268016
1.0225027552196715
1.022062804396582
1.0216226269566335
1.0211822171809575
1.020741584875738
1.020300722584157
1.0198596330950915
1.0194183175529057
1.0189767756906898
1.0185350083624427
1.0180930150550713
1.0176507965653194
1.0172083536586338
1.0167656858724101
1.0163227942108817
1.015879679698112
1.015436341829556
1.0149927800829937
1.0145489969961385
1.0141049895793104
1.0136607631868921
1.0132163142197004
1.012771642325056
1.0123267517404422
1.011881639931212
1.0114363091890366
1.0109907597967684
1.010544987553718
1.0100990002033357
1.0096527914832052
1.009206365526345
1.0087597226461742
1.008312860869461
1.0078657837361673
1.0074184890185542
1.0069709773852304
1.0065232511485764
1.0060753077878808
1.005627150052799
1.0051787795670588
1.004730191594167
1.0042813883871298
1.0038323762541712
1.0033831487797695
1.0029337056839838
1.0024840510608684
1.0020341854176822
1.0015841088248267
1.0011338173855542
1.0006833157608725
1.00023260398437
0.9997816836687715
0.9993305497298525
0.9988792074864543
0.9984276563923031
0.9979758950226213
0.9975239254786227
0.9970717479598626
0.9966193625836647
0.9961667707617722
0.9957139694123354
0.995260962617974
0.9948077488891479
0.9943543288424701
0.9939007037537687
0.9934468722845512
0.9929928355581281
0.9925385949083523
0.9920841506497062
0.9916295004763994
0.9911746483596395
0.9907195914691251
0.9902643324937257
0.9898088718473539
0.989353207807065
0.9888973412949417
0.9884412760415511
0.9879850087714037
0.9875285373340837
0.987071869288368
0.9866150006035294
0.986157930670677
0.9857006635102763
0.9852431964339871
0.9847855298961885
0.9843276672031126
0.983869606748013
0.9834113461008654
0.9829528882544695
0.9824942359698431
0.9820353854476747
0.9815763412207609
0.9811170983011369
0.980657662768813
0.980198030397967
0.9797382024354989
0.9792781825660785
0.9788179671571643
0.9783575587623522
0.9778969567413581
0.9774361631058877
0.9769751758520475
0.9765139956670701
0.9760526262088643
0.9755910622971116
0.9751293091332088
0.9746673640728082
0.9742052287102558
0.9737429033225223
0.9732803885207719
0.9728176854599725
0.9723547926284104
0.9718917109706415
0.9714284408764108
0.970964982552882
0.9705013377313232
0.9700375047420365
0.9695734855310453
0.969109280502046
0.9686448877443231
0.9681803090536257
0.967715546401485
0.9672505962991004
0.9667854623322951
0.9663201445367614
0.965854642915398
0.9653889558771012
0.9649230889115187
0.9644570366056158
0.9639908021127243
0.9635243849051655
0.9630577870857996
0.9625910059061985
0.9621240427374602
0.9616569025444881
0.9611895777590657
0.9607220729190601
0.9602543910453257
0.9597865281859973
0.9593184862100248
0.9588502665938353
0.9583818658705383
0.9579132888283246
0.9574445333364909
0.9569756006779108
0.9565064912401123
0.9560372045384066
0.9555677422950118
0.9550981014928229
0.9546282877160885
0.9541582993766248
0.9536881339607369
0.9532177956456567
0.9527472814948547
0.9522765919433457
0.9518057318656696
0.9513346966298976
0.9508634897024874
0.9503921101838863
0.9499205548222126
0.9494488321783775
0.9489769369594001
0.9485048680175653
0.9480326311290753
0.9475602228302793
0.9470876443564648
0.9466148966649158
0.9461419781584709
0.945668890109884
0.9451956350266086
0.9447222108861035
0.9442486192984689
0.9437748580864155
0.9433009305779263
0.9428268360793752
0.94235257506317
0.9418781484268127
0.9414035534979102
0.9409287930100292
0.9404538683612643
0.9399787793741189
0.9395035241836353
0.9390281049307687
0.9385525213861411
0.9380767761596767
0.9376008662030006
0.937124794107149
0.9366485582245765
0.9361721596788128
0.9356956007453666
0.9352188771855194
0.9347419941285403
0.9342649516097975
0.9337877484164689
0.9333103841592143
0.9328328597798711
0.9323551756494151
0.9318773309820979
0.9313993302269541
0.9309211679187093
0.9304428497106084
0.9299643726694233
0.9294857380184743
0.9290069472942283
0.9285279974803067
0.92804889161404
0.9275696302726243
0.9270902131089807
0.9266106413143835
0.9261309124249331
0.9256510294517889
0.9251709922216983
0.9246908007641873
0.9242104562481797
0.9237299554720639
0.9232493033759104
0.9227684975879418
0.9222875408333163
0.9218064305232492
0.9213251686903919
0.9208437565587687
0.9203621922948139
0.9198804759498571
0.9193986105467116
0.9189165963516046
0.918434428965532
0.9179521132046531
0.9174696486640472
0.9169870365178393
0.9165042728031595
0.9160213631422014
0.9155383053917282
0.9150551004557579
0.9145717475681892
0.9140882490324077
0.9136046017214607
0.913120808677846
0.9126368707088058
0.9121527881053328
0.9116685586784411
0.9111841844777513
0.9106996654187577
0.9102150037441962
0.9097301975021571
0.9092452457655744
0.9087601534889329
0.908274916008806
0.9077895378161371
0.9073040174192064
0.9068183535856653
0.9063325480164086
0.9058466024573192
0.905360515475373
0.9048742880269315
0.9043879202021252
0.9039014130807532
0.9034147643975402
0.9029279786183817
0.9024410525552499
0.9019539880531142
0.9014667859538577
0.9009794464371802
0.900491966567048
0.9000043511739406
0.8995165997413398
0.899028709519997
0.8985406838981107
0.8980525219954139
0.8975642236439457
0.897075791543263
0.8965872226627682
0.8960985202960763
0.8956096817585171
0.8951207125523981
0.8946316056750725
0.8941423678359126
0.893652997042956
0.8931634914194457
0.8926738549387379
0.8921840861893477
0.89169418541652
0.8912041528008167
0.8907139902154031
0.8902236943867414
0.889733268703049
0.8892427130501247
0.8887520279345358
0.8882612138146961
0.8877702685617511
0.88727919724568
0.8867879949281745
0.8862966643028362
0.8858052084661294
0.8853136210519477
0.8848219087063265
0.8843300691576107
0.8838381009997568
0.8833460079872164
0.8828537896086135
0.8823614447712254
0.8818689739523745
0.8813763775301795
0.8808836561353924
0.8803908123557048
0.8798978462847166
0.8794047518567368
0.8789115344788329
0.8784181942786938
0.8779247321239562
0.877431148805002
0.8769374404730388
0.8764436102859153
0.8759496608163734
0.8754555865426862
0.8749613942442959
0.8744670801994646
0.873972646783287
0.8734780913770964
0.8729834185930891
0.8724886234662345
0.8719937123006924
0.8714986803116993
0.8710035310216279
0.8705082611767571
0.8700128753591556
0.8695173721720231
0.8690217521238235
0.8685260141730862
0.8680301605136455
0.8675341903508239
0.8670381035496295
0.8665419018261206
0.8660455830302818
0.8655491504935706
0.8650526023754634
0.8645559421066416
0.8640591664116772
0.8635622761250418
0.8630652726787624
0.8625681567420391
0.8620709272390171
0.8615735862641675
0.86107613052292
0.8605785663696797
0.860080888218918
0.8595830995375393
0.8590851999077763
0.85858719011672
0.858089068110386
0.8575908381775655
0.8570924963301889
0.856594045688056
0.8560954864486142
0.8555968185440522
0.8550980409209626
0.8545991570400535
0.8541001617683633
0.8536010616843748
0.8531018556192385
0.852602539894983
0.8521031183689323
0.851603589632388
0.8511039555486102
0.8506042172923421
0.8501043719111555
0.8496044212389056
0.8491043654336363
0.848604205921654
0.8481039412492345
0.8476035713276163
0.8471031007230633
0.8466025256974331
0.8461018478345324
0.8456010653145097
0.8451001819966951
0.8445991962353159
0.8440981101299782
0.8435969199358574
0.8430956301794418
0.8425942389731749
0.8420927480204105
0.8415911561168594
0.8410894647447268
0.8405876713928195
0.8400857797964794
0.8395837910908738
0.839081700805161
0.8385795135172376
0.8380772274685097
0.8375748442728574
0.837072363384388
0.8365697835952726
0.8360671093360392
0.8355643360336139
0.8350614676538533
0.8345585023395614
0.8340554410942458
0.833552285153241
0.8330490352673116
0.832545687294493
0.8320422459908148
0.8315387106456839
0.8310350811502525
0.8305313589097231
0.83002754327128
0.8295236336175198
0.8290196301397998
0.8285155343874048
0.8280113472724212
0.827507069154404
0.8270026979156626
0.8264982351536336
0.8259936826972027
0.8254890393858823
0.8249843033480909
0.8244794787094711
0.823974564770736
0.8234695613225954
0.8229644678830191
0.8224592849698354
0.8219540147241408
0.8214486551433524
0.8209432061614153
0.820437670433675
0.819932048299904
0.8194263378266179
0.8189205397790182
0.818414656917041
0.8179086876961457
0.8174026312985601
0.8168964875450725
0.8163902625346084
0.8158839471620908
0.8153775505333654
0.8148710683970332
0.8143645017276794
0.8138578503348856
0.8133511176495273
0.8128442999423064
0.8123373988395842
0.8118304140424102
0.8113233483601734
0.8108161990418045
0.8103089679403009
0.8098016556885642
0.8092942617916835
0.8087867871132393
0.8082792324167314
0.8077715956211715
0.8072638787638434
0.8067560831739982
0.8062482071216054
0.8057402502174048
0.8052322174607336
0.8047241019662326
0.8042159107761958
0.8037076379851413
0.8031992906609967
0.8026908646956904
0.8021823611850811
0.801673779949966
0.80116512377713
0.8006563890672276
0.8001475792398068
0.7996386926146338
0.7991297308682922
0.7986206926185876
0.7981115803029706
0.7976023942819817
0.7970931318564018
0.7965837966576542
0.7960743845381618
0.7955649008974626
0.795055343735416
0.7945457134418871
0.7940360104275312
0.7935262339073725
0.7930163872409198
0.792506466312458
0.7919964728043613
0.7914864103537268
0.7909762754116284
0.7904660705987245
0.7899557947640546
0.7894454486902122
0.788935031128659
0.7884245464149019
0.7879139908017452
0.7874033655528225
0.7868926704236834
0.7863819076404667
0.7858710778105622
0.7853601788691604
0.7848492127036661
0.7843381798246847
0.7838270765287798
0.7833159087326675
0.7828046726012013
0.7822933716376596
0.7817820029353613
0.781270568925533
0.7807590712394541
0.7802475071894652
0.7797358772353743
0.7792241815875496
0.7787124244575575
0.778200600011283
0.7776887135531391
0.7771767634527957
0.7766647479822127
0.7761526727501504
0.7756405326969447
0.7751283293815001
0.7746160638294872
0.7741037376299649
0.7735913494103387
0.773078898952601
0.7725663891387103
0.772053815747802
0.7715411825606578
0.7710284896384603
0.7705157368952005
0.7700029248133058
0.7694900514230054
0.7689771199441793
0.7684641277289284
0.7679510797088914
0.7674379701822954
0.7669248052380644
0.7664115805789271
0.7658982980036249
0.7653849579355756
0.7648715642444582
0.7643581086286606
0.7638445998810275
0.7633310339514491
0.762817411711548
0.7623037349732441
0.7617900010824242
0.7612762126599047
0.7607623679869432
0.7602484689751348
0.7597345180730395
0.7592205107465613
0.7587064500403585
0.7581923368397606
0.7576781687011539
0.7571639473976345
0.7566496748126158
0.7561353485381691
0.7556209702755089
0.7551065395517398
0.7545920573111798
0.7540775232948355
0.7535629388282992
0.7530483038140118
0.7525336172374766
0.7520188814150606
0.751504093558206
0.7509892586359973
0.7504743700607472
0.7499594352350801
0.7494444509988347
0.7489294165772445
0.7484143345726825
0.7478992040824392
0.7473840239518974
0.7468687982045149
0.7463535252774149
0.7458382031036139
0.7453228346249293
0.7448074207743742
0.7442919589722075
0.7437764520565346
0.7432608984084557
0.7427452995680642
0.7422296536584768
0.7417139637468015
0.7411982304939281
0.7406824516290647
0.7401666257577402
0.7396507594247985
0.7391348479510546
0.7386188931195076
0.7381028932671255
0.7375868515494732
0.737070767953917
0.7365546411490239
0.736038471649983
0.7355222611936609
0.7350060069129527
0.7344897131302844
0.7339733764360634
0.7334570001117312
0.7329405815950607
0.7324241240814234
0.73190762465476
0.7313910868016293
0.7308745088623122
0.730357890887226
0.7298412355832838
0.7293245386886413
0.7288078048305823
0.7282910308751084
0.7277742198494033
0.727257371479633
0.7267404841303905
0.726223560931689
0.7257066012452975
0.7251896023481341
0.7246725660147091
0.7241554951738581
0.7236383888517338
0.7231212448337987
0.7226040658012486
0.7220868529546492
0.7215696015651482
0.721052316690437
0.7205349984722793
0.7200176455595474
0.7195002582943012
0.7189828364368034
0.7184653814524185
0.7179478932830601
0.717430372514691
0.7169128178156964
0.7163952311338354
0.7158776115008092
0.7153599592521517
0.7148422767089397
0.714324561978221
0.713806816110623
0.7132890375076363
0.7127712295354492
0.712253390726235
0.7117355213234692
0.7112176221838005
0.7106996929553309
0.7101817344715604
0.7096637447035443
0.7091457282115968
0.7086276815687109
0.7081096071275496
0.7075915030738495
0.7070733707743347
0.7065552116803309
0.7060370247024326
0.705518812071275
0.7050005696109348
0.7044823001463673
0.703964004758728
0.7034456855778405
0.7029273367345653
0.7024089642621172
0.7018905636933277
0.7013721385343921
0.7008536893197145
0.7003352133079402
0.6998167148837288
0.6992981913268971
0.6987796430237686
0.6982610694614668
0.6977424734223745
0.6972238534777796
0.6967052111681494
0.6961865454113727
0.6956678575359945
0.6951491465235667
0.6946304134129676
0.6941116585599043
0.6935928813040456
0.6930740830898379
0.6925552622300456
0.6920364217218226
0.6915175590477043
0.6909986765794411
0.6904797747755519
0.6899608516772506
0.6894419098384931
0.6889229474128137
0.6884039656407277
0.6878849642878659
0.6873659440787102
0.6868469058334863
0.6863278492125306
0.6858087746445449
0.685289681539634
0.6847705715577668
0.6842514415019123
0.683732296278015
0.6832131345064372
0.682693954578602
0.6821747593423497
0.6816555472348599
0.6811363200119515
0.6806170775742091
0.6800978167172108
0.679578541848486
0.6790592514699547
0.6785399479856317
0.6780206287711759
0.6775012938647604
0.6769819475203315
0.6764625839546784
0.6759432086977487
0.6754238206050913
0.6749044188527418
0.6743850039294477
0.6738655752917384
0.6733461358078527
0.6728266822678478
0.6723072181679715
0.6717877416622329
0.6712682522810707
0.6707487527540951
0.6702292442188116
0.6697097215434576
0.669190189686931
0.6686706459591107
0.66815109399349
0.6676315313144419
0.6671119579509542
0.6665923780668006
0.6660727862018702
0.6655531854632445
0.6650335765758331
0.6645139606536256
0.6639943331764673
0.6634746987020502
0.662955057513245
0.6624354077882882
0.661915750567938
0.6613960849690584
0.6608764149805466
0.6603567367186827
0.6598370517345301
0.6593173615111981
0.6587976652722678
0.6582779626765923
0.6577582528588861
0.6572385409248424
0.6567188223193582
0.6561990999420085
0.655679370358345
0.6551596371579756
0.6546398998988435
0.6541201595234238
0.6536004147784523
0.6530806675311005
0.6525609140088572
0.6520411596512972
0.6515214023092147
0.6510016435630753
0.6504818796863597
0.6499621151621691
0.6494423481949918
0.6489225798527293
0.6484028096722492
0.6478830373246746
0.6473632648246219
0.6468434915155328
0.6463237181207807
0.6458039419455092
0.6452841684413335
0.6447643936206485
0.6442446189796182
0.6437248463503025
0.6432050732064497
0.6426853004867223
0.6421655291987044
0.6416457600949499
0.6411259915762944
0.6406062246725096
0.6400864607034243
0.6395666996731677
0.6390469380471252
0.638527181842031
0.6380074299682776
0.6374876785127432
0.6369679308802773
0.6364481856493519
0.635928446389613
0.6354087106423912
0.6348889782118138
0.6343692523428089
0.6338495276312782
0.6333298110720876
0.6328100986576507
0.6322903903512646
0.6317706888924293
0.6312509924694181
0.6307313027899959
0.6302116194312715
0.6296919415325943
0.6291722710064972
0.6286526060176001
0.6281329488657256
0.6276133011426384
0.6270936577945864
0.6265740241294291
0.626054396682947
0.6255347776392561
0.6250151668015064
0.6244955646214024
0.6239759734542495
0.6234563903655969
0.6229368152591269
0.6224172509143217
0.6218976945149254
0.6213781491965349
0.6208586136977863
0.6203390885492851
0.619819574851334
0.6193000701540686
0.6187805779391918
0.6182610961652203
0.6177416251268664
0.6172221670855781
0.6167027194237098
0.6161832830876893
0.6156638621488478
0.615144451442045
0.614625052776422
0.6141056667506198
0.6135862961241015
0.613066937099585
0.6125475913088099
0.6120282588872876
0.6115089425367538
0.6109896392084352
0.6104703476747442
0.6099510744062272
0.6094318136112059
0.6089125709828024
0.6083933388611203
0.6078741235586962
0.6073549255570444
0.6068357408983884
0.606316573580614
0.6057974232547515
0.6052782892864323
0.6047591720819696
0.604240070087397
0.6037209864483509
0.6032019174718501
0.6026828689685145
0.6021638366929359
0.6016448238068162
0.6011258270133185
0.6006068484209831
0.6000878903166094
0.5995689492111764
0.5990500296597444
0.5985311264935576
0.5980122426414859
0.5974933764285
0.5969745341216647
0.5964557100491368
0.5959369064122683
0.5954181225784427
0.5948993583072132
0.5943806160170628
0.5938618965222304
0.5933431952868263
0.5928245155633367
0.5923058577852246
0.5917872217999934
0.5912686084716695
0.5907500173082567
0.5902314482210999
0.5897129018768826
0.589194377844638
0.5886758768435713
0.5881573979250625
0.5876389438030725
0.5871205120025303
0.586602104523646
0.5860837228598014
0.5855653636929303
0.5850470293626758
0.5845287199980305
0.5840104333659095
0.5834921734148599
0.5829739382201544
0.5824557287088741
0.5819375442265763
0.5814193870329126
0.580901253611653
0.5803831484508465
