1025
1.088363023488105
1.0881268783913025
1.0878905793160392
1.0876541134569058
1.08741749097441
1.0871807052202414
1.0869437575246526
1.0867066487677244
1.0864693775302394
1.086231944496283
1.0859943502860143
1.085756587710166
1.0855186712660028
1.0852805890199593
1.085042337749025
1.0848039238219012
1.0845653479179875
1.0843266094493527
1.0840877033155418
1.0838486340905635
1.0836093971040555
1.0833699995556847
1.083130433857437
1.0828907014905653
1.0826508016035412
1.082410739995094
1.0821705079631014
1.0819301121780014
1.0816895451302986
1.0814488142266117
1.0812079153410523
1.0809668456576522
1.0807256133645111
1.080484205135339
1.0802426338871465
1.0800008910662657
1.07975898257014
1.0795169005361833
1.0792746509565867
1.0790322324361008
1.0787896401153558
1.0785468818969834
1.078303950115809
1.0780608502054636
1.0778175761369777
1.0775741337660487
1.0773305129432837
1.0770867304565306
1.0768427691348545
1.0765986356088528
1.076354329767493
1.0761098527246584
1.07586520200449
1.075620376844291
1.075375378060133
1.075130207770874
1.0748848598076441
1.0746393443481663
1.0743936470146194
1.0741477766234826
1.0739017332790295
1.0736555103877836
1.0734091144647733
1.073162546478934
1.0729157961808755
1.0726688733083634
1.072421773436615
1.072174494269901
1.0719270371400054
1.0716794090250927
1.0714315982799623
1.071183611836875
1.0709354485600153
1.0706871022342583
1.070438583265799
1.0701898820018996
1.0699410035022299
1.0696919466945016
1.0694427057648606
1.0691932914992968
1.0689436922018163
1.068693915437704
1.0684439581601168
1.068193819994444
1.0679434971148531
1.0676929978113205
1.0674423140654004
1.0671914499852373
1.0669404055090392
1.0666891789236295
1.066437767262098
1.066186176770344
1.065934399907038
1.0656824416214261
1.065430302053234
1.065177977139713
1.064925467984708
1.0646727756914691
1.064419899814813
1.0641668384484673
1.0639135897860854
1.0636601619861952
1.0634065454972994
1.063152742955722
1.062898756784272
1.0626445880725428
1.062390224754865
1.0621356828469937
1.061880950344381
1.0616260339789148
1.061370927712186
1.061115637227348
1.0608601566389666
1.0606044861057848
1.0603486354056948
1.0600925929233096
1.0598363595275593
1.0595799404868236
1.0593233317429522
1.0590665346914498
1.0588095484988231
1.0585523710790734
1.0582950038278471
1.0580374492971474
1.0577797015025687
1.0575217652389002
1.0572636392004164
1.0570053216558175
1.056746812187513
1.0564881092603182
1.056229220451318
1.0559701362544678
1.0557108619150606
1.0554513917397657
1.0551917332948286
1.0549318811854507
1.0546718357473845
1.0544115985649625
1.0541511638850116
1.053890545040135
1.05362972108887
1.0533687091199224
1.0531075036151165
1.0528461023834093
1.052584506752325
1.0523227155874608
1.052060730425826
1.051798549759009
1.051536173420525
1.051273602438411
1.051010835013158
1.0507478697934007
1.0504847086160232
1.050221352988709
1.0499577975681165
1.0496940501289918
1.0494300995402563
1.0491659536652422
1.0489016142172842
1.0486370728286825
1.0483723352243128
1.0481073969714787
1.0478422582328626
1.0475769286663734
1.0473113918665902
1.0470456624419493
1.0467797314997243
1.0465135991023888
1.0462472705411252
1.0459807381982411
1.0457140074628644
1.045447077753166
1.0451799446953087
1.0449126143146428
1.0446450805914027
1.0443773413985564
1.0441094070791541
1.0438412738879115
1.0435729279959303
1.0433043844920846
1.0430356442223172
1.0427666991723437
1.0424975486674555
1.042228192867138
1.0419586414777988
1.041688884079882
1.0414189219435748
1.0411487517557605
1.0408783854295227
1.0406078116411508
1.0403370324625618
1.0400660516794762
1.0397948647163648
1.0395234722393267
1.0392518744502122
1.0389800687453696
1.038708062445957
1.0384358476301718
1.0381634274061753
1.0378908017461121
1.0376179680849165
1.037344929829244
1.0370716854358137
1.0367982323718736
1.0365245702859414
1.0362507052960943
1.0359766290779167
1.0357023485829113
1.0354278581209873
1.0351531577574387
1.0348782516908608
1.0346031386640775
1.0343278107512988
1.0340522759032866
1.0337765395309744
1.0335005855508483
1.0332244232901011
1.032948054919066
1.032671472109594
1.0323946810802502
1.0321176819816273
1.031840467553235
1.031563042286776
1.031285411986273
1.0310075707430046
1.030729512962238
1.030451247777401
1.0301727656536814
1.0298940781264887
1.0296151725293252
1.0293360586310072
1.0290567345187784
1.0287771923453104
1.0284974409093082
1.0282174752597006
1.0279372971305836
1.027656902766645
1.0273762974967477
1.0270954799630005
1.026814442884162
1.0265331983044772
1.0262517353536627
1.02597006052943
1.02568817057765
1.025406065689758
1.0251237451908297
1.0248412072107902
1.0245584555031093
1.0242754883781438
1.023992306007062
1.0237089082900217
1.0234252919018247
1.0231414614313787
1.0228574128282328
1.0225731463314038
1.02228866591954
1.0220039689509097
1.0217190513943866
1.0214339215826909
1.0211485720710214
1.0208630035244253
1.0205772163667735
1.0202912150058898
1.020004987633747
1.019718546924469
1.0194318865330794
1.0191450082622961
1.0188579079746003
1.018570592139939
1.0182830585542475
1.0179952968628467
1.0177073242757817
1.0174191314193495
1.0171307122170226
1.0168420760172192
1.0165532193457731
1.0162641392920546
1.01597484409704
1.0156853244092123
1.015395584787188
1.0151056231792321
1.0148154398437383
1.0145250355456619
1.0142344077098302
1.0139435632689224
1.0136524909584261
1.0133611944170993
1.0130696799957088
1.0127779390152523
1.0124859783449098
1.012193798047231
1.0119013876162741
1.0116087580638737
1.011315902244902
1.0110228227472196
1.010729527092931
1.0104359977844268
1.0101422460090883
1.0098482756480442
1.0095540743516842
1.0092596502072366
1.0089650013669529
1.0086701259846833
1.0083750284792576
1.0080797064279783
1.0077841548944495
1.007488379353699
1.0071923762475672
1.006896151028713
1.00659969729345
1.0063030171471743
1.006006109932113
1.0057089743961758
1.005411616875409
1.0051140320138001
1.0048162173596333
1.0045181736592055
1.0042199061772954
1.0039214102904885
1.0036226872510803
1.003323731882291
1.003024551384167
1.0027251410607014
1.0024255045286756
1.0021256401133019
1.0018255439279184
1.0015252249591362
1.001224673418682
1.0009238891770182
1.0006228756355704
1.0003216344956811
1.0000201642381776
0.9997184642963018
0.9994165371693261
0.9991143735713836
0.9988119862358171
0.9985093635425832
0.9982065123657249
0.9979034303306974
0.9976001149556897
0.9972965731846954
0.9969927993301245
0.9966887922620182
0.9963845538016497
0.996080081297342
0.9957753815320928
0.9954704479161154
0.9951652815797797
0.9948598831760812
0.9945542503038154
0.9942483910730185
0.9939422951632263
0.9936359678998077
0.9933294043963204
0.9930226107772762
0.9927155830585062
0.9924083192570646
0.9921008240823147
0.9917930977024867
0.9914851343724786
0.9911769337670612
0.9908685066437227
0.9905598423259158
0.9902509427661491
0.9899418060255577
0.9896324411708649
0.9893228365397951
0.9890129974892653
0.988702922389831
0.9883926136548266
0.9880820669958271
0.9877712893055572
0.9874602752054189
0.9871490230701363
0.986837533026718
0.9865258103192357
0.9862138511101651
0.985901656155986
0.9855892212204055
0.9852765508866353
0.9849636482482097
0.9846505025964688
0.9843371249118348
0.9840235059613996
0.9837096494746537
0.9833955588805728
0.9830812310289954
0.9827666625702138
0.9824518573385794
0.9821368137415416
0.9818215321559187
0.9815060108842556
0.9811902553932246
0.980874256554477
0.9805580219316552
0.980241548096911
0.979924833632258
0.9796078789952821
0.9792906909223215
0.9789732595071052
0.9786555865751383
0.978337678625005
0.9780195288315809
0.9777011395612607
0.9773825120301041
0.9770636409282357
0.9767445333035709
0.9764251825688027
0.9761055949391955
0.9757857596323066
0.9754656920178592
0.9751453778161667
0.9748248226567698
0.9745040306766202
0.9741829937864662
0.9738617158857427
0.9735401969943228
0.9732184371866381
0.9728964331709168
0.9725741924368547
0.9722517082403824
0.9719289813740455
0.9716060112484051
0.9712827976288649
0.9709593457995823
0.9706356449599504
0.9703117066451669
0.9699875256308665
0.9696630956566201
0.9693384311655411
0.969013518247755
0.968688362616784
0.9683629677878057
0.968037325934405
0.9677114391165058
0.9673853100374151
0.9670589383721235
0.9667323238013487
0.9664054655576699
0.9660783586651283
0.965751003277357
0.9654234135113934
0.9650955778239071
0.9647674967254167
0.9644391690217518
0.9641105931918709
0.9637817785379469
0.9634527186696233
0.9631234083931547
0.9627938605955014
0.9624640607906583
0.9621340177819641
0.961803727318788
0.9614731951863104
0.9611424119824162
0.9608113891945563
0.9604801138255092
0.9601485968213982
0.9598168310252747
0.9594848239957882
0.9591525662074629
0.9588200617156902
0.9584873097823697
0.9581543133107562
0.9578210678163149
0.957487576072518
0.9571538386608461
0.9568198521246469
0.9564856223166011
0.9561511422428655
0.9558164166458142
0.9554814386006878
0.9551462158444142
0.9548107465970959
0.9544750291866928
0.9541390620531743
0.9538028484358871
0.9534663842513394
0.9531296774061847
0.9527927146345799
0.9524555081853786
0.9521180519592666
0.9517803465523108
0.9514423913868116
0.9511041913860596
0.9507657375917623
0.9504270395817742
0.9500880910111285
0.9497488918042838
0.9494094431889137
0.9490697473877027
0.9487297978450893
0.9483896065037151
0.9480491591388369
0.9477084589978961
0.9473675150935611
0.947026318907944
0.9466848748221358
0.9463431786402265
0.946001228841459
0.9456590325848557
0.9453165857775244
0.9449738896180102
0.9446309402819127
0.9442877425770748
0.9439442970576859
0.9436005940696099
0.9432566425208401
0.9429124395398966
0.942567989782688
0.942223285118879
0.9418783299027117
0.9415331199729055
0.9411876643263595
0.9408419534187064
0.9404959922717899
0.9401497774500435
0.9398033120820221
0.9394565940031343
0.9391096285329543
0.9387624088114447
0.9384149325053175
0.938067210230599
0.9377192320949368
0.9373710030899995
0.9370225200897786
0.9366737847381309
0.9363248000158415
0.9359755573911862
0.9356260672619104
0.9352763208743188
0.934926324077366
0.9345760741109899
0.9342255694100277
0.9338748089729978
0.9335238023681127
0.933172539478621
0.9328210227076069
0.9324692530997907
0.932117227555394
0.931764948509112
0.9314124178237637
0.9310596354407898
0.9307065989871964
0.9303533064797621
0.9299997581017313
0.9296459592333027
0.929291906536002
0.9289375966289093
0.9285830329990726
0.928228219811253
0.9278731488774947
0.9275178225195049
0.9271622414842788
0.9268064073683201
0.9264503199149159
0.9260939745549862
0.9257373764150302
0.9253805266667916
0.92502341968176
0.9246660550496264
0.9243084381482587
0.9239505674331236
0.9235924377313394
0.9232340527824503
0.9228754149325361
0.9225165253713384
0.9221573713014966
0.9217979730031014
0.9214383114193545
0.9210783961397652
0.9207182259092651
0.9203578011499546
0.9199971157399001
0.9196361777457018
0.9192749846610109
0.9189135373137925
0.9185518305720175
0.9181898706679565
0.9178276541317234
0.9174651803068973
0.9171024509608987
0.9167394645462148
0.916376219831209
0.9160127225612424
0.9156489680260016
0.9152849546726757
0.9149206862447655
0.9145561646566954
0.9141913791305313
0.9138263455192107
0.9134610490720848
0.9130955030293887
0.9127296929300067
0.912363628016866
0.9119973061628823
0.9116307289487059
0.9112638905687197
0.9108967997613449
0.9105294489476865
0.9101618428374642
0.9097939783497211
0.909425859169841
0.9090574803314457
0.9086888414152834
0.9083199493116614
0.9079507966530054
0.9075813927957629
0.9072117267833535
0.9068418032159173
0.9064716221119691
0.9061011831671382
0.9057304885558138
0.9053595315289144
0.9049883214179787
0.9046168554493469
0.9042451262471963
0.9038731419727831
0.9035008976603507
0.903128396108187
0.9027556363879232
0.9023826217694445
0.9020093434365704
0.9016358101018087
0.9012620194264984
0.9008879725913439
0.9005136653525517
0.9001390969343166
0.8997642726150143
0.8993891886705511
0.8990138442532256
0.8986382484273072
0.8982623887206617
0.8978862740773703
0.8975098977072001
0.8971332661431518
0.8967563745902
0.896379220395718
0.896001809833558
0.8956241424817408
0.895246218445034
0.8948680287862529
0.8944895876291767
0.8941108833317553
0.8937319200317216
0.8933527022628909
0.8929732184358715
0.8925934798519767
0.8922134838461858
0.8918332289059224
0.8914527120314955
0.8910719366043123
0.8906909037898013
0.8903096080251435
0.8899280588167809
0.8895462487612645
0.8891641780901135
0.8887818475455898
0.8883992569295054
0.8880164109025293
0.8876333030774537
0.8872499396945892
0.8868663105969095
0.8864824287152949
0.8860982815168361
0.8857138790419162
0.8853292175784698
0.884944297053047
0.8845591093690897
0.8841736735310729
0.883787970848351
0.8834020103010657
0.8830157911319213
0.8826293093844084
0.8822425720072815
0.8818555738171001
0.881468318575953
0.8810808029375251
0.8806930223335176
0.880304987085369
0.8799166910361167
0.879528133105525
0.8791393190599247
0.8787502452133422
0.8783609086349341
0.8779713149051773
0.8775814607104786
0.8771913478264114
0.8768009748155827
0.8764103425005599
0.876019449043296
0.8756282949767045
0.8752368829208746
0.8748452086564343
0.8744532787062194
0.874061082656386
0.8736686358986052
0.8732759223205615
0.8728829499213745
0.8724897203515597
0.8720962292245162
0.8717024782964273
0.8713084713956548
0.8709141995273761
0.8705196675620305
0.870124879947288
0.8697298308501631
0.8693345190793
0.8689389507565302
0.8685431200586053
0.8681470312871941
0.8677506818870584
0.8673540760676421
0.8669572077394591
0.8665600764059849
0.8661626872325381
0.865765043942968
0.8653671327789096
0.8649689648149583
0.8645705362870594
0.8641718516899257
0.863772904626797
0.863373695562512
0.8629742282493735
0.8625745019312274
0.8621745133494849
0.861774269568302
0.8613737614240805
0.8609729971371011
0.860571970050485
0.8601706862742835
0.8597691396135825
0.8593673366328967
0.8589652707364235
0.858562945567004
0.8581603623153874
0.8577575147359369
0.857354413475681
0.8569510488053794
0.8565474277867697
0.8561435446782808
0.8557394007138233
0.85533499998259
0.8549303361150375
0.8545254109638166
0.8541202313995059
0.8537147938998176
0.8533090924259791
0.8529031302744736
0.8524969119500312
0.8520904330911385
0.8516836911284458
0.851276697033695
0.8508694403311323
0.8504619215918281
0.850054143821057
0.8496461072682261
0.8492378126008191
0.8488292574161456
0.8484204425375924
0.8480113673151058
0.8476020348113557
0.8471924416751943
0.8467825904298307
0.8463724810255333
0.8459621089433543
0.8455514784199974
0.8451405887997384
0.8447294430648274
0.844318035114617
0.8439063683635553
0.8434944429176993
0.8430822574360849
0.8426698133804912
0.842257109584289
0.84184415078922
0.8414309278723667
0.8410174486186875
0.8406037087195417
0.8401897124215993
0.8397754575707318
0.8393609412367099
0.8389461667487009
0.8385311296715189
0.8381158395815116
0.8377002909215505
0.8372844819305509
0.836868408645464
0.8364520842470563
0.8360354958947589
0.8356186547309198
0.83520155292013
0.8347841900150751
0.8343665728373666
0.8339486921868003
0.8335305544762711
0.83311215954423
0.832693509149639
0.8322745976184364
0.83185542856862
0.8314359997779659
0.8310163134117495
0.8305963677352937
0.8301761650937806
0.8297557039987737
0.829334984237713
0.8289140078515853
0.828492772081266
0.8280712814656485
0.8276495298381884
0.8272275229833491
0.8268052570471066
0.8263827308790014
0.8259599497132035
0.8255369082277625
0.8251136113268563
0.824690056735622
0.8242662456730918
0.8238421767680034
0.8234178491061094
0.8229932640751764
0.8225684209410873
0.8221433216870615
0.8217179636091454
0.8212923537648023
0.8208664822101409
0.8204403526860338
0.8200139690461206
0.8195873255692626
0.8191604265362257
0.8187332686981406
0.8183058523113399
0.8178781854480407
0.8174502589762176
0.8170220763509654
0.816593633386962
0.8161649362716058
0.8157359851498228
0.8153067718699004
0.814877309090237
0.8144475857229769
0.8140176043820032
0.8135873678005237
0.8131568753504711
0.8127261287525535
0.8122951221923008
0.8118638636756729
0.8114323456942933
0.8110005731626981
0.8105685471957185
0.8101362630291763
0.8097037184057018
0.809270925048021
0.808837872973558
0.8084045682010319
0.8079710035721497
0.8075371852344705
0.8071031134180228
0.8066687798232994
0.8062341968384481
0.8057993581422994
0.8053642627600935
0.8049289086869853
0.8044933068999881
0.8040574476823117
0.8036213308963012
0.8031849607452505
0.8027483364506486
0.8023114597156209
0.8018743228543763
0.8014369347568996
0.8009992923581906
0.8005613931899703
0.8001232394858468
0.799684832802105
0.7992461752920186
0.7988072563922469
0.7983680865687905
0.797928660452786
0.7974889855504024
0.7970490552108567
0.7966088704613358
0.7961684298360862
0.7957277369794353
0.7952867881751688
0.7948455920678424
0.7944041375020667
0.7939624298892995
0.7935204660662551
0.7930782548704588
0.7926357870413558
0.7921930669963989
0.7917500933998741
0.7913068673746809
0.7908633901576351
0.7904196582214353
0.789975673393487
0.7895314346304293
0.7890869485056228
0.7886422037036651
0.7881972092838218
0.7877519627020881
0.7873064605809942
0.786860708657438
0.7864147060937494
0.7859684506031408
0.7855219414281425
0.78507518266847
0.7846281724059552
0.784180908552653
0.7837333915300214
0.7832856297861739
0.7828376105992098
0.7823893367917205
0.781940817747563
0.781492046367037
0.7810430266780677
0.7805937508993228
0.7801442253296199
0.7796944508716911
0.7792444211781809
0.7787941483757631
0.7783436181398117
0.7778928390937682
0.7774418124688549
0.7769905325805135
0.7765390040212178
0.7760872238387614
0.7756351932845116
0.7751829147550876
0.7747303845798992
0.7742776078417976
0.7738245794612425
0.773371296892245
0.7729177715805826
0.7724639924945306
0.7720099678747465
0.7715556936705765
0.7711011704006855
0.7706463979604189
0.770191371844484
0.7697360988390282
0.769280579844934
0.7688248091489677
0.7683687938240449
0.7679125272354181
0.7674560128970891
0.7669992501715717
0.7665422372474552
0.7660849800360174
0.765627471302167
0.7651697166143376
0.7647117152271772
0.7642534631077287
0.7637949666968002
0.763336224005124
0.7628772270669392
0.7624179877330107
0.7619585024304174
0.7614987707020604
0.7610387867772203
0.7605785595700484
0.7601180864327417
0.7596573671453175
0.7591963964538336
0.7587351820166371
0.758273726629839
0.7578120169695114
0.7573500659632415
0.7568878621069258
0.7564254226205409
0.7559627339277044
0.7554997959822789
0.7550366176837122
0.754573190976729
0.7541095173720087
0.7536455985411001
0.753181434272833
0.7527170286437006
0.7522523752514273
0.7517874824620498
0.7513223386778922
0.7508569532731528
0.750391320144319
0.7499254470885056
0.7494593297471936
0.7489929642235945
0.7485263583285744
0.7480595029187962
0.7475924093161894
0.7471250720015752
0.7466574956215934
0.7461896666459772
0.7457215979059089
0.7452532851936245
0.744784730884342
0.7443159357806568
0.7438468949506418
0.743377607531278
0.7429080837686657
0.7424383171737079
0.7419683075162042
0.7414980556027704
0.7410275599881849
0.7405568223871074
0.7400858435520234
0.7396146227474667
0.7391431613265408
0.7386714582762731
0.7381995161632525
0.737727329888931
0.7372549051671605
0.7367822383548333
0.7363093267003025
0.7358361778751992
0.7353627877150762
0.734889156172119
0.7344152887607699
0.7339411774014615
0.733466826807522
0.7329922357126797
0.7325174058970244
0.7320423333419489
0.7315670259684054
0.7310914746948275
