1025
1.5932660306104387
1.5930388203426356
1.592811462038365
1.5925839579177399
1.592356305813
1.5921285068631135
1.5919005606358065
1.5916724667191235
1.5914442252760757
1.5912158358980357
1.5909872983606241
1.5907586137669405
1.5905297791866266
1.590300796765697
1.5900716669311208
1.5898423881599648
1.5896129602756626
1.58938338308777
1.589153657468719
1.5889237823052678
1.588693758315307
1.588463583911403
1.5882332603891203
1.5880027872619107
1.5877721644939058
1.587541390847712
1.5873104676772505
1.5870793935704088
1.586848169883494
1.5866167948412253
1.5863852690876838
1.5861535930249802
1.5859217648253556
1.5856897869261202
1.5854576566303384
1.5852253753351244
1.5849929418163153
1.5847603573086866
1.5845276205221075
1.5842947314590405
1.5840616909622438
1.5838284971937069
1.5835951515841284
1.5833616527447822
1.5831280017824911
1.5828941972742545
1.5826602410703103
1.5824261296611555
1.5821918661650987
1.581957449147466
1.581722878494437
1.581488153639544
1.5812532750160266
1.5810182424784314
1.5807830557589366
1.5805477141334987
1.5803122187306744
1.5800765673164243
1.5798407625001563
1.5796048023781328
1.5793686867371506
1.579132416658981
1.5788959906444684
1.578659408364657
1.5784226715689775
1.5781857782324964
1.5779487289512777
1.5777115239997754
1.5774741629470241
1.5772366442287031
1.5769989698920106
1.5767611384036448
1.5765231497907957
1.5762850050888135
1.5760467020050983
1.5758082422782418
1.5755696247311988
1.5753308493421425
1.5750919170860038
1.5748528256124654
1.5746135770550858
1.5743741697109563
1.5741346039794126
1.5738948797872006
1.5736549975468639
1.5734149555603314
1.5731747551915158
1.5729343953463009
1.5726938759736675
1.572453197138604
1.572212359167764
1.5719713607512946
1.5717302030681484
1.571488885011866
1.5712474063192845
1.5710057676038334
1.570763968464285
1.5705220084941252
1.570279887552096
1.5700376057764498
1.569795163335734
1.569552558574781
1.5693097929061675
1.5690668658250497
1.5688237765841986
1.5685805247544569
1.568337112484565
1.5680935365260589
1.5678497989293791
1.5676058982611933
1.567361835357174
1.5671176091312469
1.5668732202616849
1.5666286687675106
1.5663839524353158
1.5661390732514604
1.5658940309721678
1.565648824276172
1.56540345383694
1.5651579191311513
1.5649122200886967
1.5646663569625985
1.5644203292737544
1.5641741363295327
1.563927779058028
1.5636812563742477
1.5634345682331554
1.5631877149092244
1.5629406962240306
1.5626935121614012
1.5624461612162563
1.5621986449000593
1.561950962107947
1.561703113674073
1.5614550979621404
1.5612069157841235
1.5609585668727806
1.5607100506749918
1.5604613682029747
1.5602125166157224
1.5599634997939502
1.5597143141744982
1.559464960623818
1.5592154394279538
1.5589657500878844
1.5587158925926925
1.5584658664764208
1.5582156719026587
1.5579653085057374
1.557714776000464
1.5574640745751405
1.5572132042242528
1.5569621643577578
1.5567109545220494
1.5564595756356572
1.5562080258395883
1.5559563071008562
1.5557044178126662
1.5554523573589674
1.5552001270953002
1.554947725794407
1.5546951541072556
1.5544424117684883
1.5541894967101122
1.5539364119296857
1.5536831543187197
1.5534297254879335
1.553176125189958
1.552922352113434
1.5526684076197839
1.552414290481403
1.5521600005385021
1.551905538413986
1.5516509027537495
1.5513960946434793
1.551141114115787
1.5508859590762356
1.5506306299294736
1.5503751292840273
1.5501194539048107
1.5498636034853452
1.5496075793166084
1.5493513813526518
1.549095009404395
1.5488384612686297
1.548581738923361
1.5483248417554718
1.5480677702897458
1.5478105219612903
1.5475530988120407
1.5472955001767776
1.547037725101832
1.5467797743810385
1.546521647570281
1.5462633444539022
1.5460048653537612
1.5457462086368103
1.5454873755501806
1.5452283654434598
1.5449691779451102
1.54470981343358
1.5444502710640464
1.5441905508537257
1.543930653133302
1.5436705778135877
1.5434103234015522
1.543149891349184
1.5428892800671266
1.5426284905316592
1.5423675224445466
1.5421063748124617
1.541845047636377
1.5415835423263802
1.5413218570816025
1.5410599906239781
1.5407979458948924
1.540535720891215
1.540273314929061
1.5400107294504621
1.539747963086082
1.5394850154751847
1.5392218879651314
1.5389585793772742
1.5386950884027355
1.5384314159724721
1.5381675629943892
1.537903527429409
1.5376393109742463
1.5373749111646389
1.537110330250618
1.5368455661326526
1.5365806189201079
1.5363154900201166
1.5360501774551802
1.5357846819601506
1.5355190030512358
1.5352531412338948
1.534987095188996
1.534720865063449
1.534454452032057
1.5341878535263294
1.5339210714650822
1.5336541043396221
1.5333869526574075
1.5331196161275293
1.5328520946518946
1.5325843883691046
1.532316496381305
1.5320484188367853
1.5317801554066066
1.5315117059525223
1.5312430709386609
1.5309742491826608
1.5307052413495708
1.5304360470679463
1.5301666655230262
1.5298970968655816
1.529627341735148
1.5293573982867303
1.5290872677872005
1.5288169498702542
1.5285464442771608
1.5282757498651423
1.5280048688011725
1.527733798365583
1.5274625395836103
1.527191091885954
1.5269194558873744
1.526647630153173
1.5263756148547565
1.5261034118145194
1.5258310174631051
1.525558433413667
1.5252856606560687
1.5250126971349331
1.52473954330828
1.5244661995908668
1.5241926641579253
1.5239189384978276
1.5236450216623032
1.5233709138066913
1.5230966145597287
1.522822123748663
1.5225474415326532
1.5222725664103443
1.5219975002920307
1.5217222423329584
1.5214467910401221
1.521171147923525
1.5208953114537138
1.5206192813300854
1.5203430594712388
1.520066643464163
1.5197900345167517
1.5195132319120808
1.5192362340096877
1.5189590438696146
1.5186816593105228
1.5184040792046931
1.5181263058019392
1.5178483373424885
1.517570173908061
1.5172918157265987
1.5170132616537109
1.5167345119981048
1.5164555675176485
1.5161764268367062
1.5158970905711822
1.5156175574331745
1.5153378283813832
1.5150579028084958
1.5147777806705494
1.5144974619729412
1.5142169453011372
1.5139362314707678
1.5136553207473595
1.513374212816512
1.5130929063263139
1.5128114020759036
1.5125296995694053
1.5122477996177044
1.511965700623964
1.5116834032097346
1.511400906573869
1.5111182107984527
1.5108353163246362
1.5105522213646543
1.5102689274460859
1.5099854345113533
1.5097017416575629
1.509417848285226
1.5091337544947858
1.5088494602464868
1.5085649648131434
1.5082802698159101
1.5079953725244848
1.507710274959768
1.5074249755960447
1.5071394747503595
1.5068537726285351
1.5065678677221723
1.5062817608442847
1.505995452109268
1.5057089408445885
1.5054222274891196
1.5051353103466405
1.5048481906064026
1.504560867810949
1.5042733415920608
1.5039856122930646
1.5036976780206674
1.5034095405938546
1.5031211988528144
1.5028326534501646
1.5025439029933294
1.5022549480865957
1.5019657888718654
1.50167642420464
1.501386853907661
1.5010970788238638
1.5008070988835525
1.5005169116583905
1.5002265191747979
1.499935920740071
1.4996451165107132
1.4993541045545424
1.4990628869166074
1.49877146233056
1.4984798309485716
1.4981879920648062
1.4978959462650174
1.4976036921151705
1.497311230299102
1.497018561021998
1.4967256840078347
1.4964325980587845
1.4961393037003332
1.4958458005672117
1.4955520892679368
1.4952581687530415
1.4949640381087739
1.4946696993081168
1.4943751499631277
1.4940803916575691
1.493785423482581
1.4934902445350675
1.4931948552120073
1.492899255984506
1.4926034458791548
1.492307425005235
1.492011193087898
1.4917147502262955
1.491418095168721
1.491121229467157
1.490824151441305
1.4905268615428031
1.4902293598726026
1.4899316460745513
1.4896337186897561
1.4893355794241636
1.48903722767709
1.4887386620083993
1.4884398835358383
1.4881408916103849
1.4878416857463892
1.487542266750547
1.4872426330901647
1.4869427858261028
1.4866427235880888
1.4863424481323808
1.4860419563668321
1.4857412509039138
1.485440330290526
1.4851391936371703
1.4848378422962167
1.4845362752574467
1.484234492317541
1.4839324932747333
1.4836302785161508
1.4833278464286732
1.4830251981010263
1.4827223331770243
1.4824192515804349
1.4821159531075334
1.4818124365125722
1.4815087037585823
1.4812047523562053
1.4809005830951614
1.4805961969998516
1.4802915910756351
1.4799867678017509
1.4796817258356239
1.4793764643060614
1.4790709845775778
1.4787652859632312
1.4784593677891207
1.4781532298812685
1.47784687210965
1.4775402944127591
1.4772334975325052
1.4769264812723766
1.4766192426292801
1.476311783704339
1.4760041041532157
1.4756962039635413
1.4753880833174093
1.4750797401234679
1.4747711754436696
1.47446239011014
1.4741533813547096
1.4738441518452106
1.4735346996504495
1.4732250253107346
1.472915127602115
1.4726050081344588
1.4722946644529096
1.4719840988373432
1.4716733089727827
1.4713622960520958
1.4710510584309986
1.4707395977824524
1.4704279130068978
1.4701160041039214
1.4698038702869285
1.4694915122847758
1.4691789292447541
1.4688661209226328
1.4685530878444806
1.4682398285489944
1.4679263442463708
1.4676126337830437
1.4672986983082612
1.4669845361108749
1.4666701474405142
1.4663555322461035
1.4660406907573253
1.465725622079937
1.4654103268245602
1.4650948032192161
1.4647790536329977
1.4644630755995036
1.4641468699014122
1.463830436416772
1.4635137749354803
1.463196884326934
1.462879766158842
1.4625624183135468
1.4622448418445313
1.4619270366051522
1.461609002053256
1.4612907376915787
1.4609722445007887
1.4606535199293766
1.46033456663055
1.4600153837436487
1.459695969228398
1.459376324687405
1.4590564489063897
1.4587363426560194
1.458416005924517
1.4580954370972277
1.4577746369010864
1.4574536047037987
1.4571323413200514
1.4568108453837258
1.4564891166413514
1.456167156816062
1.455844963948219
1.4555225383848842
1.455199879001839
1.4548769872449263
1.4545538620153386
1.4542305039626595
1.4539069110880953
1.4535830850907738
1.4532590247303865
1.4529347305370552
1.452610201718349
1.452285438389701
1.4519604394753272
1.4516352059601432
1.4513097381821767
1.4509840338292257
1.4506580947154692
1.4503319195564828
1.4500055087986803
1.4496788619470606
1.4493519782786428
1.4490248591279353
1.44869750231219
1.448369909472044
1.4480420790227124
1.4477140115436824
1.4473857070147083
1.447057165427742
1.4467283847373844
1.4463993667715007
1.4460701108104679
1.4457406164045257
1.4454108840914661
1.4450809131005415
1.4447507028951847
1.4444202533284407
1.4440895645758256
1.4437586369429734
1.4434274701217036
1.443096062829133
1.4427644156024966
1.442432528902525
1.4421004017672823
1.4417680333021923
1.4414354248516532
1.4411025757209586
1.440769485627302
1.4404361540727495
1.440102580854506
1.439768766756764
1.4394347105563159
1.4391004117295487
1.4387658712649667
1.4384310890945033
1.4380960638607185
1.437760795763339
1.4374252855549858
1.4370895323557349
1.436753535521937
1.436417294576472
1.436080811828457
1.4357440831816577
1.435407112085118
1.4350698965512891
1.4347324365527716
1.4343947319482275
1.4340567835590206
1.4337185897592104
1.4333801507518897
1.4330414662639264
1.4327025370091002
1.4323633616597393
1.432023940695132
1.4316842740214748
1.4313443610773744
1.4310042020248266
1.4306637969373555
1.4303231443754796
1.4299822452448858
1.4296410994820772
1.4292997063070974
1.4289580650475553
1.4286161776992847
1.4282740409435626
1.427931657438872
1.4275890244773728
1.4272461445887865
1.4269030158582034
1.426559638562466
1.4262160120849543
1.4258721374203336
1.4255280126241636
1.425183639112494
1.4248390156972441
1.4244941427753963
1.42414901942347
1.4238036464684094
1.4234580238426098
1.4231121499350152
1.4227660259810888
1.4224196500442325
1.4220730240012305
1.4217261468468123
1.421379018328224
1.4210316383045305
1.4206840062030228
1.4203361231379321
1.419987987159473
1.4196395985450214
1.4192909585503808
1.4189420654287037
1.418592919925574
1.4182435213746722
1.4178938697188819
1.4175439641463778
1.417193806166397
1.4168433939165666
1.4164927276915655
1.4161418070564706
1.4157906326543213
1.4154392044472663
1.4150875211793577
1.4147355834349238
1.4143833912543997
1.4140309426108888
1.413678239761591
1.4133252807940473
1.412972066779452
1.412618596348146
1.4122648702556089
1.4119108887688305
1.4115566505129522
1.411202155395309
1.4108474032084306
1.4104923955757152
1.4101371293915903
1.409781606877377
1.4094258270418243
1.4090697887869632
1.4087134941560913
1.4083569408425223
1.4080001291513515
1.4076430591583027
1.4072857312878473
1.4069281447439699
1.40657029909183
1.4062121951967035
1.405853831100293
1.405495207984463
1.40513632568102
1.4047771838695646
1.4044177823418094
1.404058120061145
1.4036981980739505
1.403338015016354
1.4029775726657294
1.4026168683587992
1.4022559043038552
1.401894678362558
1.4015331911434754
1.40117144243259
1.4008094336650443
1.400447160906751
1.4000846276272776
1.3997218319977225
1.399358773860592
1.3989954539306373
1.3986318705618441
1.3982680245900516
1.3979039152205965
1.3975395428837827
1.3971749082377634
1.3968100091403184
1.3964448466208095
1.3960794206608769
1.3957137299922528
1.3953477752359744
1.3949815566611263
1.3946150730613607
1.394248324935484
1.3938813117336888
1.3935140335465728
1.3931464901115596
1.3927786815033407
1.3924106074987026
1.392042267458713
1.3916736619588697
1.391304789602448
1.3909356522562841
1.3905662466722029
1.3901965759150763
1.3898266381502575
1.389456433009878
1.3890859610258186
1.3887152218474468
1.388344214402575
1.3879729404366812
1.3876013986472282
1.3872295881231245
1.3868575098341767
1.3864851637792894
1.3861125486123809
1.385739665339317
1.3853665129130819
1.384993091611897
1.3846194005471457
1.384245440713108
1.3838712119725483
1.3834967132219358
1.3831219435469542
1.3827469054629582
1.3823715965883796
1.3819960175807096
1.381620167332617
1.381244046938281
1.3808676561700155
1.380490994069502
1.3801140606661348
1.3797368564253516
1.3793593797627717
1.3789816323564326
1.3786036123961396
1.3782253210281594
1.3778467569071977
1.3774679210267606
1.3770888120248144
1.376709430924232
1.376329776966356
1.3759498496066005
1.3755696500807542
1.3751891759922668
1.37480842911382
1.3744274079830066
1.3740461134807536
1.373664545196533
1.3732827021846952
1.3729005855384138
1.3725181947635272
1.3721355282786847
1.3717525866678517
1.371369370968541
1.3709858802639758
1.370602113705923
1.3702180717800687
1.3698337549425461
1.3694491608778812
1.3690642914595843
1.3686791463614334
1.368293724932902
1.3679080268869244
1.3675220520193248
1.3671358005890288
1.3667492722576429
1.366362466967001
1.3659753840585058
1.3655880239539768
1.3652003860386432
1.3648124701383473
1.3644242769794566
1.3640358056789401
1.3636470559771532
1.3632580273725396
1.3628687207448213
1.3624791353499517
1.362089270999159
1.3616991278008417
1.3613087052904917
1.3609180035221702
1.3605270214751966
1.3601357607104836
1.3597442196131662
1.359352398809175
1.3589602973895463
1.3585679155485366
1.3581752537833491
1.357782311207617
1.3573890885525404
1.356995583840279
1.3566017979775158
1.3562077311550542
1.3558133839537843
1.3554187537152838
1.3550238428255375
1.3546286487974637
1.3542331731539263
1.3538374158100888
1.3534413752246306
1.3530450530696372
1.3526484479827445
1.3522515598101683
1.351854388052041
1.3514569336924003
1.3510591958930067
1.3506611748156536
1.3502628700534547
1.3498642816673359
1.3494654091446394
1.3490662525863448
1.3486668118854057
1.348267086489775
1.3478670768265006
1.347466781798798
1.347066202506994
1.3466653377343467
1.3462641879234463
1.34586275330509
1.3454610326338037
1.3450590268619156
1.3446567348261778
1.3442541568538682
1.3438512925354127
1.3434481420642983
1.343044705408787
1.3426409821370187
1.342236972324791
1.3418326754234486
1.3414280917334311
1.3410232198457572
1.3406180615080452
1.3402126158114411
1.3398068819196987
1.3394008608142998
1.3389945514550314
1.3385879543338257
1.3381810693665535
1.3377738947394506
1.3373664320983076
1.336958680713654
1.3365506411510046
1.3361423121022622
1.3357336934583062
1.3353247865479263
1.3349155888887059
1.3345061023991138
1.3340963265374925
1.3336862605491222
1.3332759044509779
1.332865257775957
1.332454321540778
1.332043093959432
1.3316315764489213
1.3312197678507607
1.330807667915427
1.3303952772953496
1.32998259636778
1.3295696227275158
1.329156358121492
1.3287428013327767
1.328328953574566
1.3279148134782104
1.3275003809290011
1.327085657349398
1.3266706402282806
1.3262553306771183
1.3258397287387205
1.3254238347110079
1.3250076462048894
1.3245911650505886
1.3241743911603585
1.3237573236573832
1.3233399623630595
1.3229223069866864
1.3225043587920193
1.3220861159529442
1.3216675789866654
1.3212487481990576
1.3208296230339023
1.3204102030095577
1.3199904876413964
1.31957047884537
1.3191501744702117
1.3187295753479318
1.3183086800113406
1.317887489494938
1.3174660035746701
1.3170442224002017
1.3166221450736066
1.316199772225967
1.31577710208502
1.3153541366641814
1.314930874749249
1.3145073168888521
1.3140834612155368
1.3136593094119688
1.3132348605044974
1.3128101145420175
1.312385071270756
1.3119597303519577
1.311534092270791
1.3111081565854383
1.31068192338709
1.3102553912486818
1.3098285622367156
1.3094014345254428
1.3089740084422867
1.3085462845166074
1.3081182615840936
1.3076899395504267
1.3072613188758373
1.3068323995243523
1.306403180564774
1.3059736623054021
1.3055438449824592
1.3051137284202932
1.304683310827422
1.3042525945902923
1.3038215790591838
1.3033902622498694
1.3029586454617343
1.302526727729669
1.3020945105529336
1.3016619925198372
1.3012291733629926
1.3007960541547086
1.300362632475713
1.2999289109200605
1.2994948878370307
1.2990605627486094
1.2986259367019963
1.298191008682107
1.2977557790955137
1.297320247643069
1.296884413748362
1.2964482780307136
1.2960118392805227
1.29557509850405
1.2951380560059058
1.2947007094874476
1.2942630609751882
1.293825108739363
1.2933868534212656
1.2929482949142659
1.2925094330569684
1.2920702686028718
1.291630800163808
1.291191027426461
1.2907509514364766
1.290310570636262
1.28986988628363
1.2894288975469714
1.2889876044484128
1.2885460072280528
1.2881041046340307
1.2876618980044852
1.2872193860358747
1.286776568914295
1.286333447233589
1.285890019619114
1.2854462864458207
1.2850022490779933
1.2845579051117952
1.2841132551806356
1.283668299203583
1.2832230382665513
1.282777470518216
1.2823315963038977
1.281885415664699
1.281438929495131
1.28099213612678
1.2805450350026737
1.280097628556554
1.279649914241215
1.2792018941094883
1.2787535647365833
1.2783049287361181
1.2778559859183618
1.2774067345261444
1.2769571759990925
1.2765073099068969
1.2760571358899822
1.2756066538592297
1.2751558629091888
1.274704764204474
1.2742533560782499
1.2738016405714736
1.2733496158711992
1.2728972830135479
1.2724446403849792
1.2719916888003298
1.2715384288118468
1.2710848588853556
1.2706309806545493
1.2701767919379536
1.269722293645778
1.2692674846957792
1.2688123677063852
1.268356940120387
1.2679012026563377
1.2674451546672127
1.266988795973396
1.266532127479885
1.266075149190683
1.2656178590745126
1.2651602582929447
1.2647023467654845
1.264244124269477
1.2637855910184508
1.2633267465755704
1.2628675907101208
1.262408123439446
1.2619483444510575
1.261488253850575
1.2610278510748052
1.2605671369597276
1.2601061103739457
1.2596447718996686
1.259183122002965
1.2587211591296636
1.258258883928413
1.2577962963946303
1.2573333953585222
1.2568701823061053
1.2564066562481235
1.255942817311873
1.2554786651140615
1.2550142002739444
1.254549421238869
1.2540843296644117
