1025
0.6472795454212033
0.647666527273093
0.6480532840375836
0.6484398083557145
0.6488261051050905
0.649212169896807
0.6495980027952976
0.6499836037662945
0.6503689711360913
0.6507541049138926
0.651139004515875
0.6515236657123278
0.6519080954824855
0.6522922866115843
0.6526762367672002
0.653059949038488
0.6534434226736451
0.6538266570634654
0.6542096485583222
0.6545923990947445
0.6549749054778551
0.6553571709623376
0.6557391907090497
0.6561209649072163
0.6565024924702992
0.6568837756294841
0.6572648094680446
0.6576455967053954
0.6580261323206696
0.6584064201500129
0.6587864571792439
0.659166241050377
0.659545775724685
0.6599250531635991
0.6603040796947344
0.6606828502506102
0.6610613670081861
0.6614396253473677
0.6618176276732811
0.6621953727826678
0.6625728570950501
0.6629500845908272
0.6633270499834557
0.6637037560557795
0.6640801984221317
0.6644563799041708
0.6648322940991803
0.6652079496297725
0.6655833365642587
0.6659584577152123
0.6663333121416821
0.6667079003007597
0.6670822197203448
0.6674562696119666
0.6678300494907313
0.6682035602302343
0.6685767973841147
0.6689497660222447
0.669322457653444
0.6696948763702346
0.6700670215270556
0.6704388889108002
0.6708104815392218
0.6711817990455373
0.6715528353657901
0.671923594911405
0.6722940748370387
0.6726642731216064
0.6730341897613478
0.6734038279260094
0.6737731806572426
0.6741422510136929
0.6745110377212331
0.6748795366370813
0.6752477529835432
0.6756156806400755
0.6759833216956876
0.6763506749744574
0.6767177365303337
0.6770845117237468
0.6774509933455878
0.6778171849388742
0.6781830841359763
0.6785486899382099
0.6789139999967653
0.6792790177966972
0.6796437382525784
0.6800081632861695
0.680372291723413
0.680736122192287
0.6810996525649766
0.6814628852404574
0.6818258157017825
0.682188445819958
0.6825507750741833
0.6829128005496188
0.6832745220948044
0.6836359396187657
0.683997052300694
0.6843578585306291
0.6847183565763324
0.685078549790687
0.6854384331074516
0.6857980065587315
0.6861572710618612
0.686516226606087
0.686874865914764
0.6872331967898896
0.687591212337273
0.687948915242357
0.6883063020302332
0.6886633743740824
0.6890201292672389
0.6893765652766961
0.6897326874223189
0.6900884889410502
0.6904439691840712
0.6907991306787576
0.6911539702423031
0.6915084881074381
0.6918626832562784
0.6922165536953439
0.692570099526711
0.6929233214557065
0.6932762156292518
0.6936287838024829
0.6939810249383459
0.6943329369166312
0.6946845190433066
0.6950357701289049
0.6953866930894627
0.695737282490474
0.6960875401116869
0.6964374624267766
0.6967870527066535
0.6971363074636392
0.6974852262104092
0.697833809219895
0.6981820523775734
0.6985299624102084
0.6988775271899234
0.6992247554530947
0.6995716435070738
0.6999181892851251
0.7002643929278395
0.700610253233403
0.7009557702299609
0.7013009421645418
0.7016457688969173
0.7019902499001488
0.7023343833767118
0.7026781681120979
0.703021604517869
0.7033646925695307
0.7037074284112034
0.7040498160262257
0.7043918486729186
0.7047335295220976
0.7050748590597145
0.7054158322645464
0.705756451278412
0.7060967129929463
0.7064366169459879
0.7067761676109919
0.7071153553413064
0.7074541876132678
0.7077926585944173
0.7081307677402533
0.7084685175072594
0.7088059027365291
0.7091429256218813
0.7094795853561195
0.7098158789360118
0.7101518088957576
0.7104873708577368
0.71082256355479
0.711157391495165
0.7114918523669228
0.7118259375293546
0.7121596548181266
0.7124930037502624
0.7128259795272864
0.7131585809821441
0.7134908073132388
0.7138226635245619
0.7141541426894106
0.7144852453283694
0.7148159686926778
0.7151463187064593
0.715476288322718
0.7158058781768095
0.716135089692397
0.7164639192905745
0.7167923669960576
0.717120432137123
0.7174481125319683
0.7177754114587849
0.7181023242092613
0.7184288512693685
0.7187549924303666
0.719080745356665
0.7194061111306995
0.7197310884408186
0.7200556750758026
0.720379869973695
0.7207036761054086
0.7210270880903776
0.7213501091347977
0.7216727351720189
0.721994965808773
0.7223168025210019
0.7226382440482858
0.7229592851425074
0.7232799295643852
0.723600179645644
0.7239200258478281
0.7242394724927873
0.7245585202368756
0.7248771637742952
0.725195405613841
0.7255132455239466
0.7258306784400466
0.7261477063699985
0.7264643317067552
0.7267805505763416
0.7270963591400195
0.7274117618265064
0.7277267526148731
0.7280413371023792
0.7283555077390328
0.7286692690930222
0.7289826195812527
0.7292955539853824
0.7296080765739295
0.7299201839858268
0.7302318762936661
0.7305431507966028
0.7308540099423715
0.7311644519875541
0.7314744723655533
0.7317840770170243
0.732093259277384
0.7324020220639575
0.732710362667388
0.7330182806395548
0.7333257749643134
0.7336328439738412
0.73393948891818
0.7342457080262303
0.734551500998019
0.7348568669194504
0.7351618031970398
0.7354663118659078
0.7357703897639557
0.7360740366919868
0.7363772535684138
0.7366800387403195
0.7369823891053451
0.7372843085779003
0.7375857922760178
0.7378868399728298
0.7381874510908719
0.7384876275614215
0.738787361996906
0.7390866607625837
0.7393855196830086
0.7396839390833586
0.7399819159255633
0.7402794529411725
0.7405765483750077
0.7408731958430272
0.7411694040500184
0.7414651671732261
0.7417604811747444
0.7420553505167842
0.7423497726293128
0.7426437450458288
0.7429372715969976
0.7432303468675161
0.7435229721599199
0.7438151457760629
0.744106867516753
0.7443981364864493
0.7446889510036899
0.7449793139633804
0.7452692187978733
0.7455586664855721
0.7458476599674626
0.7461361937394984
0.7464242707322937
0.746711890582842
0.7469990465795785
0.7472857442130713
0.7475719787948396
0.7478577510574583
0.7481430642647862
0.748427908652358
0.7487122889240262
0.7489962070353139
0.7492796553622163
0.7495626375526417
0.7498451520833989
0.7501271970207053
0.7504087743006341
0.7506898817508462
0.7509705159628578
0.7512506795343428
0.7515303694015442
0.7518095879038155
0.7520883310544301
0.7523665993062816
0.7526443914538865
0.7529217062033008
0.7531985462371878
0.7534749079674471
0.7537507893776968
0.754026190013514
0.7543011124575032
0.7545755531324494
0.7548495121305218
0.755122985903243
0.7553959776296044
0.7556684843256712
0.7559405068574905
0.756212043756462
0.7564830925626694
0.7567536568520652
0.7570237311979888
0.7572933143856682
0.7575624076801617
0.7578310114900827
0.7580991242630118
0.7583667447505346
0.7586338737534923
0.7589005054269807
0.7591666461272256
0.7594322889535738
0.7596974368534491
0.7599620876437302
0.7602262394790403
0.7604898952710757
0.7607530514854723
0.7610157065008699
0.7612778609366095
0.7615395122164498
0.761800663891896
0.7620613112728253
0.7623214543950898
0.7625810930068654
0.7628402248057523
0.7630988538675632
0.7633569738155558
0.7636145865341658
0.7638716890169226
0.7641282838023271
0.7643843679496458
0.7646399397549678
0.7648950011635777
0.7651495513593771
0.7654035867172178
0.7656571061397365
0.7659101151561739
0.7661626067656415
0.7664145816674222
0.7666660381420357
0.7669169802937963
0.7671674011221791
0.7674173029030448
0.7676666838889341
0.7679155448053061
0.7681638827384191
0.7684117003736833
0.768658994568659
0.7689057634398256
0.7691520064835843
0.769397725768941
0.7696429185588822
0.7698875845557785
0.7701317208273267
0.7703753289803718
0.7706184103355683
0.7708609580637972
0.7711029775747498
0.7713444631595214
0.7715854160708415
0.7718258375846526
0.7720657252815857
0.7723050765696267
0.7725438929233879
0.7727821727210799
0.7730199154703794
0.7732571196092067
0.7734937873690119
0.7737299131335745
0.7739655003266201
0.7742005464089322
0.774435049806657
0.7746690102605532
0.774902430555675
0.7751353046698679
0.7753676329753014
0.7755994182505715
0.7758306560956769
0.7760613470021638
0.776291491131704
0.7765210849075529
0.7767501313620393
0.7769786262448802
0.77720657207575
0.7774339627718911
0.7776608056269546
0.7778870920608071
0.7781128249197548
0.7783380053838079
0.7785626283750747
0.7787866954851289
0.7790102060186538
0.7792331592463668
0.7794555528457924
0.779677390022481
0.7798986664815939
0.7801193819368326
0.7803395353364164
0.7805591259923198
0.780778156119961
0.7809966189607481
0.7812145201990996
0.7814318563661529
0.7816486233231731
0.7818648281935222
0.7820804627555797
0.7822955295461039
0.7825100296855647
0.7827239581007513
0.7829373154731165
0.7831501024000578
0.7833623181137825
0.7835739617032724
0.7837850320878645
0.7839955259497572
0.7842054425286447
0.7844147890019922
0.78462355820344
0.7848317498726457
0.785039362754853
0.7852463950864248
0.7854528514436496
0.7856587276296546
0.7858640200336565
0.7860687351320177
0.7862728642045463
0.7864764114117786
0.7866793740105499
0.7868817540982433
0.7870835459584153
0.7872847551830318
0.7874853741723685
0.7876854081240755
0.7878848524427142
0.7880837104598816
0.7882819762624365
0.788479651656218
0.7886767354244457
0.7888732284920627
0.7890691275586931
0.7892644337615179
0.7894591465376978
0.7896532631315062
0.7898467864408624
0.7900397117821965
0.7902320411504431
0.7904237701047776
0.7906149021652946
0.7908054353126149
0.7909953685768305
0.7911846999570405
0.7913734307505318
0.7915615580051905
0.7917490854224138
0.7919360051533333
0.792122322801265
0.7923080349966387
0.7924931407686044
0.7926776395187837
0.7928615331433972
0.7930448159867172
0.7932274927734263
0.7934095593105299
0.7935910147250579
0.7937718593585551
0.7939520932861414
0.7941317125721405
0.7943107231296428
0.7944891162663635
0.794666893149996
0.7948440582751725
0.7950206058854065
0.7951965381857377
0.7953718517425381
0.7955465453801441
0.7957206224058091
0.7958940794613988
0.7960669172005466
0.7962391319840124
0.7964107264783048
0.7965817001674678
0.7967520469615375
0.7969217711418995
0.7970908704844473
0.7972593469197848
0.7974271951781426
0.7975944170729697
0.7977610095766442
0.7979269770696344
0.7980923135399997
0.7982570212701107
0.7984210975262254
0.7985845432831664
0.7987473570440297
0.7989095405130938
0.7990710898057717
0.7992320026877104
0.7993922844470157
0.7995519287209776
0.7997109379543363
0.7998693096632007
0.8000270439864323
0.8001841417178529
0.8003405979574466
0.8004964175673386
0.8006515946698336
0.8008061326232818
0.8009600284727026
0.8011132810890426
0.8012658893143271
0.8014178576398172
0.8015691797018917
0.8017198563353473
0.8018698876065274
0.8020192707546037
0.8021680067363698
0.8023160958649175
0.8024635372951435
0.8026103293840993
0.8027564700023423
0.8029019588670181
0.8030467983618602
0.8031909857202146
0.8033345184809443
0.803477398136229
0.8036196259448839
0.8037611969813576
0.8039021120003684
0.8040423705518449
0.8041819728250236
0.8043209182361896
0.8044592033235257
0.8045968303391507
0.8047337995768767
0.804870107050564
0.805005751713408
0.805140736234409
0.8052750588118286
0.8054087161820311
0.8055417095752919
0.8056740396036703
0.8058057064143103
0.8059367023810033
0.8060670377287255
0.8061967016446872
0.8063256984990425
0.8064540271619173
0.8065816868249519
0.8067086740688812
0.8068349921655674
0.8069606394391059
0.8070856154116075
0.8072099169499459
0.8073335465453559
0.8074565016699026
0.807578781428299
0.8077003862099946
0.8078213143684091
0.8079415644923501
0.8080611394896878
0.808180035583367
0.8082982518217929
0.8084157891737496
0.8085326483726598
0.8086488226283859
0.8087643200676612
0.8088791320831277
0.8089932650578358
0.8091067107827599
0.8092194734240729
0.8093315509683279
0.8094429440657663
0.809553648720896
0.8096636692501942
0.8097730004219749
0.8098816444840313
0.8099895991271329
0.8100968657778159
0.8102034409571773
0.8103093236566181
0.8104145172730784
0.8105190171623944
0.8106228275789732
0.8107259421224235
0.810828362418625
0.8109300880499187
0.8110311182267399
0.8111314534229523
0.8112310893517174
0.8113300302831326
0.8114282743056284
0.8115258167862592
0.8116226614041258
0.8117188049656977
0.8118142481597035
0.8119089899930282
0.8120030315912943
0.8120963675971424
0.8121890020807514
0.8122809330371913
0.812372160528187
0.8124626816618727
0.8125524953714783
0.8126416040282461
0.8127300048681516
0.8128176965921806
0.8129046837741611
0.8129909589346513
0.813076526302232
0.8131613817682727
0.813245527984629
0.8133289616851724
0.8134116810458399
0.8134936887270142
0.8135749838899102
0.8136555659619722
0.813735429259766
0.813814581383516
0.8138930149652585
0.8139707316310174
0.8140477333547047
0.8141240132879051
0.8141995767217212
0.8142744217112123
0.814348546925169
0.8144219500499514
0.8144946321741728
0.8145665933945977
0.8146378301887248
0.8147083469057234
0.814778139103332
0.8148472061563549
0.814915547841879
0.814983163633314
0.815050055300275
0.8151162188175102
0.8151816568804882
0.8152463633942869
0.8153103447020891
0.8153735935261739
0.8154361147661653
0.8154979055481685
0.8155589654225364
0.815619289236055
0.8156788869002921
0.8157377476306145
0.8157958753887412
0.8158532695547387
0.8159099269814097
0.8159658512388157
0.8160210388881576
0.8160754909728994
0.8161292052578483
0.8161821788020637
0.8162344164997599
0.816285914350762
0.8163366713668764
0.8163866899755413
0.81643596730933
0.8164845016048446
0.816532295116397
0.816579345327299
0.8166256527247179
0.8166712159666981
0.8167160346867922
0.8167601076254463
0.8168034343018736
0.8168460154298001
0.8168878483049776
0.8169289357820888
0.8169692715202903
0.8170088635796042
0.8170477022673174
0.8170857916969884
0.8171231317445571
0.8171597199460309
0.8171955561147126
0.81723064224776
0.8172649723372967
0.8172985490531205
0.8173313737708038
0.8173634427588459
0.8173947549723943
0.8174253130858953
0.8174551132193658
0.8174841572561603
0.8175124433906057
0.8175399730019939
0.8175667422238309
0.8175927504715857
0.8176179997066333
0.8176424914413375
0.817666217607375
0.8176891838280292
0.8177113871747835
0.8177328297060521
0.8177535073210643
0.8177734196006745
0.8177925681902356
0.8178109519645913
0.8178285685493055
0.8178454213625372
0.8178615046535903
0.8178768224449533
0.8178913705109889
0.8179051515500281
0.817918161776008
0.8179304039157578
0.8179418741306779
0.8179525734388379
0.8179625024251708
0.817971656499796
0.8179800414010774
0.8179876511494735
0.817994488760127
0.818000550753534
0.818005837279726
0.8180103499525961
0.818014084675846
0.8180170418129734
0.8180192247656818
0.8180206309145523
0.8180212562627102
0.8180211024563853
0.8180201707477994
0.8180184588475998
0.8180159644439644
0.8180126929747469
0.8180086381957111
0.8180038000765129
0.8179981793218908
0.8179917758095038
0.8179845890440844
0.8179766173218381
0.8179678606238291
0.8179583180751819
0.8179479904958973
0.8179368757433493
0.8179249745186264
0.8179122863179353
0.8178988081233725
0.8178845413543773
0.8178694858434062
0.8178536419103067
0.8178370061646721
0.8178195796571199
0.8178013619434734
0.8177823517166608
0.817762549307161
0.8177419535923878
0.8177205664174995
0.817698382471763
0.817675405242629
0.8176516320269943
0.8176270643894781
0.8176017007915353
0.8175755388757262
0.8175485801662437
0.817520821619695
0.8174922678155508
0.8174629152223613
0.8174327623691602
0.8174018066427838
0.8173700545154584
0.8173374983174299
0.8173041441229968
0.8172699866220839
0.8172350251448328
0.8171992630353403
0.8171626946297033
0.8171253228106172
0.8170871470289407
0.8170481677566002
0.8170083812649066
0.8169677889334409
0.8169263894233635
0.8168841828450821
0.8168411681417173
0.8167973457423672
0.8167527144596037
0.8167072736453588
0.8166610238985101
0.8166139630754815
0.8165660933061247
0.8165174105915375
0.8164679173451246
0.8164176114773889
0.8163664913419607
0.8163145595237438
0.8162618123944748
0.8162082523018258
0.8161538773979762
0.8160986879203621
0.816042682354565
0.8159858598991749
0.8159282208411995
0.8158697640094609
0.8158104900530118
0.815750397230239
0.8156894885107896
0.815627758125985
0.8155652076981741
0.8155018386482643
0.815437647309401
0.8153726356968128
0.8153068015512024
0.8152401441297632
0.8151726676529369
0.8151043666034351
0.8150352420791199
0.8149652916445141
0.8148945180748342
0.814822920698796
0.8147504949864894
0.8146772469242411
0.8146031702805759
0.8145282656578334
0.8144525342849835
0.814375975231066
0.8142985889019778
0.8142203715591689
0.8141413273401593
0.8140614513659743
0.8139807460214823
0.8138992110805743
0.8138168438959019
0.8137336425094446
0.8136496127449431
0.8135647488860569
0.8134790534063132
0.8133925220735412
0.8133051578472017
0.8132169601707416
0.8131279242024241
0.813038056101298
0.8129473518727872
0.8128558105233614
0.8127634303840304
0.812670217288559
0.8125761652502635
0.8124812736449202
0.8123855440271721
0.8122889761307363
0.8121915698445719
0.8120933208318166
0.8119942333190252
0.8118943049899667
0.8117935341636212
0.8116919215494939
0.811589467680888
0.8114861730329811
0.8113820314082029
0.8112770479703069
0.8111712196040571
0.81106454951356
0.810957034046115
0.8108486729299395
0.8107394649103898
0.810629411729896
0.8105185107519034
0.8104067660798312
0.8102941713015115
0.8101807289821611
0.8100664367415266
0.8099512989958413
0.8098353102266276
0.8097184723089912
0.8096007843509201
0.8094822461734721
0.8093628579542892
0.809242617520489
0.8091215252772758
0.8089995801753441
0.8088767853997694
0.8087531343637163
0.8086286313736675
0.8085032746914287
0.8083770620663884
0.808249995908385
0.8081220757522652
0.8079932994445386
0.8078636663404773
0.8077331782317266
0.8076018334606389
0.8074696305961034
0.8073365693155625
0.8072026538615878
0.8070678767776024
0.8069322390522083
0.8067957455186047
0.8066583917091534
0.8065201796118207
0.8063811041663657
0.8062411685953105
0.8061003728796057
0.8059587132444898
0.8058161956546656
0.8056728121651564
0.8055285665225365
0.8053834593564279
0.8052374869540425
0.8050906514150278
0.8049429508385959
0.8047943853006336
0.8046449556226676
0.8044946593351741
0.8043434991093724
0.8041914713187956
0.8040385743973062
0.8038848140100996
0.8037301837298202
0.8035746876702125
0.8034183233051128
0.8032610901526578
0.8031029879407482
0.802944013845834
0.8027841709870316
0.8026234595079994
0.8024618757355501
0.8022994233253974
0.8021360980070569
0.801971901394147
0.8018068326814349
0.8016408904799757
0.8014740775690629
0.8013063894622524
0.8011378291350353
0.8009683953000779
0.8007980855788076
0.8006269031617643
0.8004548462065412
0.8002819102221531
0.8001081012236235
0.7999334167272509
0.7997578562633351
0.7995814160720492
0.7994041006096658
0.799225908273214
0.799046838188322
0.7988668871456482
0.7986860591953416
0.7985043551270646
0.7983217674698503
0.7981383026301594
0.797953954209309
0.7977687310918692
0.7975826252596374
0.7973956365841777
0.7972077692754523
0.797019018634692
0.7968293852054916
0.7966388692996257
0.7964474704735357
0.7962551906231509
0.796062025806231
0.7958679799769857
0.795673046810415
0.79547723067499
0.7952805280254727
0.7950829427184556
0.7948844717714845
0.7946851130467805
0.7944848701274618
0.7942837378281796
0.7940817215291233
0.7938788180609093
0.7936750298493258
0.79347034888011
0.7932647816419679
0.7930583254887528
0.7928509816183906
0.7926427498839685
0.7924336270713694
0.792223612572072
0.7920127114050995
0.7918009197025663
0.7915882370611731
0.7913746634760025
0.7911601976952678
0.790944840322604
0.790728591384356
0.790511450209998
0.7902934170531938
0.7900744909807365
0.7898546729650505
0.7896339600436145
0.7894123547692512
0.7891898549020232
0.7889664585422264
0.7887421693793857
0.7885169850513443
0.7882909049332883
0.7880639316995329
0.7878360605833257
0.7876072937361225
0.7873776302422384
0.7871470705542429
0.7869156123698159
0.7866832593989385
0.7864500064631407
