1025
0.673816374420725
0.6733716047468647
0.6729268959768472
0.672482250481061
0.6720376663189823
0.6715931453377353
0.6711486875360768
0.670704292620104
0.6702599616128111
0.6698156939933912
0.6693714904079081
0.6689273518849782
0.6684832761120847
0.6680392659264389
0.6675953221115786
0.667151442943203
0.6667076294523852
0.6662638812200222
0.6658201999904627
0.6653765848021578
0.6649330368444616
0.6644895548410747
0.6640461406869872
0.6636027942182849
0.6631595157602371
0.6627163048525367
0.6622731625616106
0.6618300882109521
0.6613870841694527
0.6609441481391689
0.660501281425472
0.6600584851638912
0.6596157575321743
0.6591731018040881
0.6587305155424216
0.6582880002619441
0.6578455557029285
0.6574031830674493
0.6569608817360828
0.6565186517388986
0.6560764949045722
0.6556344090671502
0.6551923969658372
0.6547504567131355
0.6543085906650714
0.6538667972009268
0.6534250791314216
0.6529834328099923
0.6525418618978736
0.6521003655162118
0.6516589443155126
0.6512175972361761
0.6507763259755933
0.6503351302735558
0.6498940107337232
0.649452966340458
0.6490119994474479
0.6485711077348818
0.648130294471235
0.6476895580775448
0.6472488987880155
0.6468083181527958
0.6463678147495621
0.6459273890060909
0.6454870429463346
0.6450467751856129
0.6446065864022518
0.6441664774811006
0.6437264484997889
0.6432864981340845
0.6428466289254082
0.6424068397155186
0.6419671309612658
0.6415275043521249
0.6410879574439243
0.6406484928774762
0.6402091098134592
0.639769808505498
0.6393305906447754
0.6388914538259886
0.6384524010973691
0.6380134308647516
0.6375745440410346
0.6371357412251499
0.6366970225725588
0.6362583872980808
0.6358198373562192
0.6353813714175804
0.63494299063522
0.6345046951207877
0.6340664853726464
0.6336283609795977
0.6331903231741292
0.6327523714758013
0.6323145058549394
0.6318767275074793
0.6314390365233448
0.6310014329373205
0.630563916863303
0.6301264887061775
0.6296891491899527
0.6292518976779944
0.6288147347523328
0.6283776615066531
0.6279406771161861
0.6275037814433096
0.6270669772783004
0.6266302619320351
0.6261936375511992
0.6257571034922872
0.6253206602869805
0.6248843084476857
0.6244480476498683
0.6240118797698824
0.6235758022177833
0.6231398171727602
0.6227039255387828
0.6222681257680059
0.6218324195098401
0.6213968063700915
0.6209612865178947
0.6205258609554155
0.6200905295608423
0.6196552920435773
0.6192201496770039
0.6187851020065094
0.6183501488471135
0.6179152917514152
0.6174805306153412
0.6170458652652916
0.6166112954401392
0.6161768224713883
0.6157424462697431
0.6153081677603581
0.6148739858512108
0.6144399016568796
0.6140059153155183
0.6135720264693125
0.6131382371758793
0.6127045445456649
0.6122709532825188
0.611837459768113
0.6114040653741443
0.6109707711861336
0.610537576910124
0.6101044828152837
0.609671489039605
0.6092385966175173
0.6088058045043984
0.6083731135109645
0.6079405245094719
0.6075080375739087
0.6070756523466027
0.6066433690312341
0.606211189519801
0.6057791114721122
0.605347137461373
0.6049152669160968
0.6044834991804992
0.6040518357844435
0.6036202763442634
0.6031888219875023
0.6027574726779333
0.6023262267367028
0.6018950879047296
0.6014640529118146
0.6010331244334586
0.6006023024715076
0.6001715856037121
0.5997409762594739
0.5993104736683206
0.5988800777393555
0.598449789468169
0.5980196079456184
0.5975895354762685
0.5971595715495603
0.596729715056433
0.5962999661928319
0.5958703289255852
0.5954407996742611
0.5950113789373266
0.5945820681687002
0.5941528679320234
0.5937237787710166
0.5932947980868865
0.5928659293809675
0.5924371715495863
0.5920085260544569
0.5915799903435724
0.5911515673531839
0.5907232564858241
0.590295057074021
0.5898669710649755
0.5894389978270431
0.5890111377168041
0.5885833916583832
0.5881557583308974
0.587728239035361
0.5873008343967694
0.586873543553671
0.5864463678154591
0.5860193068448492
0.5855923607083963
0.5851655304499486
0.584738816701283
0.5843122177444824
0.5838857358376891
0.5834593695246424
0.5830331207542374
0.582606989201295
0.5821809744185508
0.5817550766580206
0.5813292982990486
0.5809036376010757
0.5804780935038324
0.5800526697706154
0.579627364779063
0.5792021779424555
0.5787771114157317
0.5783521644481407
0.5779273364216406
0.5775026299983824
0.5770780438535796
0.5766535771539054
0.5762292312926823
0.5758050078580936
0.575380904805142
0.5749569246712353
0.5745330651822008
0.5741093291784269
0.5736857148949701
0.5732622226155484
0.5728388547675293
0.5724156093466247
0.5719924875099716
0.5715694895086089
0.5711466162451974
0.5707238663265423
0.5703012408714422
0.5698787414280604
0.5694563655449821
0.5690341158240243
0.5686119909023871
0.5681899922243975
0.5677681196615411
0.5673463734573185
0.5669247541207237
0.566503261320287
0.5660818958768642
0.5656606573733054
0.565239546388126
0.5648185640169909
0.5643977089945639
0.5639769829533489
0.5635563852948162
0.5631359165228483
0.5627155763997082
0.5622953664263215
0.5618752849421578
0.56145533395118
0.561035513333826
0.5606158234427387
0.5601962630719391
0.559776835462391
0.5593575378433868
0.558938371793948
0.55851933707997
0.5581004349389151
0.5576816644336084
0.5572630259418107
0.5568445219699516
0.5564261490323387
0.5560079093404237
0.5555898044818277
0.5551718325409262
0.5547539944158625
0.554336291319548
0.5539187216520961
0.5535012868110061
0.5530839870327637
0.5526668227411495
0.5522497933565952
0.5518329001791312
0.5514161430979432
0.5509995212475033
0.5505830367136985
0.5501666894863252
0.5497504781054903
0.5493344048064804
0.5489184685182107
0.548502668877748
0.5480870088963953
0.5476714860676023
0.547256102303981
0.5468408572427427
0.5464257497586313
0.5460107828381158
0.5455959557220337
0.5451812667167458
0.5447667190308462
0.5443523113174378
0.5439380437633972
0.5435239174709456
0.5431099312418776
0.5426960861187118
0.542282383397894
0.5418688214879235
0.541455402234894
0.5410421245789601
0.5406289896152079
0.5402159971573668
0.5398031478318216
0.5393904419357621
0.5389778785189242
0.5385654588289828
0.5381531835836145
0.5377410531316196
0.53732906577141
0.5369172234211406
0.5365055257776353
0.5360939742236883
0.5356825675455289
0.535271306394906
0.5348601910065623
0.5344492216958794
0.53403839878287
0.5336277217778043
0.5332171917939065
0.5328068099472167
0.5323965755202037
0.5319864879809811
0.5315765479456358
0.531166756185492
0.5307571121443012
0.5303476181683299
0.5299382715157448
0.5295290746198831
0.5291200264146371
0.5287111280299179
0.5283023797626158
0.5278937807139095
0.5274853317442327
0.5270770339711823
0.526668886527936
0.5262608910638129
0.5258530452498517
0.5254453514754316
0.5250378095090653
0.5246304192242149
0.5242231819256074
0.5238160953959126
0.5234091621644706
0.5230023819077892
0.5225957552316837
0.5221892811757167
0.5217829609965677
0.5213767951333766
0.5209707826584062
0.5205649241893072
0.5201592207083301
0.519753672995757
0.5193482781777867
0.5189430397558787
0.5185379568409381
0.5181330299793254
0.5177282577482691
0.517323642711297
0.5169191838519029
0.5165148820304716
0.5161107367490086
0.515706748873095
0.5153029179190483
0.5148992442290969
0.5144957289880875
0.5140923721101965
0.5136891729013461
0.5132861322851118
0.5128832502896444
0.5124805279293083
0.5120779648086403
0.5116755598035948
0.5112733160161275
0.5108712310669244
0.5104693070843649
0.5100675436561125
0.5096659400779335
0.5092644971935388
0.5088632160938618
0.5084620960315291
0.5080611376319462
0.5076603410521602
0.507259706720381
0.5068592338176876
0.5064589243620227
0.506058776973736
0.5056587925330109
0.5052589717653942
0.5048593143966131
0.5044598196010235
0.5040604895701762
0.5036613239174552
0.5032623216582587
0.5028634844235281
0.5024648120812923
0.5020663042545243
0.5016679621935676
0.5012697848902089
0.5008717738625875
0.5004739283348854
0.5000762498540632
0.49967873612018116
0.4992813906071072
0.4988842113444099
0.4984871984680892
0.49809035381669003
0.4976936764613034
0.49729716664354245
0.49690082470050284
0.4965046512071437
0.49610864514452085
0.49571280801805623
0.4953171399001809
0.4949216412214125
0.49452631195388747
0.49413115111762335
0.4937361616236251
0.4933413410103402
0.49294669044835654
0.4925522115406739
0.49215790157653344
0.49176376357592944
0.49136979634195416
0.4909759994951082
0.49058237518143244
0.4901889226411055
0.48979564189674424
0.4894025330088894
0.4890095963405202
0.48861683221761115
0.48822424173778695
0.4878318253612343
0.48743957995707066
0.487047508561237
0.4866556109896811
0.4862638874695134
0.48587233908948163
0.48548096362062676
0.48508976273325616
0.48469873790846263
0.4843078862819117
0.48391721144633526
0.48352671165227734
0.4831363874545145
0.48274623855280935
0.4823562670062134
0.4819664705085484
0.4815768516879185
0.4811874085760203
0.48079814290973855
0.4804090535006673
0.48002014268095966
0.47963140914094765
0.479242853581624
0.4788544754925817
0.4784662764028611
0.4780782552303606
0.477690412506808
0.4773027495389651
0.4769152644903611
0.47652795940964476
0.47614083329679063
0.47575388782368583
0.47536712155385896
0.47498053578603155
0.4745941298662501
0.4742079052197249
0.4738218609456936
0.47343599820466475
0.47305031534789693
0.47266481528107523
0.47227949640699407
0.47189435888991327
0.4715094040864858
0.47112463150566264
0.47074004051200025
0.4703556333711126
0.46997140790023234
0.46958736576135096
0.46920350744966727
0.46881983221157264
0.4684363406893352
0.46805303382870406
0.46766990913380635
0.4672869703585565
0.4669042168424162
0.4665216463157158
0.46613926171521025
0.4657570612633267
0.46537504704188737
0.4649932188675277
0.4646115752655193
0.46423011819644877
0.46384884624042133
0.4634677622043936
0.4630868637548689
0.4627061512994938
0.4623256273734379
0.4619452900986691
0.4615651402158824
0.4611851767954389
0.46080540213844956
0.4604258152191451
0.46004641733284624
0.4596672064421373
0.45928818503972046
0.45890935181912773
0.45853070809070545
0.45815225349313904
0.457773987953216
0.4573959115977526
0.45701802502793715
0.4566403294958461
0.45626282261185597
0.4558855072529739
0.4555083817683821
0.4551314472408407
0.45475470367801674
0.4543781509802839
0.45400179029226795
0.45362561986313765
0.4532496426276991
0.45287385585536183
0.45249826191047493
0.4521228604839417
0.4517476519032884
0.4513726344326976
0.4509978107661698
0.45062318020885883
0.45024874239261814
0.4498744990075758
0.4495004490862382
0.44912659253276416
0.4487529298181581
0.4483794610134017
0.44800618749424564
0.44763310886918073
0.44726022392973447
0.446887534131612
0.44651504032448175
0.4461427413965933
0.4457706373809275
0.4453987298080179
0.44502701805623085
0.4446555025400792
0.4442841831503328
0.44391305970985934
0.4435421339767535
0.443171404833341
0.4428008715408731
0.44243053603753524
0.44206039890246823
0.4416904583946741
0.44132071563109687
0.44095117147109403
0.4405818255878331
0.4402126777016631
0.439843727401976
0.439474977611642
0.4391064245397915
0.4387380719366624
0.4383699184014216
0.43800196389019197
0.4376342093392545
0.4372666550365699
0.43689930038873054
0.4365321454443558
0.4361651907538319
0.4357984369429851
0.4354318833874057
0.43506553096423417
0.4346993797688573
0.4343334294409968
0.43396768080950454
0.4336021344854251
0.4332367885524659
0.43287164535924383
0.4325067042608264
0.4321419655403187
0.43177742825087434
0.43141309541969985
0.4310489635781045
0.43068503586373136
0.4303213100394342
0.42995778868933193
0.4295944705069288
0.4292313564952838
0.4288684456531793
0.4285057397523339
0.42814323672146243
0.42778093923589033
0.42741884586836676
0.427056957371145
0.426695273014941
0.4263337943160043
0.4259725217987382
0.4256114536156601
0.4252505914395231
0.42488993391112273
0.4245294830744828
0.4241692386227307
0.4238092003018791
0.4234493682767002
0.4230897424602787
0.4227303243698908
0.42237111255789633
0.42201210727377503
0.42165331025361646
0.4212947201477429
0.4209363379126357
0.42057816353926625
0.42022019706105807
0.4198624380003351
0.41950488824081417
0.41914754621000155
0.4187904127379371
0.41843348761666754
0.41807677187099507
0.4177202658153805
0.4173639682132626
0.4170078802792991
0.41665200275350545
0.416296333346493
0.4159408749578635
0.41558562591299236
0.41523058736056967
0.4148757586497256
0.4145211409884645
0.4141667346303619
0.41381253862963313
0.4134585532522975
0.4131047786147681
0.41275121718252317
0.41239786499727576
0.41204472554912047
0.41169179811395373
0.4113390816384155
0.41098657853791154
0.41063428707326377
0.4102822077289413
0.4099303407299846
0.40957868700279476
0.40922724626260526
0.40887601823859754
0.4085250040070927
0.4081742021740316
0.407823613968638
0.4074732398231141
0.40712307976225887
0.4067731335423508
0.40642340065721877
0.4060738824723427
0.4057245780177993
0.4053754894585913
0.40502661441031695
0.40467795533013695
0.40432951018021956
0.4039812803492468
0.4036332656317995
0.4032854681401671
0.4029378836403264
0.4025905162522953
0.40224336487602963
0.4018964289731224
0.40154971032888537
0.4012032068259172
0.4008569197316106
0.40051084916800683
0.40016499565309355
0.39981935994981965
0.3994739402880246
0.39912873817342104
0.3987837535959808
0.3984389856875389
0.39809443588991755
0.39775010410168193
0.3974059896572676
0.3970620935973129
0.39671841546495906
0.39637495561524333
0.39603171446852287
0.39568869184554667
0.3953458881213227
0.395003303156004
0.3946609375320009
0.39431879027259936
0.3939768638266731
0.3936351545382306
0.3932936666110517
0.39295239778814245
0.3926113487049522
0.3922705193960744
0.39192991073311934
0.39158952100419403
0.391249353331031
0.3909094055836745
0.39056967783691227
0.3902301714393004
0.38989088637381525
0.38955182159724927
0.3892129787435241
0.38887435676632803
0.3885359559977038
0.3881977763482439
0.3878598191194298
0.38752208406297545
0.38718457071939794
0.3868472782942279
0.3865102098387441
0.3861733627661345
0.3858367386123458
0.3855003361436663
0.38516415693188355
0.3848282012046199
0.38449246790103697
0.3841569576142429
0.38382167117132676
0.3834866069093374
0.38315176727933575
0.3828171503978458
0.38248275787769437
0.382148588639837
0.38181464379141333
0.3814809226214041
0.38114742598866164
0.38081415403664165
0.38048110561789356
0.38014828342189416
0.3798156842641245
0.3794833105794119
0.3791511615139901
0.37881923793585615
0.3784875396324501
0.3781560659521297
0.3778248184751968
0.37749379710672426
0.37716300000565
0.376832428388067
0.3765020838595106
0.3761719650450392
0.37584207239626577
0.3755124056101912
0.3751829661039369
0.37485375157784684
0.37452476431968196
0.3741960039309968
0.3738674705742332
0.3735391637472552
0.37321108401407505
0.3728832316669954
0.3725556064899342
0.3722282086088982
0.3719010381113315
0.37157409533319613
0.3712473800922202
0.3709208923423034
0.37059463317065955
0.370268602466031
0.369942798951978
0.36961722366371935
0.36929187700796756
0.36896675889047875
0.3686418693112269
0.36831720870119805
0.3679927766974467
0.36766857353520044
0.3673445987044331
0.36702085383908495
0.36669733779064867
0.366374051186553
0.366050993696709
0.365728165449861
0.36540556767633514
0.365083199231195
0.36476106130949504
0.36443915223160495
0.36411747315945275
0.3637960245453873
0.3634748071145697
0.3631538185581638
0.3628330619592686
0.362512533958519
0.36219223732312833
0.3618721720774875
0.3615523364969316
0.3612327328561792
0.36091336010552594
0.36059421818371074
0.3602753067480395
0.35995662730177713
0.3596381792961372
0.3593199624794924
0.359001977589726
0.35868422424100366
0.3583667026665775
0.358049412990431
0.35773235535856107
0.35741552939996857
0.35709893603600645
0.35678257398924784
0.3564664449433037
0.3561505481686742
0.35583488349421943
0.3555194522813047
0.355204252981173
0.3548892872307675
0.35457455367918705
0.3542600530902645
0.35394578511271113
0.35363175061575025
0.35331794945461015
0.35300438131466155
0.3526910469573612
0.3523779459121337
0.35206507830800743
0.35175244347268025
0.35144004328419864
0.35112787680805696
0.3508159436826972
0.35050424527346846
0.3501927803510352
0.34988154967007157
0.3495705540040398
0.34925979105471083
0.34894926290437245
0.3486389694683906
0.3483289109980457
0.3480190864871848
0.3477094964268079
0.3474001418117129
0.34709102086335447
0.34678213535656044
0.34647348550440266
0.3461650702749287
0.34585689009161974
0.3455489447200382
0.34524123562359876
0.3449337605980147
0.3446265219270594
0.3443195182213444
0.3440127500220862
0.3437062174937782
0.34339992168117744
0.3430938602916415
0.34278803509570194
0.3424824455114007
0.342177092824623
0.3418719755756709
0.34156709420896525
0.34126245018272716
0.34095804117052925
0.3406538686961622
0.34034993296633875
0.34004623471773615
0.33974277094699074
0.3394395442352939
0.33913655481523614
0.33883380236406857
0.33853128580411035
0.33822900599258254
0.3379269639506868
0.3376251581225888
0.33732358956433617
0.3370222585796825
0.3367211648237529
0.3364203077039766
0.33611968727725483
0.33581930577194685
0.33551916115433816
0.3352192540593702
0.33491958379023967
0.3346201509349053
0.3343209560440235
0.3340219994545626
0.33372328002842966
0.3334247988729081
0.33312655448514294
0.3328285490497695
0.3325307812845141
0.3322332523086893
0.3319359601753079
0.3316389069340847
0.3313420918161591
0.3310455145692761
0.3307491756461605
0.3304530749792056
0.33015721289096234
0.32986158931431603
0.3295662045892614
0.32927105723738453
0.3289761496265681
0.32868148028209704
0.3283870495275217
0.3280928580781585
0.32779890528446776
0.32750519047259186
0.327211715096541
0.32691847894101594
0.3266254811401413
0.3263327224996939
0.32604020318928756
0.3257479233615909
0.32545588110031326
0.3251640793303472
0.32487251765780534
0.32458119386364953
0.3242901097690401
0.3239992641200805
0.32370865933398996
0.3234182936662618
0.32312816712615056
0.3228382808251998
0.3225486326358366
0.3222592250827592
0.3219700573812099
0.3216811285052495
0.32139244007157985
0.3211039911026856
0.32081578194051746
0.3205278127346191
0.32024008308505175
0.31995259392105907
0.3196653435010177
0.3193783338186607
0.3190915649437186
0.3188050347728335
0.31851874564291627
0.31823269575058394
0.31794688576394364
0.31766131631638206
0.31737598701263525
0.31709089874765195
0.31680605042763815
0.31652144172765617
0.31623707417628005
0.3159529458515469
0.3156690586865487
0.315385411721069
0.31510200519387943
0.3148188394834033
0.3145359134288896
0.3142532288480123
0.3139707838561097
0.3136885796194306
0.31340661649821144
0.3131248930274012
0.3128434103189695
0.31256216955306165
0.31228116832038993
0.312000407680728
0.3117198873480651
0.31143960900975315
0.31115957076618017
0.310879772732954
0.3106002156830593
0.31032090060563167
0.31004182538585867
0.30976299008788577
0.30948439717151827
0.309206044407767
0.3089279336984759
0.30865006161960307
0.3083724315380296
0.30809504285944916
0.307817894223759
0.3075409871786507
0.30726432118246766
0.3069878963383237
0.30671171253520185
0.30643576882525386
0.3061600667024423
0.3058846048383941
0.3056093849092426
0.3053344056837529
0.3050596681097078
0.3047851705745585
0.30451091444377254
0.3042368998227132
0.30396312563903394
0.30368959349443947
0.30341630181716606
0.30314325133211945
0.30287044051810535
0.3025978727779185
0.30232554565563236
0.3020534600113531
0.30178161475716303
0.3015100101824609
0.30123864762539593
0.30096752679741884
0.30069664592122275
0.3004260063085547
0.30015560780675804
0.29988545041736897
0.29961553462460794
0.2993458599925007
0.2990764264101211
0.2988072338164941
0.29853828218978107
0.29826957175894747
0.2980011021346567
0.2977328739826687
0.2974648865434375
0.29719714034679295
0.29692963608126677
0.2966623723450577
0.2963953495013407
0.29612856805420684
0.2958620267760021
0.29559572738256723
0.2953296689804236
0.2950638516012519
0.29479827519193674
0.2945329400999441
0.29426784514339477
0.2940029920386775
