1025
0.0032937134108943847
0.0036672656699247557
0.004041364593670751
0.004416016049946902
0.0047912150701931696
0.005166964951209547
0.005543265061852566
0.005920114749418871
0.006297514932265083
0.006675464921442202
0.0070539646792994815
0.007433017263712626
0.00781261589800088
0.00819276635925278
0.008573470118501412
0.008954723721570863
0.009336527305263492
0.009718880700598618
0.010101786571741838
0.010485242544483573
0.010869250821864749
0.011253807889656004
0.011638917402112155
0.012024578560578904
0.012410791689294128
0.012797554221584021
0.013184869789538912
0.013572735384584533
0.013961154892793953
0.01435012416658172
0.01473964526285027
0.015129719658654131
0.01552034317648006
0.015911522337605417
0.01630325086471599
0.01669553257141917
0.017088364955881518
0.017481751399983765
0.01787568918075172
0.01827017864471505
0.01866522240610629
0.019060816188760196
0.019456964117244416
0.01985366300179599
0.020250916145381007
0.0206487203315438
0.02104708065426586
0.02144598874296445
0.021845452742197922
0.022245469548026024
0.022646039353028936
0.023047161000433615
0.023448836136431995
0.02385106470518095
0.024253846546654932
0.024657180146812105
0.025061068853566605
0.025465507466457482
0.02587050288742533
0.02627605080390536
0.02668215109995654
0.027088806872646528
0.027496014756820553
0.02790377441273894
0.02831209053992808
0.02872095859084549
0.029130380376200873
0.02954035701712598
0.029950887870203634
0.030361969446942205
0.030773607220571694
0.03118579779880577
0.03159854165966633
0.03201184180536882
0.032425692868348836
0.03284009963739933
0.03325505959178707
0.03367057305525991
0.034086642893648496
0.034503263608008705
0.03492044097116376
0.03533817111112026
0.03575645543478977
0.036175294213104475
0.03659468873063943
0.037014635290159074
0.037435137685819755
0.037856193494594834
0.03827780313254847
0.03869996709185274
0.03912268652367912
0.03954595868581579
0.03996978681101652
0.04039416860824386
0.04081910377406735
0.04124459426786137
0.04167063949163994
0.04209723884723559
0.042524392344705855
0.04295210069171703
0.04338036471950486
0.0438091808486747
0.04423855272230149
0.044668479705989715
0.04509896025174842
0.045529993670908556
0.04596158569863254
0.046393728723985526
0.04682642814638147
0.0472596808785599
0.04769348923921687
0.048127851157233885
0.04856276842431357
0.048998241745320914
0.04943426589063613
0.049870846110242596
0.0503079823223976
0.05074567153197814
0.05118391588571349
0.051622714426283384
0.05206206732657447
0.05250197565844816
0.0529424386069509
0.05338345484636033
0.05382502703472367
0.05426715290747856
0.05470983263501547
0.05515306743714781
0.05559685718808424
0.0560412021142762
0.0564860990397685
0.05693155195832695
0.05737755863399505
0.05782412144698099
0.05827123674438971
0.05871890689678329
0.05916713161806829
0.05961590986976256
0.06006524464814681
0.06051512922425151
0.060965573632868524
0.06141656935668613
0.06186811892521691
0.06232022349123024
0.06277288215055374
0.06322609522915652
0.06367986197773871
0.06413418325715112
0.06458905832502836
0.06504448697896566
0.06550047010293958
0.06595700798498119
0.06641409950601693
0.066871743953169
0.06732994407222079
0.06778869546704532
0.06824800339347739
0.06870786437438474
0.06916827715977703
0.06962924541705928
0.07009076656552721
0.07055284257868756
0.07101547314259911
0.07147865349336749
0.07194239146146414
0.07240667962893323
0.0728715224477115
0.0733369196439485
0.07380286823727779
0.07426937206911559
0.07473642847912608
0.07520403736154821
0.07567220060410006
0.0761409152287884
0.07661018442460904
0.07708000844681595
0.07755038258345597
0.07802130807796274
0.07849279189871204
0.07896482627337088
0.07943741085954528
0.07991054916418802
0.08038424145867307
0.08085848768574058
0.08133328260749685
0.08180863166132969
0.08228453351979713
0.08276098992442428
0.0832379948197393
0.0837155536768974
0.08419366514297179
0.08467232718695973
0.08515154225053066
0.08563130947947954
0.08611162870478276
0.08659250111183811
0.08707392298624421
0.08755589769113432
0.08803842412588592
0.08852150153628624
0.08900513130697507
0.08948931170822493
0.08997404305744958
0.09045932656797537
0.09094516241114176
0.0914315471275907
0.09191848471325657
0.09240597153258913
0.09289401043694732
0.09338260094413471
0.09387174095971378
0.0943614308006345
0.09485167438569178
0.09534246753498697
0.0958338073902308
0.0963257016292273
0.09681814562817416
0.09731113797526514
0.09780468262556316
0.09829877656176049
0.09879341909384519
0.09928861406243959
0.09978435877059934
0.10028065032914507
0.10077749137950025
0.10127488454346682
0.1017728250287584
0.10227131744056889
0.10277035596712422
0.10326994654085049
0.10377008427524445
0.10427076972183866
0.10477200679924234
0.10527379086328321
0.10577612404869208
0.10627900555493869
0.10678243693990386
0.10728641517926385
0.10779094105903855
0.10829601779665084
0.1088016393151502
0.10930781072518436
0.1098145285550127
0.11032179449168827
0.1108296080775752
0.11133796937524118
0.11184687903503286
0.112356335188068
0.11286633856115119
0.11337688856105552
0.11388798521999886
0.1143996300414616
0.11491182031553691
0.11542455811069745
0.11593784269610205
0.11645167254294776
0.11696604817718109
0.11748097157773116
0.11799643845546105
0.11851245230270019
0.11902901249669046
0.11954611874478654
0.12006376843383414
0.1205819673537375
0.1211007090007521
0.12161999624003933
0.12213982795631217
0.12266020600756328
0.12318112717062393
0.12370259213445273
0.12422460575423308
0.12474715944779147
0.1252702575373856
0.12579390280355215
0.1263180904169021
0.12684282181014214
0.12736809838062255
0.12789391588484866
0.1284202781986851
0.12894718341757433
0.12947463220154506
0.13000262380642144
0.1305311583002433
0.13106023623929428
0.1315898542534135
0.13212001731209336
0.13265072368901842
0.13318196992122142
0.1337137600922153
0.13424609071554283
0.13477896125089772
0.13531237685664405
0.13584633176270514
0.13638082929336312
0.13691586795436353
0.13745144399861817
0.13798756517974145
0.13852422658227648
0.1390614255224199
0.1395991679402836
0.14013744977685597
0.14067627145277967
0.1412156339005187
0.14175553448672426
0.14229597431662513
0.1428369555598677
0.14337847498263123
0.143920534538918
0.1444631312915937
0.14500626782615492
0.14554994292636428
0.14609415680346988
0.14663890972433952
0.14718419848479444
0.14773002536503835
0.14827639131001416
0.14882329585438728
0.14937073579425894
0.1499187135043041
0.15046722798805887
0.15101628154833993
0.1515658705038086
0.15211599658494077
0.15266665819476047
0.15321785577440994
0.1537695905782549
0.1543218586161052
0.15487466377512377
0.15542800631894368
0.1559818842411717
0.15653629625230644
0.15709124288758738
0.15764672438004868
0.15820273914980001
0.15875929152339452
0.1593163749328766
0.15987399462715535
0.1604321471042336
0.1609908334844514
0.1615500544664255
0.16210980662025196
0.16267009213554637
0.16323091166545317
0.1637922636870735
0.16435414968182835
0.16491656552588213
0.16547951454546284
0.16604299583384766
0.16660700869657194
0.16717155433361047
0.16773662817540563
0.16830223503223468
0.16886837234586505
0.16943504190461262
0.17000224051056115
0.17056996994747461
0.17113823078910204
0.1717070204116263
0.17227633870349157
0.1728461879216744
0.17341656823596857
0.1739874737079072
0.17455890979519756
0.17513087490833332
0.17570336966805322
0.1762763895607418
0.17684993988750425
0.1774240177348372
0.1779986237638243
0.17857375642852674
0.17914941738915705
0.17972560343283417
0.1803023163428097
0.18087955696303257
0.18145732480043292
0.18203561714887878
0.18261443552982282
0.18319377926334598
0.1837736500857138
0.1843540456736534
0.18493496388115946
0.18551640994332502
0.18609837810975385
0.18668087254357618
0.18726389123665813
0.18784743214829192
0.18843149647664756
0.18901608565538877
0.18960119746499582
0.19018683241121156
0.19077299004115503
0.19135967080040361
0.19194687182515552
0.1925345971662336
0.19312284287683318
0.1937116102880378
0.19430089990377622
0.19489071099795452
0.19548104021762006
0.1960718920113849
0.1966632650618883
0.19725515603418844
0.19784756792262218
0.1984404993459154
0.19903394926189513
0.19962791987425302
0.2002224076277047
0.20081741535636224
0.20141293991447343
0.2020089857334163
0.20260554544407874
0.20320262579316264
0.20380022321433552
0.20439833583377479
0.20499696720350816
0.20559611496534758
0.20619577882360215
0.20679595850577492
0.20739665511950944
0.20799786491274422
0.2085995907766037
0.2092018320228615
0.2098045886842637
0.21040786040198015
0.21101164426117094
0.21161594541607523
0.21222075782854177
0.21282608363566846
0.21343192558680785
0.214038276455143
0.21464514257634026
0.21525252077514617
0.21586040909292753
0.21646881116492858
0.21707772538163145
0.21768715032427485
0.21829708570817408
0.21890753140937155
0.21951848745875024
0.22012995585701897
0.22074193634835637
0.22135442158767435
0.22196741704521394
0.222580922007221
0.2231949365798194
0.22380946149105574
0.22442449163633377
0.2250400298622713
0.22565607844288937
0.22627263060594557
0.2268896932193724
0.22750726164638976
0.22812533731283238
0.22874391745412512
0.22936300623944184
0.22998259771445612
0.23060269766961627
0.23122330053869225
0.2318444094594999
0.23246602054660162
0.23308813814646537
0.2337107595804624
0.2343338850768024
0.2349575128215041
0.23558164485579403
0.2362062791000474
0.23683141519265818
0.23745705465789696
0.2380831938938663
0.23870983613256094
0.23933697862354045
0.23996462439145286
0.24059276933432908
0.24122141434044303
0.24185055925285082
0.24248020493131098
0.2431103492471007
0.24374099387768036
0.24437213454526105
0.24500377727517997
0.2456359162074128
0.2462685532281417
0.24690168838843787
0.24753532118076965
0.24816944897526094
0.2488040758357518
0.24943919659128203
0.25007481402360393
0.2507109279500498
0.25134753706178836
0.25198464040298413
0.2526222404496108
0.2532603309754015
0.25389891879920556
0.254538001892688
0.2551775752226401
0.25581764306581634
0.2564582023686605
0.257099255342484
0.2577408019757027
0.25838283835863307
0.25902536657871467
0.2596683849694582
0.26031189597693194
0.26095589608927516
0.26160038485881804
0.2622453667417239
0.26289083696381543
0.26353679650149425
0.2641832426537956
0.26483017920959234
0.2654776035071085
0.26612551732114764
0.2667739157395275
0.26742280315846956
0.26807217654244897
0.2687220373875031
0.26937238385664874
0.27002321623530456
0.27067453213172193
0.271326333944287
0.27197862271425366
0.2726313927515779
0.2732846487714573
0.27393838756530725
0.27459261038867455
0.2752473161468679
0.2759025031967143
0.27655817483521633
0.2772143257748015
0.2778709603411566
0.27852807443386673
0.2791856698444364
0.2798437464921116
0.2805023044485853
0.28116133874155813
0.2818208540681483
0.2824808486832609
0.28314132151140653
0.2838022741168591
0.28446370457685927
0.2851256116674407
0.2857879951568853
0.28645085548119703
0.28711419360798446
0.2877780087794443
0.2884422978511976
0.28910706233644085
0.2897723034602818
0.29043801882511755
0.29110420641046986
0.29177086958040127
0.2924380066414001
0.29310561703334814
0.2937736996069768
0.2944422538728662
0.29511128195198993
0.2957807808552465
0.296450749239016
0.297121189737403
0.2977921022970872
0.29846348350212026
0.29913533401153974
0.2998076557074218
0.3004804465121543
0.30115370490710547
0.30182742971752896
0.30250162676080383
0.30317628596962753
0.30385141591179504
0.30452701178564245
0.30520307350282194
0.30587960091859184
0.30655659594234763
0.30723405474340404
0.3079119777817406
0.30859036452593497
0.3092692167062322
0.30994853116342247
0.310628309138757
0.31130855041677197
0.31198925363526453
0.3126704192991934
0.3133520476741651
0.31403413508794153
0.3147166840359774
0.31539969422124514
0.31608316390042107
0.316767091331663
0.3174514816208251
0.3181363265088724
0.3188216326270817
0.31950739335211076
0.3201936149102484
0.3208802926580888
0.321567427382145
0.32225501745764085
0.3229430654594188
0.323631566517814
0.32432052433841446
0.32500993591036464
0.32569980223742145
0.32639012104023896
0.3270808944551887
0.32777212238497355
0.32846380076848214
0.3291559326944483
0.32984851344882243
0.33054154765817845
0.33123503292224277
0.3319289685764391
0.33262335427875334
0.3333181886660714
0.33401347451556435
0.3347092070593865
0.3354053869212583
0.33610201725526667
0.33679909375578926
0.33749661826061644
0.3381945891943324
0.3388930063772223
0.33959186780591605
0.3402911772324873
0.34099093005388537
0.3416911270335152
0.34239176708020497
0.3430928518061771
0.34379438111505484
0.34449635184092847
0.3451987654965347
0.3459016222414717
0.34660491695352313
0.3473086552666842
0.3480128324349929
0.3487174510525042
0.3494225078047623
0.35012800456590926
0.35083394193004297
0.3515403165032481
0.35224712806098535
0.35295437607156477
0.35366206463502015
0.35437018583648494
0.35507874533137074
0.3557877406480803
0.3564971689957672
0.35720703541695303
0.35791733423866534
0.35862806617254783
0.35933923134518064
0.3600508308232863
0.3607628626505294
0.36147532569607405
0.3621882220521735
0.3629015469068575
0.36361530309144247
0.3643294902177525
0.3650441074764234
0.3657591542463913
0.3664746279800193
0.3671905312250211
0.3679068606014645
0.3686236204708932
0.36934080421332544
0.3700584172361083
0.37077645417616606
0.3714949165842708
0.3722138038380722
0.37293311950718766
0.3736528537146942
0.37437301505197806
0.3750935990388767
0.3758146051019121
0.3765360351104814
0.377257884798385
0.37798015621204784
0.37870284744002625
0.3794259594651203
0.3801494938171854
0.3808734451630444
0.38159781602095233
0.3823226062378407
0.38304781264025595
0.38377343679933384
0.38449947919666566
0.38522593684029577
0.3859528109399412
0.3866801000357579
0.38740780428490923
0.3881359230432016
0.38886445633006345
0.3895934035766201
0.39032276318277487
0.3910525364376578
0.39178271984977525
0.392513318009941
0.39324432269007265
0.39397574154554865
0.39470756983990996
0.3954398067160197
0.39617245326244305
0.3969055087143764
0.39763897016308775
0.3983728420512823
0.3991071208651086
0.39984180440116546
0.400576894989216
0.40131239248852607
0.40204829348386756
0.4027846004442163
0.4035213106353089
0.40425842461312644
0.40499594019055346
0.40573385973118914
0.40647218273601715
0.4072109064478906
0.40795002848398726
0.4086895550144034
0.4094294799611099
0.41016980496378114
0.41091052710998033
0.4116516490398105
0.4123931701264275
0.41313508782060754
0.41387740215036367
0.4146201141750574
0.4153632198050059
0.4161067231733564
0.41685061963345466
0.4175949119457463
0.41833959667501586
0.41908467613028694
0.41983014690772996
0.4205760113335306
0.4213222675429049
0.42206891390301815
0.42281595357739304
0.4235633803244286
0.4243111984799392
0.4250594043728896
0.42580800000433927
0.4265569842221086
0.427306354572627
0.428056113673064
0.42880626020091467
0.429556790017824
0.43030770451874994
0.4310590061819301
0.43181069247905085
0.432562761380566
0.4333152137487615
0.4340680507174711
0.43482126637556817
0.43557486524177064
0.43632884632064584
0.4370832079597872
0.4378379492239537
0.43859306956384375
0.4393485694352923
0.44010444783132435
0.44086070444873715
0.44161733760920857
0.442374348141293
0.443131734413796
0.44388949582008913
0.44464763402634677
0.4454061467979479
0.4461650330981848
0.4469242917766263
0.4476839247184045
0.44844393000082305
0.44920430698900976
0.4499650558052047
0.4507261751157081
0.45148766488051795
0.4522495224631583
0.4530117515295138
0.4537743479615668
0.4545373130902244
0.45530064457749697
0.45606434266410356
0.45682840851365425
0.4575928396657982
0.45835763779195393
0.4591227978533117
0.4598883219131865
0.46065421027362713
0.4614204641737222
0.46218707689179334
0.46295405422865926
0.46372138965134024
0.4644890869283596
0.46525714565154364
0.4660255617426243
0.4667943392200422
0.4675634745515863
0.4683329671394243
0.46910281554717936
0.4698730220697189
0.47064358446068216
0.47141450280159897
0.4721857760694408
0.47295740409434883
0.4737293855103605
0.4745017203325598
0.4752744081043299
0.47604744725588377
0.4768208386927671
0.4775945794212115
0.4783686720343162
0.47914311336699655
0.479917904149922
0.4806930449251338
0.4814685323029835
0.48224436851494823
0.48302055040438824
0.4837970786105923
0.48457395187876406
0.4853511705567691
0.48612873429552156
0.4869066417892244
0.48768489309660684
0.48846348662512556
0.4892424228190383
0.4900216980785599
0.49080131648556274
0.49158127552147673
0.4923615729528822
0.49314221100764544
0.49392318681702146
0.4947045013762574
0.4954861543749922
0.49626814096961147
0.49705046503852435
0.49783312462885115
0.4986161208079722
0.49939945013141096
0.5001831121609028
0.5009671098451625
0.501751436905244
0.5025360977775603
0.5033210909911864
0.5041064143408378
0.5048920676725669
0.5056780495912399
0.5064643624140086
0.5072510013548183
0.5080379698027023
0.5088252645610695
0.5096128848818093
0.510400831989215
0.5111891066557616
0.5119777026670942
0.5127666240551464
0.5135558676359978
0.5143454361346347
0.5151353258498899
0.515925536313821
0.5167160707476195
0.5175069226846789
0.5182980946495095
0.5190895864758289
0.5198813986906091
0.5206735249635334
0.5214659696572728
0.5222587323164151
0.5230518105667862
0.5238452034913519
0.5246389102843168
0.5254329337136109
0.5262272690062617
0.5270219172281897
0.5278168788272545
0.5286121521558617
0.5294077356856416
0.5302036280111856
0.5309998336058199
0.531796346857757
0.5325931694699255
0.5333902976399756
0.5341877335255244
0.5349854763882915
0.5357835263145709
0.5365818807198169
0.5373805409249339
0.5381795022738307
0.5389787694486418
0.5397783391096785
0.5405782123884455
0.5413783843261372
0.5421788588205226
0.5429796331705974
0.5437807071035606
0.5445820797896583
0.5453837501172196
0.5461857189081744
0.5469879848061613
0.5477905477447725
0.5485934038476149
0.549396557934114
0.5502000052245458
0.551003746171935
0.5518077817846389
0.5526121089333019
0.5534167269293475
0.5542216367481277
0.5550268379208726
0.5558323278091443
0.5566381069147112
0.5574441754584589
0.5582505327130377
0.5590571738747693
0.5598641045911694
0.5606713229360111
0.5614788236185941
0.5622866095833654
0.5630946780314803
0.5639030324774604
0.5647116690125555
0.5655205866617335
0.5663297877210404
0.56713926589503
0.5679490272248591
0.568759067419779
0.569569384828642
0.5703799817764297
0.571190855394626
0.5720020063010419
0.5728134334669099
0.5736251351258748
0.5744371125004212
0.5752493621129401
0.576061886263535
0.5768746852876308
0.5776877531559442
0.5785010945566027
0.5793147048178083
0.5801285851458868
0.5809427350387559
0.5817571536627525
0.5825718425219003
0.5833867978565744
0.5842020185002298
0.585017506735039
0.5858332582559462
0.5866492759075153
0.5874655572151617
0.5882821018870105
0.5890989101378731
0.589915978503207
0.5907333099799594
0.5915509008373484
0.5923687513259935
0.5931868624624167
0.5940052304394736
0.594823855914015
0.5956427418156167
0.5964618818052538
0.5972812771214712
0.5981009271149507
0.5989208341745246
0.5997409933113509
0.6005614049219563
0.6013820688371441
0.602202986864502
0.6030241543959949
0.6038455697500832
0.6046672385291922
0.6054891540842425
0.6063113210408186
0.6071337305160653
0.607956388692122
0.6087792946011168
0.6096024435538374
0.610425838705846
0.6112494785428638
0.6120733618451563
0.6128974879544189
0.6137218542019371
0.6145464630967714
0.6153713101583766
0.616196399918994
0.6170217275866972
0.6178472952631949
0.618673098536841
0.6194991390789835
0.6203254177402878
0.6211519303748174
0.6219786805759787
0.6228056626299241
0.623632878305555
0.6244603244070799
0.6252880071035665
0.6261159196549363
0.6269440634213731
0.6277724362670691
0.6286010373903892
0.6294298686629929
0.6302589295860653
0.6310882147388395
0.6319177265689268
0.6327474644080515
0.6335774272959738
0.6344076153527066
0.6352380270414713
0.6360686613615073
0.6368995178774749
0.6377305954146495
0.6385618937963881
0.6393934112018008
0.6402251491927354
0.641057104590727
0.6418892783530962
0.6427216712079639
0.6435542788741687
0.644387102431475
0.6452201414982948
0.6460533927005235
0.6468868592802982
0.6477205383329547
0.6485544296873359
0.6493885319794118
0.650222846215168
0.6510573681418871
0.6518921013953204
