1025
-0.9586004866604851
-0.9589900667911929
-0.9593792343536812
-0.9597679914312952
-0.9601563356050645
-0.9605442680709484
-0.9609317882286039
-0.9613188954580166
-0.9617055899945482
-0.9620918710948425
-0.9624777385879066
-0.9628631933235877
-0.9632482322402173
-0.9636328575927867
-0.9640170696541641
-0.964400866520427
-0.9647842482220977
-0.9651672142091646
-0.9655497654627879
-0.9659319006242032
-0.9663136203665604
-0.9666949228936655
-0.9670758095512899
-0.9674562796895345
-0.9678363331535156
-0.9682159687131319
-0.9685951874012136
-0.9689739877954124
-0.969352371443476
-0.9697303360431035
-0.9701078822753962
-0.970485010607416
-0.9708617188729954
-0.9712380096872866
-0.9716138801253064
-0.9719893314261151
-0.972364362453599
-0.9727389742388234
-0.9731131654413903
-0.9734869358593095
-0.9738602864874806
-0.9742332150642402
-0.9746057233680184
-0.9749778094789872
-0.9753494748370461
-0.975720717639596
-0.9760915399339055
-0.9764619378097414
-0.9768319144895342
-0.9772014684432762
-0.9775705996540447
-0.9779393070864286
-0.9783075914449899
-0.978675452338049
-0.9790428895858232
-0.979409902085258
-0.979776491294916
-0.980142654622875
-0.9805083947886206
-0.9808737097382528
-0.9812385992346587
-0.981603064329764
-0.981967103260821
-0.9823307158097399
-0.9826939036592534
-0.983056664743444
-0.9834189994915135
-0.9837809082362168
-0.984142390499854
-0.9845034445250255
-0.9848640724422474
-0.9852242726022016
-0.9855840449621269
-0.9859433906644561
-0.9863023070578713
-0.986660796105665
-0.9870188564922999
-0.9873764881189645
-0.9877336920545821
-0.9880904656509877
-0.988446811262738
-0.9888027269806139
-0.9891582132380048
-0.9895132699756545
-0.9898678973490789
-0.9902220937422458
-0.9905758606531238
-0.9909291966003574
-0.991282101846978
-0.9916345762662039
-0.9919866200832154
-0.9923382320839013
-0.9926894133522839
-0.9930401627568937
-0.9933904799825916
-0.9937403656402752
-0.9940898193731502
-0.994438840726699
-0.9947874294668425
-0.9951355856557536
-0.9954833095256762
-0.9958305995608108
-0.9961774566980766
-0.9965238809215223
-0.9968698712110992
-0.9972154270309753
-0.997560550718212
-0.9979052389657999
-0.9982494937101962
-0.9985933136578098
-0.9989366993326311
-0.9992796500968131
-0.9996221660656102
-0.9999642478566017
-1.0003058928255903
-1.000647102934063
-1.0009878782520718
-1.0013282171083238
-1.0016681204492466
-1.0020075876149672
-1.0023466184498426
-1.002685213366327
-1.003023371843804
-1.003361093136175
-1.0036983782083062
-1.0040352260430983
-1.004371636327628
-1.0047076097404142
-1.0050431459379818
-1.0053782447208046
-1.0057129048301279
-1.0060471276277074
-1.0063809122237388
-1.0067142593346874
-1.0070471673801449
-1.0073796371381445
-1.0077116683252583
-1.0080432603411555
-1.0083744144910742
-1.0087051276432693
-1.0090354040225136
-1.0093652397558965
-1.0096946358149637
-1.0100235926551764
-1.0103521097176003
-1.0106801869398552
-1.0110078239483387
-1.0113350211266818
-1.011661777678338
-1.0119880936166366
-1.012313969269296
-1.0126394045302343
-1.0129643987307912
-1.0132889515511465
-1.0136130641855556
-1.0139367343994181
-1.0142599643297598
-1.0145827525877442
-1.0149050984086083
-1.015227003137654
-1.0155484656937397
-1.015869486856505
-1.0161900662546925
-1.0165102018315746
-1.0168298968624192
-1.0171491479065855
-1.0174679569788223
-1.0177863237763507
-1.0181042467585815
-1.018421727698964
-1.0187387653474698
-1.0190553594718101
-1.0193715107573031
-1.019687217835421
-1.020002482229584
-1.0203173036304218
-1.0206316801781983
-1.0209456120553266
-1.0212591024344624
-1.0215721476875064
-1.021884747770253
-1.0221969039116554
-1.0225086162218
-1.0228198847341798
-1.0231307068325861
-1.0234410851411493
-1.0237510187087184
-1.0240605083329406
-1.0243695512460336
-1.0246781498845638
-1.0249863034564766
-1.0252940109665087
-1.0256012736487192
-1.025908090851052
-1.0262144624919218
-1.0265203890394812
-1.0268258688576894
-1.0271309031476052
-1.0274354916461284
-1.0277396337405138
-1.028043330062157
-1.0283465798503042
-1.0286493830740786
-1.0289517402708135
-1.0292536515760338
-1.0295551152276836
-1.029856133003313
-1.030156703197646
-1.0304568271633192
-1.030756504486877
-1.0310557342941555
-1.0313545165940488
-1.0316528531630458
-1.0319507421004364
-1.032248182067073
-1.0325451763924018
-1.0328417230784395
-1.0331378213793025
-1.0334334729827652
-1.0337286766751395
-1.0340234319305903
-1.034317740547538
-1.0346116012414277
-1.034905012753769
-1.035197976161593
-1.0354904926225053
-1.035782559979654
-1.036074180234807
-1.0363653508794992
-1.0366560743837063
-1.0369463486791084
-1.0372361739082485
-1.0375255518426605
-1.0378144803710825
-1.0381029604090106
-1.0383909916534906
-1.0386785747608234
-1.038965708267519
-1.0392523926793202
-1.039538629323121
-1.039824415497719
-1.0401097534272805
-1.0403946416104137
-1.0406790808522082
-1.040963070882452
-1.041246611705533
-1.0415297035747921
-1.0418123456999289
-1.0420945385251124
-1.042376281610099
-1.0426575750510767
-1.0429384195408433
-1.0432188138159526
-1.0434987588865943
-1.0437782542508538
-1.044057299557628
-1.0443358947949677
-1.0446140409331148
-1.0448917360671461
-1.04516898182473
-1.0454457778673154
-1.0457221241422212
-1.0459980194334493
-1.046273466390202
-1.0465484621276326
-1.0468230079258316
-1.0470971032894087
-1.0473707491113609
-1.0476439440608745
-1.0479166883848559
-1.048188984220824
-1.0484608278851806
-1.048732221294027
-1.0490031656730643
-1.0492736589420406
-1.049543701746969
-1.049813294816219
-1.0500824363237728
-1.0503511277860595
-1.050619368687662
-1.050887159268418
-1.0511544990569237
-1.0514213884659553
-1.0516878275543082
-1.0519538150018743
-1.0522193528214998
-1.0524844405445681
-1.0527490765953493
-1.0530132628038709
-1.0532769978257146
-1.0535402812738353
-1.0538031155938874
-1.0540654982479536
-1.0543274307866504
-1.0545889125981822
-1.0548499422139803
-1.0551105227605266
-1.0553706525746769
-1.0556303302472578
-1.0558895585279022
-1.0561483357370178
-1.056406662054088
-1.0566645380522375
-1.0569219625437165
-1.0571789361543489
-1.057435459906652
-1.0576915323029745
-1.0579471544870434
-1.0582023252135782
-1.058457045608802
-1.0587113151779102
-1.058965134193411
-1.059218502800592
-1.0594714197078254
-1.0597238859989941
-1.0599759021304778
-1.0602274681057937
-1.060478582362429
-1.060729246216498
-1.060979459283824
-1.0612292226515698
-1.0614785348417186
-1.0617273965377956
-1.0619758073969305
-1.0622237675917923
-1.062471277552204
-1.062718336047938
-1.0629649444695037
-1.0632111032987885
-1.0634568116946541
-1.0637020691166565
-1.0639468758872321
-1.064191232382796
-1.0644351379199843
-1.0646785945221424
-1.064921599412601
-1.065164154876263
-1.065406259583568
-1.0656479142126565
-1.0658891190812774
-1.0661298729121154
-1.0663701766342923
-1.066610030784471
-1.066849434661933
-1.0670883892733891
-1.0673268926250594
-1.0675649465282935
-1.0678025506162407
-1.0680397046740309
-1.0682764095207251
-1.068512663106742
-1.0687484676403824
-1.0689838223785029
-1.069218727956604
-1.0694531832409402
-1.0696871891345245
-1.06992074600296
-1.0701538527973673
-1.0703865097028873
-1.0706187177507922
-1.070850477229493
-1.0710817855698211
-1.0713126455006297
-1.07154305630007
-1.071773018362659
-1.0720025299566747
-1.0722315934999975
-1.0724602078326135
-1.072688373500124
-1.0729160899086652
-1.073143357860174
-1.0733701763285022
-1.0735965459750216
-1.0738224674751655
-1.0740479407135974
-1.0742729647130784
-1.0744975402592725
-1.0747216672602886
-1.0749453465426562
-1.0751685773968818
-1.0753913588759296
-1.0756136935557785
-1.0758355790618002
-1.0760570173448323
-1.0762780077556917
-1.0764985495034969
-1.0767186433197549
-1.0769382900074929
-1.077157488723153
-1.0773762399212372
-1.0775945435641021
-1.0778124000037381
-1.078029808189772
-1.0782467700375304
-1.0784632840130919
-1.0786793508653458
-1.0788949710532043
-1.0791101443458448
-1.079324869588506
-1.0795391488213277
-1.079752981670974
-1.0799663668919437
-1.0801793059520266
-1.0803917985435498
-1.0806038442521306
-1.0808154442590623
-1.081026597256829
-1.0812373046585972
-1.0814475654153837
-1.081657381330805
-1.0818667496751673
-1.0820756735965495
-1.0822841515149917
-1.0824921830133376
-1.0826997698422953
-1.0829069110914726
-1.0831136068392129
-1.0833198572238691
-1.0835256628420322
-1.083731022395002
-1.0839359372861166
-1.0841404074645469
-1.0843444331596803
-1.0845480143733255
-1.0847511500587577
-1.084953842717848
-1.0851560899480657
-1.0853578928527172
-1.0855592528636757
-1.0857601670929087
-1.0859606384934155
-1.0861606658269851
-1.0863602485757409
-1.0865593885657026
-1.0867580852121457
-1.0869563382217335
-1.0871541476593123
-1.0873515137349605
-1.0875484366669286
-1.0877449175033465
-1.0879409564722005
-1.0881365505422247
-1.088331702410891
-1.0885264119037745
-1.0887206793058901
-1.0889145052628255
-1.0891078877581137
-1.0893008282303116
-1.0894933279658816
-1.0896853842535459
-1.0898770003494458
-1.090068174459247
-1.090258907319871
-1.0904491982199087
-1.0906390491083962
-1.09082845769219
-1.0910174266166224
-1.0912059537948198
-1.0913940408435652
-1.0915816863969081
-1.0917688925831912
-1.0919556584114174
-1.092141984251508
-1.0923278696014276
-1.0925133156785256
-1.092698321731469
-1.0928828879313037
-1.0930670153175386
-1.09325070238658
-1.09343395091657
-1.0936167599495021
-1.0937991310215942
-1.0939810626635098
-1.0941625557564512
-1.0943436101132669
-1.094524226689063
-1.0947044047034997
-1.0948841451879654
-1.0950634465472586
-1.0952423116134966
-1.0954207383577352
-1.0955987275468222
-1.0957762798053239
-1.095953394985024
-1.0961300723011842
-1.0963063138685538
-1.096482117620216
-1.0966574850744815
-1.0968324165537802
-1.0970069115680627
-1.0971809702684892
-1.097354593843382
-1.0975277798473786
-1.0977005316631574
-1.0978728486815004
-1.098044728909605
-1.0982161747000703
-1.0983871847915123
-1.0985577606736414
-1.0987279024871215
-1.0988976087966815
-1.0990668810718898
-1.099235718521051
-1.0994041229872944
-1.0995720928947497
-1.0997396284121346
-1.0999067318758702
-1.1000734014663032
-1.1002396379348636
-1.1004054404006431
-1.100570810867475
-1.100735748490581
-1.1009002543708786
-1.1010643266462914
-1.1012279676097687
-1.1013911761479453
-1.1015539533344318
-1.1017162987415345
-1.101878212625939
-1.1020396945771769
-1.102200745649645
-1.102361366806943
-1.1025215558137067
-1.102681315222769
-1.1028406437511982
-1.102999542334453
-1.103158010892954
-1.1033160491411513
-1.1034736586034213
-1.1036308374279695
-1.1037875880691703
-1.1039439086114808
-1.104099800613264
-1.1042552641900478
-1.1044102996593659
-1.1045649052630697
-1.1047190834906402
-1.1048728338162133
-1.105026156038328
-1.105179051398485
-1.1053315192815083
-1.1054835595097825
-1.1056351724441495
-1.1057863584344867
-1.105937118483776
-1.1060874524410518
-1.1062373592613408
-1.106386840128121
-1.1065358958809492
-1.106684525737568
-1.1068327293678568
-1.106980508469707
-1.1071278625995098
-1.1072747920003043
-1.1074212965529544
-1.1075673762775224
-1.1077130326573443
-1.1078582646846364
-1.1080030720101428
-1.1081474562583988
-1.1082914178975942
-1.1084349555860293
-1.108578070164896
-1.108720762693089
-1.1088630327576439
-1.1090048800738843
-1.1091463044499292
-1.1092873087493518
-1.1094278891229061
-1.1095680495311082
-1.1097077883675974
-1.1098471059162625
-1.1099860026658332
-1.1101244795363707
-1.1102625355404505
-1.1104001710523204
-1.110537386399504
-1.1106741825456445
-1.1108105586600083
-1.1109465156717004
-1.1110820538170516
-1.111217172864161
-1.1113518735089178
-1.111486156321279
-1.1116200198901158
-1.1117534659796364
-1.1118864945983793
-1.1120191056025721
-1.1121512984811357
-1.1122830759751094
-1.112414434865443
-1.112545378381102
-1.1126759041636098
-1.1128060151420194
-1.1129357098355754
-1.1130649891480773
-1.1131938525196778
-1.1133223015867748
-1.1134503345537194
-1.1135779537123847
-1.1137051579579254
-1.1138319481744172
-1.1139583237608714
-1.1140842861143618
-1.1142098357072239
-1.1143349710385009
-1.1144596938871936
-1.1145840027315164
-1.1147078998896638
-1.1148313848882299
-1.114954457741145
-1.1150771187535193
-1.1151993677657477
-1.1153212064108777
-1.1154426331628835
-1.1155636486151013
-1.1156842545066215
-1.1158044495400516
-1.1159242348304927
-1.1160436102441649
-1.1161625760820273
-1.1162811319350232
-1.1163992798017035
-1.1165170181518145
-1.1166343478392127
-1.1167512688234444
-1.1168677821612938
-1.1169838882988317
-1.1170995862698179
-1.117214877189616
-1.1173297617160067
-1.1174442379399068
-1.117558308782684
-1.1176719726427455
-1.117785230973355
-1.117898082954428
-1.1180105298864267
-1.118122572314403
-1.1182342093430646
-1.1183454412838916
-1.1184562683963188
-1.118566692991952
-1.1186767118637608
-1.11878632810033
-1.1188955411108379
-1.1190043500897842
-1.1191127576367763
-1.1192207619116095
-1.1193283635971536
-1.1194355631729838
-1.1195423615873137
-1.1196487585427255
-1.119754753990626
-1.1198603492339032
-1.1199655427631805
-1.1200703362111433
-1.1201747299224925
-1.120278724021887
-1.1203823186413073
-1.12048551323443
-1.1205883093430498
-1.1206907060230327
-1.120792705634032
-1.120894305837382
-1.1209955093658646
-1.121096314355264
-1.1211967221189298
-1.1212967327326213
-1.1213963483115605
-1.1214955650048348
-1.1215943869813823
-1.121692812978045
-1.1217908430421606
-1.1218884786678007
-1.1219857182916702
-1.1220825632840863
-1.122179013578241
-1.1222750699369848
-1.122370733461982
-1.1224660024103028
-1.1225608784107632
-1.1226553617589707
-1.1227494516631324
-1.1228431494517717
-1.1229364555761032
-1.1230293693527629
-1.123121891894521
-1.123214022996653
-1.1233057632133865
-1.1233971128880431
-1.1234880723550962
-1.123578641984785
-1.123668821630755
-1.1237586123019814
-1.12384801302087
-1.1239370263503936
-1.124025649097857
-1.124113885256903
-1.1242017330955527
-1.1242891930252614
-1.1243762657271796
-1.124462951705454
-1.1245492499588932
-1.1246351631863136
-1.1247206900587947
-1.1248058304396409
-1.1248905858020266
-1.1249749565061684
-1.1250589416709849
-1.125142542933139
-1.1252257595823474
-1.125308592282266
-1.1253910408003318
-1.1254731067008867
-1.1255547900989635
-1.1256360905218603
-1.125717007437125
-1.1257975440102206
-1.1258776980793475
-1.1259574710470541
-1.1260368621045076
-1.1261158729357936
-1.126194503851265
-1.1262727542152648
-1.1263506246297108
-1.1264281161277154
-1.1265052274051242
-1.1265819608767191
-1.1266583150333946
-1.1267342916008352
-1.126809889690674
-1.1268851107542797
-1.1269599540287094
-1.1270344208816352
-1.1271085112812835
-1.1271822247850904
-1.127255563654125
-1.127328525480408
-1.1274011127241748
-1.127473324514651
-1.127545162165953
-1.1276166256985234
-1.127687714635972
-1.1277584307027688
-1.1278287739212036
-1.1278987429786367
-1.127968339051265
-1.1280375639129863
-1.128106416769245
-1.128174897670974
-1.1282430072107419
-1.1283107466001139
-1.1283781138845694
-1.1284451115654508
-1.1285117396150373
-1.1285779981574662
-1.128643887155818
-1.1287094071253876
-1.1287745587412434
-1.1288393420750626
-1.1289037575851268
-1.1289678052652143
-1.1290314859165391
-1.12909479947799
-1.129157746231511
-1.1292203274635835
-1.1292825429823081
-1.1293443925195341
-1.1294058765644372
-1.1294669962438635
-1.1295277514647442
-1.1295881425024497
-1.129648170021228
-1.129707833979935
-1.1297671349103309
-1.1298260723728448
-1.1298846484059328
-1.1299428619638858
-1.1300007141108328
-1.1300582045023044
-1.1301153337900216
-1.1301721031378278
-1.1302285119613154
-1.1302845616410682
-1.1303402506139122
-1.130395580377839
-1.1304505516189596
-1.130505165451579
-1.1305594196468591
-1.130613317391297
-1.130666856166431
-1.13072003849467
-1.1307728646987696
-1.1308253335717642
-1.1308774475196097
-1.1309292056284497
-1.130980608240963
-1.1310316553001227
-1.13108234846906
-1.1311326874195016
-1.1311826725746656
-1.1312323044005324
-1.1312815832002996
-1.131330509187833
-1.1313790828822003
-1.1314273047046377
-1.131475174587498
-1.1315226935931562
-1.1315698609764084
-1.1316166784933752
-1.131663145543374
-1.1317092627577527
-1.1317550312519955
-1.1318004500562804
-1.1318455208717728
-1.1318902428494124
-1.1319346169285074
-1.131978643137154
-1.1320223224024701
-1.1320656550685233
-1.1321086411830603
-1.132151281541258
-1.132193576009239
-1.132235525294031
-1.1322771286720323
-1.132318388429689
-1.1323593040831619
-1.1323998753686437
-1.1324401039100649
-1.1324799890029873
-1.1325195316841772
-1.1325587326705266
-1.1325975903256147
-1.1326361069791426
-1.1326742825823732
-1.1327121180374888
-1.1327496125195715
-1.1327867666618248
-1.1328235821176336
-1.1328600570545682
-1.1328961938634186
-1.1329319927037733
-1.13296745316886
-1.1330025758574085
-1.1330373608418314
-1.133071809797937
-1.1331059211837744
-1.1331396972449916
-1.1331731371479983
-1.1332062413924524
-1.1332390109251749
-1.1332714468458789
-1.1333035471852897
-1.1333353141963187
-1.1333667473502265
-1.1333978483657428
-1.133428616268485
-1.1334590515936076
-1.1334891563110598
-1.133518928333832
-1.1335483694517063
-1.1335774802531446
-1.1336062616278737
-1.133634711365086
-1.1336628320985984
-1.133690624323765
-1.1337180878348057
-1.1337452225457636
-1.1337720290698539
-1.1337985090776856
-1.133824661267377
-1.1338504868579968
-1.1338759866222805
-1.1339011605314404
-1.1339260085043041
-1.1339505307247078
-1.1339747297771388
-1.1339986039560612
-1.1340221544964078
-1.1340453806691548
-1.1340682838102292
-1.134090864499395
-1.1341131234388337
-1.1341350600355828
-1.1341566756362942
-1.134177968996917
-1.1341989427119754
-1.1342195959876047
-1.134239930095511
-1.1342599435374618
-1.1342796386658014
-1.1342990150545702
-1.1343180730913671
-1.1343368133072116
-1.134355235870594
-1.1343733417446578
-1.1343911310995127
-1.1344086045885065
-1.134425761201174
-1.1344426036881385
-1.1344591307391874
-1.1344753432261718
-1.1344912422123623
-1.1345068271988348
-1.134522098327479
-1.1345370569678572
-1.1345517034687738
-1.1345660373985862
-1.1345800597447773
-1.134593771209056
-1.1346071722419655
-1.134620261415473
-1.134633041881635
-1.1346455136086382
-1.1346576748681987
-1.1346695277463117
-1.1346810715773599
-1.1346923088163567
-1.134703238331454
-1.1347138604334541
-1.134724176756045
-1.1347341854161082
-1.1347438895053747
-1.1347532882009912
-1.1347623812722079
-1.1347711705200627
-1.1347796553765575
-1.134787836758117
-1.1347957150071866
-1.1348032901224432
-1.1348105633262344
-1.1348175336678576
-1.1348242030762747
-1.1348305722580407
-1.1348366394124547
-1.1348424072701533
-1.1348478744946844
-1.134853042262537
-1.1348579112415795
-1.1348624816896213
-1.134866754923558
-1.1348707301261551
-1.1348744074785428
-1.1348777887576549
-1.1348808726994541
-1.1348836613665707
-1.1348861543510298
-1.134888352267429
-1.1348902559293148
-1.134891864563594
-1.1348931802602686
-1.1348942019408028
-1.1348949306716303
-1.134895367522255
-1.1348955114737793
-1.13489536376024
-1.1348949262288055
-1.1348941968783381
-1.1348931770290909
-1.1348918670430403
-1.1348902687815625
-1.134888380831357
-1.1348862039363323
-1.1348837389510984
-1.1348809873788044
-1.1348779477588071
-1.1348746203155247
-1.134871008086674
-1.1348671090646234
-1.1348629258303038
-1.1348584553436787
-1.1348537011134443
-1.1348486633108827
-1.1348433407765384
-1.134837735558837
-1.1348318476846144
-1.134825677458772
-1.1348192253327813
-1.134812490829503
-1.1348054758092723
-1.134798179200401
-1.1347906035007738
-1.1347827475550512
-1.1347746129344058
-1.1347661984634798
-1.1347575057517731
-1.1347485356815346
-1.1347392873854663
-1.1347297630412982
-1.1347199611644656
-1.134709883148644
-1.1346995281981076
-1.1346888998733853
-1.1346779960813902
-1.1346668181323436
-1.1346553657169949
-1.1346436393342836
-1.134631640637471
-1.1346193700304876
-1.1346068260321465
-1.1345940104154373
-1.1345809236035935
-1.1345675659621262
-1.1345539383626817
-1.1345400408743112
-1.134525873814876
-1.1345114377146506
-1.1344967328692974
-1.1344817599799017
-1.1344665190328422
-1.134451011398475
-1.1344352365326356
-1.1344191955667255
-1.1344028895763503
-1.1343863175768922
-1.134369480628384
-1.1343523794528454
-1.1343350133439754
-1.1343173844712988
-1.1342994923930987
-1.1342813377000638
-1.1342629206641899
-1.134244242351779
-1.1342253018526252
-1.1342061013903553
