1025
1.2137068130391
1.2136488885050816
1.2135907930137457
1.2135325221126354
1.2134740791502105
1.2134154621120237
1.2133566715077095
1.2132977074788303
1.2132385698760215
1.213179258632567
1.2131197742963777
1.213060114165
1.2130002833058096
1.212940277906895
1.212880096892303
1.2128197420516484
1.2127592141692627
1.2126985126721286
1.2126376361773556
1.2125765861010829
1.2125153609452175
1.2124539631172349
1.2123923902130094
1.2123306427179013
1.212268720352321
1.2122066253499892
1.2121443543614348
1.212081909887388
1.2120192898225672
1.211956496103863
1.2118935275395677
1.2118303834251463
1.2117670663068338
1.2117035719997327
1.2116399048037796
1.2115760616830649
1.2115120450267842
1.2114478519320095
1.211383484634011
1.211318942448919
1.2112542241522777
1.2111893319720988
1.2111242639376885
1.211059021342698
1.2109936027280115
1.2109280097186543
1.2108622392860358
1.2107962967806158
1.2107301765292815
1.2106638809093901
1.210597410147017
1.2105307640770648
1.210463942458105
1.2103969447273202
1.2103297715012076
1.2102624230826902
1.2101948979511006
1.2101271992636897
1.2100593223715856
1.2099912702330295
1.2099230429421592
1.2098546383560242
1.209786058502008
1.2097173039633817
1.2096483712363508
1.2095792637967946
1.20950997998013
1.2094405191767532
1.2093708819432987
1.2093010705680365
1.2092310812100027
1.209160916226161
1.2090905752908303
1.2090200565006273
1.208949363046204
1.2088784920254734
1.2088074451438464
1.2087362219884061
1.208664820838605
1.2085932450727874
1.2085214911116242
1.2084495613522892
1.2083774548701838
1.2083051717573048
1.2082327103263186
1.2081600737443334
1.2080872594538241
1.2080142684744797
1.2079411013338073
1.2078677572617964
1.2077942351417055
1.2077205374416191
1.2076466614206431
1.2075726089367624
1.2074983799550596
1.2074239732667413
1.2073493893297116
1.2072746285805074
1.2071996908104181
1.2071245753242419
1.2070492816437164
1.206973812960951
1.20689816529326
1.2068223403307012
1.206746338623055
1.2066701605070882
1.2065938020951208
1.2065172689288037
1.2064405568026633
1.2063636682668466
1.2062866008707802
1.2062093573379575
1.2061319348126545
1.2060543343202734
1.2059765586994997
1.2058986039312127
1.2058204708212805
1.2057421607854575
1.205663672857235
1.205585007367653
1.2055061639694025
1.2054271422163874
1.2053479425882436
1.2052685659872997
1.205189010388876
1.2051092775935426
1.2050293668556162
1.2049492781862288
1.2048690112750586
1.2047885652730055
1.2047079433255565
1.2046271418812349
1.2045461631434642
1.204465005031836
1.2043836702217017
1.2043021568700167
1.2042204651329085
1.204138595441543
1.2040565463093131
1.2039743219865722
1.2038919157105137
1.2038093329940434
1.2037265720759347
1.203643632514076
1.203560514664004
1.2034772181049664
1.2033937435230604
1.2033100907489855
1.2032262590674423
1.2031422493099801
1.2030580610902546
1.2029736937814561
1.2028891479344357
1.2028044242580553
1.2027195213582578
1.20263444132423
1.2025491805717452
1.2024637422033546
1.2023781265477627
1.2022923306720286
1.2022063568355674
1.2021202036225593
1.2020338710249243
1.201947362324635
1.2018606722440857
1.2017738053941307
1.2016867592338987
1.2015995337285956
1.201512130375402
1.201424547063071
1.2013367856929262
1.201248845888967
1.2011607261941055
1.2010724287142194
1.2009839519804106
1.200895294705855
1.2008064607936415
1.2007174486316
1.2006282542037139
1.2005388821645326
1.2004493330904407
1.200359604172511
1.2002696953540246
1.2001796069353905
1.200089341730053
1.1999988969742377
1.1999082725625478
1.1998174677666222
1.199726486398764
1.1996353249851743
1.199543984054775
1.199452464855521
1.1993607663613572
1.1992688884598055
1.1991768313697582
1.1990845943840458
1.1989921799532082
1.1988995852225193
1.1988068118483524
1.1987138592765225
1.1986207270314262
1.198527416372937
1.1984339265900845
1.1983402570715083
1.198246407942527
1.1981523809113916
1.1980581734654001
1.1979637878240228
1.1978692224716072
1.1977744771973928
1.1976795535512152
1.1975844510549878
1.1974891674417707
1.1973937052136685
1.1972980661252346
1.1972022450561899
1.1971062451843535
1.197010067088151
1.196913708203229
1.196817170806868
1.1967204545632912
1.1966235576633524
1.1965264813015974
1.1964292275322206
1.196331794443808
1.1962341803691232
1.1961363881673113
1.1960384149515666
1.1959402645175807
1.1958419327601841
1.1957434229720485
1.1956447344006174
1.1955458648466024
1.1954468170458532
1.1953475893772454
1.195248182691549
1.1951485957580856
1.1950488301142559
1.1949488857115484
1.194848760115685
1.1947484572588107
1.1946479736955173
1.194547311490174
1.1944464699417672
1.1943454490035277
1.1942442484506215
1.1941428676753005
1.194041308103218
1.193939569372788
1.1938376512743594
1.1937355540239623
1.1936332766928368
1.1935308205568338
1.1934281846639603
1.1933253687324896
1.1932223747431507
1.193119201335738
1.193015847492451
1.1929123159374302
1.1928086044115713
1.1927047130895312
1.1926006422956938
1.1924963932603236
1.1923919624773043
1.1922873539824868
1.1921825657747105
1.1920775984685257
1.1919724508515144
1.1918671252198008
1.1917616207481279
1.1916559341711221
1.1915500711397384
1.1914440286593633
1.1913378048564653
1.1912314027626612
1.191124821275584
1.1910180597171947
1.1909111208043366
1.190804001105593
1.1906967027129307
1.190589224897815
1.1904815674004052
1.190373731216895
1.1902657150903724
1.190157521562277
1.1900491467375576
1.1899405921595514
1.1898318597885342
1.1897229469560269
1.189613856055969
1.1895045868670118
1.1893951363342272
1.189285507903962
1.1891756994065734
1.1890657117363175
1.188955547551005
1.188845200689819
1.188734675634182
1.1886239731219104
1.188513089389403
1.1884020272283868
1.188290785866033
1.1881793650386334
1.1880677659918992
1.1879559881725978
1.1878440300521826
1.1877318931296565
1.1876195767901272
1.1875070828156946
1.1873944089136226
1.1872815558666863
1.1871685236722205
1.1870553118868499
1.186941922746224
1.1868283545063876
1.1867146064269032
1.1866006789736807
1.1864865734974632
1.1863722889505404
1.1862578256676337
1.1861431820649047
1.186028360613661
1.1859133595412226
1.1857981805231683
1.1856828229438363
1.1855672852079442
1.1854515709688236
1.185335676458192
1.1852196021774841
1.1851033491905176
1.1849869179062922
1.1848703079429173
1.1847535194176109
1.184636553085034
1.1845194060706221
1.1844020824566206
1.184284578384513
1.184166896261607
1.1840490356092648
1.18393099543954
1.183812778285503
1.1836943820494361
1.1835758067983329
1.1834570528120087
1.1833381197701587
1.1832190093537998
1.1830997199021107
1.1829802517439438
1.182860605048862
1.182740779419117
1.1826207771815087
1.1825005951091878
1.1823802353263317
1.1822596959624467
1.1821389791472972
1.1820180837620897
1.1818970091191732
1.1817757567475011
1.1816543270155535
1.1815327178657458
1.1814109295409754
1.1812889651729583
1.1811668219122964
1.1810445000877134
1.180921999092923
1.1807993221156379
1.1806764653491544
1.1805534305638077
1.1804302174601753
1.1803068267887917
1.180183257079329
1.180059511070917
1.1799355865230938
1.1798114833204618
1.1796872014247632
1.179562742733294
1.179438106007103
1.1793132915466513
1.179188297991789
1.1790631271061547
1.1789377795975298
1.178812252381433
1.1786865489680238
1.1785606663916364
1.1784346060313635
1.1783083689770046
1.1781819542460705
1.1780553609123345
1.17792859022
1.1778016417585917
1.1776745157385262
1.1775472115965415
1.17741973126221
1.1772920717532045
1.1771642356194898
1.177036221780808
1.1769080299629733
1.176779660174054
1.176651114899167
1.1765223909138556
1.176393488764766
1.17626441074915
1.1761351546970433
1.1760057215353372
1.1758761115580694
1.1757463230518834
1.1756163585444892
1.1754862159072987
1.175355897421888
1.1752253991241914
1.175094726510499
1.1749638751236033
1.1748328463304478
1.174701641997485
1.1745702595058614
1.1744387000311916
1.1743069636733967
1.1741750506077757
1.1740429596496877
1.173910693513506
1.1737782499990173
1.1736456294522604
1.173512831809532
1.1733798569079827
1.1732467065067722
1.1731133773842204
1.1729798732517933
1.1728461923972338
1.1727123328859221
1.1725782995876932
1.1724440879565978
1.1723096998284632
1.1721751365052278
1.172040395662375
1.1719054777520024
1.1717703839448823
1.171635114088092
1.1714996681982675
1.1713640460759993
1.1712282460799752
1.171092268488979
1.1709561177960324
1.1708197905160056
1.170683286737105
1.1705466060098506
1.1704097482238136
1.1702727162291482
1.1701355080791993
1.169998122246321
1.1698605628204208
1.1697228253230245
1.1695849126552753
1.169446823198314
1.1693085593062826
1.1691701179136325
1.1690315027985507
1.168892709610914
1.1687537420773595
1.1686145979431108
1.168475279865269
1.168335784870174
1.1681961139897656
1.1680562672511892
1.1679162456176633
1.1677760479072237
1.1676356747098569
1.167495126543053
1.167354402553893
1.1672135042889054
1.1670724297370858
1.166931180410437
1.1667897541268688
1.1666481534844417
1.1665063783677267
1.1663644276468415
1.1662223013698678
1.1660800004432346
1.1659375236574903
1.1657948735716688
1.165652045870897
1.1655090450655716
1.165365868506877
1.1652225171690869
1.165078990490215
1.1649352902652221
1.1647914137314457
1.1646473638995556
1.1645031388362923
1.1643587387408765
1.164214163711123
1.1640694150455373
1.1639244903248684
1.1637793934340204
1.1636341200983777
1.1634886713574233
1.1633430499185136
1.1631972535903996
1.1630512832998183
1.162905138299187
1.162758817777042
1.1626123240602944
1.162465656376724
1.1623188144437633
1.1621717980745132
1.1620246080801702
1.161877244898826
1.1617297056104392
1.1615819930971256
1.1614341064571327
1.16128604720689
1.161137812980016
1.1609894051025533
1.1608408224126674
1.1606920677397325
1.160543138192551
1.1603940352453523
1.1602447580623318
1.160095307796537
1.1599456834158275
1.1597958873115712
1.1596459167454405
1.1594957713355651
1.159345454440668
1.1591949632239416
1.15904429895905
1.1588934608234662
1.1587424495160914
1.1585912662694278
1.158439907902803
1.1582883780252107
1.1581366743379355
1.1579847979040698
1.1578327487649336
1.157680526023753
1.1575281293883446
1.1573755621101558
1.1572228211540314
1.157069907173627
1.1569168203978526
1.1567635603505577
1.1566101275451173
1.1564565227250363
1.1563027460887727
1.156148796596301
1.155994674090937
1.155840378411497
1.1556859112445508
1.1555312718782607
1.1553764592539713
1.1552214742718239
1.1550663187653192
1.1549109899190888
1.1547554883894926
1.1545998147033383
1.1544439694778372
1.1542879524741976
1.1541317626006031
1.153975401487369
1.1538188692138904
1.1536621643255651
1.1535052869252247
1.1533482384131344
1.1531910186865715
1.1530336258991039
1.1528760614950817
1.152718326332882
1.152560420682536
1.1524023404551353
1.1522440925199071
1.1520856704667928
1.151927077748254
1.1517683137497934
1.1516093791493758
1.1514502713628536
1.1512909936064424
1.151131544771522
1.1509719254972286
1.1508121338263528
1.1506521721482723
1.1504920393789284
1.1503317352523912
1.1501712603261574
1.1500106143422526
1.149849797062425
1.149688809950603
1.1495276521850915
1.1493663226930753
1.1492048232635146
1.1490431541948678
1.148881312350653
1.1487193028184768
1.1485571207611838
1.148394770788912
1.1482322478883
1.1480695554099452
1.1479066929314317
1.1477436605806972
1.1475804567321308
1.1474170840916063
1.1472535407424802
1.1470898279661212
1.1469259447801856
1.146761892390996
1.1465976694073792
1.1464332759035167
1.1462687138930878
1.1461039810023907
1.1459390806058798
1.145774008947075
1.1456087678682232
1.1454433572145732
1.1452777769126024
1.1451120278572118
1.144946107864939
1.1447800202485503
1.144613763889041
1.144447336453793
1.144280740784448
1.144113975186587
1.143947040869896
1.143779937414777
1.1436126659816879
1.1434452236786647
1.143277613477566
1.1431098347703956
1.1429418879401927
1.1427737716528925
1.142605485709083
1.1424370317409396
1.1422684087477528
1.1420996167328674
1.1419306584305189
1.141761529884725
1.141592234115136
1.1414227687218945
1.1412531362173448
1.141083335114664
1.1409133643593197
1.140743226182535
1.1405729205255524
1.1404024474722319
1.1402318043977318
1.1400609953571732
1.1398900170916177
1.1397188710127066
1.1395475585264068
1.1393760758033828
1.139204426870395
1.139032610793622
1.138860627001964
1.138688474655421
1.1385161550724574
1.138343668597048
1.1381710133350587
1.137998192712171
1.1378252040967067
1.137652047810705
1.1374787241765218
1.1373052329470337
1.1371315758884697
1.1369577508998254
1.1367837601933413
1.1366096004348436
1.1364352760224257
1.136260782733207
1.1360861238751043
1.135911298542526
1.1357363065731811
1.1355611455182153
1.1353858214477381
1.1352103283278419
1.1350346695109492
1.134858844342786
1.1346828520328764
1.1345066944759146
1.1343303700538003
1.1341538804734803
1.13397722452399
1.1338004005777353
1.1336234122148419
1.1334462575131068
1.1332689359721893
1.1330914496477555
1.132913797678148
1.1327359786929891
1.1325579947789255
1.132379845017086
1.132201529925435
1.1320230490433294
1.1318444029467765
1.1316655907047501
1.1314866127381915
1.1313074701157488
1.1311281612643058
1.1309486885223896
1.1307690486003428
1.1305892462904215
1.130409276745876
1.1302291422540833
1.1300488438726475
1.1298683796624822
1.1296877508603382
1.1295069582027726
1.1293259994045188
1.1291448754357216
1.1289635882846705
1.1287821360945998
1.1286005183112355
1.1284187370519678
1.1282367906201238
1.1280546803272966
1.12787240520817
1.127689967060318
1.1275073638801931
1.1273245953008835
1.1271416633360465
1.1269585691820618
1.1267753084070424
1.1265918844762404
1.126408296549284
1.1262245459213485
1.12604063060709
1.1258565509220237
1.1256723079262165
1.125487901596997
1.1253033309265217
1.1251185981142342
1.1249337004324427
1.124748640469948
1.124563416150645
1.1243780295704888
1.124192478577952
1.124006765673611
1.123820888392578
1.1236348484108576
1.1234486456112498
1.1232622786880764
1.1230757505919586
1.1228890583381266
1.1227022045681978
1.1225151871994756
1.1223280066479773
1.1221406643521046
1.1219531583431661
1.1217654893756226
1.121577659462765
1.1213896677049278
1.1212015122865657
1.1210131939029817
1.120824714781091
1.1206360728073081
1.1204472676116952
1.1202583027714352
1.1200691748890477
1.1198798839906838
1.119690431474574
1.1195008171661331
1.1193110416548402
1.119121104023931
1.1189310045074612
1.1187407428693639
1.118550320502202
1.1183597360928852
1.1181689906454402
1.1179780840980065
1.1177870150343563
1.1175957852553395
1.1174043937564477
1.1172128424139576
1.1170211287373997
1.1168292541725626
1.1166372187545177
1.1164450221118707
1.1162526646809308
1.1160601460619934
1.1158674680614673
1.1156746275263025
1.115481627257663
1.115288465678908
1.1150951444822153
1.1149016627653912
1.1147080199002388
1.114514216717859
1.1143202518956579
1.1141261287454276
1.1139318454283391
1.113737401403865
1.1135427953002648
1.113348031678006
1.1131531065301592
1.112958022936493
1.1127627789320984
1.112567374326218
1.112371811177179
1.112176086647848
1.1119802029950852
1.1117841600987368
1.1115879585406918
1.1113915966214822
1.1111950756316762
1.1109983944381066
1.1108015543936751
1.110604554508804
1.1104073959374436
1.1102100780799773
1.1100126009118445
1.109814965122771
1.109617169986933
1.1094192167993222
1.1092211037483406
1.1090228329814271
1.108824402689283
1.108625813101179
1.1084270656733526
1.1082281589371685
1.108029094313893
1.1078298712065522
1.1076304899529816
1.1074309504113475
1.1072312520900212
1.1070313954199247
1.1068313804841152
1.1066312078969682
1.106430876520091
1.1062303891005665
1.1060297422585292
1.10582893712566
1.105627975204252
1.1054268546999175
1.1052255768247456
1.1050241405469083
1.1048225463949082
1.1046207966736379
1.1044188884734534
1.1042168232689098
1.104014599337038
1.1038122188605521
1.1036096821591488
1.1034069861648454
1.1032041354974005
1.1030011262126551
1.1027979595798783
1.1025946362311452
1.102391156116712
1.102187519860709
1.1019837256852998
1.101779775914804
1.1015756684735918
1.1013714047667769
1.1011669855794912
1.100962408883337
1.1007576742465282
1.1005527855922834
1.1003477394673034
1.1001425382078247
1.0999371793461166
1.0997316647934392
1.0995259948917817
1.0993201667575851
1.0991141845943238
1.0989080464316323
1.0987017519430333
1.0984953006443696
1.098288695736386
1.0980819343291626
1.097875016484291
1.0976679438772143
1.0974607155662752
1.0972533327711715
1.0970457926437593
1.0968380982590642
1.0966302488330744
1.0964222434353288
1.0962140828601445
1.0960057674657957
1.0957972982319735
1.095588671697948
1.0953798913756119
1.0951709552326907
1.094961866203618
1.0947526216642185
1.094543222362541
1.094333667830001
1.0941239590541745
1.093914094989532
1.093704078632961
1.093493906242112
1.0932835795035323
1.0930730976257959
1.0928624634495485
1.0926516739961463
1.092440730793039
1.0922296331070656
1.0920183816766253
1.0918069770146923
1.091595417727243
1.0913837045829027
1.0911718373038088
1.0909598179844602
1.0907476429091558
1.090535315280172
1.0903228341389974
1.0901101983836892
1.0898974101921461
1.0896844688211453
1.089471374051295
1.0892581254280669
1.0890447242863868
1.0888311702166134
1.0886174623844955
1.0884036010556855
1.0881895889168451
1.0879754219395064
1.087761101148368
1.0875466294849556
1.0873320047979458
1.0871172281830637
1.0869022975146878
1.0866872146244357
1.0864719799149958
1.0862565911825308
1.0860410526240922
1.0858253592864444
1.0856095145497637
1.0853935183949603
1.0851773691903128
1.0849610684330702
1.0847446149991289
1.0845280095240715
1.0843112528450445
1.0840943438491393
1.0838772838260542
1.08366007162003
1.0834427061420926
1.0832251913027995
1.083007523498116
1.0827897053863367
1.0825717355388325
1.0823536145335735
1.0821353421036488
1.081916916745933
1.0816983408637968
1.081479614675647
1.0812607364891533
1.0810417083812343
1.0808225284751691
1.0806031977984771
1.0803837161998655
1.0801640830823542
1.0799443004280003
1.0797243660291418
1.0795042813163112
1.0792840466015325
1.0790636602922052
1.0788431244420271
1.078622438775746
1.0784016004132668
1.0781806132816425
1.0779594763813227
1.077738189350823
1.077516750562057
1.0772951629189866
1.077073425314865
1.0768515380762707
1.076629499416628
1.0764073115734607
1.0761849758159865
1.075962487595459
1.0757398514140568
1.0755170632221003
1.075294128765983
1.0750710438841227
1.074847808229327
1.0746244249973465
1.0744008914720888
1.0741772080251613
1.0739533754571209
1.0737293936107102
1.0735052637755278
1.0732809839371937
1.0730565570726063
1.0728319789653424
1.0726072530953905
1.07238237727946
1.072157354089673
1.0719321823435406
1.0717068603785826
1.0714813910644418
1.0712557712353745
1.0710300050430577
1.0708040904425205
1.0705780286604822
1.070351815573644
1.0701254555187207
1.0698989471082956
1.0696722907970584
1.0694454871036845
1.0692185345799883
1.068991432687943
1.0687641849917568
1.0685367893419975
1.0683092455543257
1.0680815539911523
1.067853714279207
1.067625726941492
1.0673975922550842
1.0671693098618134
1.0669408803539757
1.0667123034105646
1.066483579959553
1.0662547081072509
1.0660256899754645
1.0657965242426792
1.0655672100738611
1.0653377500968424
1.0651081426726008
1.0648783880611168
1.0646484880338176
1.064418439957818
1.0641882454315699
1.0639579039192217
1.063727416182634
1.0634967806374633
1.0632660001436451
1.0630350716315555
