1025
0.03310235085818836
0.032373730384392695
0.03164562487442294
0.030918031267664688
0.030190953109264788
0.02946438917932328
0.02873834053791817
0.02801280803659282
0.02728779198373683
0.026563293156203927
0.02583931245281112
0.02511584838780725
0.024392905808077046
0.023670481959778774
0.02294857657514475
0.022227192040802934
0.02150632930864871
0.02078598876696526
0.02006616965999819
0.01934687391384298
0.01862810083581654
0.0179098531321742
0.01719212927918619
0.016474930338208148
0.01575825670038448
0.015042110723767243
0.014326490449844312
0.01361139847848546
0.012896833374066661
0.01218279777538839
0.01146929116613088
0.010756313413617255
0.010043867460634409
0.009331950166365812
0.008620565851200872
0.007909712651934287
0.007199392974420262
0.00648960512449506
0.005780351501459312
0.005071632270008271
0.00436344675375801
0.0036557977441035185
0.00294868378268799
0.0022421069508968975
0.0015360662417640983
0.0008305638858585953
0.00012559767231065541
-0.0005788270316636673
-0.001282714525047432
-0.001986062246732925
-0.002688869571220523
-0.0033911356727399674
-0.004092860518749971
-0.004794043796552972
-0.00549468458077228
-0.006194781737710526
-0.0068943363243570204
-0.007593344858682958
-0.008291810816585981
-0.008989731065813205
-0.00968710496959594
-0.010383933788066683
-0.011080215075065306
-0.011775947909268234
-0.012471134637990785
-0.013165771816942139
-0.013859860153520219
-0.014553399680293693
-0.01524638938647491
-0.01593882667406697
-0.01663071428469726
-0.01732204962581541
-0.018012832403777292
-0.018703063776884677
-0.019392740224727485
-0.020081863857533265
-0.02077043262007462
-0.021458446246053104
-0.02214590575727819
-0.022832807523428474
-0.023519154231897745
-0.024204943158483885
-0.024890174574514867
-0.025574847935105074
-0.026258963849690623
-0.026942519261890424
-0.027625515879070615
-0.02830795199177685
-0.028989826930677105
-0.029671140638919704
-0.030351893417826858
-0.031032082804991475
-0.03171171044321566
-0.03239077427314867
-0.033069273715874134
-0.03374720929896248
-0.03442458013163413
-0.035101385297185005
-0.03577762436022679
-0.03645329730394966
-0.03712840405416106
-0.03780294159017516
-0.03847691224214803
-0.0391503145300962
-0.03982314723097625
-0.04049540945711576
-0.04116710408254932
-0.04183822591081918
-0.042508777839377475
-0.04317875732712663
-0.04384816561467971
-0.044517000340910655
-0.04518526281294052
-0.045852952226882626
-0.046520065295267886
-0.047186604815587625
-0.04785256988148385
-0.04851795847765967
-0.04918277113745342
-0.04984700692818942
-0.05051066554179788
-0.05117374697218014
-0.05183625025934344
-0.05249817409488504
-0.053159519656079166
-0.05382028497933552
-0.054480469932091984
-0.05514007434976122
-0.05579909782600576
-0.05645754033593777
-0.05711539901139987
-0.05777267611834543
-0.05842936951003751
-0.05908548029783666
-0.059741005754794324
-0.06039594687713558
-0.061050303008072807
-0.06170407318715434
-0.06235725842443184
-0.06300985438876004
-0.06366186650365716
-0.06431328936419152
-0.0649641240019437
-0.06561437043888911
-0.06626402778240251
-0.06691309582024331
-0.06756157354282673
-0.0682094607788184
-0.0688567571781245
-0.06950346181131221
-0.07014957461492767
-0.07079509548342984
-0.07144002336529724
-0.07208435726340962
-0.07272809809205319
-0.07337124320587786
-0.07401379523762674
-0.07465575129990058
-0.07529711043457901
-0.07593787454492243
-0.07657804138287937
-0.07721761169909078
-0.07785658491160279
-0.07849495773942389
-0.07913273432152083
-0.07976990999101802
-0.08040648670555682
-0.08104246392912039
-0.0816778396775652
-0.08231261554750083
-0.08294678943933567
-0.08358036105194651
-0.08421333112696751
-0.08484569739198418
-0.08547746095578003
-0.08610862203337917
-0.08673917706368792
-0.08736912667004015
-0.08799847419694096
-0.08862721487755525
-0.08925534792405897
-0.08988287512921028
-0.09050979615335415
-0.09113611040894294
-0.09176181467189211
-0.09238691130272803
-0.09301139953832989
-0.09363527974154072
-0.09425854802339037
-0.09488120709163879
-0.0955032558746283
-0.09612469278320102
-0.0967455185445792
-0.09736573253207002
-0.097985334165991
-0.09860432365750096
-0.09922269842214075
-0.09984046027401035
-0.10045760769652062
-0.10107414034411821
-0.10169005836401879
-0.10230536026456627
-0.1029200460471141
-0.10353411589962433
-0.10414756939533032
-0.10476040434768841
-0.10537262261554287
-0.10598422173121758
-0.10659520277500246
-0.10720556528995287
-0.10781530756583563
-0.10842442948772935
-0.1090329327718758
-0.1096408146978299
-0.11024807323735193
-0.1108547124824361
-0.11146072926925729
-0.11206612252863207
-0.11267089412072694
-0.11327504175792681
-0.11387856501383782
-0.11448146534703256
-0.11508374108758992
-0.11568539006687895
-0.11628641349424679
-0.1168868124667647
-0.11748658394711302
-0.11808573012863516
-0.11868424726274865
-0.11928213847454998
-0.11987940050694403
-0.12047603347585502
-0.12107203906712224
-0.12166741434121782
-0.12226216026695062
-0.12285627581374753
-0.12344976160734442
-0.12404261570721166
-0.12463483796773937
-0.12522643002547273
-0.12581738797686676
-0.12640771445066692
-0.12699740717431351
-0.12758646652672492
-0.12817489203193974
-0.12876268343804073
-0.12934984083079273
-0.129936362632709
-0.13052224886186584
-0.13110749907082359
-0.13169211278717263
-0.13227609048037292
-0.13285943045857718
-0.1334421333439493
-0.13402419870666815
-0.1346056248273888
-0.1351864121332548
-0.13576656126960737
-0.13634606940804012
-0.1369249382183461
-0.13750316707238408
-0.13808075537439615
-0.13865770148606524
-0.13923400826713286
-0.13980967168537692
-0.14038469311141377
-0.1409590715889542
-0.14153280785065347
-0.14210589957589828
-0.14267834698988796
-0.1432501525927844
-0.14382131104465437
-0.14439182458784552
-0.14496169450000868
-0.14553091769941437
-0.1460994947522045
-0.14666742600698207
-0.1472347086826786
-0.14780134511517645
-0.1483673334610458
-0.14893267389182932
-0.14949736599284952
-0.15006140897660245
-0.1506248032539794
-0.15118754637019222
-0.15174964115855674
-0.1523110861245414
-0.15287187905457558
-0.15343202197004538
-0.15399151249318316
-0.1545503502301985
-0.1551085376976118
-0.1556660713796239
-0.15622295287975327
-0.15677918103979477
-0.157334753275638
-0.1578896742618231
-0.15844394023970007
-0.15899754980476272
-0.15955050603308576
-0.16010280617524497
-0.16065445041238624
-0.1612054387937723
-0.16175576970701597
-0.16230544339706546
-0.16285446086413438
-0.1634028202129811
-0.16395052194985074
-0.16449756412082336
-0.16504394822752036
-0.16558967323951035
-0.16613473892295233
-0.166679145254966
-0.16722288999345408
-0.16776597429718804
-0.16830839845771156
-0.16885016184751223
-0.16939126264086768
-0.1699317016830248
-0.17047147826031434
-0.1710105934431175
-0.17154904477127056
-0.17208683325546373
-0.17262395739840694
-0.17316041730113066
-0.17369621376147448
-0.17423134371664645
-0.1747658096822015
-0.17529961122141566
-0.17583274699585377
-0.17636521618754697
-0.1768970188252775
-0.17742815465862719
-0.1779586226057574
-0.17848842491876513
-0.17901755762173427
-0.17954602367161018
-0.18007382071785671
-0.18060094900379803
-0.18112740892166315
-0.18165319807132554
-0.1821783177735388
-0.18270276788700218
-0.18322654760913937
-0.1837496572314482
-0.1842720945604735
-0.18479386103612588
-0.18531495597513625
-0.1858353788531729
-0.18635512992970887
-0.18687420660327358
-0.18739261142722505
-0.18791034248012864
-0.18842740083223616
-0.18894378439055226
-0.18945949389002106
-0.18997452957232586
-0.1904888897475218
-0.1910025739505851
-0.19151558353240217
-0.1920279181501333
-0.19253957450009093
-0.19305055514046757
-0.1935608592432293
-0.1940704870201712
-0.19457943549833898
-0.1950877076765812
-0.19559530167828698
-0.19610221759763413
-0.1966084544136757
-0.1971140130340444
-0.19761889106125527
-0.19812308980470783
-0.19862660930918938
-0.19912944923264722
-0.19963160770592736
-0.20013308549538927
-0.20063388206639965
-0.2011339982790328
-0.20163343245914087
-0.20213218346496958
-0.20263025394057796
-0.20312764045329246
-0.20362434530800777
-0.2041203670911482
-0.20461570450339472
-0.20511035813786402
-0.20560432858832708
-0.20609761444222927
-0.2065902158330264
-0.20708213231458422
-0.20757336406986307
-0.20806390918941606
-0.2085537699781612
-0.20904294394764858
-0.20953143176425376
-0.2100192334877999
-0.21050634871313234
-0.21099277515598291
-0.21147851532535883
-0.21196356843157957
-0.21244793226762845
-0.2129316084657673
-0.21341459603908247
-0.21389689434035855
-0.21437850460401134
-0.21485942446127793
-0.21533965549828946
-0.21581919560284718
-0.21629804763256152
-0.21677620682812113
-0.2172536769197949
-0.21773045611786093
-0.2182065428351165
-0.2186819390997199
-0.2191566435275755
-0.21963065580379834
-0.22010397559322842
-0.2205766035741247
-0.2210485372746621
-0.22151977832924052
-0.22199032622169818
-0.22246018080390098
-0.22292934188849378
-0.22339780768750106
-0.22386558092316816
-0.22433265805574365
-0.22479904030192344
-0.22526472915338466
-0.22572972017306767
-0.2261940170694246
-0.22665761793323172
-0.22712052148020803
-0.22758272960965154
-0.2280442415208836
-0.2285050561091362
-0.22896517321651233
-0.22942459264660947
-0.2298833143373657
-0.2303413394472442
-0.2307986676311163
-0.23125529462299588
-0.23171122339538747
-0.23216645354910784
-0.23262098520104027
-0.23307481842581232
-0.23352795037674767
-0.23398038256998166
-0.2344321162027131
-0.2348831473899946
-0.23533347994568976
-0.235783111094624
-0.23623204185510077
-0.2366802702437285
-0.23712779867018946
-0.23757462361998746
-0.23802074857081695
-0.23846617012971646
-0.23891089007800817
-0.23935490597504458
-0.23979822025561598
-0.2402408316108398
-0.24068273992630265
-0.24112394414734753
-0.24156444524624698
-0.24200424228541528
-0.24244333477227964
-0.24288172340590491
-0.2433194063577182
-0.243756385338094
-0.24419265877443683
-0.24462822837977033
-0.2450630917114445
-0.2454972489614866
-0.24593070047652985
-0.24636344638205585
-0.24679548554918068
-0.24722681889421455
-0.24765744394751055
-0.24808736426058298
-0.248516576011256
-0.24894508086522293
-0.24937287825990856
-0.24979996822101264
-0.25022634908892155
-0.25065202317915575
-0.25107698755646923
-0.2515012437860158
-0.25192479164113396
-0.2523476306102401
-0.2527697597364566
-0.2531911807369899
-0.25361188999322987
-0.2540318912771862
-0.254451183463277
-0.25486976383351995
-0.2552876344728772
-0.2557047940444825
-0.2561212433993251
-0.25653698284538223
-0.2569520101366029
-0.2573663261287695
-0.2577799304173172
-0.25819282367060115
-0.25860500449030005
-0.2590164724548189
-0.2594272300825151
-0.25983727463453793
-0.26024660674048905
-0.2606552248831691
-0.2610631311119537
-0.2614703240371836
-0.26187680460042323
-0.2622825700784868
-0.262687622959347
-0.26309196165551224
-0.26349558690213787
-0.26389849759860007
-0.26430069424829244
-0.2647021750175262
-0.26510294177688454
-0.26550299494391294
-0.26590233132560515
-0.2663009534938234
-0.26669885991481834
-0.26709605126224567
-0.2674925268625158
-0.26788828563619105
-0.2682833299241008
-0.2686776565507131
-0.26907126772877876
-0.2694641617841491
-0.26985633914432533
-0.2702478001791269
-0.27063854498700096
-0.2710285706506278
-0.27141787984272153
-0.2718064717337683
-0.27219434588792746
-0.2725815029126169
-0.27296794202335506
-0.273353662490215
-0.2737386641378675
-0.2741229475316141
-0.27450651298680645
-0.27488936032916733
-0.2752714878918851
-0.27565289640205654
-0.2760335866503815
-0.2764135575549363
-0.27679280767197495
-0.27717133921396203
-0.2775491513939045
-0.2779262437973629
-0.27830261580186866
-0.27867826735929163
-0.27905319955851465
-0.2794274107914181
-0.2798009006602663
-0.2801736705365197
-0.28054572036049746
-0.2809170485212796
-0.2812876552446921
-0.28165754189622927
-0.2820267072370234
-0.2823951504367623
-0.2827628710563254
-0.28312987258318384
-0.283496149055905
-0.28386170582270953
-0.28422653993641356
-0.2845906516933462
-0.284954040710079
-0.28531670873944576
-0.2856786532407356
-0.2860398748528368
-0.28640037314533334
-0.286760149517831
-0.2871192019965042
-0.2874775314438492
-0.2878351379366981
-0.2881920208570057
-0.2885481804754424
-0.288903616995921
-0.28925832875386553
-0.2896123168185515
-0.28996558165394154
-0.2903181219481204
-0.2906699371225869
-0.291021030054862
-0.29137139613702906
-0.2917210394752943
-0.2920699561194628
-0.29241815015400696
-0.29276561876153867
-0.2931123624059403
-0.29345838059857865
-0.2938036748413906
-0.2941482425711024
-0.29449208574526586
-0.29483520295364557
-0.29517759499154766
-0.2955192607081825
-0.2958602013686515
-0.2962004169616088
-0.2965399054694301
-0.2968786689086538
-0.29721670443956527
-0.29755401514073276
-0.29789059954021385
-0.2982264575725774
-0.2985615892469492
-0.29889599379803966
-0.2992296730711586
-0.2995626242644671
-0.29989484814075
-0.30022634668555076
-0.30055711747706126
-0.30088716185144365
-0.3012164788683363
-0.3015450687487112
-0.30187293046502095
-0.3022000664513192
-0.30252647411533223
-0.3028521540312638
-0.30317710579662355
-0.3035013305134306
-0.3038248283375531
-0.30414759772276545
-0.30446963959742274
-0.3047909540896145
-0.3051115385915928
-0.30543139657661167
-0.3057505254000595
-0.30606892697470645
-0.3063865992954881
-0.30670354366315994
-0.3070197607986286
-0.3073352488327778
-0.30765000779167406
-0.3079640375906261
-0.3082773406516132
-0.30858991302349564
-0.3089017578442529
-0.3092128738714984
-0.30952325977692907
-0.30983291882896274
-0.31014184768550135
-0.31045004706107066
-0.31075751736441143
-0.3110642593685839
-0.3113702720191238
-0.3116755549520208
-0.3119801097257963
-0.31228393350641814
-0.3125870284340284
-0.3128893943324893
-0.313191030929451
-0.3134919382954762
-0.31379211500701665
-0.31409156285387757
-0.3143902799755361
-0.31468826925159776
-0.3149855269154573
-0.3152820565408911
-0.31557785521965187
-0.3158729239293034
-0.31616726267532375
-0.3164608737062668
-0.3167537516069671
-0.31704590165915647
-0.3173373211883282
-0.31762801048287476
-0.31791797053613624
-0.3182071994211282
-0.31849569857469945
-0.31878346682368486
-0.31907050510418605
-0.31935681474373967
-0.31964239273212836
-0.3199272408014805
-0.3202113592632678
-0.320494746429208
-0.32077740327028625
-0.3210593306875654
-0.3213405270234518
-0.3216209931914659
-0.32190072868205744
-0.3221797338965875
-0.32245800852701706
-0.3227355531632856
-0.32301236760212493
-0.32328845103302684
-0.3235638047202534
-0.3238384267380777
-0.32411232004824975
-0.32438548030381814
-0.32465791201686967
-0.3249296129691127
-0.3252005825977718
-0.32547082225482404
-0.32574033131148955
-0.3260091087942365
-0.32627715713001093
-0.3265444750668388
-0.3268110612517432
-0.3270769173327016
-0.3273420436967822
-0.32760643859784544
-0.3278701036583548
-0.3281330376904966
-0.32839524146195775
-0.3286567137003447
-0.32891745618054297
-0.32917746908107354
-0.32943675089697133
-0.32969530059023444
-0.3299531220840685
-0.33021021228246994
-0.33046657220029796
-0.3307222006235175
-0.3309770993760456
-0.33123126831368926
-0.3314847064397195
-0.3317374139402286
-0.3319893917742666
-0.3322406379790701
-0.33249115514069943
-0.33274094097497703
-0.3329899973840759
-0.33323832264676195
-0.3334859185928923
-0.33373278331477146
-0.33397891879575375
-0.3342243239368045
-0.3344689985399659
-0.33471294427805487
-0.33495615827098235
-0.33519864328696225
-0.33544039729187997
-0.33568142202010665
-0.3359217171570442
-0.3361612815614616
-0.33640011707845385
-0.3366382231930466
-0.33687559806067563
-0.33711224265658274
-0.33734815875478263
-0.3375833455295202
-0.33781780159758196
-0.3380515284097144
-0.3382845266407835
-0.3385167932386699
-0.3387483312455108
-0.3389791405695856
-0.33920922035703427
-0.3394385706339531
-0.33966719120274463
-0.3398950828386637
-0.34012224537087893
-0.34034867907239424
-0.3405743830458415
-0.34079935836089287
-0.3410236043293589
-0.341247121049227
-0.3414699098629982
-0.3416919695504054
-0.3419133005403767
-0.3421339018628039
-0.3423537754367267
-0.3425729203002616
-0.34279133649641735
-0.34300902447770654
-0.3432259839121427
-0.3434422152149058
-0.34365771706298387
-0.34387249216969473
-0.3440865383558834
-0.34429985697293847
-0.34451244681187826
-0.3447243086414518
-0.34493544329236125
-0.3451458499674156
-0.34535553000415853
-0.3455644807039278
-0.3457727037641731
-0.34598019976057187
-0.3461869699473754
-0.3463930105943796
-0.3465983254267109
-0.346802911477005
-0.3470067709629697
-0.34720990409971547
-0.3474123090943554
-0.3476139886397162
-0.3478149409558355
-0.34801516622205503
-0.34821466402979784
-0.3484134360744846
-0.34861148140629566
-0.34880880085148164
-0.3490053937651626
-0.3492012608373549
-0.34939640143477924
-0.3495908161088087
-0.34978450502347447
-0.3499774677055775
-0.3501697050166714
-0.3503612158301154
-0.35055200195879366
-0.3507420618289364
-0.35093139676898827
-0.3511200070943069
-0.351307891490175
-0.3514950515412612
-0.35168148600714455
-0.35186719562555047
-0.3520521801836057
-0.3522364401409825
-0.35241997591879914
-0.35260278725809857
-0.3527848744301289
-0.3529662369912919
-0.353146875907279
-0.35332678920326477
-0.35350597986907073
-0.3536844470009467
-0.35386218957097104
-0.3540392093353674
-0.354215505250441
-0.3543910783667617
-0.35456592866104913
-0.35474005403785697
-0.3549134572282304
-0.3550861373166079
-0.35525809571197314
-0.35542933074468497
-0.355599842482981
-0.35576963346803064
-0.35593870013748674
-0.35610704587268416
-0.35627466997696206
-0.3564415718897661
-0.3566077518943501
-0.3567732096429977
-0.3569379469170215
-0.3571019616581194
-0.3572652560725374
-0.3574278289589843
-0.3575896800611699
-0.35775081100018746
-0.357911222508085
-0.3580709113892589
-0.3582298806827273
-0.3583881287636027
-0.35854565785246384
-0.358702466389118
-0.3588585544045271
-0.35901392447610847
-0.35916857319687673
-0.35932250252158987
-0.3594757129050942
-0.359628205030342
-0.35977997603718004
-0.3599310287986213
-0.36008136350060244
-0.3602309790615175
-0.3603798760202344
-0.360528053922285
-0.360675515204254
-0.36082225747818986
-0.36096828175150864
-0.3611135889288942
-0.36125817853806935
-0.36140205034659756
-0.36154520386327754
-0.3616876422887099
-0.361829362805012
-0.3619703671798227
-0.3621106533618512
-0.3622502235184306
-0.3623890774705048
-0.3625272158220704
-0.3626646377515352
-0.36280134448539975
-0.36293733371798237
-0.3630726088315358
-0.36320716849924617
-0.3633410137676536
-0.36347414231896946
-0.36360655697572064
-0.3637382566670067
-0.3638692420286104
-0.36399951287393856
-0.3641290690017192
-0.3642579116893034
-0.3643860405809838
-0.3645134561571929
-0.36464015676206063
-0.3647661458358035
-0.36489142093392996
-0.3650159830377622
-0.3651398333016517
-0.36526297024237114
-0.36538539440396545
-0.3655071065432202
-0.36562810712208593
-0.3657483951935251
-0.3658679714681388
-0.36598683678756777
-0.3661049912266804
-0.36622243260547954
-0.3663391647343377
-0.36645518702697344
-0.3665704970263861
-0.36668509695953927
-0.36679898593227994
-0.36691216631557433
-0.3670246365743973
-0.36713639664962555
-0.367247448609852
-0.3673577891810626
-0.36746742271019683
-0.36757634686719703
-0.3676845616158636
-0.36779206875898063
-0.3678988672093687
-0.36800495808555983
-0.3681103412090742
-0.3682150161306992
-0.36831898409876873
-0.36842224398794066
-0.3685247973753613
-0.36862664527428507
-0.36872778462716277
-0.3688282188232164
-0.3689279457563776
-0.36902696684738623
-0.36912528209826234
-0.3692228918400573
-0.36931979760179334
-0.36941599765542876
-0.3695114920108137
-0.36960628250908006
-0.3697003674282904
-0.36979374884454697
-0.3698864260333903
-0.3699783994156226
-0.37006966976608296
-0.3701602356342037
-0.3702500993085411
-0.3703392595387668
-0.3704277166673096
-0.37051547217633973
-0.3706025244730129
-0.37068887432239755
-0.3707745243160008
-0.3708594713163801
-0.37094371656468506
-0.37102726050688917
-0.3711101049941891
-0.37119224775547643
-0.3712736898523354
-0.3713544315332631
-0.3714344745913702
-0.3715138171411817
-0.37159245859690226
-0.3716704030685146
-0.37174764707884494
-0.37182419424358415
-0.37190003989842885
-0.3719751881267673
-0.37204963929331936
-0.3721233910711877
-0.37219644605243996
-0.3722688041121367
-0.37234046498937606
-0.3724114290579596
-0.3724816954305267
-0.3725512662012053
-0.3726201392155554
-0.3726883181620707
-0.3727558005519684
-0.37282258845883287
-0.3728886799301337
-0.3729540764574448
-0.3730187795102154
-0.3730827870907474
-0.37314610212643007
-0.37320872158801965
-0.37327064739505533
-0.3733318785690549
-0.3733924192061018
-0.37345226590825004
-0.3735114201686808
-0.3735698816814814
-0.37362765045216934
-0.37368472815793385
-0.3737411153968445
-0.37379680950038446
-0.3738518126214348
-0.37390612515535665
-0.3739597471475814
-0.3740126793003338
-0.37406492143632447
-0.3741164736331474
-0.3741673364396634
-0.37421750973717816
-0.37426699412671605
-0.3743157891574264
-0.3743638966599232
-0.37441131524240134
-0.3744580462927179
-0.37450409088640424
-0.37454944713724225
-0.37459411659714636
-0.3746380995345736
-0.37468139470013423
-0.37472400471759126
-0.37476592855529345
-0.3748071669061697
-0.3748477195480617
-0.37488758800552074
-0.37492677029308813
-0.37496526932562874
