1025
0.44042545680241746
0.4419010578496207
0.443376393806217
0.4448514581554419
0.4463262556489296
0.44780078260496997
0.44927503938891544
0.4507490262145557
0.45222274193243384
0.4536961867493592
0.45516936052032614
0.45664225956538124
0.45811489064998245
0.45958724749164975
0.4610593282357119
0.4625311359191707
0.46400267030390996
0.465473931015534
0.46694491508623787
0.4684156245594762
0.4698860568099178
0.4713562151256741
0.4728260953959001
0.47429569808433447
0.4757650224920772
0.4772340710517008
0.47870283941652625
0.48017133046016897
0.4816395399865465
0.48310747165855306
0.4845751230605539
0.48604249240056363
0.4875095835549631
0.4889763895202825
0.49044291640414517
0.49190915980093386
0.4933751221329605
0.4948407993796848
0.4963061941147257
0.49777130547500953
0.4992361305937923
0.5007006733036734
0.5021649292315977
0.5036289010795306
0.5050925852857832
0.5065559846507529
0.5080190937069233
0.5094819205990997
0.5109444565347305
0.5124067044466395
0.5138686638536711
0.5153303353276677
0.5167917170755658
0.5182528085907745
0.5197136098368192
0.5211741218049069
0.5226343408771101
0.5240942719512012
0.5255539075786567
0.5270132518338791
0.5284723044527415
0.5299310618947997
0.5313895271919253
0.5328477004021236
0.5343055762384548
0.5357631591352949
0.5372204467324839
0.5386774375364133
0.5401341318846802
0.5415905329920115
0.5430466347959825
0.5445024404322688
0.5459579490605828
0.547413157239931
0.5488680700003371
0.550322682129809
0.5517769958638585
0.5532310104295536
0.554684722578867
0.556138137485952
0.5575912489458729
0.5590440604888444
0.5604965702906989
0.5619487778113105
0.5634006810931976
0.5648522837735959
0.5663035815375372
0.5677545763648524
0.5692052676567251
0.5706556544187685
0.5721057349773451
0.573555511970578
0.5750049815060799
0.5764541456842212
0.5779030043208444
0.579351555111799
0.5807997982600454
0.5822477340297492
0.5836953619693246
0.5851426809088865
0.5865896896175606
0.5880363916346396
0.5894827823990378
0.5909288625059818
0.5923746330442221
0.5938200943228267
0.5952652400255714
0.5967100777011158
0.5981546012851938
0.5995988136621893
0.6010427118379833
0.6024862979203387
0.6039295692143263
0.6053725250162834
0.606815170140274
0.608257498662145
0.6096995104667281
0.6111412081048574
0.6125825890923323
0.6140236539402479
0.61546440201825
0.6169048319023166
0.6183449440179709
0.619784739361023
0.6212242147183578
0.6226633720884452
0.6241022107598848
0.625540729293685
0.6269789273309154
0.6284168040172016
0.6298543625423206
0.6312915981377126
0.6327285129055745
0.6341651038883622
0.6356013744642109
0.6370373217573713
0.63847294566534
0.6399082467476517
0.6413432216859083
0.642777876935849
0.6442122017612716
0.6456462044657839
0.6470798820200425
0.6485132329446578
0.6499462576803969
0.6513789554528587
0.6528113266720345
0.6542433701636778
0.6556750859437854
0.6571064740135707
0.6585375331211815
0.6599682624368908
0.6613986626630372
0.662828734173994
0.6642584738826404
0.6656878856438359
0.6671169636362065
0.6685457112591432
0.669974129225528
0.6714022132243506
0.6728299656677218
0.6742573840577284
0.675684468297715
0.6771112228512366
0.678537639258893
0.6799637246570028
0.6813894741507213
0.6828148875712934
0.6842399674363742
0.6856647094802698
0.6870891160896626
0.6885131868146424
0.6899369192422922
0.6913603160714181
0.6927833737844483
0.694206091393645
0.6956284735179656
0.6970505182747241
0.6984722182438236
0.699893580862176
0.7013146061139816
0.7027352899015025
0.7041556315467292
0.7055756307361499
0.7069952922844465
0.7084146103847155
0.7098335857152588
0.7112522162010396
0.7126705075886873
0.7140884538396443
0.7155060558416274
0.7169233152435701
0.7183402292531023
0.7197567981523199
0.7211730217055948
0.7225888983126371
0.7240044313336762
0.7254196167362282
0.7268344554929037
0.7282489476057248
0.7296630913918983
0.7310768882286516
0.7324903372110442
0.7339034367245391
0.7353161862117752
0.7367285886596667
0.7381406395555995
0.7395523421670387
0.7409636932226222
0.7423746926440085
0.743785342181629
0.7451956410201634
0.7466055847962173
0.7480151772759931
0.7494244209357894
0.750833307444568
0.752241841140329
0.7536500229411359
0.7550578483900688
0.7564653202024555
0.7578724384081387
0.7592791988890315
0.7606856037561376
0.762091655593907
0.7634973512188972
0.764902687519558
0.7663076688636168
0.7677122901624434
0.7691165568922895
0.7705204625187726
0.7719240115967662
0.773327202999931
0.7747300324098404
0.7761325040462301
0.7775346151886585
0.7789363663434553
0.7803377553875597
0.7817387848591406
0.7831394536298162
0.7845397578659327
0.7859397033537641
0.7873392843848553
0.7887385039613197
0.7901373600726105
0.7915358526257952
0.7929339810499165
0.7943317441769276
0.7957291435603754
0.7971261779975451
0.7985228474904021
0.7999191516315134
0.8013150884522845
0.8027106601044716
0.8041058641627196
0.8055007006970601
0.8068951711007999
0.8082892740757522
0.8096830072311404
0.8110763745025467
0.8124693718328293
0.81386199936154
0.8152542569733213
0.8166461467295769
0.818037662337734
0.819428809942008
0.8208195861069175
0.8222099914948706
0.8236000237264203
0.8249896857096275
0.8263789761717983
0.8277678896657196
0.829156434517336
0.830544605785133
0.8319324001637937
0.8333198220902034
0.8347068695817905
0.8360935408210463
0.8374798396794204
0.8388657614577822
0.8402513078759476
0.8416364777298699
0.8430212710960218
0.8444056877304561
0.8457897263374824
0.8471733900062908
0.8485566730269021
0.8499395767578122
0.8513221042173288
0.852704250779964
0.8540860195331718
0.8554674104320418
0.8568484178117697
0.8582290470113744
0.859609294151246
0.8609891602761329
0.8623686487939417
0.8637477510061302
0.8651264718140331
0.866504813216968
0.8678827686807643
0.8692603419476175
0.8706375319402242
0.8720143373456145
0.8733907602432508
0.8747667990783723
0.8761424511151622
0.8775177190144758
0.8788926004921287
0.8802670980497811
0.8816412083489858
0.88301493219177
0.8843882688995817
0.8857612176442257
0.8871337812909521
0.8885059569174851
0.8898777430653367
0.8912491397435733
0.8926201495735382
0.8939907697769225
0.895361000784532
0.896730839743245
0.8981002899575875
0.8994693489926214
0.9008380181487571
0.9022062964263547
0.9035741818438336
0.904941678245034
0.9063087808626655
0.9076754891084472
0.9090418044911034
0.9104077277028995
0.9117732577220041
0.9131383938601197
0.9145031371913909
0.9158674827840348
0.9172314367940971
0.9185949932512064
0.9199581552658321
0.9213209212910833
0.9226832899507259
0.9240452643503758
0.9254068415514838
0.9267680205590035
0.9281288022175994
0.9294891846867256
0.9308491714333788
0.9322087586673027
0.933567946776171
0.9349267358814061
0.9362851243541515
0.9376431161905007
0.939000705973543
0.9403578958904018
0.9417146834810701
0.9430710714737207
0.9444270575879635
0.945782640625344
0.9471378227213555
0.9484926035927528
0.9498469802260914
0.9512009520926051
0.9525545244957729
0.9539076915849415
0.9552604542743628
0.9566128113642846
0.9579647670403043
0.959316315259385
0.9606674584795218
0.962018195531489
0.9633685274304996
0.9647184518615397
0.966067971778767
0.9674170845403947
0.9687657889027248
0.970114084748691
0.9714619743898475
0.9728094556872051
0.9741565287526115
0.9755031912727742
0.9768494451586871
0.9781952918981667
0.9795407257253373
0.9808857519315363
0.9822303656752156
0.9835745685099436
0.9849183619618485
0.9862617441917353
0.9876047132458015
0.9889472708306737
0.990289415860798
0.9916311482742409
0.9929724670047494
0.994313374501131
0.9956538659828712
0.996993944975093
0.9983336095282718
0.9996728586204473
1.0010116923405183
1.0023501136763067
1.0036881174903
1.0050257044738065
1.0063628775780435
1.0076996331622656
1.0090359720839575
1.0103718948206437
1.0117073984765887
1.013042486248611
1.0143771546204046
1.0157114063338049
1.0170452360600004
1.0183786509690906
1.0197116436367486
1.0210442168936265
1.0223763723306123
1.0237081056745803
1.0250394187128642
1.0263703111979425
1.027700782873342
1.0290308319411894
1.0303604617754079
1.0316896688125718
1.0330184531739435
1.0343468143016137
1.0356747519010212
1.0370022683682782
1.0383293579755635
1.0396560262657673
1.0409822704276062
1.0423080870667385
1.0436334831042509
1.0449584513847003
1.0462829945784298
1.04760711411514
1.0489308057843336
1.0502540705040446
1.0515769092695257
1.0528993217225924
1.0542213074252678
1.0555428657674815
1.0568639940666695
1.058184692060264
1.0595049666332754
1.0608248116746963
1.062144227286054
1.063463212663493
1.0647817666633521
1.0660998937763924
1.0674175905661107
1.0687348541392818
1.0700516907405089
1.07136809282848
1.0726840645778941
1.0739996037710005
1.0753147128145788
1.0766293868479682
1.0779436313485191
1.079257439694277
1.0805708170411785
1.0818837595684807
1.0831962707374874
1.0845083455345277
1.0858199858887958
1.0871311911215518
1.0884419624395938
1.0897522972649072
1.0910621969018848
1.0923716612913856
1.0936806883471575
1.0949892809702326
1.0962974353196913
1.0976051535586882
1.0989124320085089
1.1002192742654
1.1015256789735464
1.1028316454328906
1.1041371723305766
1.1054422611698804
1.106746909634097
1.1080511214646909
1.1093548898410348
1.1106582203868571
1.111961110192401
1.1132635589475814
1.114565566350318
1.1158671345466173
1.117168258761869
1.1184689436409243
1.1197691857420184
1.12106898468421
1.1223683410503045
1.1236672554246556
1.1249657244802524
1.126263753978481
1.127561336425355
1.1288584732392328
1.1301551688124076
1.131451418403998
1.132747224240862
1.1340425837121781
1.1353374960048763
1.136631964489213
1.1379259866167404
1.1392195631337498
1.1405126913724475
1.141805373906632
1.1430976106874788
1.1443893965636565
1.145680735793912
1.1469716267078114
1.148262071413851
1.1495520655285494
1.150841611037474
1.1521307055760672
1.153419353462032
1.1547075496190335
1.1559952964349194
1.15728259183916
1.1585694371112836
1.1598558311358376
1.1611417760092875
1.1624272683820525
1.1637123066700943
1.1649968960248487
1.1662810310906302
1.1675647143461683
1.168847943923666
1.1701307203474671
1.1714130447575568
1.172694912912972
1.1739763296644068
1.17525729014439
1.1765377975271862
1.1778178497239902
1.1790974459409713
1.1803765854725263
1.1816552728078902
1.182933502546894
1.1842112757637877
1.185488592831439
1.1867654517183568
1.1880418535679143
1.1893177990437815
1.1905932877811076
1.1918683185470573
1.1931428898754128
1.1944170017865097
1.195690656782963
1.1969638527877868
1.1982365879012455
1.199508863763757
1.2007806820049058
1.2020520384174362
1.203322934005186
1.204593368779608
1.2058633432821981
1.2071328572723103
1.2084019080386001
1.2096704979727493
1.2109386275891818
1.2122062936972642
1.2134734957422815
1.2147402364077284
1.2160065144941612
1.2172723273121653
1.2185376763866018
1.2198025626449458
1.2210669865246924
1.2223309414112937
1.2235944370669998
1.2248574638849945
1.22612002628918
1.2273821235251898
1.2286437553453118
1.2299049187865232
1.2311656173489578
1.2324258497462197
1.2336856159854774
1.2349449134526653
1.2362037448645786
1.2374621082566324
1.2387200031252226
1.2399774301597366
1.2412343882543646
1.2424908765020914
1.2437468977724597
1.2450024491511404
1.2462575299367669
1.2475121415093473
1.2487662847773262
1.2500199539747092
1.2512731568343636
1.252525885810636
1.2537781471560563
1.2550299336068687
1.256281249397109
1.2575320930964184
1.2587824655134854
1.2600323634060933
1.26128179099782
1.2625307440018385
1.263779224723777
1.2650272313860726
1.2662747656233801
1.2675218246448574
1.2687684079151589
1.270014518800155
1.2712601533886583
1.272505315985797
1.2737500010171605
1.2749942103863832
1.276237943993387
1.2774812014481212
1.2787239835589623
1.279966286734934
1.2812081152833226
1.282449467715138
1.2836903401414559
1.2849307362951756
1.286170653559435
1.2874100929694656
1.288649053908166
1.2898875377465322
1.29112553990901
1.2923630644720359
1.29360010996401
1.294836676762824
1.2960727625590296
1.2973083667094238
1.298543491674154
1.2997781353107414
1.3010122968249884
1.3022459806511353
1.3034791803046588
1.3047118999945762
1.3059441362293527
1.307175891861007
1.3084071642366957
1.3096379519518986
1.310868257807276
1.3120980813744683
1.3133274224565301
1.3145562762546992
1.315784649874852
1.3170125370449306
1.3182399395887008
1.3194668595935182
1.3206932911019773
1.3219192393600774
1.3231447028838625
1.3243696807417442
1.3255941711727885
1.3268181755418145
1.3280416942366748
1.3292647243240794
1.3304872701839885
1.3317093280027021
1.3329308975822582
1.3341519790557783
1.3353725721939749
1.3365926789954874
1.3378122960768895
1.339031426266002
1.3402500642873232
1.341468216297167
1.3426858759119518
1.3439030479208953
1.345119730092637
1.3463359222789142
1.3475516201268543
1.34876683296834
1.3499815512590128
1.351195779049273
1.3524095159547502
1.3536227595470425
1.354835513280494
1.3560477743390955
1.3572595441089421
1.3584708208159388
1.3596816020321538
1.3608918925907765
1.3621016891601907
1.3633109910922605
1.3645198009560924
1.3657281165236066
1.3669359363610578
1.3681432629069046
1.36935009420111
1.370556430964784
1.3717622722739244
1.3729676181718395
1.3741724677144456
1.3753768208213575
1.3765806785030912
1.377784038525326
1.3789869038492992
1.380189269003557
1.381391141584312
1.3825925131360555
1.3837933876235644
1.3849937653712097
1.3861936442682619
1.3873930246306667
1.3885919084249287
1.3897902906344302
1.3909881738085321
1.3921855596536772
1.3933824450522714
1.3945788292949506
1.3957747151466984
1.3969700994079295
1.3981649840570158
1.39935936769142
1.400553251980686
1.4017466336714253
1.402939512452248
1.4041318904964188
1.4053237694669016
1.4065151422856836
1.4077060143330842
1.408896383324631
1.4100862513783154
1.411275615052847
1.4124644742954473
1.4136528308415701
1.41484068400715
1.4160280319203264
1.4172148779526357
1.4184012171984413
1.419587053590799
1.4207723835685524
1.421957209909808
1.423141529388497
1.4243253448808904
1.4255086530583467
1.4266914552741232
1.4278737521849716
1.4290555400843856
1.4302368243436345
1.4314175998205547
1.432597869642766
1.433777630845329
1.4349568838366675
1.4361356303958766
1.4373138670817354
1.438491594537685
1.4396688160817024
1.440845529659893
1.4420217319317818
1.4431974245590107
1.4443726091762181
1.4455472837578274
1.4467214465941962
1.4478951029224787
1.4490682473033096
1.450240879931936
1.4514130018390226
1.4525846131005924
1.4537557136382175
1.4549263021207282
1.4560963787785868
1.4572659430748358
1.458434996132456
1.4596035361895172
1.4607715642030068
1.461939079958773
1.463106080974459
1.4642725689298175
1.465438543704398
1.4666040061050623
1.4677689531519054
1.4689333861565073
1.4700973049692978
1.4712607086729255
1.4724235978149465
1.4735859716187893
1.4747478320993053
1.475909174608379
1.477070002663126
1.4782303139940818
1.479390110376969
1.4805493905987943
1.481708152852602
1.482866398709773
1.484024125672593
1.485181338234697
1.486338033411148
1.4874942101128248
1.488649866181756
1.4898050078562861
1.4909596284243585
1.4921137335290335
1.4932673187316525
1.4944203836526793
1.495572931547375
1.4967249575336983
1.4978764645358456
1.4990274522796092
1.5001779214395325
1.501327868893567
1.5024772961817046
1.5036262022002178
1.504774587478785
1.5059224511720288
1.5070697940249362
1.508216615156553
1.5093629142277645
1.5105086920341155
1.5116539469022885
1.512798680963927
1.5139428908586305
1.5150865791042474
1.5162297438673227
1.5173723840554045
1.518514502190626
1.5196560952667546
1.5207971656172714
1.5219377118263693
1.523077734325384
1.5242172320486478
1.5253562044442481
1.5264946519967861
1.5276325739580898
1.528769971143735
1.5299068421160078
1.5310431899489958
1.5321790095565704
1.5333143026236282
1.5344490707488905
1.5355833108239385
1.5367170248694153
1.537850211046769
1.5389828690351968
1.5401150028215638
1.5412466076058382
1.542377684713492
1.5435082320401405
1.5446382523899582
1.545767745450334
1.546896707182618
1.5480251434197054
1.549153048594326
1.5502804235936023
1.551407269683388
1.552533586278091
1.5536593739830986
1.5547846296338057
1.555909357140994
1.5570335523722745
1.558157217663326
1.5592803531466009
1.5604029564752488
1.5615250261609477
1.5626465677704977
1.5637675762330197
1.5648880541266632
1.5660079977592052
1.5671274100159434
1.5682462906752364
1.5693646354701298
1.5704824502844734
1.57159973170204
1.5727164790196453
1.5738326909670264
1.5749483729747071
1.5760635198525859
1.5771781312702409
1.5782922089358735
1.5794057526142387
1.5805187625980386
1.5816312350268258
1.5827431740172007
1.5838545777116275
1.5849654447416126
1.5860757759739417
1.5871855720491062
1.588294833684867
1.5894035554067372
1.5905117421612822
1.5916193912176895
1.5927265058389604
1.5938330827544238
1.5949391220237692
1.5960446227016085
1.5971495865147565
1.5982540112950694
1.5993579010371302
1.6004612500379092
1.6015640608162964
1.6026663314528553
1.6037680661631017
1.6048692601036139
1.605969915205064
1.6070700307492425
1.6081696068703828
1.6092686439484574
1.610367140112432
1.6114650959702623
1.6125625107626453
1.6136593875730034
1.6147557205554175
1.6158515139018477
1.6169467661657058
1.6180414754747547
1.6191356442996028
1.6202292722609009
1.6213223577198692
1.6224149002061965
1.6235069015399268
1.6245983604395258
1.6256892757323702
1.626779647337262
1.627869479288927
1.6289587649815056
1.6300475055186836
1.6311357054631035
1.6322233609515586
1.633310473906165
1.634397039995329
1.6354830622735328
1.6365685409192743
1.6376534726201453
1.6387378630623206
1.639821705073022
1.6409050024068577
1.6419877556881715
1.6430699617516902
1.6441516226823882
1.645232736864108
1.6463133045908327
1.6473933267974084
1.6484728014166146
1.649551730939384
1.6506301123591824
1.651707944336268
1.6527852322549086
1.653861970402352
1.6549381626862902
1.6560138069256685
1.6570889029575997
1.6581634506219667
1.6592374474831562
1.6603108966056177
1.6613837982544821
1.6624561492716485
1.6635279530900824
1.6645992060395272
1.6656699097118395
1.6667400635461795
1.6678096664133775
1.6688787210255798
1.66994722347285
1.6710151765131374
1.672082579277448
1.6731494296610265
1.6742157307122802
1.6752814810007455
1.6763466764835302
1.6774113228266188
1.6784754179476
1.6795389615000762
1.680601950260341
1.6816643884505562
1.682726274669523
1.6837876083764391
1.684848386753378
1.68590861357093
1.68696828979042
1.6880274086612816
1.6890859762596737
1.6901439867883432
1.6912014485404148
1.6922583543968481
1.6933147042819832
1.6943705022600726
1.6954257441452196
1.6964804305273866
1.6975345618999134
1.6985881379621992
1.6996411605651018
1.7006936262546186
1.7017455388504679
1.7027968925663621
1.703847691650023
1.704897932926453
1.7059476200623402
1.706996750518254
1.70804532235598
1.709093339065329
1.7101407959751926
1.7111876982607637
1.7122340430734782
1.7132798326705967
1.7143250599246684
1.7153697309338505
1.716413843395469
1.717457398427143
1.7185003960825604
1.7195428335919236
1.7205847104374525
1.7216260313874967
1.7226667930104071
1.723706995019726
1.724746637551579
1.7257857196015332
1.726824241821357
1.7278622043570138
1.7288996066704285
1.7299364491447395
1.73097273104114
1.7320084533781372
1.733043613487943
1.734078213888151
1.7351122525963822
1.7361457279958765
1.7371786436036747
1.7382109972793574
1.7392427886357613
1.7402740202103308
1.7413046877477691
1.7423347933300346
1.743364336186467
1.7443933168785266
1.7454217333263817
1.7464495890921237
1.7474768795127622
