1025
-0.5688171407529722
-0.5684896365188798
-0.5681617028267644
-0.5678333393189068
-0.567504546264963
-0.5671753235340903
-0.5668456712125564
-0.5665155892946544
-0.5661850778163461
-0.5658541367601069
-0.5655227662250367
-0.5651909659784979
-0.5648587364625081
-0.564526077393679
-0.5641929887241021
-0.5638594705693478
-0.5635255230628367
-0.5631911461370378
-0.5628563397325493
-0.562521103969412
-0.5621854387490599
-0.561849344287824
-0.5615128204113196
-0.5611758671820718
-0.5608384845973394
-0.5605006728813978
-0.5601624317418442
-0.5598237614203315
-0.5594846618096089
-0.5591451330303486
-0.5588051750222873
-0.5584647877661033
-0.558123971476497
-0.557782725861512
-0.5574410512736612
-0.5570989474764473
-0.5567564147225911
-0.5564134527679674
-0.5560700618455233
-0.5557262418848872
-0.5553819928613061
-0.5550373149238241
-0.5546922079850992
-0.5543466721385032
-0.5540007073245695
-0.5536543136665533
-0.5533074909867141
-0.5529602396980483
-0.5526125593705109
-0.5522644502454456
-0.5519159123722855
-0.5515669457170145
-0.5512175503468578
-0.5508677261908539
-0.5505174733630736
-0.5501667918743334
-0.5498156816631646
-0.54946414298798
-0.5491121755261383
-0.5487597795299757
-0.5484069550204839
-0.548053701871923
-0.547700020263062
-0.5473459102675488
-0.5469913716310943
-0.5466364046777142
-0.546281009281474
-0.5459251854214384
-0.5455689331854173
-0.5452122527839858
-0.5448551439264888
-0.5444976068272043
-0.5441396415048092
-0.5437812478383954
-0.5434224260818347
-0.5430631760538588
-0.5427034979277169
-0.542343391679589
-0.5419828572291079
-0.5416218948414433
-0.5412605042970138
-0.5408986857917069
-0.5405364392779978
-0.5401737648349935
-0.5398106622988765
-0.5394471319970807
-0.539083173739787
-0.5387187876286652
-0.5383539737688418
-0.5379887321153017
-0.5376230625869485
-0.5372569654551608
-0.5368904404900994
-0.5365234879084739
-0.5361561076987738
-0.5357882998409403
-0.5354200643810593
-0.535051401399313
-0.5346823109023423
-0.5343127928579736
-0.5339428472576984
-0.5335724744410005
-0.5332016740486641
-0.5328304462963355
-0.5324587912484455
-0.5320867089720362
-0.5317141991830361
-0.5313412623636473
-0.5309678982142144
-0.5305941069699496
-0.5302198884462767
-0.5298452429575037
-0.5294701702272925
-0.5290946704466262
-0.5287187438452682
-0.5283423901215809
-0.5279656094029134
-0.5275884018214411
-0.5272107673549472
-0.5268327060493382
-0.5264542179075702
-0.5260753029419305
-0.5256959612245591
-0.5253161928772404
-0.5249359977541592
-0.5245553760415451
-0.5241743277077708
-0.5237928528212431
-0.5234109513882278
-0.5230286233226767
-0.5226458689872778
-0.5222626880840409
-0.5218790808633249
-0.52149504719101
-0.5211105873023425
-0.5207257010968422
-0.5203403886338533
-0.5199546499498421
-0.5195684850085605
-0.519181894173815
-0.5187948769525713
-0.5184074338064191
-0.5180195646292658
-0.5176312694566748
-0.5172425483338912
-0.5168534012694309
-0.5164638283649833
-0.5160738296717283
-0.515683405108397
-0.5152925548196134
-0.5149012788328065
-0.5145095771150984
-0.5141174497482818
-0.5137248968339191
-0.5133319183415236
-0.5129385144175946
-0.5125446848318417
-0.5121504299183447
-0.5117557497071854
-0.5113606439891591
-0.5109651130247864
-0.5105691567241266
-0.5101727751499985
-0.5097759685791863
-0.5093787366508209
-0.5089810797612172
-0.5085829977662624
-0.5081844907092392
-0.5077855587312469
-0.5073862017167882
-0.5069864198877438
-0.5065862132245511
-0.5061855816473425
-0.5057845253865616
-0.505383044404172
-0.5049811385886269
-0.5045788083196455
-0.5041760534955863
-0.503772873875737
-0.5033692698491422
-0.5029652415001836
-0.5025607886669132
-0.5021559113915903
-0.5017506097418722
-0.5013448839777472
-0.5009387339542068
-0.5005321596625713
-0.5001251611322678
-0.49971773870058933
-0.4993098921303489
-0.4989016215062794
-0.4984929269805438
-0.4980838085382178
-0.49767426619195343
-0.4972643000120899
-0.4968539100073379
-0.4964430964043228
-0.4960318590096143
-0.4956201980618288
-0.49520811347888916
-0.4947956053256773
-0.49438267375813105
-0.49396931873577693
-0.49355554027876725
-0.49314133845200153
-0.49272671342502067
-0.49231166505077334
-0.4918961935561563
-0.4914802988854452
-0.49106398105137655
-0.4906472402288389
-0.49023007642711286
-0.4898124895448412
-0.48939447980364525
-0.48897604739758693
-0.48855719197518854
-0.4881379138424595
-0.4877182130797974
-0.4872980895603975
-0.48687754351729595
-0.48645657492326194
-0.48603518376807975
-0.4856133701329972
-0.4851911342530545
-0.484768476033185
-0.48434539540253035
-0.4839218926073009
-0.4834979675090728
-0.48307362043709684
-0.48264885114368006
-0.48222365992539923
-0.48179804675090326
-0.48137201155245857
-0.4809455545748973
-0.4805186757203474
-0.4800913751527417
-0.4796636528111952
-0.4792355088518055
-0.478806943350529
-0.47837795615750095
-0.47794854764576633
-0.4775187176027885
-0.47708846620674716
-0.4766577935139966
-0.47622669955424934
-0.4757951843531034
-0.4753632479118536
-0.4749308904332801
-0.47449811192726377
-0.4740649124142285
-0.4736312919904593
-0.47319725065167784
-0.4727627885098928
-0.47232790559426513
-0.4718926018945537
-0.47145687768275385
-0.4710207328461445
-0.47058416738965625
-0.4701471815947175
-0.46970977532990826
-0.46927194867143646
-0.468833701715799
-0.4683950345798655
-0.467955947079061
-0.4675164395793585
-0.46707651197572914
-0.46663616437965166
-0.46619539674938054
-0.46575420934553874
-0.46531260214410775
-0.4648705749596963
-0.46442812828728675
-0.4639852619443318
-0.4635419758621266
-0.4630982703234929
-0.46265414529578847
-0.4622096008115853
-0.46176463714540805
-0.46131925403836094
-0.46087345176463634
-0.46042723032738153
-0.4599805897256202
-0.45953353016002446
-0.45908605154409116
-0.45863815416481835
-0.4581898377712845
-0.45774110253554723
-0.4572919486747666
-0.456842376066618
-0.45639238493905826
-0.455941975333694
-0.4554911470980113
-0.4550399005429048
-0.4545882355664984
-0.45413615230796117
-0.4536836510406141
-0.4532307313116342
-0.45277739359666047
-0.45232363797055763
-0.45186946421316676
-0.45141487262989755
-0.4509598631819312
-0.4505044359530778
-0.450048591076294
-0.4495923285918137
-0.4491356484448683
-0.4486785507839246
-0.44822103567593646
-0.44776310332897357
-0.4473047535754161
-0.4468459865722204
-0.44638680238543177
-0.4459272010369896
-0.4454671827944723
-0.4450067475619952
-0.44454589536144207
-0.44408462629208795
-0.44362294050809575
-0.443160838028166
-0.4426983189202571
-0.4422353831393892
-0.4417720309540137
-0.4413082622671266
-0.44084407729870856
-0.44037947607617056
-0.4399144585129139
-0.43944902499075567
-0.43898317525587216
-0.4385169094456424
-0.4380502277101081
-0.43758313012207833
-0.43711561674067084
-0.4366476876417303
-0.43617934296145366
-0.43571058255128664
-0.4352414067773068
-0.43477181540772875
-0.43430180869846585
-0.4338313867172262
-0.4333605494242226
-0.43288929711011814
-0.43241762964440683
-0.43194554715703215
-0.4314730496930498
-0.4310001373383536
-0.4305268102553919
-0.4300530684063601
-0.42957891189828146
-0.42910434079913656
-0.4286293551712322
-0.428153955237981
-0.42767814084028893
-0.42720191221416903
-0.4267252692969664
-0.4262482122959088
-0.4257707412327609
-0.42529285609999656
-0.42481455708968263
-0.4243358443367812
-0.42385671771344174
-0.4233771773650132
-0.4228972235358939
-0.42241685615166447
-0.42193607527402366
-0.4214548809247666
-0.4209732734449243
-0.42049125259931436
-0.42000881860781886
-0.41952597152423526
-0.4190427114834605
-0.4185590384316977
-0.4180749526976473
-0.4175904541253278
-0.417105542820939
-0.4166202188370745
-0.41613448241938644
-0.4156483335439856
-0.4151617722874121
-0.4146747986431467
-0.41418741282963756
-0.4136996149447968
-0.4132114048651396
-0.412722782922923
-0.4122337489637872
-0.4117443031802603
-0.4112544457393539
-0.41076417661656905
-0.4102734958424026
-0.4097824035947379
-0.40929089990528006
-0.40879898488267746
-0.4083066585449181
-0.4078139211416097
-0.40732077250313753
-0.4068272129155027
-0.4063332423679418
-0.4058388609301492
-0.4053440686615354
-0.40484886585665114
-0.40435325235444763
-0.4038572282376313
-0.4033607937970816
-0.4028639489468391
-0.402366693823667
-0.40186902854759476
-0.401370953034206
-0.40087246759710793
-0.4003735721396146
-0.39987426692910816
-0.3993745517141411
-0.39887442702208875
-0.3983738926136944
-0.39787294861715583
-0.3973715953160466
-0.3968698325680991
-0.39636766053956113
-0.39586507932921633
-0.3953620890375213
-0.3948586896402259
-0.3943548814457089
-0.3938506643694106
-0.39334603851336614
-0.39284100397402216
-0.3923355608004368
-0.3918297092055638
-0.3913234490688796
-0.39081678073294274
-0.39030970414236626
-0.38980221923328245
-0.3892943264931806
-0.38878602563148196
-0.3882773168872419
-0.38776820042935073
-0.3872586761988048
-0.38674874427948597
-0.3862384048766445
-0.3857276580478441
-0.38521650388294876
-0.38470494245944
-0.3841929737314317
-0.38368059781118574
-0.38316781512245174
-0.38265462550344553
-0.3821410290487776
-0.38162702577136914
-0.38111261580914946
-0.3805977994176572
-0.38008257656953165
-0.3795669472379382
-0.3790509117880924
-0.3785344699955852
-0.3780176221804645
-0.37750036826867006
-0.37698270855464555
-0.3764646429125807
-0.37594617170381733
-0.3754272946714006
-0.3749080121955207
-0.3743883241914635
-0.37386823097041116
-0.37334773241464875
-0.37282682862445826
-0.3723055197500812
-0.37178380593271526
-0.37126168720506764
-0.37073916363752
-0.37021623541452764
-0.36969290257497
-0.36916916529254357
-0.3686450235144735
-0.3681204774371569
-0.3675955270031307
-0.3670701724961621
-0.3665444140241776
-0.36601825156302553
-0.36549168522535597
-0.36496471516754314
-0.36443734139354267
-0.36390956418012216
-0.36338138328974634
-0.3628527992097508
-0.3623238117469998
-0.3617944211521358
-0.36126462743328003
-0.36073443083342666
-0.3602038312288493
-0.35967282894617153
-0.3591414239390861
-0.3586096163181929
-0.35807740616644124
-0.3575447937185266
-0.35701177885071084
-0.35647836195957106
-0.35594454283859916
-0.35541032165108966
-0.3548756986637054
-0.35434067387258583
-0.3538052473769504
-0.35326941928499184
-0.3527331895812614
-0.3521965585436098
-0.351659526246599
-0.35112209270361433
-0.3505842580949243
-0.3500460224876771
-0.34950738605050896
-0.3489683486600498
-0.34842891064204495
-0.34788907200748215
-0.34734883296531427
-0.3468081934747207
-0.3462671536932618
-0.3457257136625119
-0.34518387367602504
-0.34464163362296735
-0.34409899370123975
-0.3435559539672503
-0.34301251461290566
-0.342468675620671
-0.3419244373297541
-0.3413797995874377
-0.34083476247986505
-0.3402893263643221
-0.33974349113920965
-0.3391972569755875
-0.33865062392476114
-0.3381035921463974
-0.3375561618601705
-0.337008332879307
-0.3364601055929703
-0.3359114799674336
-0.33536245611867865
-0.3348130342291062
-0.33426321427532374
-0.33371299635292084
-0.33316238081855265
-0.332611367550153
-0.3320599566931991
-0.33150814835142217
-0.3309559426420133
-0.33040333966016333
-0.32985033959046767
-0.32929694255173986
-0.32874314854869474
-0.3281889577043915
-0.32763437010112834
-0.3270793859530908
-0.32652400533078024
-0.32596822827213773
-0.3254120549058412
-0.3248554855277265
-0.32429852001110054
-0.32374115849483015
-0.32318340114068145
-0.3226252481078446
-0.3220666994757858
-0.32150775528203174
-0.3209484157645777
-0.3203886809846696
-0.31982855098292773
-0.3192680258762339
-0.3187071058563786
-0.3181457910480459
-0.317584081402735
-0.31702197714362895
-0.31645947845743333
-0.3158965854450346
-0.31533329791613507
-0.31476961652154384
-0.314205540844636
-0.3136410713074313
-0.3130762079152163
-0.3125109509051585
-0.3119453001120804
-0.31137925593464516
-0.3108128183807501
-0.3102459876314396
-0.3096787636137863
-0.309111146653101
-0.3085431367707356
-0.3079747340501403
-0.3074059386367996
-0.30683675064348653
-0.3062671701682502
-0.30569719738897644
-0.3051268324290549
-0.30455607523794054
-0.3039849261324346
-0.3034133851988583
-0.3028414523450221
-0.3022691280602682
-0.3016964120710212
-0.3011233048786339
-0.30054980616862476
-0.2999759163495549
-0.2994016354989587
-0.29882696371994183
-0.2982519010137958
-0.2976764476892934
-0.2971006037415256
-0.2965243693837508
-0.2959477446272834
-0.2953707296777993
-0.29479332456959867
-0.2942155294283772
-0.2936373445086832
-0.29305876972096223
-0.2924798054850546
-0.2919004515939571
-0.29132070833402296
-0.2907405757955255
-0.2901600540669407
-0.2895791433731522
-0.2889978436456939
-0.2884161552788283
-0.2878340782648417
-0.28725161256732595
-0.28666875850613033
-0.2860855160745507
-0.2855018855095257
-0.2849178668666377
-0.28433346035768164
-0.28374866587796227
-0.2831634837917599
-0.28257791416368766
-0.28199195712797154
-0.28140561273297293
-0.2808188810616468
-0.28023176233395936
-0.27964425663192694
-0.27905636408227236
-0.2784680849945759
-0.2778794191798639
-0.27729036700832377
-0.27670092838979093
-0.2761111036707639
-0.2755208928458394
-0.2749302959498508
-0.2743393132664396
-0.2737479449398097
-0.2731561910818321
-0.2725640516453309
-0.27197152698832394
-0.2713786170468122
-0.2707853220468812
-0.27019164220884234
-0.2695975773415682
-0.26900312790577496
-0.2684082939533425
-0.26781307553979955
-0.26721747273921925
-0.2666214857926549
-0.26602511483493896
-0.26542835983158064
-0.2648312212137277
-0.26423369884358644
-0.26363579291304273
-0.26303750357912714
-0.2624388309066451
-0.2618397751831429
-0.2612403363636875
-0.26064051476655153
-0.260040310235774
-0.25943972326109577
-0.25883875361692027
-0.25823740169415593
-0.2576356675554184
-0.25703355131626976
-0.25643105291641094
-0.255828172930109
-0.2552249110299269
-0.2546212676376233
-0.25401724277234683
-0.25341283655162233
-0.25280804921261935
-0.25220288076488345
-0.2515973314857317
-0.2509914014235341
-0.2503850905446383
-0.2497783992783107
-0.24917132759443397
-0.24856387558068804
-0.24795604352916684
-0.24734783152578918
-0.24673923956179328
-0.24613026794865964
-0.24552091674051793
-0.24491118610743512
-0.24430107613784505
-0.2436905870362231
-0.24307971882063295
-0.24246847166835878
-0.24185684582810957
-0.2412448412568325
-0.24063245830929655
-0.24001969684769003
-0.2394065573575645
-0.2387930396278933
-0.2381791439415443
-0.23756487054177694
-0.23695021937147834
-0.23633519070990536
-0.23571978468914812
-0.23510400133493264
-0.2344878407951949
-0.23387130337971515
-0.2332543891013718
-0.23263709802831067
-0.2320194304511866
-0.2314013863994126
-0.23078296609063434
-0.23016416957366725
-0.22954499715863985
-0.22892544879733986
-0.2283055246056426
-0.2276852248800946
-0.2270645498440285
-0.22644349930421437
-0.22582207363730317
-0.22520027294863162
-0.2245780974454003
-0.22395554712289956
-0.22333262215877292
-0.22270932273946586
-0.22208564903258968
-0.22146160108329666
-0.22083717918838278
-0.22021238330071782
-0.21958721373632475
-0.21896167049113657
-0.21833575386161888
-0.21770946380402573
-0.21708280067800326
-0.21645576440030778
-0.21582835527763966
-0.2152005733960208
-0.2145724188534595
-0.2139438919592055
-0.21331499264946702
-0.2126857212895076
-0.2120560778234008
-0.21142606243082004
-0.21079567537038765
-0.21016491663262546
-0.20953378643438955
-0.20890228502578664
-0.20827041253502243
-0.20763816893322637
-0.207005554400959
-0.2063725693137281
-0.2057392135720488
-0.2051054873510866
-0.2044713910433204
-0.20383692452644203
-0.2032020879540568
-0.20256688157544822
-0.2019313055163223
-0.20129535998705916
-0.20065904504550683
-0.20002236085881137
-0.19938530752351952
-0.19874788533728804
-0.19811009431825005
-0.19747193470183566
-0.19683340661472984
-0.1961945101007161
-0.19555524547568512
-0.19491561272408867
-0.19427561222626388
-0.19363524388271278
-0.19299450797371195
-0.19235340464976894
-0.19171193402297643
-0.19107009627007498
-0.19042789150354542
-0.1897853200291153
-0.1891423817378826
-0.188499077000031
-0.18785540581827292
-0.18721136852076864
-0.18656696512956134
-0.18592219580153432
-0.18527706070823474
-0.18463155989226757
-0.18398569379753968
-0.18333946240349563
-0.18269286583299207
-0.18204590409857427
-0.1813985777401643
-0.18075088660243935
-0.18010283102115945
-0.1794544110344111
-0.1788056267961956
-0.17815647857434994
-0.17750696630672136
-0.17685709035577676
-0.17620685083142743
-0.175556247939346
-0.17490528170439393
-0.17425395238516164
-0.1736022600037768
-0.172950204874339
-0.17229778703115708
-0.17164500674004451
-0.17099186410341335
-0.17033835927133303
-0.16968449244711978
-0.16903026374468091
-0.1683756733785369
-0.16772072140215072
-0.167065408139984
-0.16640973355495225
-0.16575369787884522
-0.16509730134553702
-0.16444054401473857
-0.16378342613167962
-0.1631259478201674
-0.16246810925502755
-0.16180991059635594
-0.1611513519466278
-0.16049243348326933
-0.15983315539419735
-0.1591735178938553
-0.1585135210089642
-0.1578531651474703
-0.1571924501959768
-0.15653137637267026
-0.15586994398594697
-0.15520815305149382
-0.15454600379603275
-0.15388349630681233
-0.15322063081411594
-0.15255740762235812
-0.15189382666537118
-0.15122988824424774
-0.15056559234790803
-0.14990093933520016
-0.14923592938320612
-0.1485705623892374
-0.1479048389096694
-0.14723875875778372
-0.14657232224420227
-0.1459055295306305
-0.1452383808015848
-0.1445708762621419
-0.14390301594794877
-0.1432348001556163
-0.14256622893039136
-0.14189730251630475
-0.1412280211796935
-0.14055838486926253
-0.13988839374674208
-0.13921804827284634
-0.13854734833147378
-0.1378762942879524
-0.13720488611044726
-0.1365331240855253
-0.13586100843978327
-0.13518853908125697
-0.134515716520461
-0.13384254076757365
-0.1331690119479867
-0.13249513022984674
-0.13182089595978885
-0.13114630911545147
-0.13047136987598343
-0.129796078553164
-0.1291204351711591
-0.12844444005621153
-0.12776809311996246
-0.12709139477167242
-0.12641434513329444
-0.1257369442887711
-0.12505919247094807
-0.12438108985875605
-0.12370263671819708
-0.12302383294083245
-0.1223446789681192
-0.1216651747885289
-0.12098532083452497
-0.12030511703746327
-0.11962456364451719
-0.11894366078545093
-0.11826240870152958
-0.11758080747882184
-0.11689885752658781
-0.11621655872788274
-0.1155339113630995
-0.11485091556067453
-0.11416757170612349
-0.11348387974682483
-0.1127998399641082
-0.11211545244873858
-0.11143071744457313
-0.11074563520345342
-0.11006020573747952
-0.10937442929164205
-0.1086883060286696
-0.10800183626981252
-0.10731501988943054
-0.10662785734849314
-0.1059403487024073
-0.10525249405642617
-0.10456429376866262
-0.10387574791118337
-0.10318685668237836
-0.10249762021001366
-0.10180803875618398
-0.10111811248865972
-0.10042784149964312
-0.09973722598535362
-0.09904626632227079
-0.09835496239363045
-0.09766331443399882
-0.09697132286485408
-0.09627898768620512
-0.0955863091533396
-0.09489328729183821
-0.09419992240733918
-0.09350621472081734
-0.09281216421381645
-0.09211777139985923
-0.09142303607215296
-0.09072795869662686
-0.09003253940919886
-0.08933677828194407
-0.08864067561745614
-0.08794423147403851
-0.08724744610859773
-0.08655031975119254
-0.08585285251893518
-0.08515504464059746
-0.08445689625418505
-0.0837584074322972
-0.08305957866777369
-0.08236040985319924
-0.08166090137411568
-0.08096105328484314
-0.08026086585582434
-0.07956033921089128
-0.07885947341815304
-0.07815826885845059
-0.0774567257142196
-0.07675484404965248
-0.07605262418439343
-0.07535006618636618
-0.07464717030079182
-0.0739439366997603
-0.07324036551223279
-0.0725364570846988
-0.07183221143708056
-0.07112762882210259
-0.07042270951031027
-0.06971745351045146
-0.06901186118971006
-0.06830593272180578
-0.06759966803690816
-0.06689306763403582
-0.06618613164069952
-0.0654788601795846
-0.06477125333801294
-0.06406331151487923
-0.06335503479852433
-0.06264642343108895
-0.061937477435566324
-0.06122819717488505
-0.06051858294412875
-0.05980863455777707
-0.059098352579586254
-0.05838773684981423
-0.057676788012048376
-0.0569655059616009
-0.056253890815549906
-0.055541943040056586
-0.054829662601925566
-0.054117049701505375
-0.053404104622857274
-0.052690827511942165
-0.05197721866948456
-0.05126327813011253
-0.05054900633314041
-0.04983440308999881
-0.049119468911984626
-0.048404203790273555
-0.047688608125369666
-0.046972682022982507
-0.04625642551916306
-0.04553983904607239
-0.04482292253979492
-0.04410567654912736
-0.04338810107797154
-0.04267019639179292
-0.04195196238241143
-0.04123339959242151
-0.04051450810900784
-0.03979528811771226
-0.03907573988646106
-0.038355863499621216
-0.03763565908388746
-0.03691512712831369
-0.03619426766175582
-0.035473080844566705
-0.03475156691509759
-0.034029726036912955
-0.03330755844088457
-0.032585064351962206
-0.03186224391428244
-0.03113909739263744
-0.030415624948149006
-0.029691826867754057
-0.028967703152842045
-0.028243254211003207
-0.027518480109859685
-0.02679338099728646
-0.026067957264929182
-0.02534220896632433
-0.02461613634636843
-0.02388973973472331
-0.02316301911915645
-0.022435974817010932
-0.021708606987536
-0.02098091590002315
-0.020252901600299848
-0.019524564523402482
-0.01879590464228767
