1025
-1.2067080287206589
-1.2065532193282322
-1.2063984899338296
-1.206243838645599
-1.2060892675726815
-1.2059347756734942
-1.2057803634140514
-1.2056260313217104
-1.2054717792089007
-1.2053176076577694
-1.2051635168322108
-1.2050095059186736
-1.2048555776232368
-1.204701729984122
-1.2045479626976532
-1.2043942773853673
-1.2042406740820288
-1.2040871531957273
-1.2039337138841577
-1.2037803573036416
-1.203627082854218
-1.203473892085363
-1.2033207838349942
-1.2031677586421192
-1.2030148166224484
-1.202861958887409
-1.2027091844427007
-1.2025564945699925
-1.2024038879447903
-1.202251366497737
-1.2020989296450773
-1.2019465770046893
-1.2017943104217101
-1.20164212762454
-1.2014900311891905
-1.2013380199772898
-1.2011860950375157
-1.2010342554174
-1.2008825023000247
-1.2007308358459212
-1.2005792552029129
-1.2004277623078512
-1.2002763556884113
-1.2001250369108962
-1.1999738048157722
-1.199822660923658
-1.1996716034646744
-1.1995206358563053
-1.1993697552720268
-1.1992189630525207
-1.1990682592767192
-1.1989176447527918
-1.1987671189310711
-1.1986166821399835
-1.1984663345700104
-1.1983160771225512
-1.1981659086208956
-1.1980158312959543
-1.1978658427561895
-1.1977159448269166
-1.1975661377545352
-1.1974164205924211
-1.1972667948580207
-1.197117260823836
-1.1969678169814608
-1.19681846518472
-1.1966692050295016
-1.1965200362717585
-1.1963709593393774
-1.1962219757644
-1.1960730837083438
-1.1959242846410947
-1.1957755785885438
-1.195626964598041
-1.195478444965951
-1.1953300180320152
-1.1951816849478438
-1.1950334458214522
-1.1948852997379324
-1.1947372490218569
-1.1945892916449627
-1.1944414292976815
-1.1942936616409612
-1.1941459887287245
-1.1939984104046761
-1.1938509281491545
-1.193703540720561
-1.1935562493345786
-1.1934090538904214
-1.1932619544702843
-1.1931149508871148
-1.1929680442671877
-1.1928212336718504
-1.1926745201089721
-1.192527903916111
-1.1923813845341995
-1.1922349623621944
-1.1920886378118463
-1.1919424111007724
-1.1917962821862922
-1.1916502509260287
-1.1915043187297107
-1.1913584846635858
-1.1912127489379611
-1.1910671124066015
-1.1909215755378664
-1.190776136352672
-1.1906307978345123
-1.1904855582291844
-1.1903404187996494
-1.1901953790048134
-1.190050439584711
-1.189905600318254
-1.1897608608679981
-1.189616223502282
-1.1894716865000738
-1.1893272499424272
-1.1891829152413802
-1.1890386816814966
-1.1888945498535202
-1.188750519907497
-1.1886065915672963
-1.1884627653270032
-1.188319041862623
-1.1881754203815194
-1.1880319018631884
-1.1878884865262755
-1.187745173940706
-1.1876019643940432
-1.1874588580832643
-1.1873158562146404
-1.1871729575919316
-1.1870301631122073
-1.1868874721290883
-1.186744886146904
-1.186602404484497
-1.186460027424809
-1.1863177555657298
-1.1861755878565394
-1.1860335270500202
-1.1858915695244263
-1.1857497186951986
-1.1856079737799128
-1.1854663344535186
-1.1853248012595232
-1.1851833742733195
-1.1850420539078774
-1.1849008399307726
-1.1847597329845696
-1.1846187331898748
-1.1844778403382754
-1.184337054550939
-1.1841963764439165
-1.1840558064030011
-1.18391534347619
-1.1837749896209107
-1.1836347430187026
-1.1834946050121646
-1.1833545763102373
-1.183214655760518
-1.1830748444064312
-1.182935141666001
-1.1827955478543355
-1.1826560649013076
-1.1825166900060122
-1.1823774261854856
-1.1822382718295097
-1.182099227231106
-1.1819602937495097
-1.1818214699999026
-1.1816827571203867
-1.1815441553697645
-1.181405664212996
-1.1812672849064245
-1.1811290162777097
-1.1809908585618756
-1.1808528135568415
-1.180714881071062
-1.1805770585027515
-1.1804393490266232
-1.1803017528494777
-1.1801642688723135
-1.1800268971105499
-1.1798896376788308
-1.1797524928188194
-1.1796154604623688
-1.1794785414174993
-1.1793417350932476
-1.1792050439579067
-1.179068466042544
-1.1789320020613063
-1.1787956529386507
-1.1786594177812937
-1.178523297163609
-1.1783872912639497
-1.178251399756188
-1.1781156241799466
-1.177979963499705
-1.177844418111675
-1.177708988601243
-1.1775736745064056
-1.1774384765939203
-1.177303394954691
-1.1771684292262783
-1.1770335794295057
-1.1768988471052195
-1.1767642308402464
-1.1766297321739763
-1.17649535008627
-1.1763610849747799
-1.1762269377295136
-1.1760929084016851
-1.1759589955740386
-1.1758252009968315
-1.1756915259017475
-1.1755579675039143
-1.1754245276580002
-1.1752912070801869
-1.175158004384871
-1.175024920785825
-1.1748919567929188
-1.1747591109536701
-1.1746263844993674
-1.1744937786220728
-1.1743612924650744
-1.174228925138654
-1.1740966786245024
-1.1739645512685395
-1.1738325453931528
-1.173700658897909
-1.1735688937345214
-1.1734372498693035
-1.1733057258672928
-1.1731743236562204
-1.1730430425677332
-1.1729118829674916
-1.1727808444040526
-1.1726499282120295
-1.172519134121786
-1.172388461071238
-1.172257911490592
-1.172127483558394
-1.1719971787293677
-1.1718669964072423
-1.1717369369261554
-1.1716070003961234
-1.1714771867031346
-1.17134749663246
-1.1712179299848045
-1.1710884871892238
-1.1709591682964413
-1.1708299728268976
-1.1707009019899122
-1.170571955035515
-1.170443132465455
-1.1703144347972703
-1.1701858620946006
-1.1700574136569322
-1.16992909122977
-1.169800893570729
-1.169672821054124
-1.1695448738642322
-1.1694170531660486
-1.169289356804623
-1.1691617873849804
-1.1690343439286361
-1.168907026972621
-1.1687798358976236
-1.1686527719914095
-1.168525835143652
-1.1683990236122703
-1.1682723407441478
-1.168145785009004
-1.1680193554480003
-1.1678930540056625
-1.1677668802495087
-1.1676408336955613
-1.1675149160544906
-1.1673891260826923
-1.1672634644476199
-1.1671379310335044
-1.1670125263289162
-1.1668872502167857
-1.1667621027141615
-1.1666370851297048
-1.1665121957638727
-1.1663874352757486
-1.1662628051168482
-1.1661383038145803
-1.1660139327480434
-1.1658896923006894
-1.1657655805324751
-1.1656415997689031
-1.165517748818634
-1.1653940283402822
-1.165270439797488
-1.1651469804971475
-1.1650236521700221
-1.1649004560807832
-1.164777390018511
-1.1646544555796128
-1.164531652752593
-1.1644089811979368
-1.1642864420653993
-1.1641640349757205
-1.1640417591885759
-1.1639196161046321
-1.1637976049380738
-1.1636757268976905
-1.163553981158996
-1.1634323682580059
-1.16331088815309
-1.1631895408514643
-1.1630683276161342
-1.1629472476790845
-1.1628263007665938
-1.1627054870857556
-1.1625848080455856
-1.1624642627174757
-1.162343851590636
-1.1622235738619926
-1.162103430980748
-1.1619834224531196
-1.1618635488349345
-1.1617438100737754
-1.1616242058781376
-1.1615047376411385
-1.1613854041488687
-1.1612662052399376
-1.1611471417744739
-1.161028214366082
-1.1609094228721606
-1.1607907672055136
-1.16067224806861
-1.160553863872739
-1.1604356172004608
-1.1603175061764297
-1.1601995321601972
-1.1600816947341672
-1.1599639937655677
-1.159846430559036
-1.1597290044360122
-1.159611715115522
-1.1594945633384321
-1.159377548475924
-1.1592606723139434
-1.1591439335392872
-1.1590273325879297
-1.1589108698115698
-1.1587945447287538
-1.1586783592295407
-1.1585623115409662
-1.1584464025924337
-1.158330631868536
-1.1582150006098828
-1.1580995081721968
-1.157984154422546
-1.1578689404276914
-1.1577538662195597
-1.157638931065915
-1.1575241348846181
-1.1574094800859522
-1.157294964511795
-1.1571805889166988
-1.1570663531293681
-1.1569522588603167
-1.1568383041772774
-1.156724490244449
-1.1566108168144411
-1.1564972845498465
-1.1563838929110393
-1.156270643041565
-1.1561575344677129
-1.1560445668231585
-1.1559317403799299
-1.15581905617398
-1.1557065136913909
-1.1555941132339893
-1.1554818542075886
-1.1553697374748588
-1.1552577639903328
-1.155145931728362
-1.1550342429383285
-1.1549226960968826
-1.1548112919762135
-1.1547000314156215
-1.1545889140046786
-1.1544779392175748
-1.154367107952092
-1.1542564200412933
-1.1541458756901164
-1.1540354747873647
-1.1539252184307158
-1.1538151051454044
-1.1537051364536874
-1.153595311895636
-1.1534856312822583
-1.1533760949788707
-1.1532667042229592
-1.1531574573882448
-1.1530483550313904
-1.1529393984153535
-1.152830586445399
-1.1527219196453216
-1.15261339848989
-1.1525050221866284
-1.152396792064704
-1.152288707094962
-1.1521807684394767
-1.1520729745986575
-1.151965328262148
-1.1518578268761361
-1.151750471957703
-1.1516432641179877
-1.1515362020518305
-1.1514292867190123
-1.1513225182482132
-1.1512158967421962
-1.151109421854016
-1.1510030949647552
-1.150896915025152
-1.1507908823080752
-1.150684996806888
-1.1505792587174388
-1.1504736691664543
-1.1503682261675676
-1.1502629320464455
-1.1501577860351389
-1.1500527871015087
-1.1499479379662951
-1.14984323627363
-1.1497386832658858
-1.14963427966842
-1.1495300240832436
-1.1494259172079921
-1.1493219595321493
-1.1492181512057116
-1.1491144922722079
-1.1490109827375248
-1.1489076218813803
-1.1488044097649897
-1.1487013492189062
-1.1485984381303833
-1.1484956768199086
-1.1483930652860623
-1.1482906031789057
-1.1481882924955507
-1.1480861321540627
-1.1479841212743036
-1.147882262462286
-1.1477805530854628
-1.1476789949097508
-1.1475775874815934
-1.1474763317346663
-1.1473752261220846
-1.1472742728991905
-1.1471734699330216
-1.1470728192990602
-1.1469723198103796
-1.1468719728993462
-1.1467717769095638
-1.1466717329433607
-1.1465718408637888
-1.1464721013638055
-1.1463725136140224
-1.146273078495236
-1.1461737960735159
-1.146074665711086
-1.1459756888800996
-1.1458768642991972
-1.1457781930266262
-1.1456796739153383
-1.1455813085018558
-1.1454830963320337
-1.1453850376406174
-1.145287131955078
-1.1451893801312811
-1.1450917815102777
-1.1449943377189176
-1.1448970464890518
-1.1447999098968815
-1.1447029274163136
-1.1446060988218831
-1.1445094244121663
-1.1444129051320624
-1.144316539406092
-1.1442203292225943
-1.1441242734976897
-1.1440283722385884
-1.1439326260268445
-1.1438370350650087
-1.143741598496676
-1.1436463186755776
-1.1435511929279691
-1.1434562220230482
-1.1433614079196635
-1.1432667488445614
-1.1431722460826816
-1.1430778986285668
-1.1429837065670636
-1.1428896713721786
-1.1427957920961787
-1.1427020695475196
-1.142608502506939
-1.1425150924984644
-1.142421839615946
-1.1423287421058363
-1.1422358017696872
-1.14214301821858
-1.1420503924619991
-1.141957922986285
-1.1418656108066012
-1.1417734551917902
-1.1416814580103816
-1.1415896175312048
-1.1414979349324652
-1.141406409558322
-1.1413150420510976
-1.1412238323779944
-1.1411327812459935
-1.1410418878740105
-1.1409511517469162
-1.14086057502523
-1.1407701558038175
-1.1406798953742794
-1.1405897931908324
-1.1404998496024312
-1.1404100651380646
-1.1403204386440475
-1.1402309720336277
-1.140141663500292
-1.140052514804089
-1.139963524987208
-1.1398746941614801
-1.1397860222697822
-1.1396975111277856
-1.1396091588644992
-1.1395209661510701
-1.1394329333981896
-1.1393450598432204
-1.139257346260072
-1.1391697930479443
-1.1390824002045778
-1.1389951676123908
-1.138908094740932
-1.1388211819100995
-1.1387344302935185
-1.1386478391848793
-1.1385614080810986
-1.1384751379174471
-1.138389029295162
-1.1383030809524988
-1.138217293522441
-1.1381316671038737
-1.1380462020697093
-1.1379608986138858
-1.137875755788389
-1.1377907746993308
-1.1377059558964424
-1.137621298247089
-1.1375368016657827
-1.137452467503168
-1.1373682953597597
-1.137284284531076
-1.1372004356971357
-1.1371167493664773
-1.137033225971686
-1.1369498632548316
-1.1368666649013273
-1.1367836276879437
-1.1367007532971167
-1.1366180417696026
-1.1365354929719864
-1.1364531062974979
-1.1363708829841859
-1.13628882289448
-1.1362069260796488
-1.136125191917546
-1.136043621454597
-1.135962214160375
-1.1358809700815398
-1.1357998896881183
-1.1357189726718477
-1.1356382188367449
-1.135557629628668
-1.1354772038605903
-1.135396941744256
-1.1353168437317058
-1.1352369105138567
-1.1351571400078833
-1.1350775352971563
-1.134998093831255
-1.1349188179750607
-1.13483970540338
-1.13476075772065
-1.1346819744947776
-1.1346033563904652
-1.1345249023037363
-1.1344466140519562
-1.134368490023183
-1.1342905313676193
-1.1342127376354556
-1.1341351096251142
-1.13405764640737
-1.1339803478971189
-1.133903215629601
-1.133826248364972
-1.1337494477318577
-1.1336728119690243
-1.133596341822797
-1.1335200375236105
-1.1334438991240914
-1.1333679270248953
-1.1332921201038242
-1.1332164800183
-1.1331410065209844
-1.133065698337186
-1.1329905569671637
-1.1329155816712617
-1.1328407728917955
-1.1327661306556036
-1.1326916556201416
-1.1326173463039007
-1.1325432043360364
-1.1324692293094174
-1.132395421561057
-1.1323217803997807
-1.1322483057684163
-1.1321749988080954
-1.1321018588176543
-1.132028885580235
-1.131956081012678
-1.1318834428794244
-1.1318109728661894
-1.1317386699657161
-1.1316665352442559
-1.131594567890766
-1.1315227676554616
-1.1314511356831127
-1.13137967195906
-1.1313083765849599
-1.131237247853359
-1.1311662888150031
-1.1310954971071139
-1.1310248735604056
-1.1309544191615903
-1.1308841319353407
-1.1308140138417895
-1.130744064545477
-1.1306742839304158
-1.1306046714696878
-1.1305352277534015
-1.13046595312786
-1.1303968467358843
-1.130327910216527
-1.130259142464791
-1.130190543471681
-1.1301221134297348
-1.1300538525278812
-1.1299857615679334
-1.1299178394993334
-1.1298500874569928
-1.1297825037032825
-1.1297150905928652
-1.1296478460262163
-1.1295807719225663
-1.1295138675135332
-1.1294471329775386
-1.1293805668152994
-1.1293141726893603
-1.1292479472434185
-1.1291818919523096
-1.129116007041302
-1.129050291568809
-1.1289847471450831
-1.1289193728776732
-1.1288541692489522
-1.1287891358232511
-1.1287242719545645
-1.1286595794934497
-1.1285950573593062
-1.128530705547977
-1.1284665251017734
-1.128402515227067
-1.128338675751115
-1.1282750076223511
-1.1282115102292536
-1.1281481840321934
-1.1280850288607223
-1.128022044763922
-1.1279592317152423
-1.1278965897494007
-1.127834119303367
-1.1277718198282303
-1.1277096924751222
-1.1276477353665988
-1.1275859515574038
-1.1275243379325726
-1.127462896254608
-1.1274016265864464
-1.1273405285429434
-1.1272796021135711
-1.1272188484183752
-1.1271582654880388
-1.1270978547000765
-1.127037616616565
-1.1269775502298236
-1.1269176555191212
-1.126857933617153
-1.1267983834182227
-1.1267390058566886
-1.1266798006380745
-1.1266207683489737
-1.126561907976004
-1.1265032196452751
-1.1264447041795278
-1.126386362358604
-1.126328191716328
-1.126270194458766
-1.126212369735295
-1.126154718563638
-1.1260972397935884
-1.1260399334901103
-1.1259828005290664
-1.1259258407121355
-1.1258690534929714
-1.1258124403134422
-1.1257559994129023
-1.1256997324373885
-1.1256436381897577
-1.125587717804339
-1.1255319703130575
-1.1254763967680101
-1.1254209962437447
-1.125365769175654
-1.1253107161839861
-1.125255835738703
-1.125201130201158
-1.1251465977490394
-1.125092239536444
-1.1250380547269518
-1.1249840436143506
-1.1249302069573572
-1.1248765435987984
-1.1248230538574713
-1.1247697392136398
-1.1247165989378047
-1.1246636319044467
-1.1246108390335932
-1.1245582207397706
-1.1245057767425388
-1.1244535063457275
-1.1244014116319236
-1.1243494907459213
-1.124297743966914
-1.1242461716516097
-1.1241947740804001
-1.1241435512102143
-1.1240925027586228
-1.124041628968284
-1.1239909298086797
-1.1239404056576607
-1.1238900561133078
-1.1238398815913058
-1.1237898821814556
-1.1237400570890035
-1.12369040688989
-1.1236409320390164
-1.1235916325704969
-1.1235425077575345
-1.1234935580791987
-1.1234447836211259
-1.12339618416309
-1.123347760064353
-1.1232995111895563
-1.1232514383049415
-1.1232035399206075
-1.1231558173581055
-1.1231082700032335
-1.1230608984994028
-1.123013702645434
-1.1229666817577049
-1.122919836671772
-1.122873166559872
-1.1228266731140963
-1.1227803553978581
-1.1227342131275964
-1.1226882456916971
-1.1226424553931342
-1.1225968398281123
-1.1225514014494684
-1.122506138506017
-1.122461051002513
-1.1224161403532542
-1.122371404829907
-1.1223268455560829
-1.1222824626045622
-1.1222382563482787
-1.1221942257098814
-1.122150371337473
-1.1221066931417734
-1.122063191160909
-1.1220198654044051
-1.1219767161078513
-1.1219337431259873
-1.1218909464458806
-1.121848326479867
-1.1218058826649975
-1.1217636160043987
-1.1217215252941604
-1.1216796114786436
-1.121637874258412
-1.121596313087847
-1.1215549291362457
-1.1215137213103765
-1.1214726906725077
-1.1214318367636442
-1.1213911598946322
-1.1213506596691218
-1.121310336093085
-1.1212701894830908
-1.1212302195468296
-1.121190426715337
-1.1211508107063934
-1.1211113725734645
-1.1210721106316333
-1.1210330256690166
-1.1209941182789718
-1.1209553874151428
-1.120916834024524
-1.1208784575390036
-1.1208402577663352
-1.1208022364369703
-1.1207643918807255
-1.1207267245504728
-1.1206892339533447
-1.1206519211573103
-1.1206147860585658
-1.120577827469316
-1.1205410474321746
-1.1205044441711678
-1.1204680179375386
-1.1204317694386376
-1.1203956985000434
-1.1203598054363475
-1.1203240891475585
-1.1202885513210015
-1.1202531903829702
-1.120218007397294
-1.1201830023360648
-1.1201481746693362
-1.1201135238262103
-1.1200790519245571
-1.1200447573008694
-1.1200106408535346
-1.1199767013939976
-1.1199429401423773
-1.1199093570041558
-1.1198759506097589
-1.119842723154229
-1.1198096734573653
-1.1197768013803504
-1.1197441064795084
-1.1197115910397044
-1.119679253136251
-1.1196470927082405
-1.1196151103609966
-1.1195833064240353
-1.1195516808140753
-1.1195202323744833
-1.1194889626493558
-1.1194578709695628
-1.1194269569934021
-1.1193962211162016
-1.1193656637463072
-1.1193352851288214
-1.1193050833692428
-1.1192750603466286
-1.1192452152859254
-1.1192155492754026
-1.1191860614160989
-1.1191567516575784
-1.1191276197517617
-1.119098666518129
-1.1190698911959958
-1.1190412952775357
-1.1190128768120005
-1.1189846368641614
-1.118956574724519
-1.118928692059144
-1.1189009871698028
-1.1188734608320674
-1.1188461130129894
-1.118818943702364
-1.1187919530755388
-1.1187651406652155
-1.1187385067156341
-1.1187120510151982
-1.1186857748178156
-1.1186596760893222
-1.1186337563461315
-1.1186080152248699
-1.118582452125421
-1.1185570679187076
-1.118531862769546
-1.1185068359397143
-1.1184819874394394
-1.1184573180372583
-1.1184328272587054
-1.118408514835744
-1.1183843807789169
-1.118360426691897
-1.1183366501842393
-1.1183130517202975
-1.1182896331050622
-1.1182663929491716
-1.1182433321400218
-1.1182204490044902
-1.1181977448488425
-1.118175219779512
-1.1181528727336625
-1.1181307057850143
-1.1181087165030108
-1.1180869061126235
-1.1180652751182165
-1.118043822346802
-1.1180225486471733
-1.1180014535922125
-1.1179805372722371
-1.1179598000991307
-1.117939241354457
-1.1179188622103906
-1.117898661424001
-1.117878638701848
-1.1178587960291373
-1.1178391313983636
-1.1178196463401548
-1.117800340187504
-1.117781212777689
-1.1177622642451304
-1.117743493790429
-1.1177249025367506
-1.1177064907004703
-1.1176882571291942
-1.1176702032662922
-1.1176523277155663
-1.117634631197009
-1.1176171135597475
-1.1175997744762305
-1.1175826149935948
-1.1175656336910007
-1.1175488318334457
-1.1175322089276802
-1.1175157644136193
-1.1174994994961023
-1.1174834135711473
-1.1174675053599132
-1.1174517769877896
-1.1174362276911352
-1.1174208575195812
-1.1174056652504005
-1.117390652513256
-1.1173758189733536
-1.1173611643310115
-1.1173466876669267
-1.117332390541708
-1.1173182732326135
-1.1173043334260844
-1.1172905732964922
-1.1172769909233387
-1.1172635893648415
-1.1172503659588473
-1.1172373209019082
-1.1172244556248367
-1.1172117687021106
-1.1171992604777454
-1.117186931083793
-1.1171747805288004
-1.117162809572299
-1.1171510169850234
-1.1171394041274532
-1.1171279691437186
-1.1171167134655289
-1.1171056360871636
-1.1170947384034435
-1.11708401945061
-1.1170734787527627
-1.1170631175183305
-1.1170529341775586
-1.1170429304929443
-1.117033105596599
-1.1170234605074305
-1.1170139925490856
-1.1170047039550886
-1.1169955939487044
-1.1169866631522398
-1.1169779115294265
-1.1169693380587844
-1.116960942728007
-1.1169527272502107
-1.1169446904401392
-1.116936832306681
-1.116929152913397
-1.1169216519134422
-1.116914329622803
-1.1169071861379345
-1.1169002213790558
-1.1168934354746116
-1.1168868282120419
-1.1168803999790577
-1.1168741499692483
-1.1168680790383239
-1.1168621865821267
-1.1168564720324914
-1.1168509366892065
-1.116845579944649
-1.1168404015886912
-1.1168354026216556
-1.1168305815387207
-1.1168259391367334
-1.1168214752356054
-1.116817190017661
-1.1168130828965601
-1.1168091551159338
-1.116805405055134
