1025
-2.5533054694984774
-2.5511901003736
-2.549041564579037
-2.5468600714407743
-2.544645848148318
-2.5423991070718297
-2.540120074730352
-2.5378089752044453
-2.5354660432509153
-2.533091485893776
-2.5306855629154645
-2.528248483046897
-2.5257805004264386
-2.5232818538695114
-2.520752764089636
-2.5181935028065907
-2.5156042894758706
-2.5129853884754008
-2.510337036043625
-2.507659494269674
-2.504953019024578
-2.50221785826049
-2.499454274620319
-2.496662531804285
-2.4938428925342015
-2.490995624104729
-2.488120986050717
-2.48521925199007
-2.4822906951231647
-2.479335594718961
-2.4763542176017332
-2.473346853046882
-2.470313776985346
-2.4672552636107894
-2.4641716066786477
-2.461063103923259
-2.4579300264987034
-2.454772682604988
-2.4515913441567525
-2.4483863232758147
-2.4451579299610615
-2.4419064297794995
-2.4386321531974238
-2.435335388042827
-2.432016451812562
-2.4286756571136037
-2.4253132949082
-2.4219296974642806
-2.4185251593393344
-2.415100009918051
-2.4116545656831225
-2.408189149528181
-2.4047040798012524
-2.4011996827633117
-2.3976762719209335
-2.3941341917790426
-2.3905737661980693
-2.386995316235088
-2.3833992032730267
-2.3797857319982825
-2.3761552611507026
-2.372508106542859
-2.36884462948203
-2.3651651582705733
-2.361470044530306
-2.3577596384529365
-2.354034279017359
-2.350294318486379
-2.3465400997640673
-2.3427719888440084
-2.3389903327014943
-2.3351954711722005
-2.331387783852128
-2.3275676193105377
-2.3237353450165807
-2.31989130942041
-2.316035882490374
-2.312169420206617
-2.308292304960701
-2.3044048771015326
-2.3005075223691307
-2.2966006097815836
-2.2926845139122403
-2.288759592779945
-2.2848262255380978
-2.2808847869090014
-2.276935642560884
-2.2729791931003684
-2.2690157875690993
-2.265045814260013
-2.261069659827209
-2.257087687713939
-2.2531002985677344
-2.2491078469525574
-2.2451107533856094
-2.2411093724392224
-2.2371040873024053
-2.2330953068115047
-2.229083382560096
-2.2250687377754916
-2.221051726013218
-2.2170327500641975
-2.2130122013878073
-2.2089904586350797
-2.204967904990421
-2.200944952160467
-2.1969219689447277
-2.192899347307113
-2.188877485373425
-2.184856768714341
-2.180837588486952
-2.176820337956561
-2.172805387653821
-2.168793152348913
-2.1647840148911945
-2.160778371490689
-2.1567765909520524
-2.152779077470111
-2.148786222396292
-2.144798413956773
-2.1408160421389364
-2.136839493016867
-2.132869143364377
-2.128905411324567
-2.1249486529432886
-2.120999264959566
-2.1170576469297933
-2.1131241597626635
-2.1091992153125263
-2.1052831904045193
-2.1013764254327842
-2.0974793653819517
-2.0935923651604003
-2.089715804882606
-2.085850055990554
-2.081995502204062
-2.078152529006262
-2.0743215039184935
-2.070502791965073
-2.0666967868396
-2.0629038481762687
-2.059124338522344
-2.0553586413121003
-2.051607118374052
-2.047870142091883
-2.0441480548812176
-2.0404412297553933
-2.0367500440652715
-2.033074844511985
-2.029415973997706
-2.0257737953200388
-2.022148671468242
-2.018540932035226
-2.0149509566907824
-2.0113790709641863
-2.0078256105140957
-2.0042909269664815
-2.0007753541987823
-1.997279249362738
-1.9938029277427283
-1.9903467413333957
-1.9869109758675867
-1.983495986807506
-1.9801020962356621
-1.9767296291001644
-1.9733789024316843
-1.9700502261864739
-1.96674390662202
-1.9634602592130916
-1.9601995908620757
-1.9569622057731713
-1.9537483950590124
-1.9505584700687162
-1.9473927098143597
-1.9442514162998827
-1.9411348577784877
-1.9380433261805314
-1.934977112063885
-1.9319364753320294
-1.9289217036137418
-1.9259330406661281
-1.922970769462407
-1.9200351443303383
-1.9171264289662708
-1.9142448684629718
-1.911390705129571
-1.9085642064588244
-1.9057655848765347
-1.9029950922796386
-1.900252966714319
-1.8975394280402136
-1.8948546872539584
-1.8921989788103373
-1.8895725143379534
-1.886975515590186
-1.8844081681930105
-1.8818706828523495
-1.8793632592029479
-1.8768860742502427
-1.8744393296475805
-1.8720232095610183
-1.8696378711740365
-1.8672835034595856
-1.8649602764159243
-1.8626683407992672
-1.86040787057804
-1.8581790050244142
-1.8559818901688783
-1.8538166699707919
-1.8516834914095868
-1.8495824753839
-1.8475137448435177
-1.8454774388169117
-1.8434736605071238
-1.8415025223750383
-1.8395641261988325
-1.8376585720553533
-1.8357859618595282
-1.8339463619214753
-1.832139885770165
-1.8303665956885302
-1.8286265639857557
-1.8269198474350417
-1.8252465196784033
-1.8236066313877501
-1.8220002326869111
-1.8204273521320393
-1.8188880428292629
-1.8173823313771464
-1.8159102427781
-1.8144717846698062
-1.8130669921096174
-1.8116958637068954
-1.8103583897871818
-1.8090545734648966
-1.8077843972633236
-1.8065478583130175
-1.8053449206383165
-1.8041755761312865
-1.8030397602682562
-1.8019374479125956
-1.8008685884982878
-1.7998331227116753
-1.7988310024452536
-1.7978621461756334
-1.7969265047049923
-1.796023969542149
-1.795154483772046
-1.7943179385331474
-1.7935142397585966
-1.7927432774893894
-1.7920049614761642
-1.79129917059835
-1.7906257660312488
-1.7899846317099732
-1.7893756218133754
-1.7887986166927097
-1.788253463108206
-1.7877399750674987
-1.787258035919993
-1.786807459350277
-1.7863880678777562
-1.7859996935028004
-1.7856421509998244
-1.785315239253688
-1.7850187669109596
-1.7847525360399459
-1.7845163260722543
-1.7843099437393075
-1.784133132602279
-1.7839856881596607
-1.7838673623815537
-1.7837779435150691
-1.7837171351830874
-1.7836847361854817
-1.7836804521499463
-1.7837040366568382
-1.7837552200495101
-1.7838337154415478
-1.7839392393592794
-1.784071525548543
-1.7842302437151687
-1.7844151406547333
-1.7846258610137722
-1.7848621186458575
-1.7851235975914375
-1.7854099707391562
-1.7857209158556773
-1.7860560912099988
-1.78641514874929
-1.7867977562550679
-1.7872035647090114
-1.787632203535723
-1.7880833262628602
-1.7885565520641942
-1.7890515099017896
-1.789567836961366
-1.7901051424148369
-1.7906630352311619
-1.791241126870668
-1.791839002638352
-1.79245628141396
-1.7930925336324381
-1.7937473726483546
-1.7944203481038055
-1.7951110663429202
-1.7958190758501122
-1.7965439567136094
-1.7972852762825506
-1.7980425864039988
-1.7988154548518185
-1.7996034015366413
-1.8004059915816737
-1.801222749181553
-1.8020532422441098
-1.8028969727720114
-1.8037534811624443
-1.8046223065171556
-1.8055029252004497
-1.806394905740724
-1.8072977204343506
-1.808210907764939
-1.809133946404162
-1.810066357859714
-1.811007641508327
-1.8119572593633728
-1.8129147459920243
-1.8138795478911234
-1.814851183411929
-1.8158291101809514
-1.8168128196209326
-1.8178017928791779
-1.8187954886718334
-1.819793387451544
-1.820794927462787
-1.8217996157666096
-1.8228068878077366
-1.823816207369209
-1.8248270332785013
-1.825838809537783
-1.8268509949601879
-1.8278630460359564
-1.828874402794869
-1.8298845088005895
-1.8308928220342233
-1.8318987556661777
-1.8329017854360543
-1.8339013213933666
-1.834896815985841
-1.835887701053229
-1.8368734159986517
-1.8378533809609932
-1.838827045803942
-1.839793819290824
-1.8407531585237857
-1.8417044527050823
-1.8426471664105262
-1.8435807174716996
-1.8445045224292194
-1.8454180259085362
-1.8463206305394215
-1.8472117792685323
-1.848090883203888
-1.8489573766490048
-1.8498106882451584
-1.8506502373057558
-1.8514754516884686
-1.8522857352103126
-1.8530805579800673
-1.8538592993814418
-1.8546214280655164
-1.8553663355767585
-1.8560934629816161
-1.85680225122223
-1.8574921078310291
-1.858162462443505
-1.8588127800537866
-1.8594424570157349
-1.860050945356141
-1.8606376769457251
-1.861202085166027
-1.8617435939427394
-1.8622616843713529
-1.8627557571100215
-1.8632252834616627
-1.8636696866099767
-1.8640884261082884
-1.864480951012118
-1.8648467049322126
-1.8651851409319902
-1.8654957397494947
-1.8657779244949841
-1.8660311803295881
-1.8662549522540481
-1.866448727388259
-1.8666119659228353
-1.8667441384289734
-1.8668447045097094
-1.8669131812374289
-1.8669490096041523
-1.8669516977978824
-1.8669207196118143
-1.8668555806937954
-1.8667557632689609
-1.8666207729677127
-1.8664500977121135
-1.8662432642816305
-1.8659997632378946
-1.8657191220760028
-1.8654008507656477
-1.8650444635768206
-1.864649495279129
-1.8642154735654228
-1.8637419397374186
-1.86322840650995
-1.8626744411591636
-1.8620795859325034
-1.861443378130814
-1.8607653757428475
-1.8600451761540473
-1.8592822938912912
-1.8584763341255799
-1.8576268514638212
-1.8567334341189148
-1.855795669962529
-1.8548131407623185
-1.8537854602139723
-1.852712193436511
-1.8515929814205365
-1.8504274136459493
-1.8492151238117813
-1.8479557249406748
-1.8466488361389466
-1.8452941104505787
-1.843891175572735
-1.8424396537909182
-1.8409392420769013
-1.8393895594145415
-1.8377902782783446
-1.8361410682339334
-1.8344415983033986
-1.8326915481655697
-1.8308906206680386
-1.8290384570966227
-1.82713482571469
-1.8251793778510723
-1.8231718319302632
-1.8211119150367179
-1.8189993539601834
-1.8168338652812936
-1.8146151803000095
-1.812343050938914
-1.8100172125401333
-1.807637435965563
-1.8052034806913102
-1.8027150835845316
-1.8001720579322849
-1.7975741491111619
-1.7949211705885186
-1.792212894689883
-1.7894491435631006
-1.7866296988271344
-1.7837543934428557
-1.7808230230504207
-1.7778354341971458
-1.7747914622013363
-1.7716909297618924
-1.7685336741353401
-1.7653195906820218
-1.7620484948881259
-1.7587202791950471
-1.7553348086329699
-1.7518919610608699
-1.7483916267431354
-1.7448336968771543
-1.741218067042009
-1.737544649706006
-1.7338133446642927
-1.7300240979387438
-1.726176820252992
-1.7222714413616056
-1.7183079104891803
-1.7142861823368627
-1.7102061853160382
-1.706067893063665
-1.7018712858277107
-1.6976163262645347
-1.693302985425756
-1.6889312556225513
-1.6845011461296444
-1.6800126533911488
-1.6754657659054009
-1.670860520814956
-1.6661969121934297
-1.6614749860111497
-1.6566947715428897
-1.6518563082021587
-1.6469596490333926
-1.642004826005821
-1.6369919173116407
-1.6319209865702444
-1.6267921024935525
-1.6216053444161398
-1.6163607799008588
-1.6110585288725725
-1.6056986731361518
-1.600281315005736
-1.5948065637934568
-1.5892745479938768
-1.5836853514971823
-1.5780391501908924
-1.5723360486355202
-1.5665761884830325
-1.5607597246802096
-1.5548867946464693
-1.5489575738641816
-1.542972206190738
-1.5369308764869696
-1.530833738214932
-1.5246810013504553
-1.5184728123113216
-1.5122094071777255
-1.5058909463612544
-1.4995176299429032
-1.4930896925459565
-1.4866073341075752
-1.4800707625018665
-1.4734802108678036
-1.4668358927974008
-1.4601380770579797
-1.4533869511924493
-1.4465828029287116
-1.4397258532784056
-1.4328163722672953
-1.4258545875437232
-1.4188407995659158
-1.411775256086605
-1.4046582318419782
-1.3974899890718193
-1.3902708389814065
-1.3830010230609706
-1.3756808763921344
-1.3683106622586672
-1.3608907026642827
-1.353421278496567
-1.3459026960124214
-1.3383352793559582
-1.3307193300340556
-1.3230551743950942
-1.31534313093591
-1.3075835298920733
-1.2997766906293582
-1.291922942443596
-1.2840226429842427
-1.2760761260355724
-1.2680837165381726
-1.2600457805482441
-1.2519626570741778
-1.2438347196745114
-1.2356622837039677
-1.2274457495569273
-1.2191854479559576
-1.2108817741445008
-1.202535077210786
-1.1941457317739188
-1.1857141116579168
-1.1772405845577887
-1.1687255612574758
-1.1601693806774709
-1.15157245885512
-1.1429351561524448
-1.1342578866185433
-1.1255410361049076
-1.1167849693557017
-1.1079901136088837
-1.0991568503908014
-1.0902855821303412
-1.0813767082745427
-1.0724306376189663
-1.063447772792112
-1.054428516245481
-1.045373278793313
-1.0362824641463457
-1.027156476521659
-1.0179957497523726
-1.008800677314448
-0.9995716815113183
-0.9903091906250399
-0.9810136012128698
-0.9716853365577708
-0.9623248293780613
-0.9529324881212415
-0.9435087194664958
-0.9340539642374733
-0.9245686555785482
-0.9150531949937167
-0.9055080100929418
-0.8959335349972735
-0.8863301868509417
-0.8766983826202587
-0.8670385752486527
-0.8573511532040639
-0.8476365840957492
-0.83789526182063
-0.8281276369293792
-0.8183341097268333
-0.8085151180274222
-0.7986711037232992
-0.7888024856641295
-0.7789096744222337
-0.7689931143143934
-0.7590532313459513
-0.7490904405643072
-0.7391051736898061
-0.7290978677398782
-0.7190689280888947
-0.7090187815077333
-0.698947868161836
-0.6888565853966712
-0.6787453900715358
-0.6686146725492854
-0.6584648804670893
-0.648296408141202
-0.6381096955303436
-0.6279051499960201
-0.6176831901658607
-0.6074442515048816
-0.5971887239235026
-0.5869170537009827
-0.5766296171151172
-0.5663268483360363
-0.5560091640676892
-0.5456769708990268
-0.5353306831427004
-0.524970691477491
-0.5145974104286499
-0.5042112522077428
-0.49381264303618233
-0.48340194735844505
-0.47297958036185583
-0.46254595269052234
-0.45210144487934134
-0.44164647503451826
-0.431181441104515
-0.4207067147799098
-0.4102227130256905
-0.3997298093040831
-0.38922840750681537
-0.37871889693109423
-0.3682016452533776
-0.357677072083179
-0.34714552629456347
-0.3366074047862705
-0.326063089570147
-0.3155129646263098
-0.3049574121071272
-0.29439678517819456
-0.2838314704336196
-0.2732618451697494
-0.2626882622592653
-0.25211112472363667
-0.24153075720113962
-0.23094755084805701
-0.2203618673974065
-0.20977406206035792
-0.1991844949991262
-0.18859352086600212
-0.17800150399089465
-0.1674088033167075
-0.1568157636257587
-0.1462227359258087
-0.13563006090602758
-0.12503810281100108
-0.11444719984302251
-0.10385768117169085
-0.09326992212789616
-0.08268423959545744
-0.07210096880571888
-0.06152045290565576
-0.0509430324126622
-0.04036902450138426
-0.02979878538922717
-0.019232610012927948
-0.008670851498668591
0.00188615567401072
0.012438116038323033
0.022984674097101313
0.03352554746593366
0.04406038884205637
0.05458888639109239
0.06511073416180016
0.07562561297859356
0.08613319843001126
0.09663319092726558
0.10712528591356581
0.11760916988041968
0.12808452417680624
0.138551072269485
0.14900847371481193
0.1594564752171972
0.1698947338928184
0.18032298306107536
0.1907408948585984
0.201148201601618
0.21154459464544118
0.2219297806534143
0.23230347855412695
0.24266539106561794
0.2530152283322135
0.2633527118748393
0.27367755940800637
0.2839894485117734
0.29428813859418795
0.3045733451757906
0.3148447528482944
0.3251021221891771
0.33534517042005557
0.3455735893438215
0.3557871260145719
0.3659854954328987
0.37616844268159766
0.38633567107604316
0.39648692307112776
0.40662192874053094
0.4167404228221049
0.4268421051881098
0.4369267421146353
0.44699405850033713
0.45704377111315125
0.4670756484231516
0.477089401553345
0.4870847714824624
0.49706149609064243
0.50701931232258
0.5169579607597765
0.5268771870932628
0.5367767251328196
0.5466563087622529
0.5565156995199966
0.5663546191328814
0.5761728226872059
0.585970036431073
0.5957460281024891
0.6055005351286028
0.6152332993471784
0.6249440606700611
0.6346325748655294
0.6442985764274951
0.6539418274618406
0.6635620719725293
0.6731590484944109
0.6827325141327373
0.6922822160120088
0.7018078960661168
0.7113093125204094
0.7207861996500288
0.7302383306480875
0.7396654323915016
0.7490672652177977
0.7584435878762137
0.7677941312704692
0.7771186661230892
0.7864169285623691
0.7956886771337557
0.8049336569862079
0.8141516298589987
0.8233423456577029
0.8325055376011059
0.8416409698793361
0.8507484020912947
0.8598275866463779
0.8688782540141955
0.8779001667198365
0.8868930817182336
0.8958567611713373
0.9047909249584722
0.9136953501920142
0.9225697861473665
0.9314139703164422
0.9402276701620472
0.9490106305489595
0.9577625916494847
0.9664833293799635
0.975172571225272
0.9838300843138936
0.9924556180848355
1.0010489189085345
1.009609745078638
1.0181378304708277
1.0266329412227233
1.0350948254511745
1.0435232295275017
1.0519179166841701
1.0602786207018464
1.068605112925135
1.076897118785176
1.0851543967879114
1.0933767129877017
1.101563795329883
1.1097154153406654
1.1178313068049845
1.1259112329165293
1.1339549236551434
1.1419621534787432
1.1499326582102127
1.1578661868821474
1.1657624969374976
1.1736213304313572
1.181442454755436
1.1892255990829195
1.1969705185809816
1.204676978846917
1.212344722497417
1.219973494196161
1.2275630329263538
1.235113121236398
1.2426234900589501
1.250093884690253
1.2575240745812928
1.264913794254888
1.272262808239032
1.2795708665024146
1.2868377109222104
1.2940631073409683
1.3012468108382103
1.3083885573130507
1.3154881031339118
1.32254521708718
1.3295596476946718
1.3365311447400436
1.343459472150498
1.3503443770632386
1.3571856175917922
1.3639829517180353
1.3707361419747115
1.3774449382816698
1.3841091001061363
1.3907283990835426
1.397302570463218
1.4038313988363726
1.4103146420238228
1.4167520525379094
1.4231433980180248
1.4294884510591772
1.4357869581336091
1.4420386938383174
1.4482434283043821
1.454400930610552
1.4605109632113418
1.4665732954502366
1.4725877028273746
1.4785539592816244
1.4844718327527981
1.4903411008303091
1.4961615280063933
1.501932913946155
1.5076550206836197
1.5133276266885145
1.518950509710643
1.5245234678824702
1.5300462716479397
1.5355187125562777
1.5409405780383025
1.5463116517456565
1.5516317249016363
1.556900578028482
1.562118044727973
1.5672838781896148
1.572397884005927
1.5774598679147498
1.5824696331124066
1.587426974453955
1.5923316969202286
1.5971836124482528
1.601982534790606
1.6067282576050517
1.6114205866132045
1.616059380405478
1.6206443997426763
1.6251755165898212
1.629652519867304
1.6340752364119808
1.6384434978317104
1.6427571262176783
1.6470159722907027
1.6512198486030947
1.6553685867130206
1.659462049830745
1.6635000496785826
1.6674824621799202
1.6714091161501072
1.6752798513715357
1.6790945357106504
1.6828530281001988
1.6865551645366137
1.6902008166499443
1.693789853408433
1.69732213896581
1.7007975344801185
1.7042159223711844
1.7075771748986004
1.7108811586943242
1.7141277740444516
1.7173168910867767
1.7204484133856346
1.7235222237056138
1.7265382156200175
1.7294962797118567
1.7323963287453352
1.735238270462023
1.7380220037136218
1.7407474479746516
1.7434145061698312
1.746023113759341
1.7485731757918388
1.7510646356693262
1.7534974031624286
1.7558714299967957
1.7581866424559396
1.760442981185875
1.762640398343074
1.7647788393320538
1.766858245021223
1.7688785911673126
1.7708398178952203
1.7727418980968834
1.774584803796036
1.776368494354144
1.7780929611626248
1.7797581711857844
1.7813641155920459
1.782910772905724
1.7843981491993754
1.7858262155187636
1.787195001740725
1.7885044888704154
1.789754687365368
1.7909456368065975
1.7920773195830655
1.7931497700828012
1.794163013839352
1.795117075713946
1.7960120008248295
1.7968478127112475
1.797624565490383
1.7983422896253307
1.7990010595068562
1.799600912413479
1.800141899149785
1.800624119048828
1.8010475983295393
1.8014124411189496
1.8017187130663292
1.8019664939644149
1.8021558591517954
1.8022869243872794
1.8023597621593272
1.8023744783932445
1.8023311847875298
1.8022299857418067
1.8020709762963354
1.8018543020468216
1.8015800612977229
1.801248393911682
1.8008594146374182
1.8004132733817229
1.7999101003110165
1.7993500479657232
1.7987332617121248
1.7980598811780866
1.7973300691040983
1.7965440021021446
1.7957018268115406
1.794803723276899
1.7938498631327708
1.7928404254229942
1.7917755885192115
1.7906555502863886
1.789480489871918
1.7882506198692933
1.786966128631012
1.7856272187936344
1.7842341156912866
1.7827870115763405
1.7812861444162225
1.7797317268767725
1.7781239797317259
1.7764631391715076
1.7747494426920498
1.7729831270375975
1.7711644402414246
1.7692936276527587
1.7673709254318635
1.7653966058087758
1.7633709400206259
1.7612941579615748
1.7591665528891822
1.7569883997498519
1.7547599529008922
1.752481503288204
1.7501533319247937
1.7477757411715682
1.7453490084618586
1.7428734313860699
1.740349317704122
1.7377769460608448
1.7351566499316236
1.7324887312976223
1.729773509274907
1.727011286654251
1.7242023938459068
1.721347164543436
1.7184459144912867
1.7154989807888532
1.7125067032468477
1.7094694088426836
1.706387465434575
1.703261193877849
1.7000909523258456
1.6968770912651452
1.693619969881123
1.6903199582090775
1.686977401904173
1.6835926698213612
1.6801661386532092
