1025
0.4337903196330561
0.4400722097916829
0.44637139165774015
0.4526876689653307
0.4590208532599166
0.4653707453760945
0.4717371542313119
0.4781198894391755
0.48451876204510635
0.49093356961996004
0.49736413519179995
0.5038102633849078
0.5102717715758083
0.5167484711773015
0.5232401710895515
0.5297466992040658
0.5362678553629168
0.5428034710326598
0.549353354631552
0.5559173296261927
0.5624952177521257
0.5690868400130927
0.5756920163057542
0.5823105720363043
0.5889423345172504
0.5955871290016523
0.6022447787580562
0.6089151148385776
0.6155979682278542
0.622293167182224
0.6290005464364643
0.6357199413793079
0.642451184834696
0.6491941040131188
0.6559485477408605
0.6627143539887344
0.6694913593599818
0.6762794068356325
0.6830783307232786
0.6898879864852699
0.6967082246185625
0.7035388726139262
0.7103797964747581
0.717230831356173
0.7240918395492196
0.7309626787556646
0.7378431841032038
0.7447332337184672
0.7516326642672488
0.7585413421839834
0.7654591351935842
0.772385903686142
0.7793215044880676
0.7862658078385626
0.7932186695490191
0.8001799752941965
0.8071495812672399
0.8141273632423585
0.8211132035968313
0.8281069611323689
0.835108526083859
0.8421177646131542
0.849134562689229
0.8561587991689019
0.8631903622415704
0.8702291368025348
0.8772750044924569
0.8843278563148828
0.8913875779199052
0.898454069904603
0.9055272196737153
0.9126069160946804
0.919693067136091
0.926785566163798
0.9338843188358801
0.9409892170368053
0.9481001754120917
0.9552170898610657
0.9623398765706731
0.9694684340651288
0.9766026786839519
0.9837425274618385
0.9908878942736624
0.9980386897892132
1.00519483052474
1.0123562447108143
1.0195228418574545
1.0266945600339767
1.0338713101154733
1.0410530224070125
1.04823963016433
1.0554310572809666
1.0626272449795764
1.0698281061012782
1.0770336036273214
1.0842436568133906
1.0914582029209907
1.0986772000153977
1.1059005635388572
1.1131282612924869
1.1203602252950469
1.1275964004124068
1.1348367481673123
1.1420812064795502
1.149329727190796
1.1565822789378917
1.1638388021135935
1.1710992503047044
1.1783635926318403
1.1856317859502672
1.1929037921282606
1.2001795739999555
1.2074590845443378
1.2147423050288118
1.2220291988804644
1.2293197351730203
1.2366138744787425
1.2439115941205647
1.2512128690737097
1.2585176777715963
1.2658259850258333
1.2731377802253483
1.2804530269291576
1.2877717199403977
1.2950938287862237
1.3024193368238326
1.3097482376455234
1.3170804975286865
1.3244161248268178
1.3317550901968611
1.3390973668949808
1.3464429785700551
1.3537919025859237
1.3611441252347243
1.3684996294515583
1.3758584211346228
1.383220492881063
1.390585834594245
1.397954440717592
1.4053263183969429
1.412701453594561
1.4200798432249946
1.4274614945353667
1.434846401320923
1.4422345719239622
1.4496259855445015
1.4570206626449933
1.4644186081835984
1.4718198143883798
1.4792242805633329
1.4866320123303793
1.4940430201443655
1.501457292773358
1.508874860587467
1.5162957118374103
1.523719843079683
1.5311472663318941
1.5385779854834738
1.5460120175019354
1.5534493571026207
1.5608900180402097
1.5683339827209988
1.5757812757130405
1.5832318928542581
1.5906858518510223
1.5981431521548644
1.6056037877096736
1.6130677789016752
1.620535109446433
1.6280058029704272
1.6354798513580626
1.642957254483011
1.650438029634614
1.6579221628604972
1.66540966689606
1.6729005241212807
1.6803947476008099
1.6878923419308318
1.6953932910731353
1.7028976059390983
1.7104052635625808
1.7179162762475162
1.7254306311759997
1.7329483309218685
1.7404693486553424
1.7479936818065838
1.7555213418905586
1.7630522879915531
1.7705865229544693
1.778124036803179
1.785664803876146
1.7932088000137931
1.8007560210756952
1.808306449761351
1.815860061734856
1.8234168226925014
1.8309767243484523
1.8385397306993414
1.8461058088428635
1.8536749382382258
1.8612470877715293
1.8688222114762891
1.8764002842157508
1.8839812689028597
1.8915651166497913
1.899151800938413
1.9067412672315
1.9143334662642508
1.921928352285986
1.9295258782834486
1.9371259897470525
1.944728627163496
1.95233374372593
1.9599412642093812
1.9675511362541633
1.9751632898038347
1.9827776547730627
1.9903941715823656
1.9980127470014681
2.0056333252702165
2.0132558206575286
2.0208801500275695
2.028506224572015
2.0361339655405875
2.0437632807238924
2.05139407510778
2.0590262435358224
2.0666597011569157
2.0742943406898924
2.081930051913437
2.0895667300646426
2.0972042665618202
2.1048425452711896
2.1124814423493987
2.120120842463892
2.127760610270846
2.1354006280003968
2.1430407606669792
2.150680883529814
2.1583208384917176
2.165960494578329
2.1735997106509206
2.1812383242087034
2.1888761968363872
2.1965131627281624
2.204149070911784
2.2117837443186126
2.2194170371530486
2.2270487592325843
2.234678744379065
2.242306809839796
2.24993278248829
2.2575564842969613
2.265177698144671
2.2727962546646694
2.2804119413825217
2.28802457763556
2.2956339483651704
2.3032398373029386
2.3108420409961123
2.318440348109841
2.326034525573179
2.3336243630979383
2.341209629594423
2.3487900849559704
2.3563655061106696
2.363935650526512
2.371500271548411
2.379059134916092
2.386611968031467
2.3941585327872397
2.40169856220054
2.4092318134955115
2.416757986306976
2.424276841474208
2.431788089645321
2.439291455865571
2.4467866651678047
2.4542734244158826
2.4617514393775854
2.469220435913859
2.4766800958379123
2.484130139206291
2.491570246170392
2.4990001087538425
2.5064194268886038
2.5138278769060145
2.5212251458698245
2.5286109050954764
2.5359848281216353
2.5433465829199973
2.550695850113095
2.5580322694798694
2.565355520998588
2.5726652545402993
2.5799611107981417
2.5872427526586366
2.5945098259748156
2.601761968243908
2.608998824777108
2.6162200171395726
2.623425187056026
2.630613957420763
2.637785966864183
2.644940822574149
2.652078161824102
2.659197581638325
2.6662987073073166
2.673381151737375
2.6804445153907275
2.6874884141032895
2.6945124340469215
2.7015161871904136
2.70849925634975
2.71546125382697
2.722401755187328
2.729320354379686
2.736216653461139
2.7430902004365314
2.749940612035334
2.756767443811586
2.763570285581687
2.770348701903281
2.7771022785219226
2.783830581809157
2.790533160373727
2.7972096108773177
2.803859468175305
2.810482316684895
2.8170777057218532
2.8236451910803892
2.830184345600171
2.8366947163276097
2.8431758601498545
2.8496273110644217
2.8560486474743203
2.8624394033288683
2.868799134617008
2.87512738646648
2.881423695577608
2.8876876199615165
2.893918704339889
2.9001164825483117
2.9062805044504527
2.9124103098477097
2.9185054380757522
2.9245654377073462
2.930589839812103
2.9365781892420677
2.9425300235525147
2.948444887822906
2.9543223173216884
2.9601618452354357
2.965963014304742
2.971725371879264
2.9774484410412305
2.9831317719359816
2.9887749064481364
2.994377375843924
2.999938730198
3.0054584978981644
3.010936234838603
3.016371466069821
3.021763752676069
3.027112632204553
3.0324176472468243
3.0376783459090593
3.042894261362349
3.0480649753009104
3.0531899944784326
3.058268908659249
3.0633012431557716
3.0682865612234953
3.073224424301374
3.078114376906209
3.082955977048567
3.0877488052615565
3.0924924025379665
3.0971863453823687
3.1018301969908624
3.1064235171562844
3.110965878785963
3.115456878403997
3.119896064959621
3.124283035016285
3.1286173531051467
3.132898603838704
3.137126389345016
3.1413002768602407
3.1454198676280773
3.1494847666716526
3.1534945523956734
3.157448839006128
3.161347215538668
3.1651893079877795
3.1689747161213924
3.1727030571015655
3.176373929707778
3.1799869883767835
3.18354182741824
3.187038085369076
3.1904753877166874
3.1938533850943553
3.197171701543474
3.200429987128101
3.203627881095315
3.206765049651472
3.209841122438323
3.212855782515035
3.215808684520666
3.2186994876089132
3.2215278780509733
3.2242935187202244
3.2269961083085583
3.229635309420743
3.232210822655698
3.234722351175426
3.2371695776826983
3.2395522113845505
3.2418699761570307
3.2441225639652918
3.2463097047017264
3.248431113763093
3.2504865246348387
3.2524756719287664
3.254398290020471
3.2562541315107523
3.25804292039671
3.2597644362625946
3.2614184216554682
3.2630046556781767
3.2645228939957303
3.265972908702693
3.2673544968152903
3.2686674367625783
3.269911502121065
3.271086517381207
3.2721922603033433
3.2732285535423777
3.2741952021117244
3.2750920256165292
3.2759188465526425
3.276675506852014
3.277361805892105
3.2779776309027993
3.278522805058363
3.2789971710745105
3.2794005991203434
3.279732958478197
3.27999410802412
3.2801839128974586
3.2803022806983484
3.280349068627249
3.2803241928821745
3.2802275425694485
3.2800590086251433
3.2798185204137464
3.2795059768198267
3.2791213087858493
3.278664437539367
3.2781353055944566
3.277533832922632
3.2768599796111335
3.2761136861352598
3.2752949096458845
3.2744036179340266
3.2734397586650563
3.2724033179984127
3.2712942854853124
3.270112619686299
3.2688583318197257
3.267531406458211
3.266131846378805
3.264659648886983
3.2631148465321798
3.2614974375544925
3.259807455325148
3.2580449164876173
3.2562098711817367
3.2543023523547867
3.2523223931761107
3.2502700636590625
3.2481454131210197
3.2459484837725756
3.243679371687939
3.2413381276921296
3.2389248341926833
3.236439571864357
3.2338824296716013
3.2312534996002467
3.228552885216366
3.2257806771191166
3.22293699551597
3.220021935498934
3.2170356276730656
3.213978183888053
3.2108497492817154
3.2076504350691075
3.2043803875853443
3.2010397476440153
3.197628661993289
3.1941472781651505
3.1905957511456178
3.1869742267192036
3.183282899810363
3.179521916035473
3.1756914488018
3.1717916815917913
3.16782279973363
3.1637849599653425
3.159678390357028
3.155503261180711
3.151259766120287
3.1469481183321535
3.142568519010222
3.1381211775314717
3.133606303657165
3.1290241135445727
3.1243748245151166
3.1196586722418926
3.1148758685701594
3.110026654546325
3.1051112546711583
3.1001299009949936
3.0950828545509608
3.089970343336966
3.0847926137743276
3.079549921288286
3.0742425027141835
3.0688706494716427
3.0634345720761336
3.057934569419999
3.0523708902162867
3.046743796238891
3.041053554996
3.035300455467857
3.0294847558910507
3.023606740162007
3.01766667607573
3.011664858811637
3.0056015587669016
2.999477070155827
2.993291670642415
2.9870456712671785
2.980739336989784
2.974372968550463
2.9679468657120536
2.9614613200754185
2.9549166305485333
2.9483131039772354
2.941651034663788
2.934930728327645
2.9281524784011106
2.9213166065731127
2.9144234144185224
2.907473206638991
2.9004662900224667
2.8934029780713666
2.8862835955097688
2.8791084262409212
2.8718778079118823
2.86459202968788
2.8572514411028087
2.849856333619125
2.842407026622025
2.8349038381543816
2.8273470831247156
2.8197370932229466
2.812074173760008
2.8043586453772567
2.796590823276107
2.7887710356795474
2.780899602366736
2.772976827028621
2.765003054532417
2.7569785894473076
2.748903750160975
2.7407788576725567
2.7326042451295156
2.7243802213013106
2.7161071040963995
2.70778522475624
2.699414887469087
2.690996416713994
2.682530134581367
2.6740163591573354
2.6654553988208547
2.656847596381634
2.6481932417362484
2.6394926606995353
2.630746176162971
2.621954098882519
2.613116728795954
2.6042343990441394
2.59530742202511
2.586336103136402
2.577320756852248
2.5682616949624206
2.559159225815893
2.550013655861203
2.5408253039760895
2.531594461987991
2.522321459687936
2.513006582636351
2.5036501441771026
2.4942524406997566
2.4848137791662808
2.475334467295006
2.4658148074938984
2.4562550849407248
2.446655606841547
2.437016679746625
2.427338583146817
2.417621621315923
2.4078660950565878
2.3980722840794684
2.3882404811861058
2.3783709969241915
2.3684640909891455
2.358520081415958
2.348539229653347
2.3385218472952536
2.3284681976684802
2.3183785768808005
2.308253260748186
2.298092532677546
2.2878966818310444
2.277665978484708
2.267400714538593
2.2571011346413155
2.246767545349521
2.236400218574052
2.2259994098976583
2.215565417813114
2.205098492647634
2.194598905522971
2.1840669375888395
2.1735028602488597
2.162906929792681
2.1522794078936474
2.14162057515732
2.1309306832434225
2.120209998308969
2.109458798847465
2.098677324938252
2.087865844611443
2.077024623126077
2.066153913457793
2.055253978438562
2.0443250682571454
2.033367446651781
2.022381369014706
2.011367082788462
2.0003248508411566
1.989254929110187
1.978157574859498
1.9670330203747959
1.955881537705104
1.944703366864298
1.9334987650608222
1.9222679980294393
1.9110112824889338
1.8997288939190413
1.8884210778670147
1.877088082300357
1.8657301565525908
1.854347537102165
1.8429404916723309
1.831509264611901
1.8200541080535582
1.8085752591655673
1.7970729716097344
1.7855474954944737
1.7739990864225723
1.7624279721876217
1.7508344312946618
1.7392186993239698
1.7275810153194533
1.715921641516134
1.70424083502485
1.692538827125081
1.6808158853540363
1.6690722503243054
1.6573081775137402
1.6455239357742717
1.633719751086444
1.6218959080309974
1.610052632820035
1.5981902013799536
1.5863088584579335
1.5744088646075134
1.5624904695922286
1.550553958294153
1.5385995680822506
1.5266275659898063
1.514638218570654
1.5026317920452272
1.4906085395038489
1.4785687437210275
1.4665126474810977
1.4544405509106455
1.4423526884042468
1.4302493715688807
1.4181308442648057
1.4059973905729748
1.393849290823608
1.381686811391268
1.3695102480555335
1.3573198694274502
1.3451159622698161
1.332898809297176
1.3206687140712683
1.3084259469810848
1.2961707970341036
1.2839035765422688
1.2716245590011217
1.2593340422061716
1.2470323464464572
1.2347197531625191
1.2223965812579038
1.2100631136662894
1.1977196802091699
1.1853665793969095
1.1730041334177477
1.1606326410250045
1.148252442043837
1.135863838261496
1.1234671573816155
1.1110627361160224
1.0986508803332815
1.086231931511493
1.0738062209403065
1.061374090737112
1.0489358723865694
1.036491906452677
1.0240425411482303
1.0115881176803532
0.9991289950651185
0.9866655096979055
0.9741980300364734
0.9617269090649467
0.949252514428041
0.9367752012165612
0.9242953323090001
0.9118132953208866
0.8993294469395371
0.8868441718116329
0.8743578480995249
0.8618708552676553
0.8493835712004691
0.8368963970539629
0.8244097194516914
0.8119239324260885
0.7994394311786358
0.7869566175852939
0.7744759052451176
0.7619976835274923
0.7495223828180463
0.7370503975817603
0.7245821477204079
0.7121180726154858
0.6996585694935292
0.6872040776071855
0.6747550290954114
0.6623118467373458
0.6498749678993462
0.6374448341313541
0.6250218991603924
0.6126065941393626
0.6001993647401953
0.5878006630825143
0.5754109567751221
0.5630306998511186
0.5506603433022008
0.5383003529471183
0.5259512029195431
0.513613365650634
0.5012872998175756
0.48897349387624983
0.4766724255673047
0.4643845707349387
0.4521104320320605
0.4398504690307538
0.4276051991006381
0.41537509916890114
0.40316067256092564
0.39096241961588296
0.378780838688067
0.36661644006341815
0.35446973277413624
0.3423412243301868
0.3302314264071152
0.3181408469630631
0.3060700258207982
0.294019458984401
0.2819896893023381
0.2699812422686628
0.25799463303058806
0.2460304065869523
0.2340890746928179
0.22217119777495725
0.21027729740544127
0.19840792730174603
0.18656361419363604
0.17474490739188467
0.1629523570353152
0.1511865066863248
0.1394479147148109
0.12773711218044131
0.11605468067562645
0.10440115457745677
0.09277709306883639
0.08118306243868063
0.06961961854294062
0.05808733861400997
0.046586754959298246
0.03511845485845161
0.02368300316657684
0.012280952394924683
0.0009128880910634362
-0.0104206279703831
-0.021719026920794995
-0.032981737585756926
-0.044208180705210535
-0.055397797210222574
-0.06654999460805049
-0.07766420932262369
-0.08873986472165118
-0.09977638650582864
-0.1107731970834238
-0.12172972226792995
-0.13264537989440747
-0.14351959664817557
-0.15435179093857063
-0.16514140065141703
-0.17588782721741072
-0.1865905095180579
-0.19724886352226553
-0.20786230990810586
-0.2184302774156581
-0.22895220003314842
-0.2394274851996522
-0.24985556194851416
-0.26023587102449736
-0.2705678192901617
-0.280850842597939
-0.291084372106681
-0.3012678400402883
-0.31140066812413797
-0.3214822925661776
-0.3315121540891199
-0.34148968287944687
-0.351414309106031
-0.3612854784513423
-0.3711026254643682
-0.38086520080880576
-0.39057264003027964
-0.4002243831496364
-0.40981988470577757
-0.41935859998345465
-0.4288399688685586
-0.43826345800196953
-0.44762851353657657
-0.45693460059460267
-0.466181178135016
-0.47536770031489606
-0.48449366325836174
-0.49355851061009437
-0.5025617230151305
-0.511502774553726
-0.5203811490387893
-0.5291963284060784
-0.5379477927581248
-0.5466350392911716
-0.555257562687627
-0.5638148504252295
-0.5723063946709274
-0.5807317249117201
-0.5890903282954938
-0.5973817316221449
-0.6056054399191129
-0.6137609766973178
-0.621847866638865
-0.6298656294726549
-0.6378138183772764
-0.6456919614493456
-0.6534995902231987
-0.6612362691986101
-0.6689015331290235
-0.6764949577135347
-0.6840160971442146
-0.6914645042213915
-0.698839772923099
-0.706141474609487
-0.7133691808805313
-0.7205224834482716
-0.7276009838531083
-0.734604274762976
-0.7415319635342587
-0.7483836602488839
-0.7551589790223866
-0.7618575381079167
-0.7684789736726291
-0.7750229141054749
-0.7814890046396985
-0.7878768917028195
-0.7941862239909498
-0.8004166529094742
-0.8065678537002511
-0.8126395018151258
-0.8186312668314434
-0.8245428418092259
-0.8303739085513917
-0.8361241771021396
-0.8417933396429856
-0.8473811197366742
-0.8528872265820839
-0.8583113966938756
-0.8636533537125923
-0.8689128439350177
-0.8740896156490278
-0.8791834201136898
-0.8841940180936897
-0.8891211887103362
-0.893964693696182
-0.8987243302030059
-0.9033998879426124
-0.907991161379904
-0.9124979669674431
-0.9169201084560498
-0.9212574184717238
-0.9255097164567729
-0.9296768562459171
-0.9337586651958041
-0.9377550186748046
-0.9416657603156109
-0.9454907622019522
-0.9492299260913512
-0.952883108946473
-0.9564502199171885
-0.9599311522923156
-0.9633258248081489
-0.966634160678686
-0.9698560747879496
-0.9729915129584102
-0.9760404100390142
-0.979002730708012
-0.9818784270296671
-0.9846674584381037
-0.9873698308532273
-0.9899854976052308
-0.9925144763406725
-0.9949567594764452
-0.9973123609194465
-0.9995812909871398
-1.00176359890167
-1.0038593013722446
-1.0058684497228474
-1.0077911064820992
-1.009627326418684
-1.0113771728061711
-1.0130407466442592
-1.0146181162455095
-1.0161093869115363
-1.0175146592881368
-1.0188340535314457
-1.0200676854957653
-1.0212156932549525
-1.0222782150155056
-1.023255389055039
-1.0241473800760381
-1.024954360171628
-1.0256764897654083
-1.026313958506905
-1.0268669550038307
-1.0273356757612064
-1.027720332304718
-1.0280211420011223
-1.0282383210036725
-1.0283721167033373
-1.0284227569871438
-1.0283904952346177
-1.028275595141046
-1.0280783113904692
-1.0277989321540453
-1.027437731945278
-1.0269949968791465
-1.0264710315931271
-1.0258661479814595
-1.0251806518158035
-1.0244148794080277
-1.0235691511261682
-1.0226437996803135
-1.0216391884018088
-1.0205556738870385
-1.019393596956577
-1.0181533501489997
-1.0168353063094835
-1.0154398441425863
-1.0139673636350266
-1.0124182613771269
-1.0107929558589859
-1.0090918570732639
-1.0073153935525838
-1.0054639943472614
-1.00353808709459
-1.0015381356988746
-0.9994645847515029
-0.997317896478157
-0.9950985343678522
-0.9928069714381553
-0.9904437063860493
-0.988009203720583
-0.9855039733213208
-0.9829285126038508
-0.9802833258948489
-0.977568943679062
-0.9747858699423863
-0.971934642904708
-0.9690157924757704
-0.966029861129504
-0.9629774052494714
-0.9598589649787732
-0.9566751013374923
-0.953426388491958
