1025
0.446892211542691
0.44855889607364213
0.45024518949116005
0.4519507018264463
0.4536750592999244
0.455417865768937
0.4571787357212681
0.45895727673922304
0.46075310484447873
0.462565797157485
0.46439499196770045
0.4662402590967612
0.4681012204891725
0.46997747448555516
0.47186859281857685
0.47377420560581546
0.47569387543644953
0.47762721576733747
0.4795738005622061
0.48153323186238495
0.48350510089692034
0.4854889860501721
0.48748447698946834
0.48949116446510255
0.4915086324689903
0.49353646925401484
0.4955742471695174
0.49762155424509946
0.4996779740458344
0.5017430952245957
0.5038164887299984
0.5058977478617366
0.5079864475780833
0.5100821579187631
0.5121844704953139
0.5142929796937665
0.5164072422260828
0.5185268589259088
0.5206513846411159
0.5227804202545351
0.5249135622916296
0.5270503468785599
0.529190393734543
0.5313332630099672
0.5334785536104866
0.5356258527548374
0.5377747184338049
0.539924762894972
0.5420755452197598
0.5442266656092672
0.546377711399779
0.5485282747178509
0.5506779349866345
0.552826288274435
0.5549729055882205
0.557117402860686
0.5592593647863029
0.5613983709034572
0.5635340528863885
0.5656659671363417
0.5677937407416365
0.569916943509028
0.5720352004949913
0.5741481002581269
0.5762552523009039
0.5783562697743776
0.5804507489829254
0.5825383021991296
0.5846185310598673
0.5866910651775096
0.58875551025118
0.59081146254851
0.5928585683546468
0.594896435893878
0.5969246965364843
0.5989429579938134
0.6009508568497492
0.6029480084636641
0.6049340677293238
0.6069086328862188
0.6088713592181413
0.6108218879026136
0.6127598595631834
0.6146849004759621
0.6165966630727131
0.6184947941268275
0.6203789302797681
0.6222487563459393
0.6241038891247392
0.6259439972239641
0.6277687503673984
0.6295777900774406
0.6313708054564956
0.6331474276206288
0.6349073761254201
0.6366502857363403
0.6383758305406192
0.6400837215832056
0.6417735937041592
0.643445178571723
0.6450981215561299
0.6467321292675118
0.6483469011884113
0.6499421194950975
0.6515174759390748
0.6530727002237836
0.6546074701514156
0.656121493088317
0.6576144933388246
0.6590861771978437
0.6605362624297232
0.661964470777999
0.6633704992183883
0.6647541043825886
0.6661150059557376
0.6674529414403457
0.6687676190041266
0.6700587943233407
0.6713262098571257
0.6725696084813579
0.673788738393136
0.6749833468816682
0.6761531727842387
0.6772980094548379
0.678417578930722
0.6795116558661213
0.6805800238126845
0.6816224213446574
0.6826386562227367
0.6836284922697357
0.6845916575435703
0.6855280117356095
0.6864373092096243
0.6873193379185931
0.6881738764881944
0.6890007322455004
0.6897997105433066
0.6905706047396621
0.6913132055415224
0.6920273501689049
0.6927128317017801
0.6933694559899978
0.6939970584435977
0.6945954528592935
0.6951644732683863
0.6957039176243763
0.6962136310414075
0.6966934680250864
0.6971432514821452
0.6975628004547172
0.6979519727818475
0.6983106235986383
0.6986385755339553
0.6989357242814831
0.699201894144289
0.6994369361343045
0.6996407237356358
0.6998131121862823
0.6999539994844027
0.7000632286089933
0.7001407005028181
0.7001862325384398
0.7001997481008924
0.700181121718036
0.7001302475153516
0.7000470104661938
0.6999312967635382
0.699782992379083
0.6996020020269097
0.6993882284855897
0.6991415762362915
0.698861937497751
0.6985492431310918
0.6982033841726505
0.6978242925575918
0.6974118605980769
0.696966020164447
0.6964867092974769
0.695973831163421
0.6954273355009295
0.6948471201943673
0.6942331431230648
0.6935853318186891
0.6929036344409983
0.6921879804207897
0.6914383051334904
0.6906545876593344
0.6898367377047896
0.6889847270680863
0.6880985177419401
0.6871780544234188
0.6862232802655034
0.6852341765558438
0.6842107026289559
0.683152839842776
0.6820605283443559
0.6809337540305453
0.6797724916130533
0.6785767003652348
0.6773463760624386
0.6760814988381824
0.6747820251254439
0.6734479610508215
0.6720792987113119
0.6706760069411504
0.6692381013593853
0.6677655556484031
0.6662583647426875
0.6647165286850727
0.6631400563390328
0.6615289376281703
0.6598831712035289
0.6582027854357513
0.6564877676761337
0.6547381347742541
0.6529538925110605
0.6511350538428367
0.6492816436882664
0.6473936519935026
0.6454711377054412
0.6435140984132951
0.641522562397826
0.6394965387620937
0.6374360721354462
0.6353411870037273
0.633211913116566
0.6310482630744808
0.6288502918235573
0.6266180288426122
0.6243515075923234
0.622050756145328
0.6197158358249467
0.6173467805481786
0.6149436201337717
0.6125064069767233
0.6100351775770504
0.6075299983249258
0.6049909031142361
0.6024179684774568
0.5998112069983036
0.597170693013802
0.594496480591094
0.5917886155944743
0.5890471724028747
0.5862721892233487
0.5834637555045017
0.5806218973783455
0.577746712554791
0.5748382412577437
0.5718965539680061
0.5689217104871908
0.5659138030582012
0.5628728965051911
0.5597990384707813
0.5566923188712203
0.5535527961130255
0.5503805722450503
0.5471757168091567
0.5439382624415127
0.5406683471792043
0.5373660208260908
0.5340313589403185
0.5306644587125345
0.5272654006752934
0.5238342542131914
0.5203711168306915
0.5168760777434813
0.5133492123843986
0.5097906388133436
0.5062004012911868
0.5025786201700179
0.4989253713780274
0.49524078390879084
0.491524886812623
0.48777784263174306
0.483999698299035
0.4801905781477234
0.4763505793171853
0.47247978653414185
0.4685783003821383
0.464646250231198
0.46068369183427066
0.45669078710494787
0.4526675788546638
0.448614205057721
0.4445307727352248
0.44041738394903024
0.4362741564699727
0.432101189517005
0.42789858268483266
0.42366646488810306
0.41940495143998174
0.41511413638734806
0.4107941550135825
0.4064451053758916
0.4020671031264957
0.3976602878294443
0.39322476945492674
0.3887606586418214
0.3842680876584576
0.3797471531681641
0.37519800652037194
0.3706207469370662
0.36601553103400253
0.3613824436015506
0.3567216499889503
0.3520332456444665
0.3473173750795019
0.3425741766768252
0.3378037677166958
0.33300630182420754
0.32818187692642825
0.3233306443519491
0.3184527239847788
0.3135482899608021
0.3086174418889659
0.30366033134055537
0.2986771210663935
0.29366789021820694
0.2886328494634838
0.28357209036501635
0.27848579522366634
0.27337407325274127
0.26823709913891525
0.2630750201862316
0.2578879406791059
0.2526760700911724
0.24743950467759496
0.2421784384384724
0.23689299484225534
0.23158334525056412
0.22624965101492006
0.22089205296929632
0.21551072289413076
0.21010578212651734
0.2046774450520121
0.1992258406910783
0.19375113933596724
0.18825350568208843
0.18273309204180171
0.1771900745631742
0.17162462715699264
0.1660369117904996
0.16042709337312366
0.15479536381630643
0.14914185809388694
0.1434667962024005
0.13777031525903483
0.13205261308615107
0.12631386296941197
0.12055425076899301
0.1147739425746483
0.10897313930731495
0.10315200113639375
0.0973107468009657
0.09144951232304425
0.0855685301397543
0.07966797993641814
0.073748040074952
0.0678089239946796
0.06185079744739863
0.055873879173626836
0.0498783445190845
0.043864407520136824
0.03783227200553647
0.031782129227090776
0.025714187578563582
0.019628623882920165
0.013525702409673733
0.007405566743343027
0.001268482028266633
-0.0048853856196038915
-0.011055808479713087
-0.017242555144020618
-0.023445443279750504
-0.029664253180884483
-0.03589872238244713
-0.042148681429793555
-0.04841388234051644
-0.05469410786756674
-0.06098913736673194
-0.06729876218122081
-0.07362270006170832
-0.07996077434714902
-0.08631271954237203
-0.09267832955117505
-0.09905735476207303
-0.10544955620433444
-0.11185471086617353
-0.11827257506402751
-0.12470287890818757
-0.1311454242634833
-0.1375999346069329
-0.14406618848863018
-0.1505439107477216
-0.15703286394369775
-0.16353279651243324
-0.17004347789842328
-0.1765646007570744
-0.18309596240712053
-0.18963727234279448
-0.19618829036700927
-0.20274873445891656
-0.2093183578394263
-0.2158968866787811
-0.22248407237995038
-0.22907961523674203
-0.23568327582273127
-0.2422947594979328
-0.2489138051616011
-0.2555401454107559
-0.26217348757103526
-0.2688135620482023
-0.2754600758093765
-0.2821127773665712
-0.2887713551172966
-0.2954355282821841
-0.3021050302910412
-0.308779567931023
-0.31545880640616986
-0.32214251800557053
-0.328830366305972
-0.3355220842041161
-0.34221736130828617
-0.3489158983520051
-0.3556174086903746
-0.3623215642845336
-0.36902811290054127
-0.37573670044748897
-0.3824470533523187
-0.3891588381965358
-0.39587176302636073
-0.4025855261264237
-0.40929978998482647
-0.4160142565885062
-0.4227286391370538
-0.42944256235954786
-0.43615575489344643
-0.4428678877587219
-0.44957863462172637
-0.4562876801603103
-0.46299470126755043
-0.46969935489850434
-0.47640137530346544
-0.48310034788598016
-0.4897960097427063
-0.49648802199959163
-0.5031760395871223
-0.5098597258271196
-0.5165387603622658
-0.5232128193590785
-0.5298815465104816
-0.5365446278164636
-0.5432016971966934
-0.5498524245523952
-0.5564965037149123
-0.5631335453815561
-0.5697632501387839
-0.5763852430406915
-0.5829992060738493
-0.5896047636801386
-0.5962016055003356
-0.6027893578849075
-0.6093677026052584
-0.6159362667500194
-0.622494698828584
-0.6290426700370576
-0.6355798422324965
-0.6421058087589007
-0.6486202756649126
-0.6551228567124302
-0.6616132091335656
-0.6680909798372905
-0.6745558147747808
-0.6810073573778989
-0.6874452603352874
-0.6938691603125209
-0.7002787203130558
-0.7066735484963675
-0.7130533091523052
-0.7194176538924079
-0.7257662100538966
-0.7320986111778994
-0.7384145353990771
-0.7447136010438391
-0.7509954408972268
-0.7572597076142689
-0.7635060558545647
-0.7697341199934793
-0.7759435241164123
-0.7821339107096414
-0.7883049504495505
-0.7944562511790805
-0.800587490601134
-0.8066982861983403
-0.8127882856054733
-0.8188571297915838
-0.8249044568706858
-0.830929933456936
-0.836933180381125
-0.8429138438251603
-0.8488715712185283
-0.8548060073452984
-0.8607168201750098
-0.8666036150410347
-0.8724660619784788
-0.8783038046947524
-0.8841164965578592
-0.8899037660065678
-0.8956653134753703
-0.901400724805242
-0.9071096889935171
-0.9127918551265342
-0.9184468635893978
-0.9240743855723944
-0.9296740559977138
-0.9352455510546533
-0.9407885089462905
-0.9463026137447136
-0.951787487873039
-0.9572428402496133
-0.9626682739071806
-0.9680635022704621
-0.9734281900737533
-0.9787619664284332
-0.9840645179709194
-0.9893355240559815
-0.9945746446801721
-0.9997815684948442
-1.004955923638481
-1.0100974516958532
-1.0152057725126942
-1.0202805973811289
-1.0253215887705356
-1.0303284658812464
-1.0353008628545974
-1.0402384936953857
-1.0451410408614312
-1.0500082134190936
-1.05483966420445
-1.0596351425136614
-1.0643942887188724
-1.069116839555597
-1.0738024630590735
-1.0784508950343183
-1.083061835933749
-1.0876349761436626
-1.0921700458148025
-1.096666742205355
-1.1011247854884376
-1.105543891422507
-1.1099237884673436
-1.1142642062422727
-1.118564841676985
-1.1228254313904817
-1.1270457285966955
-1.1312254446158854
-1.1353643247715848
-1.1394620869368788
-1.143518520235892
-1.1475333199333106
-1.151506275775372
-1.1554370954582658
-1.1593255588579219
-1.1631714182826263
-1.1669744302834535
-1.1707343724398092
-1.1744509663423877
-1.1781240360861562
-1.1817533122367603
-1.1853386044741756
-1.1888796572880755
-1.1923762581243165
-1.1958282289878035
-1.1992353156367035
-1.2025973289803944
-1.2059140632066563
-1.2091853170283156
-1.2124108824175177
-1.215590568319389
-1.2187241910669828
-1.2218115545654253
-1.2248524860882253
-1.2278468114188332
-1.2307943262428744
-1.2336948831024335
-1.2365483046435723
-1.2393544076704912
-1.2421130575274866
-1.2448240884745443
-1.2474873295346094
-1.2501026470983245
-1.2526699097847749
-1.2551889523025435
-1.2576596223440646
-1.2600818104244706
-1.2624553834619725
-1.2647802019280856
-1.2670561495631443
-1.2692831226161374
-1.271460967004396
-1.2735896228177612
-1.2756689299024184
-1.277698825346951
-1.2796791816209145
-1.2816099358598598
-1.283490986633528
-1.285322226380717
-1.28710358137225
-1.2888349971432895
-1.290516375272766
-1.2921476446776032
-1.2937287572142533
-1.2952596417377857
-1.2967402244985053
-1.2981704807461845
-1.29955035753622
-1.3008797863384989
-1.302158766207828
-1.3033872140461127
-1.3045651366118611
-1.305692477021465
-1.3067692427162132
-1.307795389977664
-1.308770922234067
-1.3096958232296922
-1.3105700667472269
-1.311393684187509
-1.3121666388322077
-1.3128889865277271
-1.3135607106228517
-1.3141818226632562
-1.314752346543457
-1.315272300886801
-1.3157417372083813
-1.3161606808633286
-1.3165291587516623
-1.3168471861611533
-1.3171148587012174
-1.317332211052741
-1.3174992831757528
-1.3176161584689134
-1.3176828766335382
-1.3176994976445167
-1.3176661273008605
-1.317582810056327
-1.3174496482350746
-1.317266712072348
-1.3170340860924798
-1.3167518902414999
-1.316420179705666
-1.3160390965614406
-1.3156087317854377
-1.3151291892388408
-1.3146005807562358
-1.3140230160742243
-1.3133966460332436
-1.3127215815091773
-1.3119979458704154
-1.3112258967594965
-1.3104055271038122
-1.3095370380544187
-1.3086205398400477
-1.3076561867241605
-1.3066441407910783
-1.3055845615644566
-1.3044776178007944
-1.3033234639742197
-1.30212226665302
-1.3008742095065768
-1.299579472422698
-1.2982382487869584
-1.2968507032823149
-1.295417034715048
-1.2939374572379039
-1.2924121268109365
-1.2908412727216119
-1.2892251075445873
-1.287563830315836
-1.2858576457472977
-1.284106792895471
-1.2823114610955255
-1.280471916121106
-1.2785883553373316
-1.2766609971586362
-1.2746901155950123
-1.2726759046019254
-1.2706186572973273
-1.2685185820207692
-1.266375936574069
-1.2641909825714839
-1.261963972549497
-1.2596951494628696
-1.2573847890797805
-1.255033162336231
-1.2526405331617307
-1.2502071553839798
-1.2477333412425133
-1.245219321214826
-1.2426654391304213
-1.2400719237367706
-1.237439105076439
-1.2347672321103969
-1.232056636741071
-1.229307594279232
-1.2265204069971656
-1.2236953894766578
-1.220832836211629
-1.2179330554417462
-1.2149963695943846
-1.2120230974038335
-1.2090135053230129
-1.2059679687431004
-1.20288680539202
-1.1997702985879561
-1.1966188244664615
-1.1934327082226361
-1.190212241953212
-1.1869577911131246
-1.183669679583043
-1.1803482728895553
-1.1769938794457133
-1.1736068645274396
-1.1701875735981848
-1.1667363641233033
-1.163253544546438
-1.1597395139757318
-1.1561946153386469
-1.1526191854067398
-1.1490136277461263
-1.1453782696737758
-1.1417134837105145
-1.138019632545728
-1.1342970863895663
-1.1305462134895004
-1.1267673930250623
-1.1229609906900586
-1.1191273720299773
-1.1152669369349644
-1.1113800393155262
-1.107467073406692
-1.1035283982236788
-1.099564426357828
-1.0955755339974413
-1.091562099870353
-1.08752450792625
-1.0834631542175963
-1.0793784170019
-1.0752707043004122
-1.0711404067862598
-1.066987901743694
-1.0628135976370114
-1.0586178886877
-1.0544011621708962
-1.0501638287708541
-1.0459062667007195
-1.0416289054056909
-1.0373321175618841
-1.033016316720616
-1.0286819176303523
-1.0243292934621062
-1.0199588797653667
-1.0155710585890545
-1.01116624592753
-1.0067448394570635
-1.002307259704846
-0.9978539108058414
-0.9933851758272051
-0.9889014828355666
-0.9844032461821972
-0.9798908767695915
-0.9753647583462296
-0.9708253109485969
-0.9662729550797852
-0.961708108386839
-0.9571311442737833
-0.9525425033127237
-0.9479425955540408
-0.9433318096551541
-0.9387105758279366
-0.934079299852928
-0.9294383723149252
-0.9247882378221632
-0.9201292743331101
-0.91546191377998
-0.9107865615041264
-0.9061036201942628
-0.9014135095101191
-0.8967166148124067
-0.892013364678954
-0.8873041613623405
-0.8825894100376497
-0.8778695315594491
-0.8731449094714343
-0.8684159781029785
-0.8636831108389491
-0.8589467206426914
-0.8542072331365858
-0.8494650209622945
-0.8447205153278113
-0.8399740963561945
-0.8352261826267806
-0.8304771451284456
-0.8257274166964657
-0.8209773773120012
-0.816227421429128
-0.8114779565631115
-0.8067293643431651
-0.801982063850594
-0.7972364194335589
-0.7924928290939992
-0.7877517056564114
-0.7830134257690734
-0.7782783715178762
-0.7735469134821259
-0.7688194809700181
-0.7640964306563073
-0.7593781371122581
-0.7546650084394159
-0.7499574017763802
-0.7452557118738371
-0.7405603119941473
-0.7358715693870593
-0.7311898700874747
-0.7265155939952638
-0.7218490872611687
-0.7171907248275764
-0.7125408911691112
-0.7078999469886627
-0.7032682511137287
-0.6986461754514688
-0.6940340719633731
-0.6894322995604636
-0.6848412203694567
-0.680261195398253
-0.6756925669822281
-0.6711356893337769
-0.6665909267595834
-0.6620585964280045
-0.65753907572937
-0.6530327039913816
-0.6485398090874085
-0.6440607382863683
-0.6395958400652676
-0.635145427128176
-0.6307098458525998
-0.6262894305349663
-0.621884512136595
-0.6174954110470474
-0.613122452624166
-0.6087659648951294
-0.6044262710829973
-0.6001036828050326
-0.5957985202646764
-0.5915110826817054
-0.5872417124292231
-0.582990698640135
-0.5787583440330554
-0.5745449505190134
-0.5703508400881089
-0.5661762971253951
-0.5620216265803584
-0.5578871207794003
-0.5537730708966195
-0.5496797646399016
-0.5456074760720451
-0.5415565418772079
-0.5375271910729698
-0.5335197137357794
-0.5295343980306498
-0.5255715192365369
-0.5216313417828102
-0.5177141353803097
-0.5138201739266328
-0.5099497289004408
-0.5061030395817242
-0.5022803566351218
-0.4984819922322025
-0.49470812958301813
-0.4909590863629952
-0.48723506728711186
-0.48353632577021666
-0.4798631076460958
-0.4762156458686631
-0.47259420840159233
-0.4689989965343493
-0.46543023999789634
-0.46188819793210806
-0.4583730600315464
-0.4548850925411316
-0.45142449069778
-0.4479914628281838
-0.44458624368920174
-0.4412090519519397
-0.43786006960921936
-0.4345395171210756
-0.4312476066946392
-0.4279845351713105
-0.4247504926763357
-0.42154568613763616
-0.41837030417640003
-0.41522452124208387
-0.4121085495674275
-0.409022552926928
-0.4059667332422669
-0.40294125766312716
-0.3999463004417038
-0.3969820242221174
-0.3940486134550891
-0.39114624061318326
-0.38827505536312945
-0.3854352297489436
-0.38262690785079684
-0.37985026453473864
-0.3771054309615843
-0.37439257950865906
-0.37171183105728894
-0.36906335298513865
-0.3664472729970619
-0.3638637298435941
-0.3613128682947973
-0.3587948164157153
-0.35630969029543763
-0.35385764312292933
-0.35143876866336976
-0.3490532071827177
-0.3467010756422143
-0.3443824769272744
-0.3420975421636357
-0.33984636493051223
-0.3376290620365612
-0.3354457251532081
-0.333296473366477
-0.3311813724727591
-0.32910055665875654
-0.3270540877907259
-0.3250420570398332
-0.3230645885992936
-0.32112171951296414
-0.31921354935774227
-0.31734015585844433
-0.3155016091099002
-0.3136979956623207
-0.31192936605177596
-0.31019580305337957
-0.30849734917126526
-0.3068340958492203
-0.30520607798212107
-0.30361333951344843
-0.3020559791325338
-0.3005339922665569
-0.29904746600703247
-0.29759643038350264
-0.29618092303253246
-0.2948009710288857
-0.29345664170089
-0.29214793983376486
-0.29087490292211227
-0.28963757116534344
-0.2884359627532409
-0.28727007780108427
-0.2861399734885565
-0.2850456358148939
-0.28398709560614166
-0.28296434466421205
-0.28197741187635234
-0.28102628937521784
-0.2801109926725309
-0.27923151786121947
-0.27838784668638833
-0.2775799813606074
-0.2768079332489786
-0.27607166593724697
-0.2753711806538827
-0.27470645673557204
-0.27407747487240414
-0.2734842101675959
-0.2729266489756694
-0.27240474833919665
-0.27191850149533175
-0.2714678579248815
-0.2710527815030127
-0.27067325575090356
-0.2703292124441769
-0.2700206346328765
-0.26974746528796606
-0.26950964892438495
-0.26930714241968395
-0.2691398970672993
-0.2690078530344227
-0.26891095835193607
-0.2688491499042739
-0.2688223427615987
-0.2688304955851586
-0.2688735530128346
-0.26895139972953386
-0.2690639951124354
-0.2692112668352907
-0.26939310842321845
-0.26960945301091266
-0.2698602130300291
-0.27014531965137006
-0.2704646679917286
-0.2708181685637577
-0.27120573728387526
-0.2716272462545314
-0.27208263177945746
-0.272571780529775
-0.2730945938940537
-0.27365094733714845
-0.27424074109015817
-0.27486387671044193
-0.2755202210522978
-0.2762096656441347
-0.27693209525087603
-0.2776873725917487
-0.27847540574660457
-0.2792960369879025
-0.2801491464225508
-0.28103460162169625
-0.28195227107978627
-0.28290203246790413
-0.2838837250628177
-0.2848972115007181
-0.28594235995596323
