1025
-0.8636185621751317
-0.8617081097359803
-0.8598162899093105
-0.857943153987242
-0.8560887573313105
-0.85425314200621
-0.8524363510251712
-0.8506384251975592
-0.8488594041651711
-0.8470993071839404
-0.8453581809874623
-0.8436360394800517
-0.8419329150855955
-0.8402488284885126
-0.8385837853760062
-0.8369378164696228
-0.8353109155147513
-0.8337031053140859
-0.8321143782038767
-0.8305447416343732
-0.8289941959642779
-0.8274627328458384
-0.8259503441376813
-0.824457021874862
-0.8229827509139723
-0.8215275182046237
-0.8200912958970104
-0.8186740644247736
-0.817275798851357
-0.8158964707019829
-0.8145360476446312
-0.8131944976758747
-0.8118717807242898
-0.8105678481552094
-0.8092826670850902
-0.8080161948790137
-0.8067683719881948
-0.8055391535970201
-0.8043284740936957
-0.8031362875246748
-0.8019625410888658
-0.8008071456297962
-0.7996700585146789
-0.7985511972492154
-0.7974505010852703
-0.7963678994252659
-0.795303298815539
-0.7942566407691356
-0.7932278258383211
-0.792216776414184
-0.7912234117897685
-0.7902476445280718
-0.7892893757820209
-0.7883485178766347
-0.7874249603025568
-0.7865186240245864
-0.785629398484326
-0.7847571761117521
-0.7839018705629608
-0.7830633511953663
-0.7822415255470804
-0.7814362671605581
-0.7806474702610228
-0.7798750165430898
-0.779118787970388
-0.7783786703618809
-0.7776545326283274
-0.7769462543945541
-0.7762537039382432
-0.7755767627053277
-0.7749152957023488
-0.7742691606255498
-0.7736382382296673
-0.7730223866715282
-0.7724214739049171
-0.771835350251846
-0.7712638848115942
-0.7707069236787472
-0.7701643371808565
-0.7696359635288348
-0.7691216611969345
-0.7686212896946355
-0.7681346937479758
-0.7676617170708925
-0.7672022087003055
-0.7667560151435673
-0.7663229723877405
-0.7659029426161379
-0.7654957461586123
-0.7651012279049697
-0.7647192344775062
-0.7643495938758138
-0.7639921544217351
-0.7636467299669181
-0.7633131842009733
-0.7629913289428563
-0.7626809956532965
-0.7623820373804837
-0.7620942530045819
-0.761817501399257
-0.7615515903842401
-0.7612963510861025
-0.7610516204251877
-0.7608172137223462
-0.7605929557321447
-0.7603786865230525
-0.7601742133124674
-0.7599793577412869
-0.7597939546870174
-0.7596178220731081
-0.7594507823134231
-0.7592926572153145
-0.7591432538195039
-0.7590024083820367
-0.7588699401257236
-0.7587456659099537
-0.7586293955153204
-0.758520953414193
-0.7584201611553565
-0.7583268385849875
-0.758240799577753
-0.7581618673674705
-0.7580898472976056
-0.7580245752835536
-0.7579658529780511
-0.7579135022012984
-0.7578673503527208
-0.7578271985855086
-0.7577928861495612
-0.7577642164493366
-0.757740988824448
-0.7577230591194788
-0.7577102321618511
-0.7577023244686032
-0.7576991427487605
-0.7577005208783453
-0.7577062767931183
-0.7577162270530843
-0.7577301849495157
-0.7577479883412808
-0.7577694450689613
-0.7577943736480311
-0.757822607130503
-0.7578539603413332
-0.7578882674977957
-0.7579253279071746
-0.7579649845428614
-0.7580070669333048
-0.7580513937112131
-0.7580977802152156
-0.7581460627304548
-0.7581960721219861
-0.7582476212122627
-0.7583005689290296
-0.7583547220900321
-0.7584099094164694
-0.7584659698828944
-0.7585227286757517
-0.7585800389997629
-0.7586377190892045
-0.7586956186993481
-0.7587535392354452
-0.758811348437523
-0.7588688729917684
-0.7589259620995443
-0.7589824522674414
-0.7590381803572317
-0.7590929912435811
-0.7591467225844153
-0.7591992302265002
-0.7592503559997632
-0.7592999389621601
-0.7593478452630267
-0.759393907162891
-0.7594379907881847
-0.7594799303918738
-0.7595195876428841
-0.7595568295403496
-0.7595914941965616
-0.7596234555009576
-0.7596525514487489
-0.7596786584845932
-0.7597016329773255
-0.759721345908497
-0.7597376464630836
-0.7597504016319374
-0.759759503501428
-0.7597647902375616
-0.759766148072503
-0.7597634525885967
-0.759756570320592
-0.759745364955108
-0.7597297294103438
-0.7597095398540625
-0.7596846806606374
-0.7596550162318162
-0.7596204451675609
-0.7595808454213187
-0.7595360996961409
-0.7594861033237222
-0.7594307464668945
-0.7593699069549366
-0.7593034873009787
-0.7592313895880081
-0.7591534935193124
-0.7590697159362751
-0.7589799440719449
-0.7588840781648154
-0.758782024745244
-0.7586736923757819
-0.7585589840485425
-0.7584378054946456
-0.7583100795296988
-0.7581757019504598
-0.7580345985731158
-0.7578866792114702
-0.7577318605378267
-0.7575700698602393
-0.757401210475011
-0.7572252309426964
-0.757042040453975
-0.7568515726504786
-0.7566537446213789
-0.7564484988424717
-0.7562357674232132
-0.7560154828185929
-0.7557875695778825
-0.7555519810911908
-0.7553086543078723
-0.755057525389794
-0.7547985417970533
-0.7545316524711616
-0.7542568051533435
-0.7539739433729655
-0.7536830232168001
-0.7533839890445142
-0.7530768091773552
-0.7527614340415264
-0.7524378383741691
-0.7521059583809648
-0.7517657693087997
-0.7514172412741836
-0.751060329534291
-0.7506950156343287
-0.7503212591312477
-0.7499390453724062
-0.7495483348360482
-0.7491491238166927
-0.7487413744104786
-0.7483250716087672
-0.7479001947210318
-0.7474667396811638
-0.7470246980887759
-0.746574034886356
-0.7461147592119743
-0.7456468510253654
-0.7451703229523206
-0.744685166159139
-0.7441913571417944
-0.7436889254788788
-0.7431778622804622
-0.7426581655659515
-0.7421298540435974
-0.7415929331816802
-0.7410474011408725
-0.7404932856710719
-0.7399305965220107
-0.739359345034581
-0.7387795672953448
-0.7381912558865609
-0.7375944499658217
-0.7369891672559046
-0.7363754534882793
-0.7357532980098873
-0.7351227697636022
-0.7344838745947747
-0.733836659698597
-0.7331811608529267
-0.7325174083518365
-0.7318454391700596
-0.7311653143820086
-0.7304770509970246
-0.7297807219657801
-0.7290763485805217
-0.7283639918506599
-0.7276437061904313
-0.7269155399972966
-0.7261795548800943
-0.7254357984126864
-0.7246843297201756
-0.7239252110463672
-0.7231585124041838
-0.722384282932248
-0.7216026030753627
-0.7208135325561903
-0.7200171347026564
-0.7192134961010912
-0.7184026886378162
-0.7175847786380432
-0.7167598532643092
-0.7159279754486214
-0.7150892364139227
-0.7142437134737261
-0.7133915037118392
-0.7125326726402983
-0.7116673301452578
-0.7107955441457222
-0.7099174164442412
-0.7090330466270688
-0.7081425159799379
-0.7072459381398697
-0.7063433942515425
-0.705434987780554
-0.7045208135192158
-0.7036009958300514
-0.7026756205787563
-0.7017447971124374
-0.7008086543514287
-0.6998672604289549
-0.6989207674159033
-0.6979692608842621
-0.6970128757180065
-0.6960517085952688
-0.6950858950146542
-0.6941155550505863
-0.6931407798260724
-0.6921617300365346
-0.691178499571165
-0.6901912336823653
-0.6892000475674939
-0.6882050732547541
-0.68720644890288
-0.6862042988245508
-0.6851987619377211
-0.6841899501777119
-0.6831780296236191
-0.682163120321045
-0.6811453691939747
-0.6801249113050695
-0.6791018810829069
-0.6780764316971177
-0.6770487071533325
-0.676018847569212
-0.6749870011024774
-0.6739533222122879
-0.672917946026923
-0.6718810434506167
-0.6708427459796493
-0.6698032182741356
-0.6687626135007119
-0.6677210893310493
-0.6666788003274396
-0.6656359010011739
-0.6645925501576556
-0.6635489227461899
-0.6625051533231047
-0.6614614250580155
-0.6604179002105611
-0.659374734843208
-0.6583321070809706
-0.6572901667623404
-0.6562490985003563
-0.6552090533395801
-0.6541702174752396
-0.653132759722105
-0.6520968445295295
-0.6510626500277391
-0.6500303339171453
-0.6490001071189067
-0.6479721009761987
-0.6469465292575645
-0.6459235443229208
-0.6449033300545763
-0.6438860788839141
-0.6428719465726019
-0.6418611185845928
-0.6408538012304857
-0.6398501439334808
-0.6388503492713736
-0.6378545908416051
-0.636863050546845
-0.6358759060846784
-0.6348933742000432
-0.6339156072671958
-0.6329428103386213
-0.6319751556926514
-0.6310128347258673
-0.630056044689422
-0.6291049568344669
-0.6281597672293445
-0.6272206774706913
-0.6262878530454238
-0.6253615021895268
-0.6244417991654663
-0.6235289515217514
-0.6226231400695043
-0.6217245600526914
-0.6208333839030564
-0.6199498387594828
-0.6190740806670452
-0.6182063215939337
-0.6173467410297263
-0.6164955478108175
-0.6156529188715554
-0.6148190552620462
-0.6139941365423778
-0.6131783780495373
-0.6123719432104322
-0.6115750485370844
-0.6107878741620055
-0.6100106079293748
-0.6092434574567422
-0.6084865985298499
-0.6077402396873224
-0.6070045535481445
-0.6062797434436241
-0.6055660039572512
-0.6048635113298998
-0.6041724615223331
-0.6034930662024865
-0.6028254851798454
-0.6021699276637797
-0.6015265698771638
-0.6008956089371336
-0.6002772352785914
-0.5996716285485385
-0.5990789928319136
-0.5984994829612836
-0.5979333196893961
-0.5973806665412752
-0.5968417291700816
-0.5963166758270659
-0.5958056886817064
-0.5953089689428451
-0.5948266910351653
-0.5943590185336026
-0.5939061675557856
-0.5934682922221229
-0.5930455812336117
-0.5926382145509521
-0.5922463674238556
-0.5918702192619054
-0.5915099533235012
-0.5911657158162148
-0.5908377261162245
-0.5905261295859352
-0.5902310951047122
-0.5899528063510682
-0.5896914381171735
-0.5894471531104123
-0.5892201056594722
-0.5890104902286468
-0.5888184458151126
-0.5886441650741041
-0.5884877975286152
-0.5883494934220228
-0.5882294374262304
-0.5881277703209947
-0.5880446643526377
-0.587980265579807
-0.587934748264469
-0.5879082439033448
-0.5879009225467765
-0.5879129239439715
-0.5879444080041873
-0.5879955269317925
-0.5880664118109934
-0.5881572116725942
-0.5882680948306251
-0.5883991732693007
-0.5885506097364528
-0.5887225360589275
-0.5889150921633254
-0.5891284067371638
-0.5893626297086606
-0.5896178781782649
-0.5898942948203039
-0.5901919938667802
-0.5905111257049315
-0.5908518058627659
-0.5912141486323089
-0.5915982929060934
-0.592004359684137
-0.5924324430318141
-0.5928826886256305
-0.5933551989058867
-0.5938500890489473
-0.5943674629052179
-0.5949074350348731
-0.5954701182143346
-0.5960556224208563
-0.596664030983352
-0.5972954683356411
-0.5979500089193168
-0.5986277665356258
-0.5993288290975749
-0.6000533003314373
-0.6008012609960712
-0.6015727969288369
-0.6023680043266831
-0.6031869657606815
-0.6040297626592863
-0.604896474066469
-0.6057871620389851
-0.6067019353676563
-0.6076408447433577
-0.608603968075698
-0.6095913702507492
-0.6106031299782448
-0.6116392784316002
-0.6126999201769882
-0.6137850923886574
-0.6148948496216877
-0.6160292590655495
-0.6171883652901818
-0.6183722240734253
-0.6195808761490759
-0.6208143747496312
-0.6220727528339289
-0.6233560681673875
-0.624664338515604
-0.6259976242495108
-0.6273559351077858
-0.628739302052177
-0.6301477757770786
-0.6315813694927505
-0.6330401039443603
-0.6345240041383117
-0.6360330776797516
-0.6375673744386662
-0.6391268597814218
-0.6407115849435392
-0.642321541441262
-0.6439567369409549
-0.6456171632586062
-0.6473028478199981
-0.6490137707742961
-0.6507499346243367
-0.6525113208029866
-0.6542979411286051
-0.656109760221285
-0.6579467845660616
-0.6598089828862662
-0.6616963566923649
-0.6636088572207185
-0.6655464688248549
-0.6675091746500963
-0.6694969300359556
-0.6715097141921725
-0.6735474925637744
-0.6756102222766753
-0.6776978637641503
-0.6798103670881895
-0.6819477051322297
-0.6841098240917862
-0.6862966642883592
-0.6885081767576007
-0.6907443102521948
-0.6930050146328003
-0.6952902052200993
-0.6975998428732516
-0.6999338356387994
-0.7022921489506331
-0.7046746910419023
-0.7070813895680785
-0.7095121722056549
-0.7119669528996188
-0.7144456725069636
-0.7169482220016833
-0.7194745322554457
-0.7220244977898976
-0.7245980451792997
-0.7271950790969433
-0.7298154812608798
-0.7324591839668763
-0.7351260679470342
-0.7378160294352083
-0.7405289626403445
-0.7432647699674085
-0.7460233342394983
-0.7488045362354803
-0.7516082705162392
-0.7544344061990736
-0.7572828252697511
-0.7601534145724733
-0.7630460388775604
-0.7659605675102005
-0.7688968915526021
-0.7718548525521144
-0.7748343246829112
-0.7778351787215861
-0.7808572647210928
-0.7839004320373755
-0.7869645505135274
-0.7900494777663228
-0.7931550540084398
-0.796281127401064
-0.7994275505627141
-0.802594165668955
-0.8057808035623362
-0.808987326020736
-0.812213543192347
-0.815459319195284
-0.818724465922195
-0.8220088254058887
-0.8253122151034875
-0.8286344626775094
-0.8319754047271052
-0.8353348621927845
-0.8387126394586913
-0.8421085651691719
-0.8455224628491711
-0.8489541303619009
-0.8524033867694841
-0.8558700541763682
-0.8593539195933053
-0.8628547923383745
-0.8663724967718417
-0.8699068018647024
-0.8734575405003181
-0.8770244871565713
-0.8806074567438392
-0.884206224917626
-0.8878205974830253
-0.891450354419861
-0.8950952903180406
-0.8987551997434935
-0.9024298558643323
-0.9061190592123303
-0.9098225598290317
-0.9135401639888411
-0.9172716468300853
-0.9210167768795176
-0.9247753427089281
-0.9285471002559792
-0.9323318219542354
-0.9361292897851244
-0.939939282138964
-0.9437615416490515
-0.9475958383811544
-0.951441947773457
-0.955299619067064
-0.9591686175754013
-0.9630487198472072
-0.9669396578944103
-0.9708412028982549
-0.974753106474737
-0.9786751228585296
-0.9826070094407492
-0.986548504984475
-0.9904993736305351
-0.994459354693998
-0.9984281938058182
-1.0024056469047138
-1.006391455617722
-1.0103853709086912
-1.0143871167738818
-1.0183964487434292
-1.0224131037204902
-1.0264368166513098
-1.0304673503424546
-1.034504402950754
-1.038547738189726
-1.0425970862864458
-1.0466521821050598
-1.0507127550385373
-1.0547785309518736
-1.0588492565294534
-1.0629246607265501
-1.0670044731120492
-1.0710884169021366
-1.075176218380625
-1.0792676151103486
-1.0833623351866881
-1.0874600875571372
-1.0915606248037848
-1.0956636591971143
-1.0997689045264276
-1.103876098288297
-1.107984967268316
-1.1120952181530583
-1.1162065923143762
-1.1203187919010489
-1.1244315500994948
-1.1285446025054324
-1.1326576394576147
-1.1367704157386878
-1.1408826166041666
-1.1449939858225182
-1.1491042328573675
-1.1532130782954928
-1.1573202359369559
-1.161425440088869
-1.1655283997898434
-1.1696288313084786
-1.1737264553862479
-1.177821000679358
-1.181912166691699
-1.1859996964267436
-1.1900832720251506
-1.1941626490483561
-1.1982375136984988
-1.2023076196208127
-1.2063726556861052
-1.2104323547591833
-1.2144864352950016
-1.2185346069281844
-1.2225766032210093
-1.2266121340721308
-1.2306409203172217
-1.2346626768304279
-1.2386771522760247
-1.242684039431597
-1.2466830601463859
-1.2506739575307648
-1.254656429538425
-1.2586302001848522
-1.2625950164891526
-1.2665505830281603
-1.270496636064795
-1.2744328803069978
-1.2783590642723885
-1.2822749013486445
-1.2861801245741695
-1.2900744485132982
-1.2939576288365602
-1.2978293692643588
-1.3016894087340947
-1.3055374884926068
-1.309373314826466
-1.3131966394222043
-1.317007189449346
-1.3208047067093598
-1.3245889173987626
-1.328359562000223
-1.3321163778666623
-1.3358590990775507
-1.3395874763019817
-1.3433012339697934
-1.3470001264746612
-1.3506838906323737
-1.3543522808593367
-1.3580050282737859
-1.361641879887353
-1.3652625943520265
-1.3688669118516992
-1.372454587746511
-1.376025373958708
-1.3795790176986666
-1.38311526740564
-1.3866338960630666
-1.3901346503792897
-1.3936172894111643
-1.3970815753552936
-1.400527263921921
-1.4039541326862395
-1.4073619277077687
-1.4107504305950234
-1.4141194004491255
-1.417468599167053
-1.4207978241605115
-1.4241068177702865
-1.427395371538781
-1.43066325909243
-1.433910255434444
-1.437136136400765
-1.4403406852771041
-1.4435237020995935
-1.4466849519279648
-1.449824222841081
-1.4529413023831483
-1.4560359936232656
-1.4591080872385038
-1.462157363221656
-1.4651836209563787
-1.4681866725078159
-1.4711663092477956
-1.474122322817009
-1.4770545356852836
-1.479962744537006
-1.4828467533483332
-1.4857063916226017
-1.4885414428696955
-1.4913517473527824
-1.4941371017814342
-1.4968973334714881
-1.4996322639324982
-1.5023417104506676
-1.5050255091841898
-1.5076834787928388
-1.5103154520921092
-1.5129212578817597
-1.5155007225870563
-1.5180537008875095
-1.5205800085079073
-1.5230795055506186
-1.5255520324966605
-1.5279974208195057
-1.5304155351947613
-1.5328062056193823
-1.5351693020274118
-1.537504664624243
-1.5398121699228051
-1.5420916556089337
-1.5443429909089492
-1.546566044490215
-1.5487606745927152
-1.5509267605204615
-1.5530641532131197
-1.5551727493046592
-1.5572524140373225
-1.559303015210207
-1.5613244444835837
-1.5633165833039482
-1.5652793319549536
-1.567212545266385
-1.5691161350307954
-1.5709899997261023
-1.572834013104492
-1.5746480897943653
-1.5764321239357155
-1.5781860180906526
-1.5799096739855583
-1.5816030053314694
-1.58326590886828
-1.5848983150972753
-1.5865001317193923
-1.5880712719319174
-1.5896116550984711
-1.5911212031809534
-1.5925998408047772
-1.5940474986313735
-1.5954641051961522
-1.596849590479614
-1.5982038802939194
-1.5995269268281298
-1.60081865876395
-1.6020790192797267
-1.6033079602606244
-1.6045054171430386
-1.6056713323675689
-1.6068056754274658
-1.6079083905312541
-1.6089794260867438
-1.6100187558759804
-1.6110263323216625
-1.612002116647307
-1.612946074416397
-1.6138581774856147
-1.6147383932539991
-1.6155866913528971
-1.6164030461160361
-1.6171874388437257
-1.6179398467600343
-1.6186602575853581
-1.6193486387105929
-1.6200049856870584
-1.6206292944316758
-1.6212215511117998
-1.6217817390614266
-1.6223098621107934
-1.622805910548309
-1.6232698915597286
-1.6237017984646407
-1.6241016432570996
-1.624469437684341
-1.6248051588212544
-1.6251088467789063
-1.6253805082766646
-1.625620152165788
-1.6258277946063286
-1.6260034555495535
-1.6261471601294442
-1.6262589211139022
-1.6263387612374587
-1.6263867200087054
-1.6264028310820007
-1.6263870944739884
-1.626339574287598
-1.6262602752990645
-1.6261492562942912
-1.6260065484755268
-1.6258321910002422
-1.6256262340658174
-1.6253886943658622
-1.6251196416065528
-1.6248191230129998
-1.624487171547492
-1.624123858315697
-1.6237292097016902
-1.6233032941507577
-1.6228461751381844
-1.6223578956304103
-1.6218385127199384
-1.6212881014239386
-1.6207067184268873
-1.6200944191599198
-1.6194512752946637
-1.6187773527484484
-1.6180727172275327
-1.6173374410131218
-1.6165716017156093
-1.6157752576356763
-1.614948495251782
-1.614091378375134
-1.6132039882845406
-1.612286405112725
-1.6113387159766719
-1.6103609908210597
-1.609353306852631
-1.608315759637757
-1.6072484237757507
-1.606151394432533
-1.6050247473970327
-1.60386858354831
-1.602682979098637
-1.6014680382980035
-1.6002238392549755
-1.5989504842291542
-1.5976480630858043
-1.596316666392333
-1.5949563940523805
-1.5935673479845511
-1.5921496099395624
-1.5907033019487373
-1.589228502094955
-1.587725319362917
-1.5861938583625177
-1.5846342126208364
-1.583046494275299
-1.5814307990946197
-1.5797872421996255
-1.5781159140759797
-1.5764169418121445
-1.5746904088844584
-1.5729364415674176
-1.5711551480289927
-1.5693466122888033
-1.5675109745450988
-1.5656483312344636
-1.56375879838606
-1.5618424851744703
-1.5598994968387816
-1.557929959163587
-1.5559339754665096
-1.5539116699602757
-1.5518631428611036
-1.5497885186416578
-1.5476879235168792
-1.545561442130173
-1.5434092261269057
-1.5412313665183324
-1.5390279908246913
-1.5367992171249467
-1.5345451704092952
-1.5322659491511774
-1.5299616918515866
-1.527632512427169
-1.5252785198391021
-1.5228998423387197
-1.5204966087293459
-1.5180689172818271
-1.5156169081068582
-1.5131406923128332
-1.5106403997833753
-1.5081161412174104
-1.5055680468184072
-1.502996229201753
-1.5004008143147032
-1.4977819318450027
-1.4951396987952392
-1.4924742274228548
-1.4897856569902022
-1.4870740996699554
-1.4843396815295637
-1.481582528281874
-1.4788027590226083
-1.4760004952845085
-1.4731758705209617
-1.4703289911854682
-1.4674599951004377
-1.4645690034528092
-1.4616561302681994
-1.4587215140920224
-1.4557652647736339
-1.4527875120485676
-1.449788385396001
-1.4467680043836395
-1.4437264868613553
-1.4406639643419246
-1.4375805520256848
-1.4344763797799385
-1.4313515830589694
-1.4282062676113936
-1.4250405521899705
-1.4218545883514024
-1.4186484766289345
-1.4154223433743809
-1.41217632536485
-1.4089105375386097
-1.4056251077143038
-1.4023201511597505
-1.398995798358702
-1.3956521692671802
-1.3922893882718355
-1.388907593302495
-1.3855068875052012
-1.382087403535497
-1.3786492621511117
-1.375192594688769
-1.3717175235793544
-1.3682241577405212
-1.364712641147558
-1.3611830851131066
-1.3576356164949612
-1.354070365852215
-1.3504874380402767
-1.3468869755022599
-1.3432690966613194
-1.3396339249781497
-1.3359815839348081
-1.3323121892861223
-1.3286258772057669
-1.324922770848812
-1.3212029836469596
