1025
1.9920271573092623
1.9925864464041454
1.9931125339479143
1.9936053448769042
1.9940647782794962
1.9944907704861485
1.9948832397136063
1.9952421148144641
1.9955673121178124
1.9958588131212223
1.9961165001737824
1.9963403627333227
1.9965303132579129
1.9966863021353265
1.9968083204938625
1.9968962698261172
1.996950163695387
1.9969699308235274
1.9969555689112028
1.9969070329491223
1.996824295988401
1.996707352749413
1.9965561869477835
1.9963707807838922
1.996151128393731
1.995897223695699
1.9956090874584902
1.9952867177064166
1.994930124480177
1.9945393157389348
1.9941143255049807
1.9936551607900614
1.9931618602055334
1.9926344778844172
1.992073030390116
1.9914775423906868
1.9908480961900012
1.9901847157408095
1.9894874985439492
1.9887564724016957
1.9879916794175518
1.9871932649404633
1.9863612423124293
1.98549573161994
1.984596790129851
1.983664499133957
1.9826990015347685
1.9817003455961897
1.9806686852538251
1.9796041060643086
1.978506717759065
1.9773766354013416
1.9762139995205223
1.9750189287944826
1.973791590663922
1.9725320810130265
1.9712405647851592
1.969917207646409
1.9685621091519028
1.9671754936056696
1.965757476546659
1.9643082758112453
1.9628280280993289
1.961316933219544
1.959775164543179
1.9582029004244066
1.9566003521716424
1.954967712720671
1.9533052002856703
1.9516129941546747
1.9498913229618788
1.9481404362151797
1.9463605105673865
1.9445517930197893
1.9427145000344004
1.9408488974691736
1.9389552058297475
1.9370336947655789
1.9350845772710286
1.933108161880246
1.9311046774381493
1.9290743809831763
1.9270175395180609
1.9249344522230392
1.9228253866007676
1.920690619542446
1.9185304621022443
1.9163451507770626
1.9141350407550082
1.9119004130429
1.9096415531755302
1.9073588018747305
1.9050524306680425
1.9027228182927207
1.9003701987911616
1.8979949593575836
1.8955974293483147
1.8931778855869161
1.8907367411229559
1.888274255617073
1.88579083569559
1.8832868053208836
1.8807624967534178
1.8782182878409992
1.8756545447384658
1.873071578654454
1.8704697971609139
1.867849568174319
1.8652112349196308
1.8625551809151997
1.8598817790622015
1.8571914046531743
1.854484479410716
1.8517613349545796
1.84902237308262
1.8462679738803893
1.8434985711932825
1.8407145316958322
1.837916247807043
1.835104118070161
1.8322785481485677
1.829439938829902
1.826588724276574
1.8237252515111644
1.8208499894494623
1.8179633316341903
1.8150656611414029
1.8121574455804632
1.8092390395184932
1.8063108854434755
1.8033734817152733
1.8004271207068447
1.7974722741591909
1.794509368063556
1.7915388496647908
1.788561118808992
1.785576591046791
1.7825857071239815
1.7795889126718403
1.7765865889448185
1.7735791942657138
1.7705671695614298
1.767550912807201
1.7645308654155298
1.76150743698964
1.7584811089167955
1.7554522773322863
1.7524213397121606
1.7493887484974395
1.7463549625599544
1.7433203858831579
1.7402854282510685
1.7372505614959708
1.7342161347601073
1.7311826241085824
1.7281504691244962
1.7251200701787954
1.7220918620642758
1.7190662158174994
1.7160435937685141
1.7130243707494732
1.7100090563283186
1.7069979945484248
1.7039916131093897
1.700990302511786
1.6979944800860947
1.6950045655457386
1.6920209646087159
1.6890440826939057
1.6860743027433127
1.6831120277987512
1.6801576732228254
1.6772115917759656
1.674274211058848
1.671345886686242
1.6684270483696149
1.6655180525194477
1.6626192532364954
1.6597310644288314
1.6568538203392056
1.6539879469351109
1.6511337653986733
1.6482916544313322
1.6454619536733586
1.6426450456227084
1.6398412893085013
1.6370509753143199
1.6342745186428516
1.6315122211944812
1.6287644058711803
1.6260314269006264
1.6233136369210148
1.6206113243675524
1.6179248123187748
1.6152543959878287
1.6126004314147957
1.609963193073513
1.6073429860464457
1.604740131665631
1.6021548907102723
1.599587549044812
1.5970384318867272
1.5945077786028656
1.591995854052511
1.5895029569151924
1.5870293060613223
1.584575190371896
1.5821408632219918
1.5797265642351621
1.5773325185271583
1.57495897739311
1.5726061785691061
1.5702743074315286
1.5679636180008836
1.5656743061365148
1.5634065886782915
1.5611606670379359
1.5589367165382462
1.5567349745764316
1.5545555566205844
1.5523986751861225
1.550264494583329
1.5481532025364646
1.5460649265567261
1.543999825040328
1.5419580451448882
1.5399397569470783
1.5379450552367742
1.5359740782433133
1.5340269519932481
1.5321038032670506
1.5302047080767707
1.528329778246268
1.5264791305996621
1.5246528384456712
1.522851002674234
1.5210736668299656
1.5193209224315225
1.5175927900997426
1.5158893900326755
1.5142107370882651
1.5125568717734283
1.5109278521284863
1.5093236757296358
1.5077443995147568
1.506189993458454
1.504660524684672
1.5031559350890593
1.5016762650035689
1.5002214916568608
1.4987916108213766
1.4973865593755926
1.4960063087575033
1.494650868810362
1.4933201574410127
1.4920141521399453
1.490732745718139
1.4894758881227723
1.4882435739578523
1.4870356379002247
1.4858520328850473
1.4846926824213134
1.4835574592088845
1.4824462642410652
1.4813590106667212
1.480295557933534
1.4792557784187208
1.478239560453572
1.4772467181297162
1.4762771833306987
1.4753307545919792
1.474407302960633
1.4735066028045893
1.4726285945374797
1.4717729913665976
1.4709396873952894
1.4701284554744343
1.469339097740453
1.4685714385295716
1.4678252726837915
1.4671003377726703
1.466396491302503
1.465713414758546
1.4650509713624498
1.4644088793123058
1.4637868870771888
1.4631847583176085
1.462602222109698
1.4620390353176167
1.4614949469154612
1.460969662458608
1.4604628923496996
1.4599743944972807
1.4595038391778679
1.4590509610426863
1.4586154680067167
1.458197018323912
1.4577953137737594
1.4574100537712082
1.4570408997153126
1.4566875690110066
1.456349686429983
1.4560269547322708
1.4557189825749295
1.455425491119185
1.4551460677726897
1.454880414986766
1.4546281460283224
1.4543888849035498
1.4541622866689685
1.453947944353315
1.4537455402330919
1.45355466112664
1.453374954251331
1.453205966679076
1.453047368185921
1.4528987410466505
1.452759643872933
1.452629779376442
1.452508623241324
1.4523958499361758
1.4522909836033322
1.4521936630993129
1.4521034189684479
1.4520198294397666
1.451942539182803
1.4518710175310157
1.4518049236329122
1.451743749177433
1.4516871033355858
1.451634522321389
1.4515855427286612
1.4515397462289028
1.4514966618585876
1.4514559005954752
1.45141691755489
1.4513793098438932
1.4513426057422174
1.4513063445774688
1.4512700868881125
1.4512333485219175
1.4511956540907127
1.4511565521123166
1.451115576405854
1.4510722299166683
1.4510260940644206
1.4509766278009935
1.4509234152518278
1.450865949379479
1.4508037602591852
1.4507363599578127
1.4506632924785914
1.4505840558171048
1.4504982014824375
1.4504051970635383
1.450304641326583
1.4501959855341031
1.4500787593454159
1.4499525045024215
1.4498167042968424
1.4496709221042967
1.4495146361177471
1.4493474034129226
1.449168710949911
1.4489780753765615
1.4487750305196412
1.448559088396802
1.4483298135167961
1.4480866280790008
1.4478291664197014
1.4475568500602154
1.4472692809813499
1.4469659549573923
1.446646370983114
1.446310106827471
1.4459566880853527
1.4455855724031035
1.4451963720279808
1.4447885758384071
1.4443617290024564
1.4439153778799219
1.4434490835198996
1.442962296607018
1.4424546482028995
1.4419256224955026
1.4413748133480107
1.4408017458725058
1.4402059574706745
1.4395870334048306
1.4389445178800113
1.4382779211727252
1.4375868773611848
1.4368708968799029
1.4361295879625002
1.4353624692667477
1.434569135283205
1.433749158028687
1.4329021554132262
1.4320276153185805
1.4311252121650955
1.4301944819085322
1.429235044184193
1.428246455253708
1.4272283428853347
1.426180290528407
1.4251019309285955
1.4239928197781626
1.4228526240438764
1.421680912822068
1.4204773269831386
1.419241503844038
1.4179730403876283
1.4166715853631358
1.4153367460806203
1.413968216310135
1.4125655917939266
1.4111285221333576
1.4096566946027698
1.408149755375033
1.4066072933631846
1.405029074711482
1.4034147006855187
1.4017638874962985
1.400076292450996
1.398351594225069
1.3965895007606226
1.3947896619079319
1.3929518585894063
1.3910757090561523
1.3891609738186863
1.387207319478601
1.3852144944235139
1.383182233280179
1.3811102183691337
1.3789982059237569
1.3768459821387402
1.3746531908523496
1.372419658087943
1.3701451124145687
1.3678293095403187
1.365472020518371
1.3630730149078456
1.3606320332941841
1.3581489605275872
1.3556234318752995
1.3530553435189983
1.3504444833472122
1.3477906255089795
1.3450935686463246
1.3423531486221238
1.3395692037171492
1.3367415153025544
1.3338699600315367
1.3309543212708572
1.3279944567422004
1.3249902678203545
1.321941528941959
1.3188481669221044
1.3157099955108098
1.3125269246641038
1.3092987813311747
1.3060255073986282
1.3027069427188638
1.2993430284274048
1.2959336274768365
1.2924786384885392
1.2889780131923323
1.28543167774521
1.281839471868194
1.27820142004327
1.2745173979717246
1.270787366833705
1.2670112740696287
1.2631890770589524
1.2593207218121767
1.2554061939116599
1.2514454482822541
1.2474384957394142
1.2433852596407786
1.2392857624160842
1.235140018163983
1.2309479939060985
1.2267096886054254
1.2224251751814856
1.2180944229718522
1.2137174549670502
1.2092943143618093
1.204825055193168
1.200309709266365
1.1957483006654153
1.191140880690832
1.186487555966221
1.181788338157435
1.177043357723642
1.172252650515687
1.167416312401896
1.1625344200118592
1.1576070731113102
1.1526343980147928
1.1476164698775866
1.1425534034117235
1.1374453215538993
1.132292346811087
1.127094647628548
1.1218522833716584
1.1165654392549065
1.1112342565432864
1.105858888843882
1.1004394619527391
1.094976225574495
1.089469235725844
1.083918730972257
1.0783248877735683
1.0726878655135264
1.0670078793284488
1.0612850960847013
1.0555197448855023
1.0497120045690027
1.0438621233098688
1.0379702578029
1.0320367040995748
1.0260616016742832
1.0200452550926908
1.0139879037742876
1.0078897259589472
1.0017510037910322
0.9955720020242532
0.9893529595352586
0.9830941695472281
0.9767958140051985
0.9704582835591107
0.9640817522083268
0.9576665551887283
0.9512129548543375
0.9447212928437786
0.9381917840122046
0.9316247760418932
0.9250205599546716
0.9183794772531905
0.9117017781819247
0.9049878630767008
0.8982379718254301
0.8914524886364287
0.8846316866705684
0.877775960853244
0.8708856395959025
0.8639610401427218
0.857002540207199
0.850010470718817
0.8429851908421858
0.8359270621923494
0.8288364582806861
0.821713764191442
0.8145593038032725
0.8073734675065802
0.8001566690597633
0.792909262109211
0.7856316459188795
0.7783241745282113
0.7709873249953625
0.7636214122855671
0.7562269127382127
0.7488041510405837
0.7413535873440591
0.7338756267200367
0.7263706798474122
0.7188391875430263
0.7112815036640634
0.7036981369238083
0.696089458337055
0.6884559484823938
0.6807979912567231
0.6731160309575462
0.6654105695036234
0.6576819772271197
0.6499307355125927
0.642157293615965
0.6343621022232241
0.6265455956932393
0.6187082419270907
0.6108505118291008
0.6029728493062565
0.5950757428462933
0.587159665680263
0.579225047266933
0.5712723941556106
0.5633021762115921
0.5553148294535134
0.5473108873369184
0.539290814220765
0.5312550653529501
0.5232041522101392
0.5151385915243392
0.5070588287207443
0.4989653384381659
0.4908586505234894
0.48273925700653814
0.47460763451218596
0.46646429295355407
0.45830975306547056
0.45014445749821563
0.4419689872827721
0.43378375946066955
0.4255893473072586
0.4173862124707708
0.40917491101422654
0.4009559354535518
0.3927297627278365
0.3844969164751485
0.3762579499055478
0.3680133379692679
0.35976358867271346
0.3515092514320875
0.34325082413827473
0.33498879766621564
0.3267237363094243
0.31845615339489153
0.3101865226643413
0.3019154367186569
0.29364333310696633
0.2853708020146608
0.2770983086425991
0.26882643041876964
0.26055564794926006
0.25228651214501774
0.24401953748031166
0.23575521270385205
0.2274941124587163
0.21923669715370175
0.2109835764009089
0.20273521722547752
0.19449213797732484
0.18625487798630488
0.17802393713750012
0.16979988185249234
0.16158322393841656
0.15337446324253287
0.14517408406013732
0.13698268174854997
0.1288007586958192
0.12062880642665899
0.1124673847006518
0.10431697850534892
0.0961780871710626
0.0880512867739391
0.0799370467871284
0.07183591010699544
0.06374837458388842
0.05567494688115625
0.047616179886325986
0.03957252333440333
0.031544545395980464
0.023532738475664467
0.01553759894620375
0.007559628612947562
-0.00040068057500775874
-0.00834277250639877
-0.016266178133273086
-0.024170399229885918
-0.0320549073360331
-0.03991927616704036
-0.047762909667647686
-0.0555853778562919
-0.06338618046230467
-0.07116481559574661
-0.0789207924807594
-0.08665360932379877
-0.09436280673061856
-0.10204790642781585
-0.1097084146130271
-0.11734384396160169
-0.12495370494297882
-0.13253755310359863
-0.1400949068080122
-0.14762525610157057
-0.1551282070779796
-0.1626032474348452
-0.17004989688439862
-0.17746771530192607
-0.18485625950961268
-0.1922150301483531
-0.19954362599715314
-0.20684153112165674
-0.2141083411802994
-0.2213436360564143
-0.22854690346381
-0.23571778108600933
-0.24285574373050123
-0.2499604197193508
-0.2570313578335216
-0.2640681174358382
-0.27107027239878145
-0.27803743669841163
-0.2849691583737626
-0.29186501675861737
-0.29872460769416403
-0.30554754698933206
-0.31233337039601006
-0.31908174956590146
-0.3257921844560264
-0.33246437297969356
-0.33909784292473233
-0.3456922852891512
-0.35224724342754193
-0.3587623697120668
-0.36523728345658607
-0.37167158560995955
-0.37806492902478
-0.38441693767632434
-0.39072723316035324
-0.39699544732470193
-0.40322130100115655
-0.4094043538826304
-0.41554426092076197
-0.42164074582151234
-0.42769338634503884
-0.43370185243307385
-0.43966587819143477
-0.4455850807551938
-0.4514591618717966
-0.45728775178683795
-0.4630705919441567
-0.4688073341232768
-0.47449767718912234
-0.48014129443819026
-0.48573795838480854
-0.4912873002883295
-0.4967890473019584
-0.502242948878317
-0.5076486484511816
-0.5130059217886151
-0.5183144828566699
-0.5235740686595557
-0.5287844080816894
-0.5339452410568342
-0.5390563039875829
-0.5441173525383377
-0.5491281590016915
-0.5540884391925552
-0.5589979979747555
-0.56385657936086
-0.5686639910735971
-0.5734199634583405
-0.5781242869814629
-0.582776768923365
-0.5873771965557212
-0.5919253597981866
-0.5964210765103828
-0.6008641278560074
-0.6052543239079579
-0.6095915096995532
-0.613875485632102
-0.618106079395451
-0.6222831345967902
-0.6264064710281668
-0.630475963568407
-0.6344914077573787
-0.6384527060720101
-0.6423596874635735
-0.6462121990972813
-0.6500101604377331
-0.6537533862836159
-0.6574417914716717
-0.6610752459494653
-0.6646536440506348
-0.668176860380997
-0.6716447981959759
-0.6750574017505515
-0.6784145450028891
-0.6817161312307821
-0.6849620776456262
-0.688152351719032
-0.6912868664431708
-0.6943655371849283
-0.6973882938034617
-0.7003551376530572
-0.7032659791910828
-0.7061207678941793
-0.7089195021102883
-0.7116621203522236
-0.7143485993818963
-0.7169789535626568
-0.7195531027370966
-0.7220710952855462
-0.724532885148162
-0.726938481225811
-0.7292878986164458
-0.7315811307428917
-0.7338182282854773
-0.7359991855196193
-0.7381240343253892
-0.7401928098976144
-0.7422055245850377
-0.7441622657073402
-0.7460630275459529
-0.7479079184826983
-0.7496969859289238
-0.7514302561964397
-0.7531078492025165
-0.754729787062608
-0.7562961955979128
-0.7578071253712831
-0.7592627158971444
-0.7606630080508605
-0.7620081310537405
-0.7632981978520461
-0.7645333028448072
-0.7657135860537158
-0.7668391236767812
-0.7679101000196606
-0.7689266260949386
-0.7698888118069157
-0.7707968227250809
-0.7716508130818694
-0.7724509679293787
-0.7731973688945857
-0.7738902309625959
-0.7745297337911566
-0.7751160069302447
-0.7756492723309478
-0.7761296867560123
-0.7765574437087801
-0.7769327505081354
-0.7772557936627926
-0.7775267585103042
-0.7777459002125224
-0.7779134186276615
-0.7780295103587371
-0.7780944061185674
-0.7781083431884485
-0.7780715397783223
-0.7779842505172131
-0.7778467158570558
-0.7776591802764382
-0.777421878277482
-0.7771350959517996
-0.776799081162672
-0.7764140844355152
-0.7759804203715946
-0.775498317499016
-0.7749680561976701
-0.774389950248049
-0.773764275305192
-0.7730913009768956
-0.7723713677882696
-0.77160475499983
-0.7707917631571478
-0.7699326976787987
-0.7690278881319985
-0.7680776499541626
-0.7670822936773538
-0.7660421445160852
-0.7649575458041861
-0.7638288223056185
-0.7626563343205879
-0.7614403768288672
-0.7601813278054086
-0.7588795453451693
-0.7575353826632822
-0.7561491658879775
-0.754721284120721
-0.7532520841003568
-0.7517419424637879
-0.750191230695876
-0.7486003268577028
-0.7469696342056142
-0.745299446926972
-0.7435902393485112
-0.7418423809198664
-0.7400562503492955
-0.738232238471869
-0.7363707553349451
-0.7344722049418627
-0.7325369777131586
-0.7305654700575702
-0.728558128706563
-0.7265153827307069
-0.7244375567546728
-0.7223251789710771
-0.7201785703065774
-0.7179982217517701
-0.7157845475365623
-0.7135379731432218
-0.7112589453059284
-0.7089478462710233
-0.7066051631614247
-0.7042313457881029
-0.7018267836386369
-0.6993919818926443
-0.6969273162149345
-0.6944332743631727
-0.6919103293671696
-0.6893588922133067
-0.6867794129586765
-0.6841723921240968
-0.6815382665164575
-0.6788774795514773
-0.6761905026715188
-0.6734778083179368
-0.6707398454887163
-0.667977087461711
-0.6651900251428122
-0.6623790883856037
-0.6595447781079635
-0.6566875348818886
-0.6538078474389024
-0.6509061932928779
-0.6479830662591136
-0.6450389167878897
-0.6420742114647631
-0.6390894543824147
-0.6360851042010867
-0.633061666559522
-0.630019587631038
-0.6269593867190645
-0.6238815070695594
-0.6207864722769805
-0.617674727525277
-0.6145467795232005
-0.611403107282965
-0.608244181730611
-0.6050704949229302
-0.6018825503546215
-0.5986807905492207
-0.5954657492362649
-0.5922378780258255
-0.5889976630251065
-0.5857456090235533
-0.5824821684808696
-0.5792078530494211
-0.575923126526272
-0.572628495089361
-0.5693244062721213
-0.5660113989060028
-0.562689886749462
-0.559360403749295
-0.5560234268242303
-0.5526793688757705
-0.5493287902051254
-0.5459721343081229
-0.5426098836211504
-0.5392425155954611
-0.53587048398023
-0.5324942946308181
-0.5291143919302649
-0.5257312819711074
-0.5223453850147568
-0.5189572065805641
-0.5155672357391099
-0.5121758568540468
-0.508783628508141
-0.5053909440861535
-0.5019982897965125
-0.4986061283905103
-0.4952149388639508
-0.49182512093885217
-0.48843717874796544
-0.4850515507140694
-0.4816686639412293
-0.4782889795722554
-0.4749129782631535
-0.4715410382697112
-0.4681736543594365
-0.4648112375448964
-0.4614542528615703
-0.4581031034115423
-0.45475824258911807
-0.4514200788127361
-0.4480890446751928
-0.4447655924152956
-0.4414501285602624
-0.4381430417226715
-0.4348447904214685
-0.4315557645001635
-0.4282763821061958
-0.4250070531172719
-0.4217481851170862
-0.41850016533780077
-0.4152634190468423
-0.41203830318789525
-0.4088252432748489
-0.40562462905876046
-0.4024368148066596
-0.39926222915062803
-0.39610120826439804
-0.3929541502826973
-0.3898214417888829
-0.386703438696544
-0.383600499077171
-0.38051299621650403
-0.3774412737916421
-0.3743856969905018
-0.37134665097056474
-0.3683244410366215
-0.3653193924405591
-0.36233192038282014
-0.35936230357303617
-0.3564108727718786
-0.3534780003585835
-0.3505639883636707
-0.3476691664868273
-0.3447938220566746
-0.3419382950625235
-0.33910288999147115
-0.3362878993027759
-0.333493674924984
-0.33072045461760197
-0.3279685530071279
-0.32523825046601784
-0.3225298592652506
-0.3198436473224485
-0.3171798637005981
-0.31453881981023507
-0.311920764710058
-0.3093259583678129
-0.3067546841417713
-0.304207143741906
-0.3016836415274479
-0.2991844038085151
-0.2967096771945498
-0.2942596941402509
-0.29183466226123916
-0.28943484743842185
-0.2870604671187041
-0.2847117187614828
