1025
0.568203404330288
0.5663689689432185
0.5645441940868587
0.5627290761765348
0.560923621950607
0.5591278323603873
0.5573417200180898
0.5555652909782669
0.5537985644117067
0.5520415407434021
0.5502942473352778
0.5485566938653318
0.5468289065479328
0.5451109037255537
0.5434027058178088
0.5417043485705145
0.5400158514811375
0.5383372435318835
0.5366685608106789
0.5350098361387708
0.5333611059308921
0.5317224089986853
0.5300937808751589
0.5284752656025365
0.5268669120150525
0.5252687586129406
0.5236808546596354
0.5221032522103457
0.5205359994856553
0.5189791533642457
0.5174327622881522
0.5158968901205349
0.5143715932499523
0.5128569289858538
0.5113529592063063
0.509859751938134
0.5083773699747021
0.5069058827334654
0.5054453508675639
0.5039958495397117
0.5025574552393615
0.5011302324666809
0.4997142620311781
0.4983096111932742
0.496916364414712
0.495534604253456
0.4941643976412925
0.4928058384503481
0.49145899630646994
0.4901239625110177
0.48880082155894283
0.48748965791392285
0.4861905563442341
0.4849036041922634
0.48362889015363875
0.4823665058327756
0.481116535653704
0.4798790759281566
0.47865421844984635
0.4774420495188933
0.4762426704817319
0.47505616104471565
0.4738826270003259
0.47272215406312823
0.4715748440062791
0.4704407857422438
0.4693200804826459
0.4682128167556019
0.46711909080699604
0.4660390034373377
0.4649726446716853
0.46392010514013976
0.46288148883921026
0.461856887651204
0.46084639817206935
0.4598501095673239
0.4588681186986865
0.45790051924761255
0.4569474046196263
0.4560088591045643
0.4550849861412122
0.4541758681667455
0.45328160776469867
0.45240228006776634
0.45153797502178006
0.45068878921303707
0.4498547992731765
0.4490360973681806
0.4482327615714287
0.4474448784404153
0.4466725307838618
0.4459157904052191
0.4451747469393652
0.44444946144462766
0.44374002958770575
0.44304651193373357
0.44236898181511036
0.44170751064882663
0.4410621642775373
0.4404330133423979
0.4398201173758182
0.43922354058352947
0.43864334482193146
0.43807958556746796
0.43753231026925354
0.43700158410507906
0.4364874543036308
0.43598996485555824
0.43550916476630713
0.43504509510990114
0.43459779655401365
0.43416730483441746
0.4337536498427221
0.43335687744605383
0.432976999992664
0.43261405852528895
0.43226805828074005
0.431939029766654
0.43162698798788673
0.4313319446705633
0.4310539086637349
0.4307928842232445
0.43054887154289734
0.4303218829626074
0.4301118988521431
0.4299189158841955
0.42974292931414787
0.4295839090084995
0.42944184780020095
0.4293167254161564
0.4292084895726598
0.42911714178676136
0.42904263361700024
0.42898492313566927
0.4289439687772824
0.4289197206282936
0.4289121350015941
0.428921149335044
0.4289467059657195
0.42898874226508293
0.4290471888082484
0.42912196856326934
0.42921300746386204
0.42932022801341607
0.4294435384703572
0.42958284865919416
0.4297380584013809
0.4299090817860914
0.43009580592935176
0.43029811606617707
0.4305159022051634
0.43074905170116784
0.4309974307665368
0.43126092240342195
0.4315393950524603
0.4318326957159892
0.43214068833418795
0.43246323043029194
0.43280017173550817
0.4331513509121861
0.43351660966745215
0.43389577711276095
0.434288677361193
0.4346951397508001
0.4351149907620603
0.43554803775475087
0.43599408410151974
0.43645294319443895
0.43692440490788137
0.4374082724294973
0.43790432955661623
0.438412362062364
0.43893215287090803
0.43946347626172605
0.4400061008493958
0.44055978376754423
0.44112429921411667
0.44169939494118027
0.4422848257757398
0.4428803392115309
0.4434856657847147
0.4441005540795232
0.4447247283280849
0.4453579202773609
0.4459998531333456
0.4466502418283612
0.44730880277051605
0.4479752399306316
0.44864926275066264
0.4493305757642031
0.4500188627825909
0.45071382256149084
0.45141513642105396
0.45212249344822175
0.4528355730200982
0.45355404411170847
0.45427758062414103
0.45500584950297157
0.4557385007220809
0.4564752064835291
0.45721561745501627
0.4579593722941575
0.4587061361723902
0.45945553730821836
0.46020722203316755
0.46096082685608897
0.46171597905668516
0.46247230673845213
0.4632294351173591
0.46398698727194176
0.4647445802086677
0.46550182630400144
0.46625834555556817
0.46701374361511455
0.4677676222946748
0.4685195868851098
0.4692692375846946
0.47001617488043773
0.470759987208719
0.4715002722293821
0.47223662324291954
0.47296861728869644
0.4736958454016364
0.4744178941026103
0.4751343390690359
0.4758447591095787
0.47654873187903163
0.47724583732343606
0.47793564239573066
0.47861772627952076
0.47929164709390865
0.4799569871288076
0.4806133104280024
0.48126017661906506
0.4818971559942163
0.4825238120516088
0.4831397094407731
0.48374441051019473
0.48433747669741356
0.48491846822772955
0.48548694837917566
0.4860424744448294
0.48658460485396987
0.487112906997333
0.48762693343556773
0.48812625701205425
0.48861041816076123
0.48907899420611667
0.48953153504398245
0.4899676106195726
0.4903867766965314
0.49078860543948577
0.49117265355413103
0.4915384845342384
0.49188566674157935
0.49221376591230687
0.492522358700105
0.49281101045957587
0.493079288121677
0.49332676930520475
0.49355303075549956
0.49375764393364974
0.4939401938881194
0.49410025914794165
0.49423742874142895
0.49435127960319614
0.49444140953519955
0.494507406007514
0.49454886718190316
0.49456538104059455
0.4945565587156559
0.4945219900168741
0.4944612999696472
0.49437407963480734
0.49425995663950995
0.4941185402379588
0.493949452380201
0.4937523261839503
0.4935267786870035
0.4932724480838981
0.4929889735728776
0.4926759859478899
0.4923331507715508
0.491960098423143
0.49155648702443144
0.49112198593077316
0.49065625282072733
0.4901589583456574
0.4896297830063709
0.489068391354048
0.4884744806200642
0.4878477450372388
0.48718786317737617
0.48649455437733075
0.4857675172625244
0.48500646491901506
0.48421111962133123
0.48338120461006007
0.48251645452958136
0.4816166047064848
0.4806813903054261
0.4797105791404261
0.4787039076480858
0.47766115653913455
0.4765820831757301
0.47546647384843144
0.4743141034859895
0.4731247676134778
0.4718982624331202
0.4706343999293699
0.4693329867793707
0.4679938276241931
0.46661677370451315
0.4652016395763058
0.4637482808864537
0.46225653217161605
0.4607262634606476
0.4591573372623361
0.4575496104868237
0.4559029870172799
0.4542173364850028
0.45249256445205027
0.4507285673170309
0.4489252680642788
0.4470825758859443
0.4452004219156059
0.4432787533521002
0.4413174914240457
0.4393166170183041
0.4372760728440535
0.4351958357532771
0.43307589500715954
0.4309162230392426
0.4287168217645552
0.4264776875235487
0.424198849579915
0.42188032201686987
0.419522128238539
0.41712431925974647
0.41468693627425834
0.41221003547799656
0.4096936903160634
0.4071379697551384
0.4045429562236064
0.40190874572042223
0.3992354331414769
0.39652313631595226
0.3937719714715021
0.39098206653376294
0.3881535579162773
0.38528659558303274
0.38238132138706565
0.3794379180932353
0.3764565407725763
0.373437381159927
0.3703806225677609
0.36728646968955636
0.3641551327728466
0.3609868231576809
0.35778176679720675
0.3545402001255913
0.3512623655921178
0.34794851411678385
0.34459890708054436
0.3412138151790388
0.3377935203863951
0.33433830209920595
0.33084845422672915
0.3273242918979463
0.32376611092385943
0.3201742541110225
0.316549025548568
0.3128907822582739
0.3091998576216197
0.3054766166891304
0.30172141008643955
0.2979346160402394
0.29411661259429167
0.290267781457665
0.2863885271204662
0.2824792399469748
0.2785403316547016
0.2745722299202551
0.27057534930882
0.2665501381493157
0.26249701835926487
0.25841644800328806
0.25430888395125395
0.2501747819333641
0.24601461358501758
0.2418288691499466
0.23761801712238417
0.23338255375302583
0.22912296960391676
0.22483978327561135
0.22053350173635802
0.21620463614864244
0.21185371021950175
0.20748126551114274
0.20308783237240963
0.19867394996818197
0.19424017104660957
0.18978704949044797
0.18531514811883706
0.18082502826206398
0.1763172661537298
0.17179243539424457
0.16725112261628733
0.16269391492459112
0.15812140669737418
0.15353419108418156
0.14893286772985262
0.1443180573874297
0.13969036600222734
0.13505039788176032
0.13039879073972951
0.12573616379334238
0.12106314353200638
0.11638036329037127
0.11168847315210322
0.10698809281577396
0.10227988172369726
0.09756448023283978
0.0928425403520988
0.0881147170404234
0.08338166802990388
0.07864405548082326
0.07390253359011846
0.06915777308030846
0.06441043995340641
0.059661206357547035
0.054910744718291424
0.050159725873333005
0.045408829224935957
0.040658729759470255
0.03591010146981321
0.031163638034597835
0.026420006385197085
0.02167989994642579
0.01694399586876469
0.01221298339301482
0.007487540277311684
0.0027683716142553015
-0.001943875076338539
-0.006648466937734942
-0.01134475027273589
-0.016032029576845633
-0.02070961566066117
-0.025376825032626067
-0.030032977123619537
-0.03467737924575556
-0.03930935727326947
-0.04392822373989253
-0.04853330153335512
-0.053123899642850025
-0.057699356774362484
-0.062258980086577674
-0.0668021102106655
-0.0713280610119147
-0.07583616896515628
-0.08032576019888343
-0.08479617651758399
-0.08924674040069534
-0.09367680742905804
-0.09808571106434981
-0.10247279402709844
-0.10683740970374571
-0.11117891163287552
-0.11549663785208973
-0.11978996651596864
-0.12405824724551139
-0.12830084910497652
-0.13251714496361192
-0.13670650110301202
-0.14086830558566948
-0.14500193028086916
-0.14910677174648226
-0.15318222087455038
-0.15722766589103038
-0.16124251466746067
-0.16522617860463107
-0.16917806037883404
-0.1730975800736112
-0.17698416273293824
-0.18083724111214175
-0.18465623881617926
-0.18844060492357603
-0.19218977901736173
-0.19590321841661815
-0.1995803805668576
-0.20322072819770837
-0.2068237336506994
-0.21038887892258393
-0.213915645989641
-0.21740352728182777
-0.22085202002450724
-0.22426063167592877
-0.22762887489744693
-0.23095626791782087
-0.2342423435589424
-0.23748663372982154
-0.24068868387167044
-0.24384804229478024
-0.24696427144990257
-0.250036932234718
-0.2530655993857872
-0.2560498669956248
-0.25898931418087295
-0.26188353901404765
-0.2647321614848458
-0.2675347833339721
-0.2702910434690483
-0.27300056833632996
-0.275663001588529
-0.2782779959533941
-0.28084520767442916
-0.2833643068754182
-0.28583497270681085
-0.28825689822738626
-0.290629767013221
-0.29295330133362096
-0.2952272037516485
-0.2974512041309687
-0.29962504158388426
-0.30174844635179965
-0.30382118534878894
-0.3058430192395759
-0.30781371489871073
-0.30973306340887513
-0.3116008454070674
-0.3134168753809336
-0.31518095451142614
-0.31689291663389474
-0.31855258571522443
-0.3201598127964439
-0.3217144367992828
-0.3232163299872182
-0.3246653603040882
-0.3260614169064638
-0.32740438456101856
-0.3286941775764514
-0.329930694300701
-0.33111387307086193
-0.33224363495433223
-0.3333199292576589
-0.33434271237542973
-0.33531195369912836
-0.3362276174991223
-0.33708969882240225
-0.33789819031293306
-0.33865309540404553
-0.3393544288309277
-0.3400022268151738
-0.3405965204202483
-0.34113735524591254
-0.3416247954475703
-0.34205889751281715
-0.3424397548325634
-0.3427674400701488
-0.3430420749085166
-0.3432637435097632
-0.34343258448047825
-0.34354871139293064
-0.34361227565028035
-0.3436234225307672
-0.3435823125875442
-0.3434891192427313
-0.3433440115484352
-0.34314718869612654
-0.342898850851583
-0.3425992040380998
-0.34224846807759124
-0.34184686968130534
-0.34139465508014394
-0.3408920746925377
-0.34033937691096344
-0.33973683734948007
-0.339084727774166
-0.3383833371823892
-0.3376329637663702
-0.3368339122021236
-0.33598649437176004
-0.33509103743030005
-0.33414788152038344
-0.3331573603191251
-0.3321198248039531
-0.33103563850625
-0.32990516662917907
-0.3287287911361569
-0.3275068997354364
-0.3262398797923976
-0.32492813721837477
-0.323572095945066
-0.3221721608908982
-0.32072876524521526
-0.3192423452383441
-0.3177133488824913
-0.3161422247184344
-0.3145294398349695
-0.3128754541573677
-0.31118074588782063
-0.30944580327338217
-0.30767110356288085
-0.3058571616207058
-0.3040044697653675
-0.3021135533143406
-0.30018492229318616
-0.2982190998072001
-0.2962166243024714
-0.294178042050478
-0.2921038857059278
-0.2899947146147314
-0.2878510910936082
-0.28567357352213996
-0.2834627389733495
-0.28121915990443386
-0.27894342490656665
-0.276636116316059
-0.2742978354001145
-0.27192917051545473
-0.2695307427543641
-0.2671031466766988
-0.26464701071401614
-0.2621629460822374
-0.2596515822077608
-0.25711355208840714
-0.2545494752108761
-0.2519600095728237
-0.24934578014314646
-0.2467074491208513
-0.24404566499607672
-0.24136107259606285
-0.23865433901597552
-0.23592612073029906
-0.2331770918854506
-0.23040791778359648
-0.22761926851203063
-0.22481181737365144
-0.22198624452356652
-0.2191432363090103
-0.21628346919850625
-0.21340763646647393
-0.21051641148673655
-0.20761049666896195
-0.20469058461806222
-0.20175736481009923
-0.1988115380796906
-0.1958537971012582
-0.1928848433289243
-0.18990538207354637
-0.18691609801410813
-0.1839177144692818
-0.18091092432586445
-0.17789643929952548
-0.1748749510563373
-0.1718471682539566
-0.16881380756031533
-0.1657755656422039
-0.16273314621177107
-0.15968726204444816
-0.15663861049523703
-0.15358790536449274
-0.15053584586517424
-0.14748313248175576
-0.14443047778099824
-0.14137857437790374
-0.13832812680011025
-0.13527983771295674
-0.13223439521932362
-0.1291925035658793
-0.1261548574586084
-0.12312214778785503
-0.12009506570100413
-0.1170743028360604
-0.11406054883079657
-0.11105447399475925
-0.10805677180077847
-0.10506811988414771
-0.10208919953266292
-0.09912067082305431
-0.0961632170204811
-0.09321749876666129
-0.09028418593669812
-0.08736393287294483
-0.08445739988426558
-0.08156523809877829
-0.07868809858819663
-0.07582663178786084
-0.07298147199107766
-0.07015325832934427
-0.06734263112545996
-0.06455021542394997
-0.06177662228246623
-0.0590224922202396
-0.05628842984106924
-0.05357504239491944
-0.050882937997802864
-0.048212722250758316
-0.04556498157422886
-0.042940309042114204
-0.04033928413846899
-0.03776249509496117
-0.035210503765692576
-0.032683884034954744
-0.030183193585543614
-0.027708987538655604
-0.025261816939767458
-0.02284222464766716
-0.02045074102224484
-0.018087907489798466
-0.015754238737462557
-0.013450249993791968
-0.011176461844320893
-0.008933376925297203
-0.006721477138348381
-0.004541270747411134
-0.0023932369459375765
-0.00027784101132905637
0.0018044385356953394
0.0038531441009749816
0.005867815628388006
0.007848014308664759
0.00979329349707625
0.011703224271155561
0.01357737821995476
0.015415350201468515
0.017216723689910358
0.018981091514947594
0.02070807430179923
0.022397272728300364
0.024048315324688024
0.025660837394207495
0.027234468929347975
0.02876886909583625
0.03026368221393503
0.03171857019181796
0.03313321582815439
0.03450729309209509
0.03584048571599432
0.03713250183623152
0.038383038324121245
0.039591817838426614
0.04075855361785091
0.041882975691260996
0.04296483184820715
0.044003871732627424
0.044999843692181025
0.045952522332513686
0.04686167690543045
0.047727097575486606
0.0485485658156079
0.04932588926802219
0.050058875389998606
0.050747346732608827
0.05139113323041089
0.05199006762995571
0.05254398821290695
0.053052766722860724
0.05351624913822992
0.053934318472732265
0.05430684846400408
0.05463373669356673
0.05491487783646211
0.05515017845625886
0.05533956099969758
0.0554829462766947
0.05558026966047734
0.05563147254823699
0.05563651830837181
0.05559535417123437
0.05550795132947192
0.05537429894991859
0.05519437498041971
0.05496818540127727
0.05469572329120207
0.05437701239853023
0.054012069156007564
0.053600933365482314
0.0531436366797976
0.052640227668075405
0.052090770299149124
0.05149532643924952
0.05085396754711157
0.050166779668247306
0.049433857044825606
0.04865528930453807
0.047831193224031746
0.04696167972150783
0.04604687661195428
0.04508691934746722
0.04408194084255517
0.04303209696188361
0.04193753646418379
0.0407984325978342
0.039614949985420596
0.03838727782701493
0.03711560485083698
0.035800117761187536
0.0344410306099711
0.03303854142658371
0.03159288520992522
0.030104279376150157
0.028572961230936743
0.026999169021331773
0.025383155604762234
0.023725173907510087
0.022025489323497738
0.020284370432047585
0.018502088310277248
0.01667893939989367
0.014815201697979133
0.01291117970369686
0.010967175704898455
0.008983502235153585
0.006960476435708881
0.00489841978722338
0.002797666936168427
0.000658545576908226
-0.0015185964306990978
-0.00373340216582836
-0.005985533719771934
-0.008274628220439744
-0.010600302244596191
-0.01296220063353372
-0.015359946386997107
-0.0177931454697521
-0.020261415592116777
-0.02276436651979176
-0.0253015960067853
-0.027872691378198148
-0.03047726006526919
-0.03311487897633861
-0.03578513066821509
-0.038487586431769145
-0.04122182546898444
-0.043987409322540055
-0.04678390279431584
-0.049610871589241955
-0.05246785479369269
-0.05535441692053559
-0.058270094351967935
-0.06121443696361637
-0.06418697369832825
-0.06718725078808416
-0.07021478768863905
-0.07326911655352239
-0.07634976025520633
-0.07945624853481766
-0.08258808776202459
-0.08574479226294261
-0.08892588306391974
-0.09213086425197647
-0.09535923676959569
-0.098610512505796
-0.10188418808725566
-0.105179763525742
-0.1084967290286243
-0.11183458472832138
-0.11519281872128165
-0.11857092571896627
-0.12196838488586068
-0.1253846898673346
-0.1288193278157513
-0.13227176617076467
-0.13574150438200994
-0.1392280093867581
-0.1427307724435962
-0.1462492572893822
-0.1497829487950977
-0.15333131729166868
-0.15689384351349014
-0.16046999650250263
-0.164059256195282
-0.16766108633375804
-0.1712749667373367
-0.1749003662946196
-0.17853675247424247
-0.1821836114937248
-0.18584039620766332
-0.18950659306016113
-0.19318166998026534
-0.19686509917659478
-0.20055635028598748
-0.20425490264390073
-0.20796022101215123
-0.21167179353174634
-0.21538907858425696
-0.21911156800313483
-0.22283872932229035
-0.226570048327245
-0.23030500206339974
-0.23404306055665597
-0.23778372511204943
-0.24152647008613634
-0.2452707749686095
-0.2490161315958957
-0.2527620291221627
-0.2565079587465159
-0.26025340951210707
-0.2639978795864073
-0.26774086373942707
-0.2714818565254792
-0.2752203592518908
-0.27895587996326104
-0.28268792292935174
-0.2864159943652733
-0.29013960566870384
-0.29385826708915647
-0.297571494630963
-0.30127881067162454
-0.30497973564111963
-0.30867379331866296
-0.3123605076491838
-0.31603941728034785
-0.319710045687409
-0.32337193845079387
-0.32702463088711586
-0.33066766818338766
-0.334300597502986
-0.3379229703915726
-0.34153433850936504
-0.34513426099824346
-0.3487222984831086
-0.3522980159745458
-0.3558609893518899
-0.35941077648294373
-0.36294696879493527
-0.3664691370068011
-0.3699768748435224
-0.373469764931629
-0.3769474025768411
-0.38040938388102785
-0.3838553140231663
-0.3872847879550856
-0.39069743081898245
-0.3940928451477346
-0.3974706515234204
-0.4008304866480919
-0.404171963138612
-0.40749471788988173
-0.41079838763827836
-0.4140826153135728
-0.41734704599009814
-0.42059132993497245
-0.4238151285922509
-0.4270180918216149
-0.430199899812004
-0.4333602097459952
-0.43649869777062533
-0.43961505442387083
-0.4427089519250499
-0.4457800872370375
-0.4488281543057898
-0.4518528516195526
-0.4548538783255821
-0.4578309538047572
-0.4607837882934553
-0.4637121011792694
-0.4666156188414027
-0.4694940746296208
-0.4723471908115991
-0.47517472353628437
-0.47797640855618767
-0.4807519976120841
-0.48350124645481474
-0.486223916802921
-0.4889197747022463
-0.49158858983704923
-0.494230144962034
-0.4968442090397468
-0.49943057480421493
-0.5019890360727856
-0.5045193899977034
-0.5070214356687158
-0.5094949805483852
-0.5119398403007278
-0.5143558257491817
-0.516742764097049
-0.5191004842113263
-0.5214288184942512
-0.5237276028612325
-0.5259966786846909
-0.5282359003418872
-0.5304451129435767
-0.5326241871385945
-0.5347729754599969
-0.5368913467206291
-0.5389791803810442
-0.5410363497169713
-0.5430627420272466
-0.5450582454673721
-0.5470227520350719
-0.5489561570225536
-0.5508583675778567
-0.5527292937760564
-0.5545688408135112
-0.5563769312363669
-0.5581534926775028
-0.5598984440341876
-0.5616117182310716
-0.5632932510686237
-0.5649429940416129
-0.5665608857054298
-0.5681468725490263
-0.5697009211780343
-0.5712229764719547
-0.5727130145675476
-0.5741710019547647
-0.5755969118988161
-0.5769907178720072
-0.578352406630127
-0.5796819634546527
-0.5809793793049902
-0.5822446441209409
-0.5834777652223928
-0.5846787404922567
-0.5858475833109558
-0.586984295066205
-0.5880889040018872
-0.5891614193262588
-0.5902018680991606
-0.591210286100651
-0.5921866944707702
-0.5931311327620733
-0.5940436388444733
