1025
-0.8080821675115994
-0.8086760852997706
-0.8092159113816967
-0.8097015153426212
-0.8101327508579396
-0.8105094992202564
-0.8108316271529873
-0.811099022124361
-0.8113115537802632
-0.8114691515798452
-0.8115716778871702
-0.8116190629055583
-0.8116111969214417
-0.8115480018998246
-0.8114294154099156
-0.8112553327668786
-0.8110257160118077
-0.8107404942003068
-0.8103996135152388
-0.8100030227953668
-0.8095506755922083
-0.8090425349010907
-0.8084785791510348
-0.8078587745468269
-0.807183093670591
-0.806451531913107
-0.8056640857738355
-0.8048207450069799
-0.8039215196602454
-0.80296641172427
-0.8019554500233612
-0.8008886415812905
-0.7997660204989697
-0.7985876330127913
-0.7973535113770787
-0.7960636897379728
-0.7947182349608435
-0.7933171952203785
-0.7918606579930839
-0.7903486755915806
-0.7887813091126521
-0.7871586802642198
-0.7854808465754527
-0.7837479313949696
-0.7819600130789885
-0.7801171901950827
-0.7782196154941345
-0.7762673667180252
-0.7742606086872146
-0.7721994549698838
-0.7700840377508695
-0.7679145012688998
-0.7656910078990046
-0.7634137078339444
-0.7610827766271943
-0.7586983618034443
-0.7562606564452441
-0.7537698362370472
-0.7512260711281591
-0.7486295853257376
-0.7459805462432793
-0.7432791977671137
-0.740525722160048
-0.737720352064306
-0.7348633001203242
-0.7319547999622935
-0.7289950824302656
-0.7259843994058546
-0.7229230000490217
-0.7198111195540697
-0.7166490311719448
-0.7134370180568446
-0.7101753222664723
-0.7068642311253239
-0.7035040200347079
-0.7000949960548857
-0.6966374394051356
-0.6931316606402232
-0.6895779514013749
-0.6859766524664831
-0.6823280554261464
-0.6786324903552852
-0.6748902683263128
-0.6711017540632216
-0.6672672815647815
-0.6633871795889115
-0.6594618232334161
-0.6554915387608858
-0.651476717594894
-0.647417716249831
-0.643314897273528
-0.6391686625999559
-0.6349793642578396
-0.6307474396258396
-0.6264732184728211
-0.6221571431733107
-0.6177996154033359
-0.6134010228386243
-0.6089618106953834
-0.6044823656040298
-0.5999631368997351
-0.595404547660237
-0.5908070189298842
-0.5861710021500102
-0.5814969565741445
-0.5767852945219584
-0.5720364885610569
-0.5672510066979141
-0.5624292919088878
-0.5575718182468298
-0.5526790548212988
-0.5477514795911745
-0.5427895923287159
-0.5377938360718235
-0.5327647305620197
-0.5277027408618805
-0.5226084040524652
-0.5174821945804369
-0.5123246163533207
-0.5071361796569566
-0.5019173995048628
-0.49666879280917076
-0.4913908931934981
-0.48608418480842125
-0.4807492367873224
-0.4753865668786808
-0.46999668812247375
-0.46458017859226475
-0.45913753920787137
-0.45366932077979644
-0.44817613337010964
-0.4426584352018641
-0.43711681539546543
-0.43155183816233933
-0.42596407113249335
-0.4203540675548915
-0.41472238064070427
-0.40906959260750264
-0.40339627649823
-0.3977029861929356
-0.39199031030556436
-0.38625883731083405
-0.3805091311208621
-0.3747417724868201
-0.36895734598619273
-0.3631564574674404
-0.35733968933844756
-0.3515076010828308
-0.34566080476507505
-0.3397999170183693
-0.33392551413513416
-0.3280381822358825
-0.3221385524543597
-0.31622717723671867
-0.3103046773378743
-0.3043716846513122
-0.29842878503742076
-0.29247658206356675
-0.28651565914258864
-0.280546646994044
-0.2745701336621239
-0.2685867671428108
-0.2625971357314861
-0.25660185097134364
-0.2506014984174605
-0.2445967055777091
-0.23858809607901738
-0.23257626388557534
-0.22656184111563596
-0.2205454137456694
-0.21452760646937422
-0.20850903661035858
-0.20249029281873676
-0.1964720020851886
-0.19045476382568668
-0.18443921869111407
-0.17842594282976265
-0.1724155491162578
-0.16640865296840668
-0.16040584430327642
-0.15440776815652388
-0.14841499222622273
-0.14242813976079563
-0.13644779860498044
-0.13047458082159497
-0.12450909323653708
-0.11855190654834641
-0.11260365349871697
-0.10666490700797387
-0.10073624859595089
-0.094818298850086
-0.08891164160229023
-0.0830168631627219
-0.07713453826305142
-0.07126524376741455
-0.065409586871726
-0.059568124638903576
-0.05374143838182124
-0.04793012628154239
-0.042134726709654284
-0.0363558159817341
-0.030593992885292177
-0.02484977583496968
-0.019123744994915367
-0.013416459764437923
-0.007728454617066078
-0.0020603003715178626
0.0035874551019440676
0.009214271319828757
0.014819611638192207
0.020402934371208666
0.025963698694707184
0.031501400573756055
0.03701549232733675
0.042505455450828344
0.04797077086994249
0.05341092288778547
0.05882541228247674
0.06421370769969596
0.06957533872370698
0.07490979825628503
0.08021658226767718
0.08549520119497868
0.09074518854573574
0.09596605492288525
0.10115732292795375
0.10631851415908372
0.11144918515561608
0.11654886130369306
0.12161709512666645
0.12665341842524017
0.13165741100444478
0.13662862854054988
0.14156661853519498
0.1464709639149973
0.15134123160661458
0.15617701691747415
0.16097790114562052
0.16574348849164164
0.17047335417510018
0.17516711605030352
0.17982438327045142
0.18444475779559463
0.18902788541882692
0.19357336911361187
0.19808087701292393
0.20254999954348357
0.20698042977749667
0.2113717834023461
0.215723738112773
0.2200359432176914
0.22430809558486295
0.22853986240614194
0.23273090497038057
0.23688093174214017
0.24098962688186082
0.2450567217503225
0.2490819142261087
0.25306488957191814
0.25700540720580783
0.26090318584861966
0.26475794749097603
0.2685694568295652
0.27233745487145317
0.2760616972217052
0.2797419451240312
0.2833779802288472
0.2869695698701767
0.2905165215708164
0.29401858602246916
0.29747559612501434
0.3008873280250813
0.3042536464650328
0.3075743029167788
0.3108491851623047
0.314078089115037
0.317260873256301
0.32039740133718925
0.32348750033435103
0.3265310446706919
0.3295279247481044
0.3324779769919197
0.3353811485856342
0.33823727261098047
0.341046267433914
0.34380806078921006
0.34652255163548207
0.3491896708704893
0.35180935257850127
0.3543815047984495
0.3569060984350593
0.3593830989641366
0.3618124205598295
0.36419407656153013
0.3665280173883882
0.3688142199339327
0.3710526930569495
0.37324343011794514
0.37538643124783866
0.37748171564792105
0.37952927105492645
0.38152916667324066
0.38348139483373367
0.3853860401204012
0.3872431094574393
0.3890526967694768
0.390814829570447
0.39252959627956324
0.3941970797609999
0.39581736488311686
0.39739055076580454
0.3989166957914489
0.4003959527027263
0.40182839562447376
0.4032141899025735
0.4045534197974883
0.40584624702537725
0.4070928300917072
0.40829325093572
0.40944774647247895
0.41055642176501406
0.41161948261125764
0.4126370725469921
0.41360941290345965
0.4145366724757091
0.4154190271430461
0.4162567343116203
0.4170499331388181
0.4177989086649332
0.4185038379312705
0.41916496771233297
0.41978255955640564
0.420356821860242
0.4208880212212521
0.42137637821554613
0.42182220924770125
0.42222575449811117
0.42258728057422373
0.4229070851906991
0.42318543633446515
0.42342263276214454
0.4236189859441323
0.4237747867593777
0.42389034221772787
0.4239659815389723
0.42400200062333676
0.4239987587706801
0.4239565638542517
0.42387576444233926
0.42375670228307216
0.4235997342139926
0.4234051883741225
0.42317345602916495
0.4229048689036788
0.4225998277245702
0.42225866993680083
0.4218818016879025
0.42146961070880334
0.42102246795077436
0.42054077539879214
0.42002492143390036
0.41947532027243234
0.41889236065551183
0.4182764688365396
0.41762806123109275
0.4169475565451631
0.4162353694151707
0.41549191153131804
0.41471766603718346
0.4139129979782141
0.413078420125481
0.41221430653812086
0.4113211451625669
0.41039937322041653
0.4094494424310114
0.4084717922866404
0.407466918401391
0.40643525294818184
0.40537727047836536
0.40429344898732644
0.40318423562571326
0.40205010055804796
0.40089156615087174
0.39970906163611364
0.39850311180700865
0.39727415272280203
0.396022692862459
0.39474923056936256
0.3934542264103811
0.39213818350618984
0.39080162971574706
0.3894450106211219
0.38806884835563143
0.38667361407773826
0.38525984830273596
0.38382803579290786
0.3823786698907871
0.38091223705257793
0.37942929214307625
0.37793029834214037
0.3764157722742441
0.37488621665077937
0.37334215070925775
0.3717840744224962
0.3702124928519795
0.36862791205150164
0.3670308546669128
0.3654218102984862
0.36380130790131104
0.36216984604428043
0.3605279222817686
0.35887605231932274
0.35721475313101186
0.35554453369668537
0.3538658631457194
0.352179287892417
0.3504853026144512
0.34878439424181074
0.3470770705379748
0.34536387511443656
0.34364524250677
0.34192171745501876
0.34019377118510913
0.33846191014075927
0.33672663078656057
0.33498841874509483
0.3332477844078847
0.33150517046416156
0.3297611055402866
0.32801604951048247
0.32627050787493905
0.3245249449031252
0.3227798309345154
0.3210356621440163
0.31929289758335444
0.31755198199486734
0.3158134359832738
0.3140776723321606
0.31234517670516804
0.3106163968509697
0.3088917926059338
0.3071718020955904
0.30545691309930245
0.30374747362612314
0.30204404843133253
0.30034698801389953
0.2986567403416664
0.2969737497372674
0.29529843969028513
0.29363121882985865
0.29197250543412867
0.2903227183451904
0.28868225139247533
0.2870515260045479
0.28543094706078687
0.2838208688227321
0.28222172986928135
0.28063387041369975
0.27905770638895616
0.27749358876275343
0.2759419154723717
0.2744030146787922
0.2728772876500366
0.2713650474195944
0.26986666809080156
0.26838249979536827
0.26691285851463176
0.26545807356560064
0.2640185266204824
0.2625944749153048
0.26118627622800833
0.2597942294046587
0.25841863515781494
0.2570597999044675
0.25571801063755606
0.25439356267255414
0.25308672769286444
0.25179776949278543
0.25052699375983
0.2492746418974328
0.2480409517256977
0.24682620613468215
0.2456306448076176
0.24445447874654175
0.2432979561694414
0.24216131041086839
0.2410447445173625
0.2399484757951907
0.23887270419020887
0.23781763366210884
0.23678346633184308
0.23577036506027
0.23477852181408537
0.23380809172716974
0.23285925060133314
0.23193215399673073
0.2310269566783019
0.23014379466219625
0.2292828060597802
0.2284441179546096
0.22762785754874548
0.2268341357292167
0.22606306310558238
0.22531472004622757
0.22458923970691114
0.22388668824718866
0.22320713153690322
0.2225506575121995
0.22191734617507922
0.22130720314995686
0.22072034274385166
0.220156762977715
0.2196165121076519
0.21909962614021297
0.21860611675512567
0.21813600942387076
0.217689305011618
0.21726600825124823
0.21686609169238355
0.21648957943106847
0.21613640209889542
0.2158065771324273
0.21550003554519287
0.2152167260961063
0.21495664336046072
0.214719691550318
0.21450580896804244
0.21431493670359106
0.2141469715327492
0.21400187653916125
0.21387949570767445
0.21377978190891264
0.21370259175537382
0.21364782732609347
0.21361533964159035
0.21360504960266963
0.21361678541550078
0.21365041989139952
0.21370578104637278
0.21378274600821176
0.21388111095659249
0.2140007520827101
0.21414145257843797
0.21430307182611752
0.21448538602093165
0.21468820558596832
0.21491132632568752
0.2151545457871219
0.21541764214002973
0.21570039838016866
0.21600258477693662
0.21632397268231468
0.21666429572210194
0.21702333320644457
0.21740083097360588
0.21779650822997326
0.21821012545550472
0.21864138755964796
0.21909005075922555
0.21955577182467156
0.22003832801312737
0.22053736435443363
0.221052640755181
0.22158381110537687
0.22213057265636216
0.22269261197838774
0.22326959129847107
0.223861223602332
0.2244671364568395
0.22508700631600478
0.22572048160892477
0.2263672297084352
0.22702690138828455
0.22769910641372618
0.2283835043169772
0.2290797339470779
0.2297874063459077
0.2305061577626425
0.23123561255818356
0.23197537809730018
0.23272505964191148
0.2334842808514494
0.23425262670981237
0.23502968496021537
0.2358150760218161
0.2366083825482291
0.23740918268342795
0.23821708493639351
0.2390316403344921
0.23985243062358486
0.24067905042891297
0.24151105462473837
0.24234798227686077
0.24318943653896855
0.24403497277300468
0.2448841420693586
0.24573648958679978
0.24659158167877337
0.24744895479622556
0.2483081598509061
0.24916875821062714
0.2500302580644995
0.25089224950501526
0.25175422228639127
0.25261574610605947
0.25347632170387163
0.2543354986802784
0.25519282529793536
0.25604781971713436
0.2568999824186614
0.25774887621121834
0.258594019135012
0.259434914419969
0.26027110501357226
0.2611021119824404
0.26192744673443447
0.2627466218811977
0.2635591878570303
0.2643646200541473
0.2651624874808911
0.2659522599034555
0.26673349753999404
0.26750567955048116
0.26826835229711027
0.26902101371529896
0.2697631835402098
0.27049441338431623
0.2712141742491314
0.27192203407443505
0.27261745823023037
0.27329999224648277
0.27396917421185774
0.2746245051695236
0.27526552809964205
0.2758917376724346
0.27650266563817355
0.27709785397503695
0.27767684201402426
0.27823913408775486
0.2787842549331888
0.2793117599778471
0.27982115874298913
0.28031201847367077
0.2807838708384785
0.2812362321613769
0.2816686672206797
0.2820807082990656
0.2824719118060561
0.28284182810416963
0.2831899881457052
0.2835159914314352
0.28381934768667555
0.28409963598174065
0.28435641462126554
0.2845892699238243
0.28479777122176814
0.2849814554475234
0.2851399256984142
0.28527276370975774
0.28537953259498383
0.28545985558547443
0.28551327136395555
0.2855394069653832
0.285537860922019
0.2855082163249126
0.2854500920722055
0.28536308465782256
0.28524681278338815
0.28510091170449314
0.2849249872311716
0.2847186610843781
0.2844815648639775
0.2842133418878126
0.2839136268229048
0.2835820442666796
0.2832182902153569
0.28282198711076784
0.28239278573567933
0.2819303520261063
0.28143438306271656
0.2809045135698988
0.2803404498100517
0.27974184836464183
0.2791084192566068
0.2784398622440815
0.2777358560604486
0.27699613068579265
0.2762203577643101
0.2754082873752793
0.2745596284654566
0.273674096470867
0.272751425606885
0.2717913904150549
0.27079368922875546
0.2697580887919044
0.26868434986562795
0.26757223798300606
0.26642149277063387
0.26523192377465277
0.26400327269450474
0.2627353634877763
0.26142794284032767
0.2600808573145743
0.25869387196575117
0.25726681636717236
0.2557995033770725
0.25429174468795906
0.2527433807640415
0.2511542500956559
0.2495241720612666
0.2478530071904914
0.2461406377553794
0.24438688029676772
0.24259160518061496
0.24075473049736865
0.23887608220436302
0.2369555544939816
0.23499308036289765
0.23298852479344875
0.23094180996611896
0.2288528210854933
0.226721512170541
0.22454778280192483
0.2223315767461975
0.22007281233792142
0.21777148136697544
0.2154274981202126
0.21304081742994385
0.21061143879200153
0.20813928489533215
0.20562436284409777
0.2030666590111356
0.2004661545359289
0.1978228612400361
0.1951367674312173
0.1924078800299971
0.1896362339971054
0.18682184986061762
0.18396473685137393
0.1810649621506538
0.17812254740705807
0.1751375683577353
0.17211005091753973
0.16904005581561832
0.165927676663216
0.16277298305064883
0.15957604517375684
0.15633696623412793
0.15305582628396655
0.1497327334084487
0.1463677893124322
0.14296110973400306
0.13951280954000778
0.13602302447185327
0.13249188374514131
0.12891953063518022
0.12530608030138732
0.12165172696682565
0.1179565880045474
0.11422083798036256
0.11044465435351576
0.10662819778366162
0.10277165471431352
0.09887520482365748
0.09493904909089482
0.09096337055116531
0.08694837500848666
0.08289428051753527
0.07880130402448807
0.0746696403442324
0.0704995149341498
0.066291186286478
0.062044871561964365
0.05776081519445327
0.05343924506349118
0.04908044116722687
0.04468463941025295
0.04025210918836176
0.03578311693605316
0.03127792534227574
0.02673681869625917
0.022160088424533975
0.017547990565308758
0.012900843105831273
0.008218930187740623
0.0035025402974175413
-0.0012480035484477724
-0.006032408801871024
-0.010850345256470334
-0.015701498131029914
-0.02058555634398279
-0.025502184305763502
-0.030451072402461827
-0.03543185508789349
-0.040444228386709996
-0.04548781817905982
-0.05056227853252316
-0.05566729036637411
-0.060802464476772684
-0.06596748644242945
-0.07116195072763701
-0.0763855221775097
-0.08163780803758383
-0.08691846162447235
-0.09222709417064782
-0.09756332852933684
-0.10292678619116383
-0.10831707532882585
-0.11373383733687008
-0.11917663883662716
-0.12464511830719245
-0.1301388772148813
-0.13565750941590698
-0.14120061190205446
-0.14676776840838432
-0.15235860366404688
-0.1579726824083928
-0.1636096034791471
-0.1692689624748332
-0.17495031226646765
-0.18065327169254802
-0.1863774145857837
-0.19212229020926644
-0.19788749931341612
-0.203672629992238
-0.20947721666425617
-0.21530084800746627
-0.2211431027617797
-0.2270035428205141
-0.2328817182019526
-0.23877722510631366
-0.2446896071139188
-0.25061842819922486
-0.2565632436222375
-0.262523632908473
-0.26849913205128284
-0.27448931168826163
-0.28049374102923835
-0.28651194136176467
-0.29254350616511293
-0.2985879759267652
-0.3046449049204969
-0.31071383807654435
-0.3167943559074343
-0.322885978141167
-0.3289882741173573
-0.3351007943977646
-0.34122310889281465
-0.34735474595881294
-0.35349526031172
-0.3596442244164494
-0.36580118283569374
-0.3719656760724888
-0.37813727490895976
-0.38431552011298803
-0.3904999837407561
-0.3966902024391469
-0.40288573559114393
-0.4090861366161668
-0.4152909796121898
-0.4214997995255607
-0.4277121745771558
-0.4339276618375863
-0.44014580089685745
-0.446366179338755
-0.4525883313033894
-0.45881186862590084
-0.4650363060194575
-0.4712612292459786
-0.4774862020407186
-0.48371080284675966
-0.4899345920942424
-0.49615715094803475
-0.5023780423216866
-0.508596857476503
-0.5148131556259227
-0.5210265031566556
-0.5272365325116715
-0.5334427634411706
-0.5396448328651074
-0.5458422982890497
-0.5520347551239828
-0.5582217859415344
-0.5644029886317651
-0.5705779646113255
-0.5767463119984906
-0.5829075999353138
-0.589061471332831
-0.5952074948007001
-0.6013453130420023
-0.6074745159045446
-0.6135946889187217
-0.6197054933224863
-0.6258065298142262
-0.6318973948344975
-0.6379777234337907
-0.6440471485995101
-0.6501052929181679
-0.6561517819464199
-0.6621862577671453
-0.6682083505994726
-0.6742176864932842
-0.6802139205496476
-0.6861966958871957
-0.6921656686584379
-0.6981204815824414
-0.704060789082569
-0.7099862360424037
-0.715896491252966
-0.7217912308219118
-0.7276701071834413
-0.7335327972088712
-0.7393789605884645
-0.7452082971098695
-0.7510204564110919
-0.756815149108649
-0.7625920400638196
-0.7683508327164034
-0.774091212864679
-0.7798128822595938
-0.7855155390761451
-0.7911988857214753
-0.7968626234640402
-0.8025064763934446
-0.8081301498630673
-0.8137333539124386
-0.8193158270346642
-0.8248772738470987
-0.8304174455328902
-0.8359360558335885
-0.841432850234814
-0.846907557413524
-0.8523599390191097
-0.8577897031993115
-0.8631966483982072
-0.8685804900292912
-0.8739409877965005
-0.879277950205517
-0.8845910865245603
-0.8898801849928494
-0.8951450135986754
-0.9003853514561275
-0.9056009812585395
-0.9107916738889102
-0.915957235334925
-0.9210974262804859
-0.9262120814013816
-0.9313009649641985
-0.9363638716445594
-0.9414006525767928
-0.9464110635277124
-0.9513949509402548
-0.9563521215413179
-0.9612823907680541
-0.9661855667978965
-0.9710615099824574
-0.9759100268590122
-0.9807309530007456
-0.9855241390424844
-0.9902894246899047
-0.9950266223948931
-0.9997356295975315
-1.0044162637508118
-1.0090683894792825
-1.0136918589244126
-1.01828654523654
-1.0228523064372506
-1.0273890168432285
-1.0318965581103263
-1.036374776241364
-1.0408235664373067
-1.045242823478815
-1.049632420127819
-1.053992249121325
-1.0583222005166875
-1.0626221741827293
-1.0668920607077625
-1.0711317711699595
-1.0753412052460243
-1.0795202852236405
-1.083668905984983
-1.0877869816108992
-1.0918744505646156
-1.0959312050700285
-1.099957204701967
-1.1039523505307445
-1.1079165692597612
-1.1118498086567092
-1.1157520003548234
-1.1196230845130388
-1.123463008691471
-1.1272717112315562
-1.131049123029901
-1.134795218625133
-1.138509959111181
-1.1421932620476734
-1.145845114258552
-1.1494654859501006
-1.1530543130087068
-1.156611571436833
-1.1601372252664859
-1.1636312714184192
-1.16709366555971
-1.1705243780861045
-1.173923409370989
-1.17729069962706
-1.1806262728330128
-1.1839301027863163
-1.18720217974415
-1.1904424799906186
-1.1936510054187146
-1.1968277610791365
-1.1999727276072871
-1.2030859041780928
-1.2061673048941628
-1.2092169157767756
-1.212234768747043
-1.2152208356793972
-1.2181751529293445
-1.2210977118230717
-1.2239885305122937
-1.226847645349173
-1.229675041941249
-1.232470746399373
-1.235234784542984
