1025
-1.2811292029801788
-1.2809634781305002
-1.280791367891943
-1.2806130649498308
-1.2804287720372913
-1.2802386826548628
-1.2800429984690884
-1.279841919128235
-1.27963564983724
-1.2794243798957383
-1.2792083281236468
-1.2789876838686567
-1.2787626618014236
-1.2785334669346555
-1.2783002945454276
-1.2780633675873583
-1.2778228788911177
-1.2775790463716137
-1.277332071358952
-1.2770821693386714
-1.2768295514611199
-1.276574424361769
-1.27631700137844
-1.2760574962787712
-1.2757961222554564
-1.2755330932617306
-1.2752686190690212
-1.2750029159274345
-1.2747361996847886
-1.274468688500194
-1.2742005931450555
-1.2739321361173503
-1.2736635312514792
-1.2733949908279205
-1.2731267372601764
-1.2728589944868325
-1.2725919706959328
-1.2723258936875834
-1.2720609699450047
-1.2717974281172928
-1.2715354944440815
-1.27127536895874
-1.2710172879760582
-1.2707614614820615
-1.27050811703578
-1.2702574773184507
-1.2700097510873467
-1.2697651712393048
-1.2695239464346608
-1.269286304932383
-1.269052466953631
-1.268822654790052
-1.2685970859579885
-1.268375983376959
-1.268159559932096
-1.2679480461396155
-1.267741658659418
-1.2675406121965394
-1.2673451422586617
-1.2671554515745274
-1.2669717723034184
-1.2667943107663715
-1.2666232978974743
-1.2664589447946424
-1.2663014748116312
-1.2661511081158223
-1.2660080585128488
-1.2658725451783954
-1.2657447810718965
-1.2656249909172474
-1.2655133869173818
-1.2654101765059074
-1.2653155876638955
-1.2652298297528728
-1.2651531216446013
-1.2650856697259305
-1.2650276914429617
-1.2649793944464665
-1.2649410007199928
-1.2649127059734173
-1.2648947312631524
-1.2648872862824756
-1.2648905823931615
-1.2649048200991329
-1.264930210065762
-1.2649669605613938
-1.2650152708913855
-1.2650753604158245
-1.265147417303803
-1.2652316504854684
-1.265328265929284
-1.2654374561224453
-1.2655594323476436
-1.2656943778162346
-1.2658425128869362
-1.266004018089825
-1.2661790885897186
-1.266367933457263
-1.2665707264354484
-1.2667876814804966
-1.2670189713323652
-1.267264794321415
-1.267525342104099
-1.2678007962171018
-1.2680913398777898
-1.268397171336281
-1.268718462376525
-1.2690553958065995
-1.2694081576898613
-1.2697769246660955
-1.2701618753665513
-1.2705631874817762
-1.2709810243484276
-1.2714155737418926
-1.271867002584165
-1.2723354848141124
-1.272821176073717
-1.2733242521316672
-1.2738448783271155
-1.2743832181949368
-1.2749394328421113
-1.2755136817302262
-1.2761061160883083
-1.2767169093466826
-1.2773461987496186
-1.2779941420171164
-1.2786608982558987
-1.2793466014212513
-1.2800514151257898
-1.2807754793836479
-1.2815189129191402
-1.2822818930207966
-1.2830645435746089
-1.2838670010451942
-1.2846893955343204
-1.2855318635776616
-1.2863945400934698
-1.287277548979998
-1.2881810108610023
-1.2891050618541902
-1.2900498160011566
-1.291015389187073
-1.2920019060119365
-1.2930094789781443
-1.2940382239061936
-1.2950882389384486
-1.2961596375265017
-1.2972525353135227
-1.2983670277168307
-1.2995032076467181
-1.300661177334958
-1.3018410380650072
-1.3030428704681516
-1.3042667830957397
-1.3055128516666359
-1.3067811562578624
-1.308071784620896
-1.309384813868979
-1.3107203327978392
-1.3120784044195968
-1.3134591119100765
-1.31486249928201
-1.3162886495641595
-1.3177376242782322
-1.3192094870955582
-1.320704294475255
-1.3222220974941477
-1.3237629460095282
-1.3253268911816152
-1.326913980428162
-1.3285242569476037
-1.3301577559213182
-1.3318145231650602
-1.333494584600388
-1.3351979779918024
-1.3369247206798283
-1.3386748437215914
-1.3404483746548366
-1.342245323289522
-1.344065714197744
-1.3459095456214405
-1.3477768375870465
-1.3496675922826136
-1.351581816926079
-1.3535195059385874
-1.3554806524152063
-1.3574652630900712
-1.3594733111155899
-1.3615047919224965
-1.3635596926557025
-1.3656379876748472
-1.367739646765176
-1.3698646521479947
-1.372012972133945
-1.374184579407176
-1.376379425588718
-1.3785974760766333
-1.3808386888417254
-1.3831030079939648
-1.3853903920124049
-1.3877007874322065
-1.3900341249646373
-1.3923903536844975
-1.3947694099447108
-1.3971712190087495
-1.3995957192939954
-1.4020428276598067
-1.4045124650912288
-1.4070045503837072
-1.409519003194185
-1.4120557288514437
-1.414614632125039
-1.4171956272253448
-1.4197986063760533
-1.4224234679789947
-1.4250701031077662
-1.4277384009639764
-1.4304282525694387
-1.4331395270083773
-1.4358721202248454
-1.4386258991061844
-1.4414007350834983
-1.444196491017175
-1.4470130385875866
-1.4498502363254278
-1.452707941739135
-1.4555859999174063
-1.458484270233644
-1.4614025960346593
-1.4643408193066305
-1.467298772643103
-1.4702763033850526
-1.473273238324704
-1.476289399447428
-1.479324615376709
-1.482378702803561
-1.48545148692506
-1.4885427745576454
-1.491652387107716
-1.4947801138232473
-1.4979257674683146
-1.5010891457587026
-1.5042700401737636
-1.507468250461308
-1.5106835559984129
-1.5139157550637314
-1.5171646120013866
-1.5204299211498804
-1.5237114459878778
-1.5270089599412642
-1.5303222269109213
-1.5336510218859476
-1.536995102788707
-1.5403542164111974
-1.5437281249380224
-1.5471165712031922
-1.550519315382355
-1.55393609683727
-1.5573666380181044
-1.5608106995103364
-1.564268004096461
-1.5677382783397162
-1.5712212559086023
-1.574716659645559
-1.5782242042762915
-1.5817436106095129
-1.5852745953395824
-1.5888168632831323
-1.592370134505568
-1.5959340937879203
-1.5995084562174458
-1.6030929117823962
-1.6066871720972506
-1.6102909004163157
-1.6139038154723104
-1.6175255825788086
-1.621155895081123
-1.6247944339181257
-1.6284408699947044
-1.6320948769402333
-1.6357561391609816
-1.6394243046274206
-1.643099065660229
-1.6467800577218468
-1.6504669547980195
-1.6541594161336406
-1.6578570938317572
-1.6615596442889575
-1.6652667133519636
-1.668977942698856
-1.6726929851035093
-1.6764114845457825
-1.6801330711325706
-1.6838573922176183
-1.6875840752936613
-1.6913127522412672
-1.6950430630654796
-1.6987746313388048
-1.7025070807644678
-1.7062400386962315
-1.7099731161541991
-1.7137059462274642
-1.7174381334590092
-1.7211693087368196
-1.7248990671400222
-1.7286270368420233
-1.7323528135837496
-1.7360760124672974
-1.7397962417824235
-1.7435131018251802
-1.7472262029239334
-1.7509351293842734
-1.754639491423181
-1.7583388778055948
-1.7620329016684535
-1.7657211406806157
-1.7694031954016334
-1.7730786659748412
-1.7767471174428378
-1.780408169335934
-1.7840613866878132
-1.7877063728765248
-1.791342699510598
-1.7949699627931082
-1.7985877460780155
-1.80219561424704
-1.8057931746237914
-1.8093799833884667
-1.812955641113393
-1.816519713263007
-1.8200717859236801
-1.8236114407796857
-1.8271382480506708
-1.8306517906190256
-1.8341516285769979
-1.8376373630609777
-1.8411085544075634
-1.8445647815129982
-1.848005621189579
-1.8514306418201056
-1.8548394230057146
-1.8582315433443324
-1.8616065735107725
-1.8649640869595765
-1.8683036671562245
-1.8716248732992073
-1.8749273006255351
-1.8782105094756374
-1.881474084500964
-1.884717599469001
-1.8879406359059385
-1.8911427634390792
-1.8943235705958577
-1.8974826244339942
-1.9006195197878002
-1.9037338157096435
-1.9068251134309973
-1.909892990536184
-1.9129370249535864
-1.915956811099207
-1.9189519219472344
-1.9219219546194866
-1.9248664882746493
-1.9277851189718656
-1.930677439088956
-1.9335430376869736
-1.9363815104697608
-1.9391924401715552
-1.9419754501760713
-1.9447301114856446
-1.9474560497823243
-1.9501528468704834
-1.9528201149517848
-1.95545746716297
-1.9580644993616185
-1.9606408218442601
-1.9631860667111833
-1.9656998281524363
-1.968181733257132
-1.970631401037022
-1.9730484502528696
-1.975432498466084
-1.9777831960748835
-1.9801001500891449
-1.9823830089499417
-1.9846313953101216
-1.9868449540338737
-1.9890233275391664
-1.9911661537955627
-1.9932730809924266
-1.995343772837433
-1.9973778628074375
-1.9993750215416213
-2.001334897911659
-2.003257167899154
-2.005141493013231
-2.006987543084495
-2.0087949824631015
-2.0105635121293184
-2.012292790005376
-2.013982514280451
-2.015632366116466
-2.0172420470733927
-2.0188112468448405
-2.020339669915144
-2.0218270139109253
-2.0232730000985546
-2.0246773301775494
-2.0260397304610085
-2.0273599190421323
-2.0286376173957135
-2.029872562575942
-2.031064487952446
-2.03221313865718
-2.033318244297924
-2.0343795674622505
-2.035396861021267
-2.036369874197624
-2.0372983725896705
-2.0381821452453144
-2.039020937193546
-2.0398145461237416
-2.040562743899629
-2.041265325194234
-2.041922084689968
-2.0425328170732495
-2.0430973377960346
-2.043615436283665
-2.0440869483205604
-2.0445116823985896
-2.0448894751018143
-2.0452201529868868
-2.0455035492371585
-2.045739519082348
-2.045927905247075
-2.046068550450796
-2.0461613417925393
-2.0462061255496895
-2.046202780326652
-2.0461511862150012
-2.0460512259191277
-2.045902789633476
-2.04570578499244
-2.045460085640732
-2.0451656425855114
-2.0448223414704176
-2.0444301086062415
-2.0439888787203846
-2.043498589341122
-2.0429591745270668
-2.0423705795080322
-2.041732766063587
-2.041045686110175
-2.040309317519201
-2.0395236331996736
-2.0386885966627992
-2.0378042179537927
-2.036870471188536
-2.035887372033532
-2.034854917068583
-2.0337731326849133
-2.032642025812786
-2.031461636365843
-2.030231986061841
-2.028953127228789
-2.027625110519286
-2.026247981870612
-2.0248217994771656
-2.0233466570469427
-2.021822605799679
-2.020249745074598
-2.018628160613161
-2.016957950110644
-2.0152392195676705
-2.0134720815750042
-2.0116566523615034
-2.0097930616593915
-2.0078814357720525
-2.0059219300884528
-2.003914683918256
-2.0018598495738567
-1.9997575958443863
-1.9976080961771419
-1.995411513000562
-1.9931680396893705
-1.9908778730869316
-1.9885412066519872
-1.9861582415084742
-1.9837291937327775
-1.9812542920312117
-1.97873376284532
-1.97616783071897
-1.9735567511599144
-1.9709007592764245
-1.9682001229681152
-1.9654551035568169
-1.962665973761171
-1.9598330143333444
-1.9569565010245398
-1.9540367366179132
-1.9510740211160404
-1.9480686598858759
-1.9450209684094188
-1.9419312589791626
-1.9387998775541497
-1.9356271509757026
-1.9324134221964593
-1.9291590417373268
-1.9258643743699344
-1.9225297626928033
-1.9191556065159403
-1.9157422668131898
-1.9122901304679838
-1.9087995951538372
-1.905271052674664
-1.9017049186562334
-1.8981015963407315
-1.8944615133272975
-1.8907850851867434
-1.887072761998025
-1.883324961195668
-1.8795421551308074
-1.8757247762788587
-1.8718732831364377
-1.8679881583980047
-1.8640698662844242
-1.8601188807882636
-1.8561356933520803
-1.8521207872214387
-1.8480746813055806
-1.8439978505653791
-1.8398908309780875
-1.835754124302174
-1.8315882618370483
-1.8273937561157845
-1.8231711632721241
-1.8189210126807356
-1.8146438528945739
-1.8103402280237766
-1.8060107133907992
-1.8016558479432654
-1.7972762265407762
-1.7928724063457708
-1.7884449824915052
-1.7839945272202675
-1.7795216320465166
-1.775026900864504
-1.7705109280794902
-1.7659743246467803
-1.7614177007274117
-1.7568416746949866
-1.7522468630112629
-1.7476338890808023
-1.7430033964555574
-1.738356016641042
-1.7336923803936513
-1.7290131422000334
-1.7243189453173358
-1.7196104550941236
-1.7148883053104116
-1.7101531812497528
-1.7054057304918513
-1.7006466408144931
-1.695876574158155
-1.6910962106225305
-1.6863062316421311
-1.6815073164380636
-1.6767001724636317
-1.671885467269087
-1.6670639134310539
-1.662236195333343
-1.657403028879675
-1.6525651157952432
-1.6477231478232257
-1.6428778534687183
-1.6380299374972955
-1.633180116731687
-1.6283291089096463
-1.623477639248883
-1.6186264285987826
-1.6137762003784846
-1.6089276847272775
-1.6040816066069747
-1.5992386942721029
-1.5943996929488882
-1.5895653265610037
-1.5847363353203554
-1.579913464184619
-1.5750974408697165
-1.5702890086243924
-1.5654889166243149
-1.5606979011726823
-1.5559166970336078
-1.5511460596719662
-1.546386740021199
-1.5416394710901393
-1.536905001556104
-1.5321840820585297
-1.5274774554799486
-1.5227858633789775
-1.5181100678391788
-1.5134507936188897
-1.508808810572422
-1.5041848456485678
-1.4995796575968396
-1.4949939758404531
-1.4904285508272075
-1.48588413376975
-1.4813614627686924
-1.4768612685677043
-1.4723843016886318
-1.4679313005976298
-1.4635029949528287
-1.4591001241746666
-1.4547234282466046
-1.4503736278523665
-1.4460514542361529
-1.4417576446017142
-1.4374929089946975
-1.433257990546077
-1.4290535917300102
-1.424880445862086
-1.4207392535270598
-1.4166307387002994
-1.4125556041632943
-1.408514557673832
-1.4045083129122127
-1.4005375548905603
-1.3966029984922759
-1.3927053145612172
-1.3888452056245895
-1.385023359808089
-1.381240455940479
-1.377497175913144
-1.3737941824444186
-1.37013214939111
-1.366511745356616
-1.3629336428794907
-1.3593984767645886
-1.355906904528023
-1.3524595795930154
-1.3490571318891025
-1.345700209807857
-1.3423894457618848
-1.3391254519122175
-1.3359088624191024
-1.3327402824360193
-1.3296203279126413
-1.326549603845782
-1.3235286962280468
-1.3205582160853355
-1.3176387303203936
-1.314770825268614
-1.3119550756713976
-1.3091920511748825
-1.3064823150564575
-1.3038264075247878
-1.3012248833863773
-1.298678285235135
-1.2961871369183073
-1.2937519840525362
-1.2913733206505889
-1.2890516741903588
-1.2867875483144602
-1.2845814359279157
-1.28243382756407
-1.280345201770672
-1.278316038732915
-1.2763468066252102
-1.2744379603763327
-1.272589949634785
-1.2708032129230282
-1.2690781935117834
-1.2674153141302988
-1.2658149831595367
-1.2642776300681258
-1.2628036420651396
-1.2613934096316186
-1.2600473198861242
-1.2587657520672935
-1.2575490622955492
-1.256397621703141
-1.2553117600821146
-1.2542918300689223
-1.253338167385831
-1.2524510760015026
-1.2516308868477268
-1.250877880414672
-1.250192365856743
-1.249574623187446
-1.2490249214945004
-1.2485435273869832
-1.248130704566522
-1.2477866897341579
-1.247511717333144
-1.247306016416904
-1.2471698099810125
-1.247103288208453
-1.2471066687762073
-1.2471801110929688
-1.2473238161814755
-1.2475379309103074
-1.2478226304741191
-1.2481780446991988
-1.2486043180185362
-1.249101576494609
-1.2496699298440226
-1.2503094877496743
-1.2510203461121177
-1.2518025844310658
-1.2526562755082593
-1.2535815047458958
-1.2545783012146967
-1.255646709905245
-1.2567867831563246
-1.2579985206825515
-1.25928193675363
-1.2606370510419889
-1.2620638404826012
-1.2635622922749838
-1.2651323645834127
-1.2667740318564116
-1.2684872341931042
-1.2702719103099547
-1.2721279855004675
-1.27405539532391
-1.2760540271656287
-1.2781237828443586
-1.2802645584784094
-1.2824762105244523
-1.2847586184071704
-1.2871116341522855
-1.2895351028144044
-1.2920288587657887
-1.2945927249036366
-1.2972265113024446
-1.2999300252079704
-1.302703062944182
-1.3055453962583075
-1.3084568092133042
-1.3114370572758667
-1.314485902102925
-1.3176030726221413
-1.320788304281393
-1.324041322187911
-1.3273618398713434
-1.3307495550772825
-1.3342041660760322
-1.337725347061898
-1.3413127718569073
-1.3449661088631297
-1.3486850061528866
-1.352469107795092
-1.3563180513267175
-1.360231456520568
-1.3642089466283147
-1.3682501136258831
-1.3723545678590858
-1.3765218889461617
-1.3807516510851396
-1.3850434342107965
-1.3893967859774614
-1.3938112663188023
-1.3982864127271235
-1.4028217612988343
-1.4074168305150603
-1.4120711374761166
-1.416784199411749
-1.4215555077252209
-1.426384548520995
-1.4312708030481036
-1.43621375748501
-1.4412128712329273
-1.446267599102183
-1.451377385519055
-1.4565416893411733
-1.4617599317110095
-1.467031539501981
-1.4723559399458317
-1.4777325367011052
-1.4831607366995732
-1.4886399444291978
-1.4941695350891968
-1.4997489056584206
-1.50537742330421
-1.5110544580883742
-1.516779375559559
-1.5225515274541714
-1.5283702730490274
-1.5342349475639685
-1.5401448892245455
-1.5460994309490101
-1.5520978908574024
-1.5581395983113686
-1.564223853718837
-1.5703499795454294
-1.5765172735757136
-1.5827250232261438
-1.5889725331579623
-1.5952590769537647
-1.6015839464012394
-1.607946410191328
-1.6143457515023416
-1.620781223400203
-1.6272520970326823
-1.633757631257991
-1.6402970757234803
-1.6468696855976988
-1.6534746961484028
-1.6601113625525912
-1.666778919468314
-1.673476593692407
-1.6802036211023608
-1.686959233106934
-1.693742661685464
-1.7005531097905848
-1.7073898089570048
-1.714251977946849
-1.7211388205246376
-1.728049557694308
-1.73498339060825
-1.7419395274982301
-1.7489171785698874
-1.7559155391447232
-1.762933808445515
-1.7699711961518336
-1.7770268974387615
-1.7841001010795747
-1.7911900049357643
-1.7982958062532894
-1.8054166929731141
-1.8125518618520788
-1.8197005037564542
-1.8268618088812458
-1.8340349645388596
-1.8412191661206287
-1.8484136030066558
-1.855617458175009
-1.8628299365669103
-1.8700502147026834
-1.8772774858090873
-1.8845109466151602
-1.8917497878013767
-1.898993196149886
-1.9062403771929337
-1.9134905204680068
-1.9207428205570163
-1.9279964741620068
-1.9352506844735304
-1.9425046523812515
-1.949757577236109
-1.957008663040769
-1.9642571198662007
-1.971502153221367
-1.9787429810581918
-1.9859788036263872
-1.9932088463027449
-2.0004323281101457
-2.0076484720064434
-2.0148564933695585
-2.022055627387074
-2.0292451002727065
-2.036424146385668
-2.0435920050269947
-2.0507479160652795
-2.0578911312357424
-2.065020874678635
-2.0721364228713144
-2.0792370265615205
-2.0863219422906463
-2.0933904330078756
-2.1004417712541343
-2.107475230006359
-2.114490084288865
-2.1214856131166253
-2.1284611131497226
-2.1354158809683774
-2.142349188166195
-2.1492603688266323
-2.1561487009083478
-2.1630135151101006
-2.16985412732828
-2.176669859011055
-2.1834600426872366
-2.1902240016108205
-2.196961087964551
-2.20367065167532
-2.2103520307120728
-2.2170046001534907
-2.223627706602011
-2.230220731166929
-2.236783056495276
-2.2433140564158487
-2.2498131191023836
-2.2562796537260486
-2.262713057087969
-2.2691127360573415
-2.2754781086445286
-2.2818086030578346
-2.288103644514524
-2.294362672212078
-2.300585137940907
-2.3067704828565008
-2.3129181742284777
-2.3190276701028028
-2.32509844857152
-2.3311299916589117
-2.337121792204585
-2.343073339711768
-2.348984136287947
-2.354853698136716
-2.3606815400153964
-2.366467195416559
-2.372210189457419
-2.3779100741550856
-2.383566389594648
-2.3891787051472577
-2.394746576191878
-2.400269582760353
-2.4057473067501043
-2.4111793339093244
-2.4165652640012447
-2.4219047092528743
-2.4271972730479936
-2.4324425892737493
-2.437640283124168
-2.442789991367717
-2.4478913680931886
-2.4529440595066867
-2.457947737570313
-2.462902069353594
-2.4678067406710036
-2.4726614323738687
-2.4774658556068148
-2.482219698710276
-2.486922689450596
-2.491574548642533
-2.496174990814463
-2.5007237757238934
-2.5052206424397148
-2.5096653473402646
-2.51405765671716
-2.5183973368408337
-2.522684177454595
-2.526917960728602
-2.5310984941566836
-2.535225570077826
-2.5392990139311036
-2.54331865327367
-2.5472842991871216
-2.551195815493987
-2.555053032031062
-2.558855811499094
-2.5626040193637953
-2.5662975343264027
-2.569936222400249
-2.5735199857023883
-2.5770487175247956
-2.580522318508232
-2.5839407042012956
-2.587303806310683
-2.5906115371804077
-2.5938638483133616
-2.597060677073653
-2.6002019856212275
-2.6032877262677987
-2.606317873811167
-2.609292399909081
-2.6122112906528265
-2.61507454613626
-2.6178821626802495
-2.620634139306084
-2.6233305026566804
-2.6259712695403277
-2.628556472079428
-2.631086148042664
-2.6335603451313503
-2.6359791100246035
-2.638342509866859
-2.640650601936941
-2.642903468039343
-2.6451011901825097
-2.647243847440758
-2.6493315473937127
-2.651364380362561
-2.653342460905968
-2.6552659080768723
-2.657134840666829
-2.658949386344945
-2.660709682499146
-2.6624158678876424
-2.664068092672165
-2.665666520710932
-2.6672113030642475
-2.668702601409437
-2.670140608374976
-2.6715254891288067
-2.6728574279693076
-2.6741366284326684
-2.6753632820206494
-2.6765375936840052
-2.6776597638140434
-2.6787300150784805
-2.679748566558068
-2.6807156391177203
-2.6816314779414854
-2.6824963038833896
-2.6833103635698206
-2.6840739013436448
-2.684787177147151
-2.6854504433264066
-2.686063956014806
-2.6866279902035792
-2.687142813733817
-2.687608700637179
-2.688025938354165
-2.688394797757015
-2.6887155824122733
-2.6889885812166545
-2.689214093518156
-2.6893924198541805
-2.6895238598175824
-2.689608733878802
-2.6896473539540056
-2.689640033331623
