1025
-1.1938540918992537
-1.1998030945809401
-1.205701503876212
-1.2115487201410353
-1.217344143062144
-1.2230871877344611
-1.2287772708690046
-1.2344138167581225
-1.239996253401686
-1.2455240306949307
-1.2509965788484143
-1.256413362256399
-1.2617738312462827
-1.267077451942749
-1.2723237078843455
-1.277512064887379
-1.2826420250595585
-1.2877130728578083
-1.292724720133441
-1.2976764717503038
-1.3025678445639652
-1.3073983676642171
-1.3121675738432512
-1.3168750022083051
-1.3215202019972474
-1.3261027279720499
-1.330622150314406
-1.335078039537556
-1.3394699756484565
-1.3437975458849807
-1.348060349841372
-1.3522579888112842
-1.3563900786635479
-1.3604562467652825
-1.3644561165028295
-1.368389321691879
-1.372255518610334
-1.3760543550379736
-1.379785505241546
-1.383448632093609
-1.3870434099856654
-1.3905695491870065
-1.394026729661057
-1.397414669197729
-1.40073307510038
-1.4039816692645728
-1.4071601975464996
-1.410268386844764
-1.4133060009942635
-1.4162727931878882
-1.41916852904097
-1.4219929838876113
-1.4247459487397485
-1.4274272140257034
-1.430036593783134
-1.4325738867684643
-1.4350389204293255
-1.437431529859485
-1.4397515385034452
-1.4419988129451713
-1.4441731966991809
-1.446274568370597
-1.4483027939510142
-1.4502577617714898
-1.4521393627769794
-1.4539474951695577
-1.4556820755687196
-1.4573430212882201
-1.4589302653953773
-1.460443737689097
-1.4618833887889318
-1.4632491826342504
-1.4645410714978362
-1.4657590340405202
-1.4669030479370053
-1.467973112254343
-1.4689692206771467
-1.4698913893971515
-1.470739624580988
-1.47151396712668
-1.4722144448646226
-1.4728410976582835
-1.4733939796824191
-1.4738731576507706
-1.4742786990059955
-1.4746106812185
-1.4748691982390376
-1.4750543301804626
-1.4751661984257358
-1.475204911085104
-1.475170584285335
-1.4750633560899262
-1.4748833543277693
-1.474630742617885
-1.4743056526087128
-1.4739082646596815
-1.4734387509326434
-1.4728972746135627
-1.4722840467714358
-1.4715992403649447
-1.4708430770876326
-1.470015763608043
-1.4691175140320945
-1.4681485637262355
-1.467109149969607
-1.465999503423861
-1.4648198881346548
-1.4635705636534584
-1.4622517886007187
-1.4608638402314684
-1.4594069994774537
-1.4578815548702775
-1.4562878142223474
-1.4546260677029506
-1.4528966289878085
-1.4510998159715895
-1.4492359644110107
-1.4473054002724512
-1.445308462116916
-1.4432454958402545
-1.4411168572203596
-1.4389229046752634
-1.4366640140899172
-1.4343405436248229
-1.4319528886589914
-1.4295014322706017
-1.4269865598260305
-1.4244086854540405
-1.4217681981206651
-1.4190655191814123
-1.416301086684141
-1.4134752922571647
-1.4105885794502755
-1.407641385859375
-1.4046341622961889
-1.4015673482234885
-1.398441396780308
-1.395256770996155
-1.3920139420301645
-1.388713367078363
-1.38535553190731
-1.3819409206256659
-1.378470011951489
-1.374943301850776
-1.3713612808629059
-1.3677244669275987
-1.3640333560544244
-1.3602884526960217
-1.356490279512292
-1.3526393659204141
-1.3487362306937634
-1.3447813999539984
-1.3407754203232038
-1.3367188085445183
-1.3326121234631096
-1.328455914619229
-1.324250727344043
-1.3199971211938832
-1.3156956400783508
-1.3113468591922361
-1.3069513325384543
-1.3025096570892645
-1.2980223840072929
-1.2934900961860585
-1.2889133674953417
-1.2842927832332987
-1.2796289331076167
-1.2749224064829452
-1.270173796982434
-1.2653836940315406
-1.260552697045093
-1.2556814127479823
-1.250770431871297
-1.2458203715314684
-1.2408318296358816
-1.2358054292326408
-1.2307417763265218
-1.225641477235367
-1.220505160755427
-1.2153334338314812
-1.2101269324307597
-1.2048862666639053
-1.1996120643495727
-1.1943049451006442
-1.1889655451587342
-1.1835944935696765
-1.178192402643026
-1.1727599243798068
-1.1672976795113277
-1.1618062974087773
-1.1562864176032792
-1.150738682874882
-1.1451637170805935
-1.139562158128805
-1.1339346374897257
-1.1282818053635952
-1.1226042897780406
-1.1169027306533061
-1.111177771530007
-1.10543004318749
-1.0996601836053663
-1.093868842550065
-1.0880566491047967
-1.0822242373346582
-1.0763722558452622
-1.0705013286626948
-1.0646121022902708
-1.0587052135510184
-1.0527812962711682
-1.0468409817610858
-1.0408849082950677
-1.0349137114955385
-1.0289280135201337
-1.0229284568894788
-1.016915665145967
-1.0108902712852552
-1.0048529034427014
-0.99880418229768
-0.9927447466929726
-0.9866752006621818
-0.9805961772763061
-0.9745082932214063
-0.9684121747681377
-0.9623084297833837
-0.9561976739315028
-0.9500805206625529
-0.9439575898885434
-0.9378294788621083
-0.9316967967002262
-0.9255601505299588
-0.9194201432585127
-0.9132773678932946
-0.9071324233497797
-0.9009859093747874
-0.8948384142841869
-0.8886905331306749
-0.8825428430460655
-0.8763959336674341
-0.8702503738764259
-0.8641067608305351
-0.8579656593387663
-0.8518276394700852
-0.8456932775504321
-0.8395631299204083
-0.833437768277997
-0.8273177400355104
-0.8212036149092127
-0.8150959293622272
-0.8089952443863276
-0.8029021024309825
-0.796817048189149
-0.7907406096741245
-0.7846733203276898
-0.7786157257778159
-0.7725683407096778
-0.7665316971971771
-0.7605062999940265
-0.7544926682372057
-0.7484913313696688
-0.7425027716381541
-0.7365275025957106
-0.7305660269262251
-0.7246188306143739
-0.7186864056221354
-0.7127692458594077
-0.7068678242919111
-0.7009826188881549
-0.6951141073156613
-0.6892627441564572
-0.6834290146270373
-0.6776133640811818
-0.6718162537737425
-0.6660381175540767
-0.6602794312503047
-0.6545406044165047
-0.6488220947987321
-0.6431243222893775
-0.6374477134213781
-0.6317926961119629
-0.6261596885405744
-0.6205490880131787
-0.6149613228963359
-0.6093967710073652
-0.6038558536363064
-0.5983389512318633
-0.5928464490661324
-0.5873787324911703
-0.5819361735030559
-0.5765191500251858
-0.5711280314499952
-0.5657631744573212
-0.5604249318380845
-0.5551136658478529
-0.5498297116985205
-0.5445734174455698
-0.539345122135432
-0.5341451447849698
-0.5289738134710652
-0.5238314534059502
-0.5187183725155362
-0.5136348925521158
-0.5085813062068874
-0.5035579203050523
-0.49856501563443645
-0.4936028975177528
-0.48867183117438584
-0.4837721097402994
-0.4789039972927791
-0.47406775597436424
-0.46926365523511476
-0.4644919393235832
-0.4597528732337955
-0.4550466965412198
-0.4503736548177928
-0.44573396570471907
-0.441127873878164
-0.43655559835072383
-0.4320173440625025
-0.42751335403692453
-0.42304380346502624
-0.41860891701109826
-0.4142088743638385
-0.4098438821247789
-0.4055141126292546
-0.4012197462881389
-0.3969609797412309
-0.3927379534638561
-0.38855085681362017
-0.3843998306581554
-0.38028504024488424
-0.37620662881656786
-0.3721647345515188
-0.3681595013251666
-0.36419105632467824
-0.36025954437513985
-0.35636506242639926
-0.3525077419133937
-0.34868768879987705
-0.34490501109385646
-0.3411598159045137
-0.337452192375971
-0.33378222971185
-0.3301500172447784
-0.32655563622498135
-0.3229991544549576
-0.31948065653126384
-0.3160001891126716
-0.31255782875640525
-0.30915362133900304
-0.30578761888183914
-0.30245986344768716
-0.2991703998224793
-0.29591925995068125
-0.2927064797263615
-0.28953207095718503
-0.2863960759408976
-0.28329849209769986
-0.2802393328962287
-0.27721861054043645
-0.27423631650806723
-0.27129246028035986
-0.26838702131966663
-0.26551999904435236
-0.26269136517728686
-0.259901097623905
-0.2571491743779739
-0.25443556060968686
-0.25176023310316875
-0.2491231230402978
-0.24652421778975198
-0.24396343977618737
-0.24144075522417888
-0.23895609980861365
-0.23650940129343373
-0.23410060961603024
-0.23172965067535994
-0.22939642853760867
-0.22710088772461662
-0.2248429305487853
-0.22262247324598722
-0.22043942572147404
-0.21829369793305495
-0.21618516456131032
-0.21411374601050115
-0.21207931845330869
-0.21008178130938157
-0.20812101324833604
-0.206196888968574
-0.20430929487980173
-0.20245809877840912
-0.2006431573532568
-0.19886435501599617
-0.1971215375974051
-0.1954145743412163
-0.1937433054094282
-0.1921075876136998
-0.19050726516218192
-0.1889421940004522
-0.18741218640459206
-0.18591710504633358
-0.18445676705468814
-0.1830310108895418
-0.18163965044882777
-0.18028251819032362
-0.17895942776995297
-0.17767020408257858
-0.17641464355531677
-0.1751925743475276
-0.174003788111275
-0.17284809509149032
-0.17172529997525532
-0.17063518988705492
-0.1695775677864057
-0.16855221504173487
-0.16755893511676823
-0.16659750276445848
-0.16566769964943173
-0.16476931720614907
-0.16390212918575314
-0.16306589163489218
-0.16226040305862036
-0.16148541564949453
-0.16074070769977364
-0.16002603669283672
-0.1593411637248122
-0.15868585437610394
-0.15805985265688063
-0.15746293746606033
-0.1568948361507343
-0.15635531468027955
-0.1558441066890828
-0.15536096796054363
-0.15490564421492145
-0.15447786364662383
-0.154077371712966
-0.15370391900378713
-0.15335721312648004
-0.15303700753412194
-0.1527430272067136
-0.15247499913732052
-0.15223265282470222
-0.15201571260245125
-0.15182389438930716
-0.15165694537427926
-0.1515145467005185
-0.15139644266155952
-0.15130234915930452
-0.15123197242475261
-0.151185022664498
-0.15116121720197645
-0.15116027381539826
-0.15118188477373873
-0.1512257736210688
-0.15129162807616534
-0.15137915972606586
-0.15148808427088303
-0.15161808229066365
-0.15176887171886191
-0.1519401386052954
-0.15213159064913181
-0.15234291058779062
-0.15257381101546194
-0.15282397309234913
-0.15309310124307168
-0.15338087867851524
-0.1536869944880288
-0.15401115018612466
-0.1543530363648562
-0.1547123192688724
-0.15508871192970877
-0.15548188457630177
-0.15589152879905444
-0.1563173284976297
-0.15675897180561799
-0.15721613519687191
-0.1576885100268662
-0.15817577236099167
-0.15867761421739832
-0.15919369987296123
-0.15972371876588998
-0.1602673570984149
-0.1608242841172041
-0.1613941772243276
-0.16197673315632635
-0.16257161284864244
-0.1631784980215501
-0.16379706767896685
-0.16442700506792993
-0.16506798354536345
-0.16571967381845223
-0.16638175123692112
-0.16705390651040114
-0.1677357992202597
-0.16842712379183947
-0.16912754392601417
-0.16983674040130387
-0.17055438391355449
-0.17128015440763372
-0.17201373421846342
-0.17275479073012365
-0.17350300150317377
-0.17425804434016587
-0.1750195961434536
-0.17578734528854897
-0.1765609464692698
-0.17734009147845628
-0.17812445471192198
-0.1789137165800891
-0.1797075462241023
-0.1805056472280764
-0.18130766671992207
-0.18211330231332293
-0.18292223440692196
-0.183734135725409
-0.18454869420996595
-0.18536558496993805
-0.18618449720924493
-0.1870051068863424
-0.18782710694009372
-0.18865016598503342
-0.18947398831821397
-0.19029823596894493
-0.19112261603803143
-0.191946815617292
-0.19277050502964885
-0.19359338253420844
-0.19441514109848998
-0.19523546705331446
-0.19605405984269067
-0.19687058762581053
-0.19768477830345144
-0.19849629687356204
-0.1993048524048751
-0.20011013702211522
-0.20091186077724174
-0.20170970039326666
-0.20250336891177914
-0.20329256329804057
-0.2040769945603186
-0.2048563484849143
-0.20563035174581473
-0.20639868897408634
-0.20716108179195122
-0.2079172222331066
-0.2086668386609436
-0.20940963771405796
-0.21014532369133762
-0.21087362114769564
-0.21159423781780817
-0.21230689162080207
-0.21301130284677983
-0.21370719354469836
-0.21439429006730296
-0.2150723017285454
-0.2157409585142348
-0.21639999533014806
-0.21704913447125512
-0.21768810662050417
-0.21831663503507576
-0.21893447454668452
-0.21954133955477226
-0.22013698737860385
-0.22072113387487882
-0.22129353486350847
-0.22185393159018169
-0.22240206720027617
-0.22293769514534476
-0.22346054510643015
-0.22397039117287287
-0.22446697029374857
-0.22495005188039216
-0.22541937857878036
-0.22587471161069028
-0.22631582993725624
-0.22674247502041803
-0.22715442464041374
-0.22755144681873324
-0.22793331216761306
-0.22829978619552488
-0.2286506481521013
-0.2289856789293762
-0.22930465225724517
-0.22960735847033614
-0.2298935823101985
-0.23016310081516625
-0.23041571326870408
-0.23065121123164603
-0.23086937696229828
-0.2310700243658466
-0.23125294789566883
-0.23141794344559716
-0.23156482373317466
-0.2316934041709219
-0.23180348437919113
-0.23189487303831977
-0.23196739691023677
-0.2320208740930668
-0.23205512186905453
-0.23206996703416186
-0.23206524508099965
-0.232040768949908
-0.23199639480145914
-0.23193193510199098
-0.23184724723646893
-0.2317421626079679
-0.23161653858134607
-0.23147022056178876
-0.23130305065652781
-0.23111488615739045
-0.23090559679082898
-0.23067503404524736
-0.23042305849725883
-0.23014954855165515
-0.22985436984080418
-0.22953738764675835
-0.22919849415205704
-0.2288375675336561
-0.228454478353123
-0.22804913602579233
-0.2276214073039732
-0.22717120501830382
-0.22669841208890704
-0.22620294410871694
-0.22568469495657728
-0.22514358069033283
-0.22457950922386663
-0.2239923880496675
-0.2233821483769806
-0.2227486962804599
-0.22209198197291627
-0.2214119176068523
-0.22070843684545727
-0.2199814809057253
-0.21923098303594912
-0.21845690001465518
-0.2176591775008188
-0.21683776054840995
-0.21599259447358943
-0.21512365939958858
-0.21423091354974538
-0.21331431530089742
-0.21237384670199377
-0.21140947498631454
-0.21042117028416174
-0.20940893330048485
-0.20837273708987514
-0.20731257830572666
-0.20622844808876034
-0.20512034123449024
-0.20398827117998447
-0.20283222886004065
-0.20165223674994093
-0.20044830698144417
-0.19922045212580797
-0.19796869499522676
-0.19669305679496396
-0.195393582145906
-0.1940702958987058
-0.19272323635395666
-0.19135245260350325
-0.18995797095292047
-0.1885398711840399
-0.1870981885064135
-0.18563298438362466
-0.1841443234155574
-0.18263227407938326
-0.18109691206699968
-0.17953830324052938
-0.1779565273357258
-0.17635166955383413
-0.17472382078904825
-0.17307307604695196
-0.1713995224379527
-0.16970326161750576
-0.16798440978089563
-0.16624305439480436
-0.16447932001796464
-0.1626933290009385
-0.16088519482906388
-0.15905503885533476
-0.15720300224515496
-0.15532920354473806
-0.15343379751617955
-0.15151691432241568
-0.14957869079384595
-0.14761929814366814
-0.14563886617881028
-0.14363757849014208
-0.14161557940699313
-0.13957304106806023
-0.13751013542745635
-0.13542703849530494
-0.13332391794324816
-0.1312009642668874
-0.12905836547620483
-0.12689630993546547
-0.12471498409437234
-0.12251460238234382
-0.12029534632466515
-0.1180574508086889
-0.11580109835129399
-0.11352652637065869
-0.11123392881246032
-0.10892354842131809
-0.10659560050002977
-0.1042503153955304
-0.10188793324349041
-0.09950868323760957
-0.09711281010753753
-0.09470056091380331
-0.09227218723318938
-0.08982791874125537
-0.08736803540300433
-0.0848927955538329
-0.08240244417643523
-0.07989726897395787
-0.0773775385314674
-0.0748435077494324
-0.07229546893863732
-0.06973369440533701
-0.06715848289031114
-0.06457010457475394
-0.061968860338852655
-0.05935504173458624
-0.05672895306692267
-0.05409087474201891
-0.05144113108357144
-0.04878002271164017
-0.04610785073372907
-0.043424948576974515
-0.040731617142032286
-0.03802818035734067
-0.03531495650040922
-0.032592275112965474
-0.029860462342900147
-0.027119850870913537
-0.024370774212922282
-0.02161356231166765
-0.01884856602491779
-0.016076116342050237
-0.013296563021980748
-0.010510243950854908
-0.007717520617518406
-0.004918742738241568
-0.0021142580698401197
0.0006955737562899995
0.003510394624067312
0.006329846448220621
0.009153560055045218
0.011981168052960001
0.014812314103378296
0.0176466216875025
0.020483720235005217
0.02332323939947106
0.026164799662549237
0.029008034623145107
0.03185255175987787
0.034697984189760916
0.03754394347732343
0.04039004128082833
0.04323591035615717
0.04608114541880409
0.04892537170726255
0.05176819714716515
0.05460923269153424
0.057448083008872726
0.060284357722533786
0.06311767643769858
0.06594763279774653
0.06877383151465861
0.0715958760284524
0.07441338134946904
0.07722594717042483
0.08003316848976612
0.0828346467117754
0.08562999712779668
0.08841881127124214
0.09120068541673547
0.0939752327845301
0.09674204598289941
0.09950072471342451
0.10225088188985473
0.1049920983893811
0.10772399278517987
0.11044615321040267
0.11315818524594097
0.11585969217305714
0.11855027153921036
0.12122953561774438
0.12389707959080765
0.12655250980940194
0.1291954300467348
0.13182543963408336
0.134442157566329
0.13704517532199806
0.1396341163149946
0.14220858700325759
0.14476818765790372
0.14731254377310912
0.149841254058167
0.15235394550781023
0.15485022446693908
0.15732972301197135
0.15979204399957375
0.16223681629985773
0.1646636652466193
0.16707220975437012
0.1694620842224774
0.17183290340037072
0.17418431455984038
0.1765159447916974
0.17882742067012466
0.1811183871277282
0.18338848527187734
0.18563736777818238
0.1878646559718374
0.19007001346783728
0.19225309465381318
0.19441353879543433
0.1965510141665519
0.19866517396346287
0.20075568152062723
0.20282220298947756
0.2048644065669795
0.20688195743519783
0.20887454364503136
0.21084183951976002
0.21278352183179358
0.214699277119233
0.21658879586212643
0.21845176887870474
0.2202878959826551
0.2220968773108522
0.2238784153705548
0.22563221344525622
0.22735799263712445
0.22905546460949383
0.23072434663302788
0.23236437405188756
0.23397526398769217
0.23555674814041944
0.23710857454517373
0.23863048036008036
0.24012220611601434
0.24158351494246816
0.24301415641406368
0.24441388957964283
0.24578247957925226
0.24711969983116727
0.24842532421712035
0.2496991302670982
0.25094090232140814
0.2521504338377966
0.2533275177960114
0.25447196049365
0.2555835536045533
0.25666211665655725
0.2577074692202425
0.25871943165656475
0.2596978224622392
0.2606424809781966
0.26155324031713995
0.2624299475623005
0.2632724486069795
0.2640806015599654
0.2648542726655884
0.26559330280164695
0.26629758848897056
0.2669670023585939
0.2676014233995764
0.26820074032581254
0.2687648506311923
0.26929365727541055
0.2697870617892666
0.27024497478948567
0.27066732569301083
0.2710540438045546
0.2714050351439507
0.2717202660501286
0.2719996530370146
0.2722431646704894
0.272450752188355
0.272622376989911
0.272758012255035
0.27285761502864114
0.2729211829842374
0.2729487043609704
0.27294015906352
0.27289556347121835
0.27281490359080207
0.2726982034401137
0.27254548711565385
0.2723567692856413
0.2721320793370535
0.27187146749747954
0.2715749723249378
0.2712426393646611
0.2708745289450001
0.2704707060795219
0.27003123679962027
0.2695561989017393
0.2690456811549001
0.26849976068982584
0.26791854219239497
0.2673021181056005
0.2666506002183713
0.26596410403058435
0.26524275525054525
0.2644866728566625
0.26369598701392033
0.26287084483347145
0.26201138553360637
0.26111776795181707
0.2601901412054425
0.25922867940002303
0.25823354249332636
0.25720491846034454
0.25614297902877126
0.2550479199208821
0.2539199342677677
0.25275921885731917
0.2515659831232162
0.250340444920478
0.24908281050949058
0.24779332056033868
0.2464721925020462
0.24511966589021256
0.2437359870722215
0.2423213954354646
0.2408761523637386
0.23940051064525042
0.23789474193966603
0.23635910619281
0.23479389475276485
0.23319937017435782
0.2315758336398743
0.22992357629345964
0.22824287647821442
0.22653405971550078
0.224797423364633
0.22303328261304256
0.22124195495329732
0.21942375724393645
0.2175790268733932
0.21570808856115464
0.2138112889048864
0.21188895731072957
0.2099414500327134
0.20796912536087575
0.20597231638796124
0.20395141057291796
0.20190675308640701
0.19983872092193602
0.19774768873742724
0.19563404001602064
0.1934981412930812
0.19134039348359846
0.18916118260947087
0.1869608958423164
0.1847399359183423
0.18249871293563977
0.1802376144899661
0.17795706467098027
0.17565746779609032
0.17333924785090865
0.17100281471933013
0.16864859770838903
0.1662770158087747
0.16388850032454005
0.16148348971135884
0.15906241462427798
0.15662570402389492
0.1541738110588754
0.15170717082667667
0.14922623123904974
0.14673144151422746
0.1442232512343035
0.14170210993567564
0.13916848025929487
0.13662280727838857
0.13406555996073624
0.13149719867393833
0.1289181775909869
0.12632897356248152
0.12373004141107885
0.12112185376675726
0.11850488412409942
0.11587959923243764
0.11324646772271484
0.11060596660222122
0.10795856466113533
0.10530474001292014
0.10264497797291529
0.09997974209668667
0.09730950482657462
0.09463476502627878
0.09195598397488067
0.08927364083296722
0.08658822573506561
0.08390021112426457
0.08121007868999269
0.07851829996674328
0.0758253606473013
0.07313173747617485
0.07043790700858672
0.0677443603150913
0.06505155859966946
0.06235998527338858
0.059670114299329224
0.056982428194006285
0.05429739908688874
0.051615491462293495
0.0489371906589067
0.046262960967703895
0.043593272964191146
0.040928601515884636
0.038269399089182726
0.03561614571382159
0.03296930129697696
0.030329327999958803
0.027696685458354124
0.025071825478359816
0.02245521438903827
0.019847305201437584
0.017248542761253798
