1025
0.340773256328093
0.34024517196726245
0.3397195409494792
0.33919620708816584
0.33867503199155147
0.3381558478037665
0.33763849997245055
0.3371228200709271
0.33660865070245655
0.3360957815386105
0.33558407248283234
0.3350733053721951
0.33456331517318355
0.3340539069104791
0.33354485697644354
0.33303600271129175
0.33252710179148226
0.33201796488575036
0.331508362983093
0.3309980881594382
0.33048692111496514
0.32997462674162986
0.32946097605102836
0.32894574142951416
0.32842868733274566
0.3279095730446297
0.327388144696529
0.3268641625782585
0.32633737580684
0.3258075385741861
0.3252743814239828
0.32473766071959465
0.3241971081256139
0.323652445759797
0.3231034188858649
0.3225497718394029
0.32199120954812127
0.3214274774872965
0.3208582699575123
0.3202833308664977
0.3197023967964872
0.3191151373654533
0.31852130686790864
0.317920593710207
0.31731272838237273
0.3166974289740913
0.31607437207564654
0.31544329944499916
0.3148038845954073
0.3141558519068662
0.3134989060169608
0.3128327525745402
0.3121570867849304
0.3114716137347043
0.3107760178854693
0.31007002337256484
0.30935331790272774
0.3086255922341689
0.3078865797385721
0.30713593821024593
0.3063733991879313
0.3055986259398963
0.3048113477347325
0.30401124545403396
0.30319802953934183
0.3023714042503098
0.30153106248014866
0.300676705908153
0.2998080281193785
0.2989247520618842
0.2980265701908316
0.2971131654825485
0.2961842768761009
0.2952395983406271
0.2942788484060893
0.29330171776882485
0.29230793061859006
0.2912971881254304
0.29026922658992405
0.2892237272732388
0.2881604339817447
0.2870790651565892
0.2859793528010565
0.2848609979518307
0.2837237358933859
0.2825673011430633
0.28139140883203634
0.2801958271459052
0.27898025466223364
0.27774444427218975
0.27648814967614305
0.2752110906231873
0.27391304512767084
0.2725937205346987
0.27125293022521635
0.26989038785188835
0.26850585375032077
0.26709912307357525
0.2656699180302549
0.264218057843351
0.26274327485849075
0.261245364211109
0.2597241157431235
0.2581793007469635
0.2566106979349394
0.255018135015429
0.2534013813623247
0.2517602373191125
0.2500945228367509
0.2484040402037457
0.2466886042563137
0.24494803565702764
0.24318212977693948
0.24139075107510607
0.23957371357051904
0.23773086700867194
0.23586201780807123
0.23396703269858268
0.23204576424643053
0.2300980643215744
0.22812379246462114
0.2261228097897877
0.22409496860791656
0.22204018639565207
0.21995829635400022
0.21784919710892833
0.2157127975735475
0.21354895429158388
0.2113576062547346
0.2091386480853906
0.20689192629608327
0.20461744906249688
0.20231509819300006
0.199984795870059
0.19762646237952172
0.1952400422721435
0.19282548934082983
0.1903827370780057
0.18791172760062363
0.18541244519379227
0.18288483660218988
0.18032885799289478
0.17774450497299987
0.1751317504850172
0.17249058772209552
0.16982097732114249
0.16712293021062968
0.16439647364238363
0.161641596712102
0.1588582904603529
0.1560465877573369
0.15320652633910678
0.15033810338909223
0.1474414013630407
0.14451643260799354
0.1415632248892198
0.13858184601054174
0.13557234740003576
0.13253481920582105
0.1294693025016328
0.1263758971187591
0.12325462455268665
0.12010560538912249
0.11692892657380603
0.11372469506349661
0.1104930045689543
0.10723395123411225
0.10394764543257226
0.10063420257030084
0.09729375355873879
0.0939264215349642
0.09053232776452126
0.08711163187437361
0.08366445562000409
0.08019096293698155
0.07669127719814432
0.07316557536406637
0.06961403056079296
0.06603679078849653
0.06243405004056597
0.058805946966868645
0.055152694909557425
0.05147446759924376
0.0477714679403899
0.044043880305472134
0.04029189641205509
0.03651575423281994
0.03271562209462807
0.028891737567810445
0.025044328487121445
0.02117360061387782
0.017279769621386196
0.013363082897371963
0.00942377664277886
0.0054621036377034
0.0014782785208720985
-0.0025274332472459493
-0.006554779743185075
-0.010603527780535313
-0.01467339343816666
-0.018764114028267616
-0.022875453927716595
-0.02700711274195006
-0.031158820257523184
-0.03533031276000228
-0.039521286881597444
-0.04373147856860975
-0.047960603083434805
-0.05220836725284932
-0.05647446617456077
-0.06075861670136959
-0.06506052559255103
-0.06937986449128136
-0.07371634871895143
-0.07806966765605486
-0.0824395146577213
-0.08682557705330046
-0.09122752825125517
-0.09564508177322666
-0.10007787608101706
-0.10452560810681763
-0.10898795612208433
-0.11346460399001627
-0.11795520376288765
-0.12245943266414061
-0.12697695812678786
-0.13150746383035744
-0.1360505911961967
-0.1406060124196493
-0.1451733873309711
-0.14975239302086654
-0.1543426588736354
-0.15894385275206344
-0.1635556486235931
-0.16817768954166548
-0.1728096404234753
-0.1774511357958053
-0.1821018442666952
-0.18676139225119837
-0.19142946856330903
-0.196105703849774
-0.20078975168217678
-0.20548127191905877
-0.21017989494799957
-0.21488529370861442
-0.21959708341048037
-0.2243149594887766
-0.2290385273036947
-0.2337674667308003
-0.2385014177867543
-0.24324004200911548
-0.24798296147566157
-0.2527298343878416
-0.25748033718092544
-0.26223410276853615
-0.2669907982759786
-0.27175004664077085
-0.2765115114607471
-0.281274890824774
-0.28603978532549146
-0.29080587562745885
-0.2955728302077297
-0.3003402907406935
-0.3051079210286413
-0.3098753947456657
-0.3146423691762487
-0.31940850112122965
-0.3241734716591717
-0.32893691842582357
-0.3336985603197869
-0.33845803448473943
-0.3432150379052195
-0.34796920034068296
-0.35272027329624445
-0.3574678649909244
-0.36221170573034966
-0.36695145658615747
-0.3716867982020424
-0.3764174394154717
-0.3811430692387241
-0.3858633524798114
-0.3905780358000235
-0.3952867503923428
-0.39998926731376366
-0.40468525907909636
-0.40937442455019213
-0.4140564827277309
-0.4187311369948713
-0.4233981094299652
-0.4280571346752287
-0.4327079139393519
-0.4373501644727718
-0.44198364288477265
-0.44660804942312715
-0.4512231398809673
-0.4558286509617644
-0.4604243022002332
-0.4650098456216247
-0.46958503263792994
-0.47414960693745145
-0.47870334822005434
-0.4832459790137719
-0.4877772936881404
-0.4922970159295401
-0.49680496034293403
-0.5013008559245976
-0.5057845146002437
-0.5102556965475135
-0.514714178295733
-0.5191597535027921
-0.5235921953806579
-0.5280113422135083
-0.5324169557650225
-0.5368088688971046
-0.5411868394402269
-0.5455507226518683
-0.5499003116453022
-0.5542354018334741
-0.5585558820517496
-0.5628614979768121
-0.5671521385559629
-0.5714275950408612
-0.5756877428351195
-0.5799323902940717
-0.5841613872110293
-0.588374623865864
-0.5925718919236391
-0.5967531130283638
-0.6009180931064285
-0.6050667361631425
-0.6091988936542404
-0.6133144241769533
-0.6174132311270577
-0.6214951791353797
-0.625560194438131
-0.6296081056777711
-0.6336388415554645
-0.6376522978279171
-0.6416483689371391
-0.6456269765431831
-0.6495880212665907
-0.6535314061559785
-0.6574570618579934
-0.6613649117260253
-0.66525486438674
-0.6691268857178628
-0.6729808633184131
-0.6768167720418627
-0.6806345338589267
-0.6844340974183282
-0.6882154051032927
-0.6919784298048113
-0.6957231009991806
-0.6994494104444895
-0.7031572842121407
-0.7068467429612552
-0.71051771150498
-0.714170173192433
-0.7178041231102076
-0.7214195210045181
-0.725016379870279
-0.7285946668138997
-0.7321543943436709
-0.7356955442483586
-0.7392181118548304
-0.7427221060080187
-0.7462075327917894
-0.7496744286393581
-0.7531227437567783
-0.7565525649446306
-0.7599638436354857
-0.763356660753969
-0.7667310143919419
-0.7700869238744723
-0.77342444312028
-0.7767436127964096
-0.7800444240369497
-0.7833269636936491
-0.78659125200386
-0.7898373363640658
-0.7930652750359976
-0.7962751347049901
-0.7994669111240491
-0.802640719225604
-0.8057965743563034
-0.8089345754580606
-0.812054766089086
-0.8151572087501524
-0.8182419888253334
-0.8213091740130868
-0.8243588002118261
-0.8273909940921375
-0.8304057999453958
-0.833403324159471
-0.8363836131145647
-0.8393467638964353
-0.8422928655005804
-0.8452220252099863
-0.8481342751801199
-0.8510297598222827
-0.8539085425102543
-0.856770731660383
-0.8596164029653206
-0.8624456681615694
-0.8652586169059231
-0.8680553635249753
-0.8708359813053637
-0.8736005973729399
-0.8763492915710521
-0.8790821792153695
-0.881799374289254
-0.884500970114556
-0.8871870721517092
-0.8898577788898904
-0.8925132366221256
-0.895153514905241
-0.897778732061801
-0.9003890170249105
-0.9029844776539108
-0.9055651740419575
-0.9081312911584328
-0.910682890389799
-0.9132201132627823
-0.9157430620186336
-0.9182518450519086
-0.920746586167288
-0.9232273741380231
-0.9256943733178642
-0.928147646725801
-0.9305873380505343
-0.9330135349968095
-0.9354263648127209
-0.9378259513031648
-0.9402123786517624
-0.942585774482627
-0.9449462815466216
-0.9472939442943432
-0.9496289287176579
-0.9519513240434422
-0.9542612418676913
-0.9565587935309177
-0.9588440900556212
-0.9611172080570082
-0.9633783360523093
-0.9656274676990462
-0.9678647877831186
-0.9700903870234837
-0.9723043513612551
-0.9745067776367905
-0.9766977826333948
-0.9788774690320354
-0.9810459213874229
-0.9832032537676484
-0.9853495382128962
-0.9874848683371867
-0.98960938013416
-0.9917231088037852
-0.9938261932890696
-0.9959186828198567
-0.9980006936240947
-1.0000722780038673
-1.0021335567781953
-1.004184578006185
-1.0062254596249465
-1.0082562508284323
-1.0102770234218228
-1.0122878775078188
-1.0142888948196955
-1.0162800863939672
-1.0182615868421143
-1.0202334227654664
-1.0221956710399678
-1.0241483987176876
-1.0260916595985816
-1.0280255158951455
-1.0299500271413302
-1.0318652438705311
-1.0337712365011646
-1.035668016226851
-1.037555654258502
-1.0394342059114574
-1.0413036946023182
-1.0431641545141268
-1.0450156588837152
-1.0468582242443205
-1.04869186810374
-1.0505166378178754
-1.0523325698906414
-1.0541396866481902
-1.0559379943165106
-1.057727514322449
-1.0595082915945733
-1.0612803133009852
-1.0630436252608924
-1.0647982148889057
-1.066544095038965
-1.0682812703993356
-1.0700097397061403
-1.071729523706949
-1.0734406014413538
-1.075142968883501
-1.0768366228481854
-1.0785215516576123
-1.080197766857324
-1.081865209200512
-1.0835238836365093
-1.0851737745431007
-1.086814853015221
-1.0884470750131467
-1.090070467391026
-1.0916849282527181
-1.0932904673216843
-1.0948870423938641
-1.0964746010826845
-1.0980531188486686
-1.0996225280392653
-1.1011828034047788
-1.102733875554916
-1.1042757195552666
-1.1058082369320357
-1.1073314236819563
-1.108845159538684
-1.1103494271649814
-1.1118441651332243
-1.1133292624243871
-1.1148046724289753
-1.1162703305747208
-1.1177261456656296
-1.119172062211561
-1.12060794511302
-1.122033783895113
-1.1234494280689458
-1.1248548288350835
-1.1262498717968392
-1.1276345023997638
-1.12900856955355
-1.1303720066293614
-1.1317247043783747
-1.133066581295223
-1.1343974902122609
-1.1357173798354208
-1.1370260797782215
-1.1383235209173932
-1.1396095508247646
-1.1408840853785889
-1.1421470028525933
-1.1433981686311905
-1.1446374698651902
-1.145864774858261
-1.147079957465351
-1.1482828841512385
-1.1494734313941157
-1.1506514776967713
-1.1518168576941032
-1.1529694397434935
-1.1541091112914785
-1.1552357028930094
-1.156349089931957
-1.1574490964239232
-1.1585356371278752
-1.1596085005027
-1.1606675892002445
-1.1617127008475316
-1.1627437151821396
-1.1637604716467125
-1.16476281272749
-1.1657505935053498
-1.1667236110231267
-1.1676817595547853
-1.1686248405192101
-1.1695527197966469
-1.1704652019136175
-1.1713621250039161
-1.1722433614719447
-1.1731087024229485
-1.1739579935980786
-1.1747910662567618
-1.1756077464990748
-1.1764078543910494
-1.1771912202320771
-1.177957676033393
-1.1787070378556863
-1.179439140826554
-1.1801538182793978
-1.180850862839264
-1.1815301189939675
-1.1821914040269463
-1.1828345161010572
-1.1834593074058657
-1.1840655900258032
-1.184653161952965
-1.1852218591405224
-1.1857715235834614
-1.1863019407240956
-1.1868129196755268
-1.1873043019126341
-1.1877759049629708
-1.188227530785416
-1.1886590095970153
-1.1890701657374685
-1.189460783720519
-1.1898307297406432
-1.19017976342001
-1.1905077512429043
-1.190814476323326
-1.1910997939738979
-1.1913635063381398
-1.1916054112961243
-1.191825339500785
-1.192023135552916
-1.1921985902091745
-1.192351526420739
-1.19248178318731
-1.1925891698059699
-1.1926734971607542
-1.1927346118244526
-1.1927723382719644
-1.192786473876367
-1.192776886075092
-1.1927433499937996
-1.1926857418969754
-1.1926038491896789
-1.1924975420991015
-1.1923666210108022
-1.192210936527603
-1.1920303214875354
-1.191824580878571
-1.191593592061931
-1.1913371458500643
-1.1910551374382745
-1.1907473764693481
-1.1904136943895374
-1.1900539467087312
-1.1896679660509972
-1.1892556268027883
-1.1888167682524042
-1.1883512276516457
-1.1878588315953038
-1.1873394814547664
-1.1867930205693362
-1.1862192890495147
-1.1856181723512023
-1.1849895021674068
-1.1843331405006223
-1.1836489842644946
-1.1829368702873286
-1.1821966896687095
-1.181428297103185
-1.1806315663055857
-1.1798063989647067
-1.1789526248632858
-1.1780701755892773
-1.1771589127993458
-1.1762187221737124
-1.1752494799903146
-1.174251071959285
-1.1732234251118796
-1.1721664123957938
-1.171079926793021
-1.1699638921964468
-1.1688181651113148
-1.1676427113512133
-1.1664374019122539
-1.1652021500554264
-1.1639368817185174
-1.1626415100148413
-1.161315962102706
-1.159960150806305
-1.1585739914431248
-1.1571574262206583
-1.1557103881953226
-1.1542328201747019
-1.15272464025132
-1.1511857977568232
-1.1496162581658038
-1.1480159193755128
-1.1463847649176762
-1.1447227550066918
-1.143029837277151
-1.1413059575532682
-1.1395511075974345
-1.1377652188456788
-1.1359483055635313
-1.1341003082158438
-1.1322211922323802
-1.1303109741951871
-1.1283695947877574
-1.1263970932993488
-1.1243934192887326
-1.1223585767848763
-1.1202925761288223
-1.118195412394761
-1.1160670660423502
-1.113907569880935
-1.1117169353404361
-1.1094951691843797
-1.1072422755648208
-1.1049583135357557
-1.102643258938263
-1.1002972026772861
-1.0979201204626705
-1.0955120958543527
-1.0930731205628461
-1.0906032800981842
-1.088102600665564
-1.0855711330138935
-1.083008946257599
-1.0804160861457386
-1.077792613912626
-1.0751386100588969
-1.0724541442103694
-1.0697392417685105
-1.066994036780143
-1.0642186068716004
-1.0614129863301953
-1.0585773217662098
-1.0557116981110217
-1.0528161663350206
-1.0498908601736205
-1.0469358673194036
-1.0439513225264085
-1.0409373011328995
-1.0378939397639702
-1.0348213527719026
-1.0317196743659582
-1.028588981993295
-1.025429451604998
-1.0222412088481228
-1.0190243612985126
-1.0157790993641707
-1.0125055326292787
-1.0092038119277864
-1.0058740923928011
-1.0025165233044155
-0.9991312699526147
-0.9957185010732368
-0.9922783712732332
-0.988811042338618
-0.98531671515001
-0.981795534972763
-0.978247701337569
-0.9746733715136653
-0.9710727665890068
-0.9674460704907911
-0.9637934657573998
-0.9601151460863663
-0.9564113258255525
-0.9526821922768606
-0.9489279732216948
-0.9451488740989693
-0.941345101458313
-0.9375168814944257
-0.9336644353154748
-0.9297879772171183
-0.9258877453881357
-0.9219639526708385
-0.9180168669665447
-0.9140466880782715
-0.9100536788299636
-0.906038087779697
-0.902000137428538
-0.8979401030834387
-0.8938582206906922
-0.889754754495803
-0.8856299550487106
-0.8814840985486632
-0.8773174472634646
-0.873130246580353
-0.8689227793020626
-0.8646953351760721
-0.860448190029676
-0.8561815920772217
-0.8518958391715761
-0.8475912210246637
-0.8432680406190918
-0.8389265452168222
-0.8345670596674595
-0.8301898737156544
-0.8257952699353935
-0.8213835673027948
-0.8169550583596956
-0.8125100324719213
-0.8080488317570611
-0.8035717311339501
-0.7990790629048762
-0.7945711416961182
-0.7900482727584102
-0.7855107868136401
-0.7809589813871463
-0.7763931947476943
-0.7718137519887739
-0.7672209716495357
-0.7626152018597427
-0.7579967448951975
-0.753365965426778
-0.7487231611049038
-0.7440686756236856
-0.7394028725058615
-0.7347260562069473
-0.730038603307938
-0.7253408242747528
-0.7206330859282273
-0.7159157044806623
-0.7111890590085332
-0.7064534793771596
-0.701709313529763
-0.6969569200798512
-0.6921966404677478
-0.6874288546913623
-0.6826538810772997
-0.6778720907997179
-0.6730838545842145
-0.6682895189067628
-0.6634894363549255
-0.6586839497185981
-0.6538734615585478
-0.6490583041165615
-0.644238835511724
-0.6394154407803144
-0.6345884545210114
-0.6297582648250168
-0.6249252324673932
-0.6200897024824427
-0.6152520600864952
-0.6104126785184529
-0.6055718931326101
-0.6007300786728944
-0.5958876197137841
-0.5910448747285247
-0.5862022005535473
-0.5813599826703822
-0.5765185719157995
-0.5716783382842314
-0.566839647172192
-0.562002877447273
-0.557168378662982
-0.5523365234186175
-0.5475076919446922
-0.5426822154463328
-0.5378604941317275
-0.5330428857489236
-0.5282297429122158
-0.5234214325008505
-0.5186183346285627
-0.5138207824749212
-0.5090291520908591
-0.5042438076202674
-0.4994651165018453
-0.4946934238254105
-0.48992908880327724
-0.48517248024994875
-0.48042395412245625
-0.475683857112854
-0.4709525521104698
-0.46623037787026644
-0.4615177152073264
-0.4568148936419474
-0.4521222622298009
-0.4474401664423289
-0.4427689749472744
-0.4381090121821794
-0.43346063565637677
-0.42882418768323394
-0.4241999983461982
-0.4195884161367613
-0.41498975946794703
-0.4104044202872997
-0.4058326746927872
-0.4012748702542289
-0.39673134373368296
-0.3922024299777842
-0.3876884449412891
-0.3831897167036902
-0.37870657134151137
-0.3742393399508039
-0.369788318429254
-0.36535381255166116
-0.36093619790906617
-0.35653571019430796
-0.35215272945454895
-0.3477875211402272
-0.3434403954444485
-0.3391116594860064
-0.33480160767578393
-0.3305105612276486
-0.3262387941510178
-0.32198658547882736
-0.31775426390505945
-0.3135420754378955
-0.30935034998249833
-0.3051793461958027
-0.30102932472864347
-0.29690059456437784
-0.29279342843917755
-0.28870806868739723
-0.2846447984803643
-0.2806038922966696
-0.2765856080612125
-0.27259019601007234
-0.2686179254005777
-0.26466904402742364
-0.2607437866944772
-0.2568424232762441
-0.2529651821733906
-0.2491123231440023
-0.2452840721570521
-0.24148066271549312
-0.23770231412371595
-0.23394926896349466
-0.2302217595046763
-0.22651999198673087
-0.22284419517317938
-0.21919456626340594
-0.21557134159482963
-0.21197470102643678
-0.208404875757032
-0.20486203957172316
-0.20134641312214996
-0.19785817653519766
-0.19439752237770752
-0.19096464428704973
-0.18755972206112556
-0.184182922148027
-0.1808344454300889
-0.17751444106892444
-0.17422308515870613
-0.17096055263450824
-0.16772698620538307
-0.16452256659196698
-0.161347430175608
-0.1582017376597282
-0.15508562264071438
-0.1519992497491337
-0.1489427199823994
-0.1459162150086369
-0.14291983088342178
-0.13995369836516786
-0.13701798468126553
-0.13411275754337193
-0.13123815364989694
-0.12839428495621116
-0.12558125707485684
-0.1227991883064049
-0.12004816127795799
-0.11732829178002095
-0.1146396481777227
-0.11198235700370966
-0.10935647613072493
-0.1067620759028059
-0.10419928687499071
-0.101668123198412
-0.09916869919587828
-0.09670106707646714
-0.0942652876007316
-0.09186140432321344
-0.08948951008127569
-0.08714962619152125
-0.08484180814925237
-0.08256611341668674
-0.08032257790764831
-0.07811121061574978
-0.07593208954880261
-0.07378520975314783
-0.07167061411232202
-0.0695883069964539
-0.06753832488597315
-0.06552067122270329
-0.06353536766591752
-0.06158242152319431
-0.05966181355245535
-0.05777355473615855
-0.05591766070429183
-0.054094100648880844
-0.05230287442209747
-0.05054396390053869
-0.04881735217630302
-0.04712301017019655
-0.04546092564109703
-0.04383105459845163
-0.042233386158858105
-0.040667866457459394
-0.03913445375092122
-0.03763312814430293
-0.03616381259177974
-0.03472648988349858
-0.03332108882976266
-0.03194754690573293
-0.030605814608487627
-0.029295831392624434
-0.028017528908073967
-0.026770845319385717
-0.025555703711267523
-0.02437200790481674
-0.023219704113430974
-0.022098725482097424
-0.021008939524781684
-0.0199502943428662
-0.018922705066444306
-0.017926046800873126
-0.01696023785077947
-0.01602517395138222
-0.015120775565505184
-0.014246917419352285
-0.013403492036359625
-0.012590403394393239
-0.011807500206758546
-0.011054706329256207
-0.010331889874248098
-0.009638935122636588
-0.008975697583657601
-0.008342062326609546
-0.007737912616984975
-0.007163097306709039
-0.0066174875947765084
-0.006100954730205694
-0.005613341536924401
-0.0051545415814652825
-0.004724373026682438
-0.0043227085498788965
-0.003949390823766471
-0.003604274658754767
-0.003287225452061736
-0.0029980616891051885
-0.002736632445095136
-0.0025027893151098085
