1025
-0.4557519993289168
-0.4556352759835235
-0.45554747092266057
-0.4554884917355415
-0.45545823270402686
-0.4554565915592753
-0.4554834530053094
-0.45553870433887217
-0.45562222031999483
-0.455733887366061
-0.45587356496062276
-0.4560411322571274
-0.45623644342294983
-0.4564593583287159
-0.4567097386152536
-0.4569874224391163
-0.457292264587436
-0.4576241054973113
-0.45798278199711084
-0.45836812448372205
-0.4587799617373929
-0.45921812144139956
-0.4596824224543483
-0.4601726799861686
-0.4606887038561638
-0.4612303053959296
-0.4617972879163386
-0.4623894497942065
-0.4630065872305065
-0.46364848686863663
-0.46431494461462014
-0.4650057355631159
-0.46572064141645203
-0.46645943870163803
-0.46722190008405906
-0.46800778610214244
-0.4688168668331544
-0.46964889381989644
-0.47050363298124803
-0.4713808308553752
-0.47228023022118953
-0.4732015841573771
-0.4741446268136336
-0.4751090992676557
-0.4760947309194927
-0.4771012490990864
-0.4781283852766595
-0.4791758573005434
-0.4802433890451962
-0.48133068820359654
-0.48243747148199123
-0.48356344614138935
-0.4847083153896372
-0.48587178286611193
-0.48705354550491503
-0.48825329921959515
-0.48947073422375453
-0.49070554199831573
-0.49195740085393547
-0.49322600047023
-0.49451101376941636
-0.49581212758155074
-0.4971290021885034
-0.4984613188385613
-0.49980873766308376
-0.5011709261359545
-0.5025475437564983
-0.5039382525086451
-0.5053427100635454
-0.506760565479556
-0.5081914731967547
-0.5096350873329726
-0.5110910453786258
-0.5125589946972372
-0.5140385745663006
-0.5155294275333897
-0.5170311914998661
-0.5185434990830892
-0.5200659804118721
-0.5215982766182375
-0.523140003755399
-0.5246907970458264
-0.5262502709753533
-0.5278180595950331
-0.5293937803730151
-0.5309770501247687
-0.5325674906777786
-0.5341647119393664
-0.5357683356360994
-0.5373779696349608
-0.5389932252227155
-0.5406137200929819
-0.5422390537757807
-0.5438688433091429
-0.545502682012943
-0.5471401849736376
-0.5487809561826145
-0.5504245963114389
-0.5520707107303132
-0.5537188935060328
-0.5553687558924422
-0.5570198883278583
-0.5586718937320643
-0.560324370591377
-0.5619769229648536
-0.5636291389269358
-0.5652806194334046
-0.5669309598801453
-0.5685797578345216
-0.5702266104279755
-0.5718711132849741
-0.5735128610921117
-0.5751514560958384
-0.5767864831656654
-0.5784175486296325
-0.5800442373846758
-0.5816661604154519
-0.5832829041990358
-0.5848940673487495
-0.5864992497338903
-0.5880980456382741
-0.5896900601332571
-0.5912748923407558
-0.5928521291415233
-0.5944213871670754
-0.5959822621511225
-0.5975343512986624
-0.5990772685964495
-0.6006106101047031
-0.6021339752423477
-0.6036469962900484
-0.6051492519514444
-0.6066403649203914
-0.6081199453700157
-0.6095876014669592
-0.6110429537272257
-0.6124856074676183
-0.6139151846233118
-0.6153313048791299
-0.6167335844892307
-0.6181216449671406
-0.6194951144641153
-0.6208536146828615
-0.6221967698380355
-0.6235242141400731
-0.624835576880445
-0.6261304992368673
-0.6274086032094272
-0.6286695330851724
-0.6299129336492814
-0.6311384468110008
-0.6323457111626287
-0.6335343817833107
-0.6347041038575404
-0.6358545286847632
-0.6369853209863554
-0.6380961352595238
-0.6391866297816904
-0.6402564669109756
-0.6413053175980308
-0.6423328459257752
-0.6433387330641979
-0.6443226561746119
-0.6452842858286494
-0.6462233054715514
-0.6471394006188265
-0.6480322618308109
-0.6489015843489123
-0.6497470567522384
-0.6505683824986365
-0.651365261119866
-0.6521373983454807
-0.6528845040022335
-0.6536062885462721
-0.6543024707647547
-0.6549727733579536
-0.655616914678124
-0.6562346252688378
-0.6568256334239103
-0.657389674045573
-0.6579264924949151
-0.6584358258042231
-0.6589174239949508
-0.6593710371923586
-0.6597964142733953
-0.6601933210886537
-0.6605615203406219
-0.6609007792653754
-0.6612108679226136
-0.661491558441774
-0.6617426354708827
-0.6619638814458194
-0.6621550873415677
-0.6623160445399624
-0.66244654455007
-0.6625463931654658
-0.6626153991925466
-0.6626533654896648
-0.6626601188133175
-0.6626354684166421
-0.6625792386412526
-0.662491266434899
-0.662371373431958
-0.6622194051655826
-0.6620351983909083
-0.6618186006771858
-0.6615694656354388
-0.6612876490613171
-0.6609730126584467
-0.6606254168231322
-0.6602447368907011
-0.6598308491481424
-0.659383626235668
-0.6589029511670419
-0.6583887210259023
-0.6578408266268182
-0.6572591657068154
-0.6566436404055699
-0.6559941637146798
-0.6553106428337481
-0.6545929941189497
-0.6538411471689766
-0.653055025899928
-0.6522345598446333
-0.6513796898639773
-0.6504903552820549
-0.6495665042998091
-0.6486080858509778
-0.6476150588315676
-0.6465873781345386
-0.6455250239694924
-0.6444279492729208
-0.6432961365111632
-0.6421295713907758
-0.6409282348955129
-0.6396921151663046
-0.6384212050667324
-0.6371155081273762
-0.6357750242579937
-0.6343997658985866
-0.6329897422866014
-0.6315449781645031
-0.6300654923897241
-0.6285513103121848
-0.6270024695461304
-0.6254189946737003
-0.623800944679234
-0.6221483537393224
-0.620461277194615
-0.6187397679752469
-0.6169838897635547
-0.6151936977429818
-0.6133692701136007
-0.6115106754073988
-0.6096179946087299
-0.6076913091160929
-0.6057307002718625
-0.6037362605974961
-0.6017080949465228
-0.5996462901974879
-0.5975509568598291
-0.5954222036912413
-0.5932601420648711
-0.5910648878210849
-0.5888365587739025
-0.5865752889843362
-0.5842811978552148
-0.5819544237584741
-0.5795950990515489
-0.577203373043226
-0.5747793825985251
-0.5723232863424488
-0.5698352247587698
-0.5673153694387383
-0.5647638669752406
-0.5621808922308389
-0.5595666089460704
-0.5569211860378511
-0.5542448053614174
-0.5515376429093195
-0.5487998790438388
-0.5460317108270323
-0.5432333074124275
-0.540404886117369
-0.5375466323536113
-0.5346587448354888
-0.5317414289291078
-0.5287948911223512
-0.5258193381879763
-0.5228149950046876
-0.519782065241795
-0.5167207712604013
-0.5136313408505353
-0.5105139928915073
-0.5073689626903664
-0.5041964762822974
-0.5009967663349437
-0.49777007497884934
-0.49451663735677837
-0.4912366996762803
-0.4879305108123678
-0.484598304015815
-0.4812403479795222
-0.4778568797024204
-0.47444816752209057
-0.4710144603717818
-0.46755602316197287
-0.46407311517378214
-0.46056600280057386
-0.45703494611196155
-0.4534802176013424
-0.4499021022107913
-0.44630085388404434
-0.44267676042341875
-0.4390300869626976
-0.435361125514695
-0.43167014574248225
-0.4279574345014295
-0.4242232833400622
-0.4204679614933252
-0.4166917717456837
-0.41289499302968224
-0.409077923474518
-0.4052408494422402
-0.4013840676232768
-0.39750787405674803
-0.3936125567731342
-0.3896984293054195
-0.385765770696397
-0.3818148954728318
-0.3778460946727414
-0.3738596686601386
-0.3698559292818002
-0.36583517431334706
-0.36179771542370465
-0.3577438432210977
-0.3536738726553672
-0.34958811500046755
-0.34548686843795784
-0.34137044560545987
-0.33723915755407163
-0.3330933059484246
-0.3289332031897395
-0.3247591622568508
-0.32057148591014384
-0.3163704974685385
-0.31215649354765407
-0.30792979207510746
-0.303690700744487
-0.2994395327320391
-0.29517659503561605
-0.2909022106031169
-0.2866166685159755
-0.2823203005517136
-0.27801340469307934
-0.27369630287989516
-0.26936929169461804
-0.2650326859487814
-0.2606867975387276
-0.25633193108553776
-0.2519683987868801
-0.24759650799585015
-0.24321656403115605
-0.23882887807298098
-0.23443375151729945
-0.23003148770007018
-0.22562239504777235
-0.22120678231546329
-0.216784942263114
-0.21235718501197448
-0.20792380079958947
-0.20348510589908195
-0.19904138796894133
-0.19459294999217935
-0.19014008488670475
-0.1856830963772109
-0.18122227038286973
-0.1767579042899727
-0.17229029325328485
-0.167819720498825
-0.16334648101713684
-0.15887086826872981
-0.1543931588598371
-0.14991364777328542
-0.14543260777433498
-0.1409503329769681
-0.1364670953728218
-0.13198318093457265
-0.12749886381016212
-0.12301442496523061
-0.11853012625540998
-0.11404625386058176
-0.10956307294037336
-0.10508085740230548
-0.10059986740604464
-0.09612036916572406
-0.09164263272450801
-0.0871669178069988
-0.08269347801932359
-0.07822257699042495
-0.07375446893201298
-0.06928940781905531
-0.06482764733521301
-0.06036943432995273
-0.055915019318354596
-0.05146464724168572
-0.04701856345337715
-0.04257700123947545
-0.03814020666954524
-0.033708412986382566
-0.02928185803775021
-0.02486077918306712
-0.02044539242361553
-0.016035933949329187
-0.011632637669145905
-0.007235712265486984
-0.002845386179233472
0.0015381212765534509
0.005914591793942072
0.010283827125826789
0.014645593794257832
0.018999699044917592
0.02334592808656752
0.027684077878103907
0.0320139470840594
0.03633533657833128
0.04064805209366918
0.04495189357779309
0.049246672519751046
0.05353219910107327
0.05780828546452754
0.06207475263594619
0.066331413152613
0.0705780910681992
0.07481460652422363
0.07904078137319391
0.08325645740072266
0.0874614531276951
0.09165560642773798
0.09583875269318082
0.10001073099476983
0.10417137861525592
0.10832055327250777
0.1124580736853507
0.1165838229861575
0.12069762439415054
0.1247993440182141
0.12888883857758313
0.13296596696138083
0.1370305857830076
0.14108256920811202
0.1451217697542026
0.1491480686475279
0.1531613293250166
0.1571614388398412
0.16114825604551825
0.16512167769668126
0.16908156960805443
0.17302783029535296
0.17696033760064267
0.18087898623738694
0.18478366417379427
0.18867427294759498
0.19255069571353461
0.1964128424512366
0.20026061521646674
0.2040939163147617
0.20791264257581132
0.2117167226238439
0.2155060513846354
0.21928055040034766
0.22304013470024697
0.22678471927599672
0.23051423562475168
0.23422859157841291
0.23792772447459964
0.24161155501629364
0.2452800150043424
0.2489330421987502
0.25257056511679826
0.2561925233135076
0.2597988536280319
0.2633895020609726
0.2669644104258559
0.2705235121725904
0.2740667768274724
0.2775941420133541
0.28110556018109933
0.2846009838215731
0.28808037657023877
0.2915436917222077
0.29499088960026476
0.2984219319549207
0.30183678291137545
0.30523541036469193
0.30861778552037794
0.3119838699461117
0.3153336481418126
0.31866708188982845
0.32198415214685594
0.32528483802292946
0.3285691166576977
0.33183697157016867
0.3350883839334436
0.3383233378371211
0.34154182499649244
0.344743825196719
0.3479293345464992
0.351098346349341
0.3542508464021563
0.3573868391433435
0.3605063116348555
0.363609268252095
0.366695706299445
0.3697656222628115
0.3728190295493192
0.3758559237035607
0.37887631633298635
0.38188020498648667
0.38486761189534385
0.3878385280408779
0.39079298463066864
0.39373098269514867
0.39665253349589624
0.39955766095124723
0.40244637678460465
0.4053186943572706
0.4081746390670444
0.4110142256672298
0.41383748054988395
0.4166444202886702
0.4194350750193065
0.42220945827909856
0.4249676095126356
0.4277095388274629
0.4304352870840434
0.4331448784757691
0.43583834162256196
0.43851570328022665
0.4411770045777902
0.4438222592866884
0.44645152388016235
0.4490648154199412
0.4516621755585861
0.45424364158308783
0.45680924337337364
0.4593590190189574
0.4618930112385343
0.4644112535755972
0.46691378346641954
0.46940064850734253
0.47187188258162177
0.474327526238746
0.4767676256064469
0.47919222344668816
0.4816013537690324
0.4839950748375485
0.4863734149480928
0.4887364322259008
0.49108415211632384
0.49341664023849646
0.49573393178872793
0.4980360755794917
0.5003231154549138
0.5025951015915645
0.5048520787386643
0.50709409184379
0.5093212001798055
0.5115334360099645
0.5137308589911119
0.5159135119604147
0.5180814499732928
0.5202347203298109
0.5223733656677906
0.5244974358050225
0.5266069859651058
0.5287020655484015
0.5307827252898802
0.5328490112866044
0.5349009763181516
0.5369386719646053
0.5389621448127732
0.5409714489024221
0.5429666257750269
0.5449477374723992
0.5469148266996715
0.5488679504345858
0.5508071534482618
0.5527324889008247
0.5546440035082909
0.556541754029011
0.5584257884644322
0.5602961490697657
0.5621528939900208
0.5639960765277264
0.5658257383744699
0.5676419310569617
0.5694447077497631
0.5712341118600865
0.5730101963993007
0.5747730141142974
0.5765226039059117
0.5782590279729706
0.5799823210314095
0.581692544703437
0.5833897314069588
0.5850739390665898
0.5867452183079839
0.5884036101473415
0.590049158535201
0.591681920549144
0.5933019346314642
0.5949092493404636
0.5965039123587677
0.5980859670364648
0.5996554609407015
0.6012124366582227
0.6027569381772896
0.6042890122166101
0.60580870781241
0.6073160579630201
0.6088111161452389
0.6102939159303512
0.6117645081598144
0.6132229323627746
0.6146692265203264
0.6161034446751169
0.617525611269076
0.6189357834889182
0.6203339923517044
0.6217202750767798
0.6230946804374697
0.6244572481442792
0.6258080124313921
0.6271470088376364
0.6284742815809599
0.6297898653073583
0.6310938067128233
0.6323861313225655
0.6336668803853198
0.6349360916760155
0.6361937943607421
0.6374400405930081
0.6386748508470715
0.6398982613890577
0.6411103152417336
0.6423110340929489
0.6435004626864995
0.6446786310022861
0.645845564611332
0.6470013164815175
0.648145893246873
0.6492793419047777
0.650401685813654
0.6515129659871959
0.6526132104808601
0.653702443372035
0.6547806964091906
0.6558480064277922
0.6569043904065981
0.6579498873831258
0.6589845199229392
0.6600083172705358
0.6610213106512665
0.6620235190753866
0.6630149759516786
0.6639957086775201
0.6649657378068629
0.6659250968777507
0.666873803699995
0.6678118879124766
0.668739370520726
0.669656281160895
0.6705626372437438
0.6714584634259722
0.672343792588698
0.6732186366249068
0.674083024152348
0.674936971043342
0.6757805056519813
0.6766136456763047
0.6774364189314599
0.6782488341243675
0.6790509238202199
0.6798427033618911
0.6806241944531649
0.6813954155729668
0.6821563817246669
0.6829071177647682
0.6836476449649855
0.6843779717328297
0.6850981247431258
0.6858081237472649
0.686507978473018
0.6871977079974634
0.6878773326014475
0.6885468701867189
0.6892063283004405
0.6898557355535251
0.6904950976773457
0.6911244362555695
0.6917437636524052
0.6923530956794761
0.692952446284669
0.6935418319003301
0.6941212674034668
0.694690766019957
0.695250336756568
0.695800003540507
0.696339768887032
0.6968696502624583
0.6973896690111113
0.6978998233580849
0.6984001280123736
0.6988906096270774
0.6993712629091565
0.6998421030174268
0.7003031506413047
0.7007544108529411
0.7011958947816065
0.7016276122980194
0.702049577981548
0.7024617984470272
0.7028642801684037
0.7032570379822553
0.7036400889585818
0.7040134332055733
0.7043770782041271
0.7047310424906978
0.705075324271556
0.7054099387137265
0.7057348968043756
0.7060501987223851
0.7063558637474081
0.7066518924826434
0.7069382875642597
0.7072150683687313
0.7074822370452015
0.7077397969475422
0.7079877642771594
0.7082261386061269
0.7084549346187169
0.7086741487149775
0.7088837916901354
0.7090838669277995
0.7092743909900822
0.7094553565970503
0.7096267803188363
0.7097886592516169
0.7099410075212395
0.7100838212846441
0.7102171084808849
0.7103408738536646
0.7104551270412593
0.7105598705373565
0.7106551083059192
0.7107408385180871
0.7108170764829388
0.7108838194698216
0.7109410740111567
0.7109888369036726
0.7110271210278647
0.7110559271223471
0.711075254081041
0.7110851134063473
0.7110855012767051
0.7110764207615081
0.7110578747657915
0.7110298743907528
0.7109924110447894
0.7109454874820855
0.7108891153826634
0.7108232872642637
0.7107480141538224
0.7106632846453123
0.7105691163786566
0.7104654965824185
0.7103524387802276
0.7102299387441201
0.7100979931156531
0.7099566125348452
0.7098057915613927
0.7096455329904185
0.7094758373065895
0.7092967089653704
0.7091081403137587
0.7089101379088739
0.7087026988667595
0.7084858293274106
0.7082595254101676
0.7080237844496708
0.7077786136287167
0.7075240068578018
0.7072599655595545
0.7069864878793273
0.7067035805998416
0.7064112394121015
0.7061094589415595
0.7057982463506343
0.7054775953286921
0.7051475093610452
0.704807985746087
0.7044590254640988
0.7041006244203957
0.7037327880167542
0.7033555118878162
0.702968796224356
0.7025726382531239
0.7021670369193421
0.7017519938783607
0.7013275085198546
0.7008935781971645
0.700450199379527
0.6999973772312842
0.6995351086435962
0.6990633928454303
0.6985822296244956
0.6980916157073315
0.6975915541854502
0.697082047281106
0.6965630839286457
0.6960346662257292
0.6954968088201701
0.6949494919002934
0.694392722669255
0.693826504246706
0.6932508373983503
0.6926657132497588
0.6920711372818134
0.6914671163906133
0.6908536391760742
0.6902307125171403
0.6895983363127619
0.6889565129861953
0.6883052439834698
0.6876445266894802
0.6869743688726438
0.6862947595123418
0.6856057176917304
0.6849072308578361
0.6841993119596689
0.6834819544523625
0.6827551676428258
0.682018949833957
0.6812733101428432
0.6805182498010093
0.6797537720441855
0.6789798768582974
0.6781965737595093
0.6774038696986164
0.6766017652228401
0.6757902661936628
0.6749693807197833
0.6741391109438595
0.6732994687149246
0.6724504553612886
0.6715920849001948
0.6707243586046797
0.669847291152478
0.6689608848384959
0.6680651547669595
0.6671601083371486
0.6662457489991698
0.6653221011374738
0.6643891633926269
0.6634469553042514
0.6624954779460658
0.6615347571531549
0.6605648012453738
0.659585624149873
0.6585972370327007
0.6575996605623364
0.6565929043133435
0.6555769907921586
0.6545519316339906
0.653517748256167
0.6524744616304672
0.6514220758472969
0.6503606347571803
0.6492901366420136
0.6482106114121811
0.647122083293566
0.646024572787909
0.6449180996581335
0.6438026954182624
0.6426783790022109
0.6415451843395811
0.6404031266441456
0.6392522428847447
0.6380925542476729
0.6369240934939792
0.6357468950031145
0.6345609825668874
0.6333663892338189
0.6321631549475945
0.6309513078386829
0.6297308843800417
0.6285019170600269
0.6272644502142836
0.6260185150032245
0.6247641512617349
0.623501404257357
0.6222303114561364
0.6209509152449693
0.6196632560893613
0.6183673819665189
0.6170633373185934
0.6157511694842269
0.6144309256876683
0.6131026547798445
0.6117664051321966
0.6104222298627752
0.6090701843829566
0.6077103158927982
0.6063426857999852
0.6049673441074417
0.6035843543764129
0.6021937708868143
0.6007956542566326
0.5993900681766463
0.5979770733786429
0.5965567323105883
0.5951291147357558
0.5936942841909438
0.5922523041611487
0.5908032569820076
0.5893471998165112
0.5878842140641695
0.5864143652363505
0.5849377327277916
0.5834543925179992
0.5819644216169771
0.5804678986779407
0.5789649105169127
0.5774555296851814
0.575939847023972
0.5744179455915484
0.5728899057212473
0.5713558236161923
0.5698157874670402
0.5682698843527695
0.5667182117620649
0.5651608605974549
0.5635979280320496
0.5620295077844334
0.5604557064450552
0.5588766123504472
0.5572923379798862
0.5557029846543029
0.5541086508048771
0.5525094519404214
0.5509054897560918
0.5492968748111263
0.547683719880503
0.5460661419446597
0.5444442483198098
0.5428181581810335
0.5411879883816733
0.5395538590086896
0.5379158862559098
0.5362742032022189
0.5346289234187988
0.5329801783482797
0.531328091630913
0.5296727969198494
0.5280144206675942
0.5263530953093888
0.5246889547748247
0.5230221311356881
0.5213527690429783
0.5196810043641991
0.5180069724988555
0.5163308168731516
0.5146526817712712
0.512972711612255
0.5112910495120649
0.5096078518033693
0.50792326016408
0.5062374273032729
0.5045505059474968
0.5028626497719602
0.501174018051153
0.4994847609025601
0.4977950446636551
0.4961050205966758
0.4944148565053145
0.4927247150961561
0.49103475807386765
0.4893451553240215
0.48765606928280475
0.4859676716510863
0.4842801300868335
0.48259362040928006
0.48090831501934755
0.47922438318073335
0.47754200787595286
0.47586136317630695
0.47418262165158087
0.4725059723602251
0.47083159443135564
0.4691596696605457
0.46749037410635474
0.46582390027346565
0.4641604371590884
0.4625001617951095
0.4608432752937434
0.45918995894092485
0.4575404042049192
0.4558948018922546
0.45425335198118355
0.4526162419517235
0.450983671824072
0.4493558329334512
0.4477329296892037
0.4461151527845082
0.44450270761886534
0.4428957879053341
0.4412946030992434
0.43969934913399156
0.4381102342941601
0.43652745964197537
0.43495122527632485
0.4333817438494203
0.43181921844130683
0.4302638585509471
