1025
-0.003405844241382672
-0.00032919063663962924
0.0027807564550905773
0.0059237116406508274
0.009099394279692984
0.012307502320354928
0.0155477350037819
0.018819783744823636
0.02212333900999988
0.025458057942325404
0.02882363567593699
0.032219719324705416
0.035645980084315375
0.03910206948011177
0.04258761865892538
0.04610229050964234
0.049645695258358574
0.05321747866846212
0.05681724846914561
0.06044462692508106
0.0640992261129718
0.06778064588236532
0.0714884817873738
0.07522233053884539
0.07898177836120757
0.08276640881534358
0.0865757878272984
0.09040949017883193
0.0942670803256776
0.09814811876475343
0.10205215697504942
0.10597874861412891
0.10992743351258917
0.11389773907348678
0.11788921147575672
0.1219013847791392
0.12593376895708824
0.12998589176168368
0.13405725181213443
0.13814737396767646
0.14225577342036647
0.14638191592527142
0.15052532717499978
0.15468547884875325
0.15886187327644025
0.16305399812651147
0.16726130731751532
0.17148330495580782
0.1757194361826894
0.17996917786529573
0.18423200099929973
0.1885073670673928
0.19279472194474695
0.19709352634421606
0.20140321184980878
0.20572324922055998
0.21005306787785363
0.21439210363561423
0.21873981658625635
0.22309561065533443
0.2274589407926501
0.2318292134006256
0.23620586758193568
0.24058832201375335
0.24497599913257415
0.24936832321179705
0.25376470141199253
0.2581645501430736
0.26256727498956617
0.26697229903000264
0.27137902244075457
0.27578683725255465
0.28019516807011435
0.2846034091818846
0.2890109687125183
0.2934172319525408
0.297821610503257
0.30222348732091925
0.30662227651136575
0.3110173512125492
0.3154081156307984
0.3197939712870002
0.3241743080554169
0.3285485081880418
0.3329159665858859
0.3372760781329738
0.34162822100759016
0.34597181156493406
0.35030621273986245
0.3546308216863264
0.3589450388215065
0.36324824053048843
0.3675398353813577
0.37181918333652375
0.37608571833504106
0.3803388026181019
0.38457782852156386
0.3888022172447052
0.39301132407950007
0.3972045820080723
0.40138136158178994
0.40554106506324217
0.40968310510131933
0.4138068683545175
0.4179117540296834
0.42199718838704997
0.4260625554106742
0.4301072587492595
0.43413072392813284
0.4381323563050651
0.44211157015267943
0.4460677814343016
0.4500003895367609
0.45390883869137805
0.45779254571191935
0.46165093734671736
0.4654834246431076
0.46928944859467475
0.4730684460185094
0.47681985458298554
0.4805431086069211
0.48423765665463187
0.48790292869776825
0.49153839972076807
0.49514349853103523
0.4987176877815087
0.502260441293635
0.5057711981514776
0.5092494555208685
0.5126946674855831
0.5161062792232821
0.5194838258081208
0.5228267703771163
0.5261345968668174
0.5294067828838852
0.5326428425712734
0.5358422768793867
0.5390045856629462
0.5421292713895896
0.5452158708082542
0.5482638872787514
0.5512728405166446
0.5542422751390087
0.557171717767107
0.5600607206822318
0.5629087993597397
0.5657155260050354
0.5684804664532795
0.5712031714072796
0.5738831924868448
0.5765201155503415
0.5791135239905677
0.5816629797925932
0.5841681128158298
0.5866284902851718
0.5890437069852499
0.5914133812518108
0.593737119235992
0.596014565847897
0.5982453257571618
0.6004290501106654
0.6025653332281382
0.604653857067642
0.6066942597026284
0.6086862140284504
0.6106293777508272
0.6125234147000004
0.6143680083306909
0.6161628330225856
0.6179075964064998
0.6196019897338693
0.6212457082223205
0.6228384868827784
0.624380023048546
0.6258700609770099
0.6273083091613116
0.6286945222194907
0.6300284599770097
0.6313098561132987
0.6325384930815734
0.6337141107810318
0.6348365095072892
0.6359054640527797
0.6369207764936443
0.6378822267808797
0.6387896210601575
0.6396428044464638
0.6404415584384305
0.6411857322950251
0.6418751682076453
0.6425096974840203
0.6430891601417229
0.6436134330756105
0.6440823828583687
0.6444958893671402
0.6448538120727714
0.6451560615013631
0.6454025267169433
0.6455931052652252
0.6457277234569296
0.645806301177335
0.6458287472309964
0.6457950152826026
0.6457050542565513
0.6455587973183627
0.6453562277960528
0.6450972960826988
0.6447819758602321
0.644410254100834
0.6439821260810631
0.6434975855017264
0.6429566344141785
0.6423593045340125
0.6417055962007012
0.6409955527425981
0.6402292049346443
0.6394065964388607
0.638527790620975
0.6375928242919686
0.6366017983537532
0.6355547699446018
0.6344518284536514
0.633293052264672
0.632078555991468
0.6308084439994303
0.6294828279313456
0.6281018151800813
0.6266655549249672
0.625174178346422
0.6236278238417035
0.6220266446114648
0.6203708065579274
0.6186604753822347
0.6168958152556745
0.6150770139549883
0.6132042479719828
0.6112777290627898
0.6092976514303474
0.6072642433097131
0.6051776904517799
0.6030382320992923
0.6008461044323021
0.5986015301255023
0.5963047713932552
0.5939560635212798
0.591555683593548
0.5891038734058569
0.5866009338046569
0.5840471188172831
0.5814427214635066
0.5787880273584116
0.5760833508003682
0.5733290004962661
0.5705252574432703
0.5676724624923267
0.5647709233088473
0.5618209937394927
0.5588230018771848
0.5557772609262496
0.5526841558842575
0.5495440267749281
0.5463572239620749
0.5431241297481392
0.5398451108432033
0.5365205303375331
0.5331507876939011
0.529736267141204
0.5262773554520299
0.5227744743476819
0.5192279914689957
0.5156383399019908
0.5120059226312164
0.5083311889356594
0.5046145101066496
0.5008563675906528
0.4970571612960812
0.49321734732206746
0.4893373718059642
0.485417670083312
0.4814586937636963
0.47746092438583887
0.47342478797068166
0.46935078994574375
0.46523936270319666
0.46109099561057293
0.4569061735557757
0.45268537068066367
0.4484290813721628
0.44413778573071766
0.43981197256317234
0.43545214431238083
0.4310588118122993
0.4266324542469149
0.4221736016888443
0.4176827511011429
0.41316040718618857
0.40860710548898826
0.40402336284082524
0.3994096901016761
0.39476662410245483
0.3900946693302955
0.3853943733713993
0.3806662561416939
0.3759108727703972
0.37112873077909636
0.36632039916022646
0.3614863890755936
0.35662725762715825
0.3517435573980871
0.3468358196970829
0.34190461263668626
0.3369504605090931
0.331973925555181
0.3269755465775118
0.3219559071398844
0.3169155344607366
0.3118549916488997
0.30677486116190184
0.30167564434574745
0.29655795692732606
0.29142231922228196
0.28626931858401566
0.2810994891418501
0.2759134169672562
0.2707116602981522
0.26549474478269336
0.2602632821935943
0.25501778969738925
0.249758861058767
0.24448703754182707
0.2392028863162192
0.2339069811741908
0.22859986921915557
0.22328211945124046
0.2179542609841842
0.21261689376509732
0.20727055246836604
0.20191580176547008
0.1965531947277105
0.19118327549675315
0.18580661031050533
0.18042375320330098
0.1750352473126931
0.16964164357769723
0.16424349873988897
0.15884134039263237
0.15343574004393057
0.14802721488924
0.14261632040918204
0.13720359420627
0.13178957734335492
0.12637479853028524
0.12095979166040267
0.11554508261384118
0.11013122036818039
0.10471869615560424
0.09930806004418365
0.09389983214233308
0.08849451869518671
0.08309264983994248
0.07769471844575963
0.07230125470947465
0.06691274297613416
0.061529707740955175
0.05615264755124138
0.05078205202491891
0.04541842014840838
0.04006222274006955
0.03471399598838061
0.029374164264418995
0.024043261458673856
0.018721726646935742
0.013410046591347872
0.008108703997058231
0.002818138867777378
-0.00246118372500706
-0.007728771996562529
-0.012984211629739794
-0.018227029084925867
-0.023456786630234393
-0.028673048312351238
-0.03387538377500442
-0.039063317569327675
-0.04423646423216125
-0.049394371512778576
-0.05453664183645941
-0.05966285122140854
-0.06477257540597489
-0.06986543101804678
-0.07494100521243695
-0.07999888137961728
-0.08503870014086747
-0.0900600493590839
-0.09506256701821639
-0.10004584935125202
-0.1050095359625782
-0.10995325472011794
-0.11487666521542797
-0.11977936154357667
-0.12466103529811645
-0.12952131431503894
-0.1343598691207933
-0.13917634092497744
-0.14397041444853728
-0.14874175252388666
-0.15349004644990014
-0.15821495120781415
-0.16291618949023676
-0.16759342427105814
-0.17224636877517532
-0.17687473325459876
-0.1814782083131641
-0.1860565249482264
-0.19060938406310343
-0.19513653776266365
-0.19963769758549776
-0.2041125973251345
-0.20856099757877897
-0.21298263896657352
-0.21737724453593174
-0.22174461552476693
-0.22608448759203545
-0.23039664833946108
-0.2346808617168281
-0.2389369060225803
-0.24316457714197393
-0.2473636455961383
-0.2515339510044511
-0.2556752516505347
-0.2597873842616725
-0.26387013677443627
-0.2679233490027984
-0.2719468491533731
-0.27594044455967626
-0.2799039826478386
-0.28383732897533337
-0.28774028392935197
-0.29161273723820186
-0.29545453302591407
-0.2992655354144483
-0.3030456157515829
-0.3067946482031489
-0.3105124988868358
-0.3141991004954237
-0.3178542753253225
-0.32147796359652114
-0.3250700691734826
-0.3286304834847728
-0.33215911416682076
-0.33565588861084605
-0.33912074513283097
-0.3425535808611169
-0.34595436198886725
-0.3493229939080456
-0.35265943568860064
-0.35596365633613336
-0.35923557719817983
-0.36247518607547335
-0.3656824274446774
-0.36885728730674583
-0.37199971641108487
-0.3751097260742479
-0.37818727650705913
-0.38123237704065654
-0.38424500897121755
-0.3872251673458177
-0.3901728784670499
-0.3930881486289724
-0.3959709578759516
-0.39882136904588195
-0.40163937576885184
-0.4044250169554885
-0.4071783241501664
-0.40989934245986986
-0.41258809760451504
-0.4152446527911997
-0.4178690481757498
-0.42046135744130675
-0.42302161014135087
-0.4255498850498891
-0.4280462645099828
-0.43051079783250223
-0.4329435620336121
-0.43534466918242787
-0.4377141695689557
-0.4400521650790818
-0.44235874829765287
-0.4446340230890558
-0.44687808493146963
-0.44909103169340575
-0.4512729644806786
-0.4534240204217326
-0.4555442876479156
-0.4576339148406325
-0.45969300484965936
-0.46172169208012503
-0.46372009337324616
-0.4656883546265494
-0.46762661458132293
-0.46953500326811015
-0.47141366476438934
-0.47326274669450114
-0.47508239934117796
-0.47687279527830756
-0.4786340473020679
-0.4803663420356261
-0.482069835335036
-0.4837446928994864
-0.4853910662746397
-0.4870091693004187
-0.4885991174662444
-0.49016111753312175
-0.49169534791450015
-0.49320197397930793
-0.4946811883615249
-0.4961331680704673
-0.4975581087101525
-0.4989561905975693
-0.5003276190779691
-0.5016725632243627
-0.5029912482946293
-0.504283838112237
-0.5055505630874717
-0.5067916260807604
-0.508007198875606
-0.5091975067493955
-0.5103627591845047
-0.5115031581018014
-0.5126189296830369
-0.5137102405440391
-0.5147773666292269
-0.5158204702902166
-0.5168397914837666
-0.517835543561063
-0.5188079617721684
-0.5197572292202326
-0.5206835926598775
-0.5215872643644981
-0.5224684838113276
-0.5233274471249603
-0.5241644109009574
-0.5249795714465725
-0.5257731773838205
-0.5265454260097855
-0.5272965805189178
-0.5280268582101332
-0.5287364777868939
-0.5294256837178513
-0.5300946950502328
-0.5307437408755048
-0.5313730586337442
-0.5319828779338306
-0.5325734425952853
-0.5331449604711663
-0.5336976701612577
-0.5342318172923838
-0.5347476258181383
-0.5352453268389614
-0.5357251383743274
-0.536187328399643
-0.5366320919728855
-0.5370596990928116
-0.5374703345288899
-0.5378642589205149
-0.5382417003956582
-0.5386028849945996
-0.5389480532692926
-0.5392774047889413
-0.5395912021010727
-0.539889653506412
-0.5401730062870423
-0.540441466009552
-0.5406952605329745
-0.540934644679868
-0.5411598064140382
-0.5413709886074959
-0.5415684177348182
-0.5417523140227603
-0.5419228857062722
-0.5420803615840961
-0.5422249685387339
-0.542356910338545
-0.5424764213477697
-0.5425837161962145
-0.5426789951492011
-0.542762483641461
-0.5428343990676926
-0.5428949251424311
-0.5429443047613892
-0.5429827356233273
-0.5430104129665534
-0.5430275560371142
-0.5430343833810636
-0.5430310762025002
-0.5430178321339698
-0.5429948643210216
-0.5429623732526437
-0.5429205475018245
-0.5428695863859931
-0.542809695491269
-0.5427410402576517
-0.5426638465430175
-0.5425782640140323
-0.5424845104922377
-0.5423827542846352
-0.5422731966079304
-0.5421560153637912
-0.5420313751991094
-0.5418994573667816
-0.5417604603168914
-0.5416145415674274
-0.5414618667885177
-0.5413026282576087
-0.5411369838236908
-0.5409650878571689
-0.5407871299794696
-0.5406032711096268
-0.5404136454204691
-0.540218455610969
-0.5400178153500418
-0.5398119138853864
-0.5396008774150678
-0.5393848842973283
-0.5391640649133677
-0.5389385819346797
-0.5387085740522333
-0.538474171375308
-0.5382355360559647
-0.5379927811753364
-0.5377460875440222
-0.5374955575075235
-0.5372413249625736
-0.5369835338979474
-0.536722294771602
-0.536457758435974
-0.5361900481634208
-0.5359192713159775
-0.5356455362697684
-0.5353689921028746
-0.5350897516963579
-0.53480791311286
-0.5345236074193918
-0.5342369357528909
-0.533947988307938
-0.5336569041010171
-0.5333637681953048
-0.53306868826225
-0.5327717632981593
-0.532473085725599
-0.5321727688635124
-0.531870884442348
-0.5315675418961542
-0.5312628308293299
-0.5309568292214673
-0.5306496237796828
-0.5303412910557932
-0.5300319391254033
-0.5297216285085637
-0.5294104413376481
-0.5290984613509254
-0.52878573057747
-0.5284723725124449
-0.5281584222413817
-0.5278439538050226
-0.5275290365017676
-0.5272137371158196
-0.5268981285834463
-0.5265822542912326
-0.5262661734536219
-0.5259499459670115
-0.5256336353204725
-0.5253172974372725
-0.525000972745634
-0.5246847108982504
-0.5243685830564383
-0.5240525991439353
-0.5237368232766085
-0.5234213121158975
-0.5231060920731739
-0.5227911949331806
-0.5224766833657999
-0.522162569110975
-0.5218489129671791
-0.521535733073093
-0.5212230444599835
-0.5209109142781225
-0.5205993300318632
-0.5202883632283521
-0.5199780083751144
-0.5196683031755271
-0.5193592707904405
-0.5190509388401889
-0.5187433044440151
-0.5184364047391798
-0.5181302568050616
-0.517824873628661
-0.5175202583743619
-0.517216449495552
-0.5169134268921061
-0.5166112467327632
-0.5163098722226857
-0.5160093546990366
-0.5157096549547885
-0.5154108181282097
-0.5151128309428391
-0.5148156984375166
-0.5145194357153672
-0.5142240270015481
-0.5139294835101633
-0.5136358073277958
-0.5133430010120259
-0.5130510273619097
-0.5127599207768376
-0.5124696760190021
-0.512180257786256
-0.5118916949890204
-0.5116039782483983
-0.5113170674307662
-0.5110309805890757
-0.5107456925330579
-0.5104612197392443
-0.5101775205084942
-0.5098946014204554
-0.5096124411593579
-0.5093310444670646
-0.5090503602499581
-0.5087704077178132
-0.5084911623444737
-0.5082125913598683
-0.5079347137756189
-0.5076574872382213
-0.50738090070129
-0.5071049292016465
-0.5068295621124019
-0.506554778109904
-0.5062805580246453
-0.506006883625012
-0.505733722720844
-0.5054610750386004
-0.5051889005454844
-0.5049171872241282
-0.5046458975151992
-0.5043750287813292
-0.5041045578385771
-0.5038344451521103
-0.5035646781988109
-0.5032952288362369
-0.5030260704516232
-0.5027571868588848
-0.502488558885299
-0.5022201434021941
-0.5019519263438319
-0.5016838823877245
-0.5014159823993015
-0.5011482074282922
-0.5008805147794257
-0.5006129034407104
-0.5003453233287114
-0.5000777642111212
-0.49981020560503236
-0.4995425907121864
-0.499274928655246
-0.4990071729029203
-0.49873930025134566
-0.49847128615707986
-0.49820310991425404
-0.4979347420626152
-0.4976661361140395
-0.4973972866406391
-0.4971281695099755
-0.4968587590438305
-0.4965890105692666
-0.4963189022714813
-0.4960484230203299
-0.49577754549431474
-0.4955062241080859
-0.4952344450971863
-0.49496219279530435
-0.49468942132459937
-0.49441611615366143
-0.4941422552996743
-0.4938677901059592
-0.4935927316949326
-0.4933170219011415
-0.49304065900100286
-0.492763610193768
-0.49248584679743734
-0.49220735306763713
-0.4919280897359519
-0.49164804194410056
-0.49136718360480464
-0.49108549268651125
-0.4908029564678882
-0.4905195260784557
-0.4902352084000869
-0.4899499538334486
-0.48966374174682603
-0.4893765694082291
-0.48908838954804784
-0.48879920832926754
-0.48850897675897687
-0.48821769285674277
-0.4879253093600595
-0.48763183177708136
-0.48733722806623136
-0.487041471727143
-0.48674455074834255
-0.48644643103876023
-0.4861471187027562
-0.4858465605921674
-0.4855447532886734
-0.48524168722954636
-0.48493732909664694
-0.484631660863939
-0.48432464437803646
-0.48401630156293646
-0.4837065852499212
-0.48339547172456565
-0.48308296707451637
-0.48276902876678357
-0.4824536505496597
-0.48213681288664906
-0.48181849664407456
-0.4814986803132375
-0.4811773627193198
-0.48085449987028644
-0.4805300847676703
-0.4802041054913514
-0.4798765439690704
-0.479547380409417
-0.47921660246660863
-0.47888418579154723
-0.47855011453307517
-0.47821437288380575
-0.47787695635103017
-0.4775378274208151
-0.47719698311709263
-0.4768544063595808
-0.47651006694368114
-0.4761639658695856
-0.4758160914901721
-0.4754664072810188
-0.4751149054754401
-0.4747615824171643
-0.4744063993952457
-0.47404935175124313
-0.47369042476454726
-0.47332960469645424
-0.4729668666763601
-0.472602197818169
-0.47223558801352367
-0.4718670195199922
-0.4714964692893967
-0.4711239260431969
-0.4707493643380599
-0.47037278827088747
-0.4699941680787328
-0.46961347907497564
-0.46923070930481503
-0.4688458545618261
-0.46845888446760114
-0.46806979301045476
-0.46767855352434473
-0.46728515462282044
-0.4668895736809448
-0.46649178211356834
-0.46609180333050104
-0.4656895787660257
-0.46528509921923433
-0.46487835149282836
-0.46446931864883145
-0.4640579788148913
-0.46364430923873523
-0.46322829941402355
-0.46280993440925833
-0.4623891775774472
-0.46196600112993047
-0.4615404260681618
-0.46111238779978925
-0.46068190544835175
-0.4602489290537077
-0.45981344582742817
-0.4593754336333813
-0.4589348620093356
-0.4584917393209035
-0.4580460166117759
-0.457597666052588
-0.45714668831525385
-0.45669303215271373
-0.4562367076162159
-0.4557776718972413
-0.45531588772398135
-0.4548513537640353
-0.454384044042604
-0.4539139138823492
-0.45344094521385664
-0.45296512228137487
-0.4524864105737026
-0.4520047835068299
-0.4515202177621228
-0.45103268184257994
-0.4505421388632566
-0.45004857772243806
-0.44955195579784296
-0.4490522577340432
-0.44854944782518186
-0.44804349355766104
-0.4475343541658771
-0.4470220118601789
-0.4465064426465961
-0.445987599166251
-0.44546546100065815
-0.4449399833009478
-0.44441114877581417
-0.4438789052781981
-0.4433432374914793
-0.4428040925642548
-0.4422614526376852
-0.44171527051906195
-0.44116551577502355
-0.4406121563428273
-0.440055150920248
-0.43949445614241045
-0.43893005414432124
-0.4383618800951793
-0.4377899181650135
-0.43721412301717566
-0.43663444895702525
-0.43605086953878686
-0.4354633320770872
-0.43487180669021536
-0.4342762395358967
-0.4336766088706542
-0.4330728444261868
-0.4324649373641069
-0.43185281897293243
-0.43123644715940224
-0.4306158136766609
-0.42999083285365836
-0.4293614792346753
-0.428727702161573
-0.4280894602034133
-0.4274467166065165
-0.42679940948055706
-0.42614750713274185
-0.4254909473677363
-0.4248297055320386
-0.42416371884907617
-0.42349292734850147
-0.4228173246750191
-0.42213681595361485
-0.421451386413362
-0.42076097460157996
-0.4200655305006972
-0.419364994777538
-0.41865934502409247
-0.41794850592455923
-0.41723243309839503
-0.41651108982112134
-0.4157844157295376
-0.415052345227297
-0.41431485903311804
-0.4135718788856322
-0.41282336524937135
-0.4120692556518894
-0.4113095113410391
-0.4105440692101034
-0.40977288771099246
-0.40899591132002105
-0.4082130740752758
-0.40742433155391
-0.40662964356205716
-0.40582893657227564
-0.40502216930273105
-0.4042092844624673
-0.40339022612413894
-0.4025649437858207
-0.4017333868907938
-0.4008954896382458
-0.40005121897659696
-0.3992005025916289
-0.39834328915464845
-0.39747953846742173
-0.3966091757533248
-0.39573216807781114
-0.3948484507296821
-0.39395796339141603
-0.39306065923930433
-0.3921564906710522
-0.39124539568889827
-0.3903273316485199
-0.3894022374403517
-0.38847004466928403
-0.387530724199148
-0.3865842299626405
-0.3856304730171452
-0.38466943105529017
-0.38370105041600167
-0.38272526063081325
-0.3817420212695179
-0.3807512756158722
-0.37975298567865007
-0.3787470906210914
-0.3777335430175984
-0.3767122950465215
-0.37568327488402503
-0.3746464618425888
-0.37360179485801853
-0.3725492286231182
-0.3714887042871118
-0.3704201761859235
-0.36934361499026447
-0.3682589481865185
-0.36716614290557575
-0.366065151285763
-0.36495591727592525
-0.36383842052411464
-0.3627125900638525
-0.3615783920134942
-0.36043577973764096
-0.3592847112572182
-0.35812515632256353
-0.35695705455061544
-0.3557803667174051
-0.3545950645842048
