1025
-1.2524708775311557
-1.2531453414863767
-1.2537860048612315
-1.2543930521607844
-1.2549666752367563
-1.255507058432497
-1.2560143907469867
-1.2564888566412582
-1.25693065068385
-1.2573399425126417
-1.257716934944788
-1.258061802024365
-1.2583747379517087
-1.2586559262945054
-1.258905543153889
-1.2591237872883971
-1.2593108309827385
-1.2594668633964414
-1.2595920660580997
-1.2596866223546128
-1.2597507172160145
-1.2597845328036823
-1.2597882451909723
-1.2597620410328825
-1.2597061022806002
-1.2596206087958048
-1.2595057354286698
-1.2593616666847747
-1.259188577938956
-1.2589866517185244
-1.258756061601388
-1.2584969895457458
-1.258209610156059
-1.257894093821284
-1.25755062106338
-1.2571793728242737
-1.256780514848195
-1.2563542254335083
-1.255900669117495
-1.2554200260976647
-1.254912475958831
-1.2543781683815456
-1.2538172916892334
-1.253230002035867
-1.2526164794112302
-1.251976895020145
-1.2513113976888373
-1.2506201753553674
-1.2499033756230065
-1.2491611692549651
-1.2483937263221008
-1.247601211676725
-1.246783779556285
-1.245941597401103
-1.2450748160896254
-1.2441836101043529
-1.2432681296118289
-1.2423285330670697
-1.241364989721572
-1.240377638346375
-1.23936665223247
-1.2383321680809654
-1.2372743508999062
-1.2361933518609483
-1.2350893220309256
-1.2339624156763545
-1.2328127824399986
-1.231640567509006
-1.2304459185704215
-1.2292289913115777
-1.2279899263856144
-1.226728859222428
-1.2254459483097448
-1.2241413323966706
-1.2228151566498453
-1.2214675532027786
-1.2200986706874726
-1.218708639849839
-1.2172976087590262
-1.215865700416584
-1.2144130584678638
-1.2129398208747828
-1.211446123176339
-1.2099320866647272
-1.2083978463964147
-1.2068435362464915
-1.2052692758807335
-1.2036752098327
-1.2020614474055287
-1.2004281178630893
-1.1987753531465333
-1.1971032640398889
-1.1954119868916477
-1.193701618125397
-1.191972308194764
-1.190224152806007
-1.1884572704522942
-1.1866717896952919
-1.184867805853317
-1.1830454491510443
-1.1812048185665083
-1.1793460253037267
-1.1774691862858777
-1.1755744026094714
-1.173661774017877
-1.1717314210008825
-1.1697834366059479
-1.1678179163723215
-1.1658349736218996
-1.16383470277549
-1.1618172024264655
-1.1597825669393051
-1.1577308818439176
-1.1556622585887693
-1.1535767779313038
-1.1514745384608214
-1.149355613610452
-1.1472201000502344
-1.1450680857021989
-1.1428996532136797
-1.1407148860577003
-1.138513864086785
-1.1362966604670486
-1.1340633705999026
-1.1318140526046576
-1.1295487876370822
-1.1272676579219898
-1.1249707187237918
-1.1226580576778202
-1.120329737201098
-1.117985799550822
-1.115626349042286
-1.1132514356805705
-1.1108611180404953
-1.1084554474667594
-1.1060344929364891
-1.103598312448387
-1.1011469565586287
-1.0986804747054564
-1.0961989311470937
-1.0937023669584016
-1.0911908250381825
-1.0886643607844722
-1.0861230164744853
-1.0835668391873023
-1.0809958555913006
-1.0784101122939773
-1.0758096576369098
-1.0731945211181113
-1.0705647205547042
-1.067920303432459
-1.0652612997314512
-1.0625877224413398
-1.0598996250773536
-1.0571970155533412
-1.0544799077719424
-1.0517483309250377
-1.0490022990391576
-1.046241845922761
-1.0434669713215494
-1.0406776997152907
-1.037874016688796
-1.035055950478196
-1.0322235006359122
-1.029376685989821
-1.0265155002105808
-1.0236399417205129
-1.0207500132979472
-1.017845704123383
-1.014927021798225
-1.0119939540059604
-1.0090464849735197
-1.0060846189189032
-1.0031083308413664
-1.0001176155525207
-0.9971124392932716
-0.9940927964506802
-0.9910586687653133
-0.9880100249067121
-0.9849468511850492
-0.9818691000456442
-0.9787767607964508
-0.9756697935867267
-0.9725481727070768
-0.9694118557390508
-0.9662608020636867
-0.9630949902352018
-0.9599143574963076
-0.9567188731623651
-0.9535084968180632
-0.9502831687571761
-0.9470428405216461
-0.9437874637254089
-0.9405169885102204
-0.9372313647191682
-0.9339305188391956
-0.930614406005597
-0.9272829592427165
-0.923936108824927
-0.9205738020410279
-0.9171959671169517
-0.9138025197879627
-0.9103934085508336
-0.906968556893703
-0.9035278810147204
-0.900071317886474
-0.8965987769679301
-0.8931101782509298
-0.8896054422119568
-0.8860844834111695
-0.8825472144930472
-0.8789935446501155
-0.8754233956931596
-0.8718366612915591
-0.8682332553530251
-0.8646130794200447
-0.8609760356181386
-0.8573220283492602
-0.8536509462992146
-0.8499627048830959
-0.8462571879001164
-0.8425342921139668
-0.8387939029681677
-0.8350359220689112
-0.8312602356484409
-0.8274667280543685
-0.8236552797860276
-0.819825786797093
-0.815978125973253
-0.8121121791380516
-0.8082278237470223
-0.8043249421144247
-0.8004034136728804
-0.7964631061251204
-0.7925038974536347
-0.7885256549892566
-0.7845282586659448
-0.7805115757800756
-0.7764754823856086
-0.7724198321119784
-0.7683444972881426
-0.7642493472592194
-0.7601342370774743
-0.7559990418670499
-0.7518436114550189
-0.7476678224694152
-0.743471515779059
-0.7392545706079755
-0.7350168282551053
-0.7307581542285515
-0.7264783991861306
-0.7221774306229968
-0.7178551015814856
-0.7135112534689538
-0.7091457491908033
-0.7047584365946906
-0.7003491801393402
-0.6959178293432874
-0.6914642143950004
-0.6869882127430444
-0.6824896626466078
-0.6779684106297944
-0.673424317958801
-0.6688572288881852
-0.6642669885294076
-0.659653451745431
-0.655016467859382
-0.6503558823290014
-0.645671557937625
-0.6409633210568955
-0.6362310362839001
-0.6314745421743928
-0.6266937118587681
-0.6218883605432689
-0.6170583701921414
-0.6122035683679642
-0.6073238196102873
-0.6024189783290214
-0.5974888824995243
-0.5925333910976788
-0.5875523670913622
-0.5825456430641263
-0.577513102021561
-0.5724545717170375
-0.5673699194599872
-0.5622590084708516
-0.5571216906472073
-0.5519578302707573
-0.5467672866630033
-0.5415499108942861
-0.5363055762504768
-0.5310341523931581
-0.5257354856929684
-0.5204094630265398
-0.5150559408483628
-0.509674786542385
-0.5042658825132792
-0.49882910214376736
-0.49336431261811603
-0.4878713994713782
-0.4823502238929526
-0.4768006839266756
-0.4712226490046848
-0.465616020183939
-0.4599806643173982
-0.4543164904030424
-0.4486233700700462
-0.4429012047272941
-0.43714989708263685
-0.4313693376705811
-0.4255594369888904
-0.41972008144495
-0.413851187811829
-0.4079526525489936
-0.40202440813087614
-0.39606634841001725
-0.39007839822047474
-0.3840604928261695
-0.37801251596368324
-0.37193443491876543
-0.3658261510946318
-0.35968761640082314
-0.3535187449911883
-0.34731949769279924
-0.34108980825779783
-0.3348296047810778
-0.3285388677424443
-0.3222175167591992
-0.3158655357218899
-0.30948286531997754
-0.30306947753345503
-0.2966253495876721
-0.2901504380808483
-0.28364472726170314
-0.2771081777761535
-0.27054079794681507
-0.26394256377198766
-0.25731346480160755
-0.25065350035855766
-0.24396266422178248
-0.23724096420423565
-0.23048841226615568
-0.22370501813518992
-0.21689079595267377
-0.21004577651847395
-0.20316997184141025
-0.19626343138293456
-0.1893261739864824
-0.1823582485604283
-0.17535970169285764
-0.1683305832792211
-0.16127094122393035
-0.15418084334633772
-0.14706034504549564
-0.13990953123790886
-0.1327284555799738
-0.12551721182279593
-0.11827588849640645
-0.11100456690637704
-0.10370334634832278
-0.09637232216827751
-0.08901160808223403
-0.08162130354205586
-0.07420153542452128
-0.06675242644613973
-0.05927409949848399
-0.051766685928492276
-0.044230316882064864
-0.03666516195923955
-0.029071333061598155
-0.021449021546561874
-0.013798357733079098
-0.0061195241108763666
0.0015873082435342136
0.009321971183770896
0.017084283837779202
0.024874038360480643
0.032691062023697044
0.040535142958979815
0.04840607785554421
0.05630366188728407
0.0642276820358952
0.07217788911786792
0.08015408181363362
0.08815600607442846
0.09618344199070145
0.1042361331436026
0.11231382160823367
0.1204162662881497
0.12854319530069147
0.13669432500999468
0.14486940467562964
0.15306813923958526
0.16129025577259248
0.16953544310318433
0.17780341188169665
0.1860938594994681
0.19440648738115768
0.20274095336387293
0.21109696066699246
0.21947417199694486
0.22787226077309877
0.23629088027698159
0.24472969283979792
0.2531883484571797
0.2616664966591544
0.2701637630933022
0.2786797993451433
0.2872142176173906
0.2957666509828844
0.30433671842241167
0.3129240240339789
0.32152817816843376
0.33014877722701014
0.33878543164199526
0.34743771532679874
0.3561052190861607
0.36478753084424875
0.373484221574298
0.38219484190281455
0.39091898783145235
0.3996561965825549
0.40840603676977527
0.41716805115779076
0.42594178319767045
0.4347267798325051
0.4435225620038505
0.45232868883427696
0.46114465850150155
0.4699700103524566
0.4788042437218124
0.4876468851105408
0.49649744286492303
0.5053554099057718
0.514220292334327
0.5230915982326483
0.5319687908275355
0.5408513816455375
0.5497388452674132
0.558630661145349
0.5675263040608248
0.5764252488102634
0.5853269510861205
0.5942309120999559
0.6031365401907572
0.6120433304805611
0.6209507315628952
0.6298581856284504
0.6387651424877689
0.6476710486735533
0.6565753532724581
0.6654774836089845
0.6743768893580349
0.6832729866483533
0.6921652135779505
0.7010530113067709
0.7099357853843346
0.7188129782203106
0.7276839962167999
0.7365482716430076
0.7454052034024218
0.7542542297966778
0.7630947437360189
0.7719261759968543
0.7807479238245277
0.7895593950384634
0.7983600076153354
0.8071491709777064
0.8159262621219554
0.824690717068657
0.8334419192336915
0.8421792751749848
0.8509021870598003
0.8596100562877441
0.8683022815706694
0.8769782620551408
0.8856373986636085
0.894279100216936
0.9029027432545359
0.9115077385630503
0.9200934972044511
0.9286593999266427
0.9372048479304952
0.9457292596922291
0.9542320200791448
0.9627125329783468
0.9711702050498704
0.9796044399214175
0.9880146421749489
0.9964002152616755
1.004760557665385
1.0130950958228422
1.021403225164553
1.0296843708515637
1.0379379390436667
1.0461633456265311
1.0543600054152065
1.0625273432223155
1.0706647802465952
1.07877173957378
1.0868476477620546
1.0948919339934056
1.1029040311610727
1.110883386606973
1.1188294137143397
1.1267415686786066
1.1346192957193375
1.1424620432899124
1.150269250043442
1.1580403999748023
1.1657749176956245
1.1734722862862972
1.1811319677228187
1.18875342677953
1.196336143470099
1.2038795933019537
1.2113832602478691
1.2188466277235668
1.2262691988023329
1.2336504525120087
1.2409899103791944
1.2482870550168024
1.2555414189059846
1.2627525185785753
1.269919853370931
1.277042968596055
1.2841213935626183
1.2911546635557845
1.2981423301928217
1.3050839182282499
1.3119790160174538
1.318827155991117
1.3256279209984358
1.3323808784790412
1.3390856203502652
1.3457417051301224
1.3523487455057532
1.3589063306895468
1.3654140774866192
1.3718715797706933
1.3782784752374226
1.3846343688222866
1.3909389093245919
1.3971917152178037
1.4033924538959028
1.4095407697252262
1.4156363218891177
1.421678782234157
1.4276678201661002
1.433603118035814
1.4394843700615223
1.4453112671888417
1.4510835274644382
1.4568008496716112
1.4624629551100112
1.4680695835859907
1.4736204604101495
1.4791153343697074
1.4845539493682174
1.4899360868613118
1.4952614880977373
1.5005299603656927
1.505741254658366
1.5108951843065759
1.515991548725087
1.5210301524782959
1.5260108242874193
1.5309333687584443
1.5357976418862322
1.540603476538292
1.545350733692168
1.5500392634586417
1.5546689324433756
1.5592396371682657
1.5637512481886016
1.5682036609527894
1.5725967886547376
1.5769305367432396
1.581204822698186
1.5854195790954244
1.5895747511566807
1.5936702743909934
1.5977061157933834
1.6016822432535116
1.6055986178698949
1.6094552276778629
1.6132520692167516
1.6169891265197356
1.6206664261312502
1.6242839803140112
1.6278418055935426
1.6313399480107103
1.6347784590870442
1.6381573754222252
1.6414767605157974
1.6447366847352647
1.647937236098779
1.6510784917938643
1.6541605520836
1.657183525932268
1.6601475118438203
1.6630526522096927
1.665899052196878
1.6686868711898586
1.6714162424266463
1.67408733386491
1.6767003067701345
1.6792553205332337
1.6817525599887237
1.6841922282481196
1.6865745047570289
1.688899594539225
1.6911677230049567
1.6933791005465813
1.6955339516172299
1.697632523464984
1.6996750618667746
1.7016617991817211
1.7035930238039565
1.7054689737567994
1.707289944358725
1.709056202547505
1.710768052926366
1.712425779145524
1.714029697498873
1.7155801130347852
1.7170773317176489
1.7185216989232055
1.719913524956447
1.7212531741598314
1.7225409784916499
1.723777284715828
1.7249624578452112
1.7260968558198984
1.7271808627430643
1.7282148558901809
1.7291992074572708
1.7301343019111965
1.7310205504383227
1.731858355350341
1.7326481135469007
1.733390248439255
1.7340851688746748
1.7347332933182609
1.7353350682811866
1.7358909156975473
1.7364012803070021
1.7368666034198046
1.7372873317815734
1.7376639303422108
1.737996838679384
1.738286538724847
1.738533491497678
1.7387381661998031
1.7389010355092698
1.739022575899778
1.7391032869371568
1.7391436445363606
1.7391441372476784
1.7391052703946568
1.739027520225534
1.7389114173162643
1.7387574458063497
1.7385661145813753
1.7383379383237638
1.738073427645511
1.737773101915419
1.7374374752550306
1.7370670595443685
1.736662384536277
1.7362239760933786
1.7357523617914146
1.7352480625935303
1.7347116106167333
1.7341435461709962
1.733544381306037
1.7329146605916435
1.7322549268855636
1.73156570974211
1.730847534021255
1.730100955513658
1.7293264976601892
1.7285247122142584
1.7276961267932205
1.7268412748350765
1.725960708722414
1.7250549494797671
1.7241245583637859
1.7231700538391643
1.7221919804268666
1.7211908762896473
1.7201672786724647
1.7191217078720686
1.7180547113548976
1.7169668167716414
1.7158585548526242
1.7147304485064783
1.7135830403629564
1.7124168376213516
1.7112323865468586
1.7100301868417338
1.708810780023815
1.7075746581225608
1.706322358409774
1.705054379718263
1.703771236922386
1.7024734411025506
1.7011614875008991
1.6998358789516308
1.698497121554825
1.6971457059532589
1.6957821049175816
1.6944068286281502
1.6930203586050923
1.6916231556985486
1.6902157191370561
1.6887985176868736
1.687371999327816
1.6859366434032486
1.6844929016928822
1.6830412421538552
1.681582095845152
1.6801159214773789
1.6786431519805642
1.6771642358323506
1.675679576777918
1.67418962047553
1.6726947859225338
1.6711954729990874
1.669692115353251
1.668185098156133
1.6666748220525192
1.6651616800200713
1.6636460573171927
1.6621283366620296
1.6606088940908785
1.6590880931768772
1.657566293877687
1.6560438617944413
1.6545211338702466
1.652998461975252
1.651476169116284
1.6499546000220715
1.6484340785256162
1.6469149084844072
1.6453974040555386
1.6438818691789796
1.6423685958436636
1.64085787770642
1.6393499956351487
1.6378452193939408
1.636343819129774
1.6348460564582168
1.6333521775069384
1.631862431526887
1.630377049719501
1.6288962755740601
1.627420314719068
1.6259493944787036
1.6244837223010837
1.62302348414116
1.6215688870695426
1.6201201074352913
1.618677325253498
1.6172407033811824
1.6158104097269455
1.6143865955684125
1.6129693969604062
1.6115589565851507
1.6101554091246706
1.6087588760173364
1.6073694593265782
1.605987267781735
1.6046124038325407
1.6032449585661797
1.6018850010899117
1.6005326146600334
1.5991878633078211
1.5978507973758593
1.596521472851824
1.5951999296576074
1.593886189871296
1.5925802966829563
1.5912822510791547
1.5899920719207377
1.588709760845565
1.5874353028097201
1.5861686915947977
1.5849098939777455
1.583658883955333
1.5824156236941445
1.581180065789468
1.5799521641552816
1.578731840846853
1.577519043431598
1.5763136798221626
1.575115663239245
1.57392491649365
1.572741320563481
1.5715647885032182
1.5703951849467561
1.569232401910675
1.5680762916534785
1.566926732419303
1.5657835731372451
1.5646466593574175
1.5635158355036296
1.5623909280056492
1.5612717793895885
1.5601581876792954
1.5590499779204179
1.5579469601992868
1.5568489250658493
1.55575566547295
1.5546669586248674
1.5535826023102473
1.5525023546298642
1.5514259819055185
1.550353255134132
1.5492839105777219
1.5482177102679773
1.5471543919950377
1.5460936839656363
1.5450353189855406
1.543979032587417
1.5429245217014844
1.5418715069921092
1.5408196985961533
1.5397687963842381
1.5387184911418919
1.5376684839644181
1.536618452764992
1.535568076564631
1.5345170319167303
1.5334649971321548
1.5324116256993927
1.531356586797021
1.5302995399460102
1.5292401238784272
1.5281780040532627
1.5271128195494137
1.5260442045077434
1.52497179669898
1.52389523687137
1.5228141400556912
1.521728139414511
1.5206368540294404
1.5195399084592733
1.5184369089713678
1.5173274689820906
1.5162112036220925
1.515087717036885
1.5139566075973432
1.5128174801864867
1.5116699279568275
1.5105135579212905
1.5093479560427978
1.5081727109379834
1.5069874126994165
1.5057916575595893
1.5045850235627818
1.503367102139866
1.5021374727049157
1.500895713493872
1.4996414102986493
1.49837413308459
1.497093482703377
1.4957990131849423
1.494490308903203
1.4931669484606644
1.49182850897259
1.490474562873635
1.4891046886653454
1.487718459836666
1.48631545861267
1.4848952503479902
1.4834574075710987
1.4820015314956674
1.4805271705380247
1.479033929545374
1.477521368891501
1.4759890764875552
1.474436627787302
1.4728636072075805
1.471269610536441
1.4696542120395835
1.4680169922579076
1.4663575569470737
1.464675479873925
1.4629703754214733
1.4612418255213095
1.4594894184538618
1.457712773626397
1.455911489019035
1.4540851586828836
1.452233395857331
1.4503558174900453
1.448452032566998
1.4465216589415442
1.4445643201248166
1.4425796366709187
1.4405672301728876
1.4385267407281332
1.436457798641102
1.434360049730603
1.4322331311218324
1.4300766905857694
1.4278903722950742
1.4256738365870838
1.4234267518564006
1.42114877069087
1.4188395683474042
1.4164988128351577
1.414126192429149
1.4117213767527397
1.4092840681832566
1.4068139491472027
1.4043107256370921
1.4017740982240467
1.3992037800812258
1.3965994861211266
1.3939609356116478
1.3912878524696621
1.3885799791847055
1.3858370420773305
1.3830587937347372
1.3802449836172386
1.3773953633056144
1.3745097043563568
1.3715877698640158
1.368629340011034
1.3656341911810672
1.3626021229081937
1.359532910556032
1.3564263810481414
1.3532823252882549
1.3501005583910108
1.3468809287963934
1.3436232380766728
1.3403273335743973
1.3369930575630304
1.3336202630284377
1.330208810113464
1.3267585585179351
1.3232693907113315
1.3197411736100635
1.316173813582011
1.312567192074819
1.3089212065560871
1.3052357927491205
1.3015108417992982
1.2977462973716067
1.2939420887128423
1.2900981539153764
1.2862144375998394
1.2822909118066779
1.2783275300852552
1.2743242650978528
1.2702811072983429
1.2661980416441319
1.2620750514632209
1.2579121649827927
1.2537093787375388
1.249466717431613
1.2451842069017256
1.2408618906533524
1.2364998085480392
1.2320980181034877
1.2276565829513786
1.2231755606010812
1.218655034934771
1.2140950977807046
1.209495834709327
1.2048573517826324
1.2001797567418628
1.1954631683201176
1.1907077126167376
1.1859135245406738
1.1810807433604196
1.176209528688885
1.1713000283839814
1.1663524095647984
1.1613668570140805
1.1563435386552738
1.1512826608890618
1.1461844113018254
1.1410489936124872
1.1358766281919397
1.1306675373261648
1.125421950079818
1.1201401062091534
1.1148222489893629
1.1094686212337972
1.1040794988180584
1.0986551541559713
1.0931958416972345
1.087701860690695
1.0821735064143956
1.0766110629630246
1.0710148425461368
1.0653851558222749
1.059722333444097
1.0540266970490335
1.048298579069769
1.042538329769211
1.0367462794921571
1.0309228051170485
1.02506826288346
1.019183024060401
1.0132674590679553
1.0073219547458068
1.001346908495342
0.9953427072611118
0.9893097568135484
0.9832484714600098
0.9771592592863085
0.9710425569071557
0.9648987765617092
0.9587283633965982
0.9525317526668612
0.9463093923054906
0.9400617448268075
0.9337892556949872
0.9274923918291555
0.921171629444714
