1025
0.48302964141281346
0.47864588142450626
0.4742674887278587
0.46989469408901813
0.4655277488347289
0.4611668781410007
0.4568123222532339
0.45246431297754397
0.44812309600561434
0.443788865207716
0.4394618930159877
0.4351423728793856
0.4308305561911308
0.4265266663578502
0.42223089992435436
0.4179435201513539
0.41366470911617764
0.4093947102780832
0.4051337224504816
0.40088197213602905
0.39663967632903435
0.39240703901940055
0.38818426774076714
0.38397157770711904
0.37976917618742767
0.3755772688881271
0.37139604485584377
0.36722571219398165
0.3630664679989902
0.3589185151500048
0.3547820371886304
0.35065723929919923
0.3465443043245639
0.34244340433766174
0.3383547404405076
0.33427850975568135
0.3302148680147974
0.3261640128589981
0.32212609114077817
0.31810130140096604
0.3140898336611218
0.31009180072119424
0.30610741620763504
0.30213681238571166
0.2981801740000216
0.2942376669871617
0.29030940798186494
0.2863955937260045
0.28249633488389486
0.2786117975215061
0.2747421332102972
0.2708874877234317
0.2670479863267785
0.2632237757274409
0.2594149645386698
0.2556217180418844
0.25184414654371473
0.24808236632270098
0.24433653822258702
0.2406067330160298
0.23689310574919914
0.2331957303787574
0.22951474581001974
0.2258502452004044
0.22220233922427338
0.21857113581692542
0.2149567224179862
0.21135919461681202
0.20777863467162566
0.20421515288805203
0.2006688215595235
0.19713969844119905
0.19362789725532617
0.19013347890973376
0.1866565266254778
0.18319708657010178
0.17975524137398805
0.17633103452044
0.17292455260787268
0.16953581133887988
0.16616488605354893
0.1628118309325283
0.15947669394495934
0.156159494783007
0.15286027957911516
0.14957908953952195
0.14631593522105457
0.1430708863729883
0.13984392214991961
0.13663507665905877
0.13344438195728084
0.13027182572707593
0.1271174505691977
0.12398121196152218
0.12086318223323715
0.11776331091745264
0.114681594055594
0.11161806436538421
0.10857265409019844
0.10554540592427157
0.10253625707639642
0.09954519969093224
0.0965722241442082
0.09361728330490111
0.09068033595505746
0.08776138483156856
0.08486035861472414
0.081977210180383
0.07911191620158563
0.0762644182065772
0.07343466536650335
0.07062260188712129
0.06782813845644724
0.06505125358804419
0.062291864590989905
0.059549912019621086
0.05682528781440651
0.05411793723731695
0.05142778310147068
0.04875474141421466
0.04609872170085755
0.04345963509482221
0.04083736645352904
0.038231864344872836
0.03564298256101669
0.03307063083491491
0.03051472529856922
0.02797511386319829
0.025451730380382964
0.02294443941174795
0.020453059418631153
0.017977566277408777
0.015517795735471497
0.013073614379765628
0.010644870718695158
0.008231449829833431
0.005833219788697505
0.003450027461755707
0.0010817152693087645
-0.0012718301168630542
-0.003610782394740205
-0.005935305014304543
-0.008245531520170603
-0.010541629238348215
-0.012823746901646439
-0.015092088194111859
-0.01734679721579203
-0.01958801895858673
-0.021815944935266073
-0.024030777232913695
-0.026232672145532158
-0.028421799612725694
-0.030598378858360406
-0.03276253503719171
-0.03491449579328798
-0.03705446696168192
-0.03918262373567181
-0.04129917147012804
-0.04340426975269839
-0.04549815296195797
-0.04758099188050453
-0.04965306059129138
-0.05171451406820741
-0.05376557426885561
-0.05580643221170679
-0.057837311455023535
-0.05985843731872741
-0.0618700238724296
-0.0638722979267873
-0.06586546215053485
-0.06784974626116051
-0.06982539034041525
-0.07179258850246505
-0.0737515978790789
-0.0757026243213362
-0.07764593581938929
-0.07958174204650509
-0.08151026222735341
-0.08343175975024739
-0.08534644326982228
-0.08725459721990457
-0.08915642496710811
-0.09105218321552698
-0.09294209904646915
-0.09482643781541711
-0.09670545069832497
-0.09857934048717878
-0.10044840953254287
-0.10231287683795623
-0.10417298142625941
-0.10602899511524005
-0.10788118375215505
-0.10972977728465814
-0.11157502923308182
-0.11341717993272714
-0.1152565203186461
-0.11709327943227636
-0.1189277190719521
-0.12076011528523707
-0.12259069940784735
-0.12441973148502955
-0.12624750454966627
-0.1280742435058992
-0.12990020623885443
-0.13172567548960457
-0.13355087785130254
-0.1353760994891588
-0.1372016016512567
-0.139027639477093
-0.1408544647324032
-0.14268234815014305
-0.14451155694396972
-0.14634232197760352
-0.14817493320959327
-0.15000963676196996
-0.1518467005643062
-0.15368638525281927
-0.155528936160739
-0.15737464798848572
-0.15922372941344223
-0.16107646582689256
-0.16293311086747134
-0.16479393879055135
-0.16665918219894002
-0.1685291027931869
-0.1704039585339726
-0.1722840255064364
-0.1741695281134463
-0.17606073009421067
-0.17795788689465328
-0.17986125939257772
-0.1817710768150626
-0.18368759438636859
-0.18561107855699455
-0.18754176612387494
-0.1894799186836594
-0.19142575871334086
-0.193379545861519
-0.19534149553058802
-0.19731189672757485
-0.19929096672151456
-0.20127894248568218
-0.20327608182967494
-0.20528259621860098
-0.20729874936866824
-0.20932474003821053
-0.21136084743050973
-0.2134072555339663
-0.21546423133764822
-0.21753199172692742
-0.21961077548103114
-0.22170077863172344
-0.22380222784547518
-0.22591538178009618
-0.22804043259278742
-0.23017762018107288
-0.23232712473292344
-0.23448917257107918
-0.23666402730451877
-0.23885183538110002
-0.24105283451552612
-0.24326724429889457
-0.24549524665124786
-0.24773705200230928
-0.24999287886621083
-0.2522629110451689
-0.25454734395449213
-0.25684638700804435
-0.25916019772812576
-0.26148902545018754
-0.26383302008082976
-0.2661923921919963
-0.26856727599979935
-0.27095793952989766
-0.2733644794403525
-0.27578713202300975
-0.2782260433902009
-0.28068138298735684
-0.2831533453163016
-0.28564209732684015
-0.28814777046419854
-0.29067058675998236
-0.29321063672635833
-0.2957681512244373
-0.2983432555757986
-0.30093609502754143
-0.3035468332825017
-0.30617560738087407
-0.30882257508555633
-0.31148789654832837
-0.31417169420605356
-0.3168740966989891
-0.31959527726388914
-0.32233533338303283
-0.3250944204054688
-0.32787267409865933
-0.3306701922745522
-0.3334871058785527
-0.33632354864088554
-0.33917962339333285
-0.3420554816440912
-0.34495119928125934
-0.3478669177468846
-0.3508027046045483
-0.35375871532483927
-0.35673500373264094
-0.3597317142437959
-0.36274892252906826
-0.3657867119242657
-0.36884519126840937
-0.3719244237762058
-0.37502454009795666
-0.37814559703451606
-0.3812877015699824
-0.38445088189279264
-0.38763526156101474
-0.39084089534360295
-0.3940678206139628
-0.39731618960359144
-0.4005859736779489
-0.4038773010627317
-0.4071901833558049
-0.41052472144677377
-0.41388092782207203
-0.4172588600929171
-0.42065861793560994
-0.42408016918017805
-0.4275236307933462
-0.4309889828071269
-0.43447630196978526
-0.43798560507311884
-0.441516905835112
-0.4450702581022905
-0.4486456700913754
-0.4522432125904222
-0.4558628370733122
-0.4595045996497954
-0.4631685078475004
-0.4668545709255183
-0.4705628157253813
-0.4742932341738281
-0.4780458220919604
-0.48182059211016165
-0.4856175456906631
-0.48943665762518646
-0.49327795985244205
-0.4971413921694135
-0.5010269850619655
-0.5049346999111458
-0.5088645219964404
-0.5128164229981144
-0.5167903970276552
-0.520786398809171
-0.5248044230365979
-0.5288443983231106
-0.5329063482068142
-0.5369901876974631
-0.5410958809391139
-0.5452234037750849
-0.5493726876420346
-0.5535437136107084
-0.5577364021259956
-0.5619507293005759
-0.5661866132315833
-0.570443993268844
-0.5747228178220588
-0.5790230185404945
-0.5833445584134235
-0.5876872932188125
-0.5920512385745637
-0.5964362372928804
-0.6008422753433087
-0.6052692446732575
-0.6097170465318664
-0.6141856291042261
-0.6186749034338427
-0.6231847240451999
-0.6277150563320129
-0.6322657715016756
-0.6368367763549342
-0.6414279796370806
-0.6460392916548593
-0.6506705375013028
-0.6553216749261431
-0.6599925443873449
-0.6646830706689156
-0.6693931162574009
-0.674122548207071
-0.678871272440158
-0.6836391510552161
-0.6884260188555236
-0.6932318020358413
-0.6980563272021681
-0.7028994907845512
-0.7077611125856875
-0.7126410694807503
-0.7175392160171754
-0.7224554356670146
-0.7273895075282863
-0.7323413467944297
-0.7373107626944478
-0.7422976177236394
-0.7473017240050358
-0.7523229402479648
-0.7573610903897896
-0.7624160250050869
-0.7674875348012131
-0.7725754888732116
-0.7776796744081652
-0.782799930182993
-0.7879360850905158
-0.7930879323319717
-0.7982552974220098
-0.8034379711163249
-0.8086358026848169
-0.8138485595150979
-0.8190760471978165
-0.824318091895212
-0.8295744820981857
-0.8348449588517399
-0.8401293913008203
-0.8454275157899354
-0.8507391512950481
-0.8560640645152363
-0.8614020332759791
-0.8667528511820746
-0.8721162604828914
-0.8774920994517518
-0.882880073131513
-0.8882799903716624
-0.8936915794582205
-0.8991146288271699
-0.9045489056028537
-0.9099941337741821
-0.915450085344258
-0.9209165480333283
-0.9263931963711293
-0.9318798365698321
-0.9373761921066374
-0.9428820027626711
-0.9483970102538367
-0.9539209524150098
-0.9594535338476767
-0.9649945691417692
-0.9705436651440262
-0.9761006306941175
-0.981665179988776
-0.9872370105679517
-0.9928158346167767
-0.998401381233381
-1.0039933768914127
-1.0095914976914242
-1.0151954855673004
-1.0208050028459295
-1.0264197631957208
-1.0320395046683108
-1.037663863747751
-1.0432925846490482
-1.0489253184922458
-1.0545617828584672
-1.0602016236393623
-1.06584457111812
-1.0714902641567745
-1.0771384181182213
-1.0827886788205878
-1.088440712632222
-1.094094218698726
-1.099748869596229
-1.1054042640694024
-1.1110601380509462
-1.1167161032891928
-1.1223718306331583
-1.1280269736685216
-1.1336811866840524
-1.1393341084887143
-1.1449853969805825
-1.1506346867188584
-1.1562816433394378
-1.161925857164404
-1.16756698984234
-1.1732046926151847
-1.1788385646723372
-1.1844682306811192
-1.1900933617028704
-1.1957135417476235
-1.201328392462346
-1.2069375412792653
-1.2125406138367132
-1.2181372171876266
-1.2237269466377156
-1.2293094040735693
-1.2348842323648213
-1.2404509953482086
-1.2460093362410796
-1.2515588248440266
-1.2570990659337133
-1.2626296435736752
-1.2681501566852842
-1.2736602086353412
-1.2791593681877371
-1.2846472214403435
-1.290123354507889
-1.2955873476257393
-1.3010388094140952
-1.3064772575412056
-1.3119023013102977
-1.3173135105802498
-1.3227104557561138
-1.3280926798020776
-1.3334598167740093
-1.338811344432617
-1.3441468757887751
-1.3494659666978996
-1.3547681571893968
-1.360053021222722
-1.3653200947721784
-1.3705689472649707
-1.3757991119167123
-1.381010165006905
-1.3862016079981219
-1.391373042070437
-1.3965239457414722
-1.4016539152905714
-1.4067624928927158
-1.4118491661618717
-1.4169135037689002
-1.4219550468340973
-1.4269733165619873
-1.4319678690145072
-1.4369381702647508
-1.4418838398877667
-1.446804328803723
-1.451699204632963
-1.4565679763657484
-1.461410204951619
-1.4662253507254581
-1.4710129754040777
-1.4757725864068867
-1.4805037292375418
-1.4852058749249275
-1.489878600632401
-1.4945213626398968
-1.4991337202927875
-1.503715141360048
-1.50826518757516
-1.5127833604948842
-1.5172691560622351
-1.5217221049811858
-1.5261417034523785
-1.5305274627695407
-1.5348788958641393
-1.5391955137960913
-1.5434768429725287
-1.5477223547799723
-1.551931566599037
-1.556104011884347
-1.5602391746870843
-1.5643365723194822
-1.5683956839212836
-1.5724160788481771
-1.5763971984932337
-1.5803386116094156
-1.5842397579111303
-1.5881001872835947
-1.5919194011931224
-1.595696901969585
-1.5994322164047186
-1.603124799713845
-1.6067742218210794
-1.610379952700315
-1.6139415352062056
-1.6174584441540956
-1.6209301927997417
-1.6243563396001455
-1.6277363446789346
-1.6310697420791633
-1.6343560513532238
-1.6375947829141742
-1.6407854378442772
-1.6439275420908055
-1.6470206233303002
-1.6500641829781941
-1.653057762365693
-1.6560008881680004
-1.6588930528317651
-1.6617338040118363
-1.6645226685649133
-1.6672591407959718
-1.669942792608487
-1.6725731420819099
-1.6751497001303162
-1.6776720224161588
-1.6801396684459955
-1.6825521409329591
-1.6849089720903148
-1.6872097270848319
-1.689453953423956
-1.6916411816509664
-1.6937709702049084
-1.6958428851099683
-1.697856437985061
-1.6998112431585561
-1.7017067934821006
-1.7035427030236885
-1.7053185011834515
-1.7070337906445354
-1.7086881289489009
-1.7102810620887237
-1.7118121749834285
-1.713281078599835
-1.7146873216054546
-1.7160304844475207
-1.7173101826460175
-1.7185259899884293
-1.7196774830807315
-1.7207642927165911
-1.7217860176794333
-1.722742224527249
-1.7236325805973003
-1.7244566317550456
-1.7252140470233894
-1.7259044023986658
-1.7265273630077371
-1.7270825237136607
-1.7275695388119
-1.7279880350607932
-1.7283376238722101
-1.728617990695769
-1.728828732719048
-1.7289695681000685
-1.729040110833129
-1.7290400152014347
-1.72896896022783
-1.7288265960196012
-1.7286126302659972
-1.7283267344941358
-1.727968572449889
-1.7275378067560048
-1.7270341819852195
-1.7264573861160366
-1.7258070976547815
-1.7250830543183269
-1.724284942347693
-1.7234124652341476
-1.7224653900807279
-1.7214434096436013
-1.720346275470691
-1.7191737146227655
-1.7179254645742688
-1.7166013044182888
-1.7152009410713227
-1.7137241786464492
-1.7121707696450181
-1.710540476583471
-1.7088330706485513
-1.7070483243242471
-1.7051860661903926
-1.7032460628298434
-1.7012281113514478
-1.6991320396589873
-1.696957604712824
-1.6947046999049584
-1.69237309856406
-1.6899626351446722
-1.687473154696428
-1.6849044976852992
-1.6822565237152292
-1.6795290683164272
-1.6767219845766672
-1.6738351497972437
-1.670868443253157
-1.6678217515582014
-1.6646949386535939
-1.6614879028133382
-1.6582005718582278
-1.6548327939673657
-1.651384515208114
-1.6478556679305705
-1.6442461613881536
-1.6405559104140952
-1.6367848900562165
-1.632933005872504
-1.6290002552290914
-1.624986564796833
-1.6208918813976922
-1.6167162262515828
-1.6124595221276972
-1.6081218198028957
-1.603703064024876
-1.5992032702867454
-1.5946224533435192
-1.5899606283167973
-1.5852177842265758
-1.5803939779808658
-1.575489242890949
-1.5705036148508742
-1.5654371242209866
-1.5602898691005829
-1.555061857262229
-1.549753229955958
-1.5443639953813684
-1.538894297983323
-1.533344165566812
-1.527713751147357
-1.5220031319737861
-1.5162124241213486
-1.5103417640941723
-1.5043912592752835
-1.4983610495461959
-1.4922512894620048
-1.4860621295471879
-1.4797936697876446
-1.4734461378025474
-1.4670197002171597
-1.4605144823715537
-1.453930730517148
-1.4472686303174196
-1.440528329275891
-1.4337100751315972
-1.4268140603533415
-1.419840542927487
-1.4127897047280593
-1.4056618096851634
-1.3984570911677143
-1.3911758191346362
-1.3838181922766737
-1.3763845288321
-1.368875088171519
-1.3612901177175905
-1.3536299602804582
-1.3458948658766516
-1.3380851421773736
-1.3302010919101017
-1.3222430312326017
-1.314211282005949
-1.3061061769261566
-1.2979280431915894
-1.289677210007399
-1.2813540562609287
-1.2729589046317618
-1.2644921359515968
-1.2559540906821194
-1.2473451802644584
-1.2386657826730638
-1.2299162669139587
-1.2210970348087207
-1.2122084931948145
-1.2032510392945013
-1.1942251066115124
-1.1851311181200936
-1.1759694832541192
-1.1667406512542713
-1.1574450642595862
-1.1480831604012531
-1.1386554058998841
-1.1291622389938274
-1.1196041654046174
-1.1099816181737316
-1.1002951026148577
-1.090545112699085
-1.0807321028143257
-1.0708566141568463
-1.0609191248200105
-1.0509201551737941
-1.0408602156925788
-1.03073984396961
-1.0205595648984274
-1.0103198843223158
-1.0000213663297786
-0.9896645672513203
-0.9792500407709983
-0.9687783124911475
-0.958249958692397
-0.9476655624416628
-0.9370257062750678
-0.9263309310112917
-0.9155818511336197
-0.9047790618493476
-0.893923134380612
-0.8830146905445501
-0.8720543343108644
-0.8610426497975735
-0.8499803025231709
-0.8388678697970076
-0.8277060078301056
-0.8164953437877158
-0.8052365038536993
-0.7939301445031017
-0.7825768857211046
-0.7711773964530491
-0.7597323301701253
-0.7482423445397444
-0.7367081236755141
-0.7251303007743233
-0.7135095915712215
-0.7018466325774148
-0.6901421116085384
-0.6783967462239201
-0.6666111862894671
-0.6547861696381602
-0.6429223552219235
-0.6310204746067701
-0.6190811954438464
-0.6071052691875092
-0.5950933888740338
-0.5830462667922227
-0.5709646360081835
-0.5588492029131849
-0.5467007320785444
-0.5345199076415666
-0.522307484925953
-0.5100642193229602
-0.49779083366680105
-0.4854880683717585
-0.4731566460906772
-0.46079737326432246
-0.448410962580867
-0.43599816360607824
-0.42355976582741567
-0.4110964940800684
-0.3986091359630284
-0.3860984518967006
-0.37356519693654705
-0.36101015064055897
-0.34843410253594576
-0.3358377872213597
-0.3232219942671505
-0.3105875163968292
-0.2979351285754238
-0.2852656039234887
-0.27257974099506466
-0.2598783105923705
-0.24716209994099309
-0.23443189890068114
-0.2216885123460196
-0.2089327060648792
-0.19616528469761638
-0.1833870523245425
-0.17059876878310817
-0.157801266803854
-0.14499533933069128
-0.1321817627077739
-0.11936134222505859
-0.10653489616305668
-0.09370318915049293
-0.08086703869770938
-0.06802724665557461
-0.0551846198223312
-0.042339944126363056
-0.02949402303975503
-0.016647668573312006
-0.00380168074618018
0.009043150410934347
0.021886015174571713
0.034726129330512986
0.04756265845134271
0.060394826446746326
0.0732218399512823
0.08604289959416946
0.09885718401719425
0.11166391743954975
0.12446228797113874
0.13725150713201548
0.1500307822710662
0.16279931752079763
0.17555634128244424
0.18830099631966693
0.20103255940849687
0.21375022570917904
0.22645319966960387
0.23914069186232567
0.2518119270935189
0.2644661229895628
0.2771024920976263
0.2897202452913701
0.30231863327138103
0.3148968934007962
0.3274541845763152
0.339989817815772
0.3525029506967743
0.3649928670484139
0.3774587918519662
0.389899965561941
0.40231563763541106
0.4147050155495455
0.4270673814021719
0.43940199682899517
0.451708073878222
0.46398491489861127
0.47623172553184484
0.48844779884828954
0.5006324197623796
0.5127848207233721
0.5249042748044676
0.5369900906591997
0.5490415317906516
0.5610578682014659
0.5730383950809049
0.584982408095309
0.5968891904774475
0.6087580462320143
0.6205882946868166
0.6323792137633705
0.6441301339064088
0.6558403476587679
0.6675091856762317
0.6791359729053322
0.6907200516770975
0.7022607356911642
0.7137573506126133
0.7252092589852713
0.7366157912739291
0.7479763167106687
0.7592901646435185
0.7705567259636151
0.7817753351598182
0.7929453933373313
0.8040662493876062
0.8151373000907044
0.826157926411809
0.837127511936881
0.8480454586368549
0.8589111810279033
0.869724056154553
0.8804835322824396
0.8911890044079868
0.9018398972571905
0.9124356561111925
0.922975692121493
0.9334594675054159
0.9438864144495233
0.9542560031745351
0.9645676656354769
0.9748209119171044
0.985015158582674
0.9951499250808459
1.0052246929018391
1.015238897344087
1.025192099308606
1.0350837742710457
1.0449134357717922
1.0546805981455636
1.0643847695627784
1.0740255008524784
1.0836023042446101
1.0931147495956484
1.1025623444660797
1.1119446736892258
1.1212613143627363
1.1305117720283768
1.139695693341835
1.1488126085145596
1.1578621239497926
1.1668438389243538
1.1757573717607812
1.1846022896654904
1.1933782460879545
1.202084856383511
1.2107217325302975
1.219288522262247
1.2277848990608224
1.236210462516998
1.2445649135044952
1.2528478994378267
1.2610591127254767
1.2691982120443037
1.2772649017163016
1.285258862479849
1.2931797992549183
1.3010274462594345
1.3088015082378819
1.3165016889181145
1.3241277509150364
1.3316794178878093
1.339156443135621
1.346558582588201
1.3538856006589752
1.3611372581379526
1.36831335005429
1.375413633316646
1.382437926146932
1.3893860285001784
1.3962577233556954
1.4030528613496713
1.4097712302361645
1.4164126797192602
1.422977057520724
1.4294641971626856
1.435873947209548
1.4422061754078193
1.44846073913825
1.4546375218387533
1.460736432357295
1.4667573276066406
1.4727000928521734
1.4785646904442398
1.4843509903886507
1.4900589105447506
1.4956884130014318
1.5012394168104801
1.5067118721785995
1.5121057062430894
1.5174208972697625
1.522657409764758
1.5278152049482054
1.5328943046705812
1.5378946501010857
1.542816253860727
1.5476591133826232
1.5524232588933509
1.5571086991193228
1.5617154385027459
1.5662435390865412
1.570693027703943
1.5750639467678895
1.579356369260795
1.5835703170969735
1.587705900145874
1.5917631761080366
1.5957422341996543
1.5996431606402695
1.6034660314443958
1.6072109805375216
1.6108781132596655
1.6144675307570815
