1025
-0.6966575467800376
-0.6929451490419744
-0.6892077468316015
-0.6854453569188138
-0.6816579911774654
-0.677845674543672
-0.6740084302166516
-0.6701462849265585
-0.6662592651608359
-0.6623474182112968
-0.6584107634391678
-0.6544493549712058
-0.6504632259142409
-0.6464524223119259
-0.642417005706244
-0.6383570118619808
-0.6342725131470864
-0.6301635558158988
-0.62603021335603
-0.6218725456732604
-0.6176906204530955
-0.6134845142619358
-0.6092543029972409
-0.6050000631152268
-0.6007218783760014
-0.5964198315922691
-0.5920940194100262
-0.5877445317491446
-0.5833714642022285
-0.5789749146990376
-0.5745549888341075
-0.5701117892416809
-0.5656454286611343
-0.5611560274302206
-0.5566436942062362
-0.5521085441074506
-0.5475507124433804
-0.542970318170881
-0.5383675038420642
-0.5337423930338215
-0.5290951160056041
-0.5244258393782358
-0.5197346862686375
-0.5150218182601106
-0.5102873776251189
-0.5055315176326599
-0.5007544130048623
-0.49595620833852516
-0.49113708592975996
-0.48629720921201824
-0.48143674767212674
-0.47655587610446937
-0.47165478197642285
-0.46673364363699155
-0.461792661849394
-0.4568320107147324
-0.4518518921987379
-0.44685251059988473
-0.44183404850703223
-0.4367967335136454
-0.4317407578665546
-0.4266663487926644
-0.4215737124168759
-0.4164630717857409
-0.4113346492118983
-0.40618866570437934
-0.4010253586786752
-0.39584495883420323
-0.39064770816539124
-0.38543383806252435
-0.38020359725377567
-0.37495724362991
-0.3696950138995298
-0.36441716875353175
-0.3591239611860445
-0.35381566235375794
-0.3484925292537944
-0.34315484012931025
-0.33780285273550437
-0.33243685941847956
-0.3270571315313683
-0.321663944891645
-0.3162575884106443
-0.3108383567656596
-0.3054065391338392
-0.2999624307896646
-0.29450633822974587
-0.28903854498873666
-0.28355937737923703
-0.27806913925829463
-0.27256813609107494
-0.2670566933825296
-0.26153511791097955
-0.2560037522367304
-0.2504628938282779
-0.24491289196961255
-0.23935407912178397
-0.23378677007305543
-0.2282113313965759
-0.22262807678899002
-0.21703737128528497
-0.21143955681953924
-0.20583497616620156
-0.2002239918894052
-0.19460696210326747
-0.18898423125033517
-0.18335617708622376
-0.17772316625536444
-0.17208555642498055
-0.16644372278999417
-0.16079803847591814
-0.15514887956965145
-0.14949663909306868
-0.14384168336120393
-0.13818439969882185
-0.13252517636928357
-0.12686441509052931
-0.1212025018823063
-0.11553983070931868
-0.10987679939181733
-0.10421381109059366
-0.09855126710146676
-0.09288958374522478
-0.08722915143806739
-0.08157039826285926
-0.07591373285820956
-0.07025956148308618
-0.0646083183260699
-0.05896040357731256
-0.05331625112356011
-0.04767630711761041
-0.04204096030941492
-0.03641065391107611
-0.03078582037467859
-0.025166903358719225
-0.01955432605072292
-0.013948525539452502
-0.008349944132045048
-0.0027590301826201837
0.0028237904171837134
0.008398061138130361
0.013963332409292954
0.019519166192517978
0.025065107057481155
0.03060071245843384
0.036125509095371364
0.04163905657100393
0.04714090639241869
0.052630594608045686
0.05810765119888393
0.0635716257157733
0.06902205998710542
0.0744584769201557
0.0798804399174851
0.08528746332545004
0.09067907909244292
0.0960548269165532
0.10141423217204028
0.10675684484909743
0.11208217925508879
0.1173897794463554
0.12267914037651709
0.12794981826025134
0.13320133101433818
0.1384332132718273
0.14364498789728514
0.1488361770447445
0.1540063049821407
0.15915489492070783
0.16428147824657002
0.16938557725232647
0.17446670768713204
0.17952440896570535
0.18455819008256139
0.18956758759513626
0.19455210937677506
0.19951128658492712
0.20444465379144205
0.2093517197056179
0.21423202326117752
0.2190850699528606
0.22391039967387982
0.22870753322274656
0.2334760034740093
0.2382153255895979
0.24292502566018878
0.24760465358738348
0.25225371164551824
0.2568717430847388
0.2614582825210907
0.26601285475154307
0.27053498247770186
0.27502421322262766
0.2794800795537437
0.28390212374958745
0.2882898667660961
0.29264285981688654
0.2969606393469084
0.30124274170058624
0.30548871815936307
0.3096981133232948
0.31387046024789783
0.31800531743135463
0.32210224068161475
0.3261607670168635
0.3301804669702235
0.33416088430876
0.33810157635974225
0.3420021055344299
0.34586203750790095
0.3496809322965557
0.35345835390786595
0.3571938835829844
0.36088707841933904
0.3645375217647476
0.36814478529639166
0.37170844759639793
0.37522809724246775
0.3787033030605808
0.3821336762109329
0.38551879243089515
0.38885825134636276
0.39215163889878624
0.39539856589023525
0.398598634545654
0.40175144970434773
0.4048566098833165
0.40791374165014754
0.4109224584920936
0.413882375744761
0.4167931173688657
0.41965431589265784
0.422465600992226
0.42522660093040604
0.42793695778978963
0.4305963063099659
0.43320430413273475
0.4357605942679627
0.4382648451730876
0.44071669163843574
0.4431158075994492
0.44546186278834676
0.44775451845692055
0.44999346087354997
0.4521783583140896
0.4543089082561773
0.4563847836155618
0.4584056959648882
0.46037132812543735
0.46228138591478113
0.46413557324884075
0.46593361360189667
0.46767522573281034
0.46936011256106236
0.47098801548238745
0.4725586555460905
0.47407178588893023
0.475527144255111
0.4769244546512597
0.4782635002592471
0.47954402466542717
0.4807657864554905
0.48192856447247073
0.48303212991894073
0.4840762514319277
0.4850607258772665
0.485985340833785
0.48684988692158954
0.48765418234670044
0.48839800821425383
0.4890811934742863
0.489703549807584
0.49026492068766264
0.4907650997759349
0.49120396068683336
0.49158131896246604
0.4918970370721854
0.4921509682445211
0.492342964798849
0.49247289166188823
0.4925406381972731
0.492546057186686
0.4924890614733396
0.4923695134119337
0.4921873238619506
0.4919423975014722
0.4916346398628268
0.4912639726405291
0.49083031010769346
0.49033357818317863
0.4897737166472101
0.4891506713018179
0.48846437665884984
0.48771479942960794
0.48690189139045387
0.48602561502135705
0.48508595761140516
0.4840828962835181
0.48301640937661994
0.481886499144853
0.4806931496213028
0.47943637934646177
0.4781161928992455
0.47673262345468725
0.4752856760904116
0.4737754044961753
0.4722018279461626
0.4705650013674336
0.46886498319808007
0.4671018206618542
0.4652755945308972
0.46338636000515676
0.46143420003145497
0.4594191941043015
0.457341454100815
0.4552010597927458
0.4529981205452919
0.4507327658590464
0.44840507610225794
0.4460152151315431
0.4435632877223777
0.4410494523374216
0.4384738343749401
0.435836602176692
0.433137913810664
0.4303779066291231
0.42755678753835025
0.4246747045533056
0.4217318621243858
0.4187284376758496
0.4156646341510868
0.4125406604990884
0.4093567194602365
0.4061130337677967
0.4028098047650121
0.39944729050405225
0.39602570950482185
0.39254531005577864
0.38900633701942805
0.3854090377527169
0.38175368078094274
0.37804053355176614
0.37426986478045926
0.37044195217720616
0.366557089452456
0.36261555052271793
0.35861765435101217
0.35456368329184074
0.3504539577200107
0.3462887905480698
0.34206850496181246
0.33779342308459004
0.33346387873550704
0.3290802050854315
0.3246427614254509
0.3201518706063929
0.3156079088907792
0.31101123414347465
0.3063622048868805
0.3016612038105429
0.2969085922576786
0.29210476745291764
0.2872501014715579
0.2823450006310896
0.27738986271017985
0.2723850840791205
0.2673310777761195
0.2622282420066394
0.257077029088106
0.25187782253241103
0.246631084604896
0.2413372246944879
0.23599668718560016
0.23060992674921826
0.22517736872932337
0.21969946924804934
0.21417670895788868
0.20860951819528062
0.20299837983295688
0.19734375643041924
0.191646119686203
0.18590593967225197
0.1801237286706812
0.17429994208770902
0.16843508786332487
0.16252964616518878
0.1565841203744467
0.1505990185011594
0.14457483220299128
0.13851207639791194
0.13241127657825058
0.12627292520391173
0.12009755953204454
0.1138856876835982
0.10763785146371073
0.1013545716681148
0.09503638352795439
0.08868380627644962
0.08229741071405469
0.0758777055570141
0.06942525398730943
0.06294059098978039
0.056424280566790434
0.04987686242983288
0.04329889806546186
0.036690933265868975
0.030053548311511396
0.02338728065194523
0.016692713703669645
0.009970403613265021
0.0032209144230087032
-0.0035551707025469905
-0.010357292026437795
-0.017184862813224382
-0.024037324581363557
-0.03091408779109196
-0.03781457235064195
-0.04473821123328921
-0.05168441819517585
-0.05865258844571519
-0.06564216887017542
-0.07265255355131763
-0.07968316980902934
-0.08673342149903374
-0.09380271923594935
-0.1008904816912572
-0.10799610260106907
-0.11511902155691743
-0.12225861573882789
-0.12941431380262106
-0.13658550527589147
-0.14377161135877253
-0.1509720414895264
-0.15818618666528755
-0.16541346170016116
-0.1726532896646232
-0.1799050443605549
-0.18716815739496384
-0.19444202914561748
-0.20172606392971465
-0.20901967245584613
-0.21632226125534965
-0.2236332313589686
-0.23095202061001194
-0.238277994190952
-0.2456105926386853
-0.25294922721015206
-0.2602932997155118
-0.2676422197827259
-0.2749954074843851
-0.2823522891413923
-0.28971225963769004
-0.2970747579694564
-0.30443917960700473
-0.3118049560409951
-0.3191715225365207
-0.32653827854304646
-0.33390466903815846
-0.3412701059802949
-0.34863402969461055
-0.35599585268199
-0.36335502857988655
-0.37071097555058324
-0.37806314262000223
-0.38541095719407203
-0.39275385730977774
-0.40009129914538516
-0.4074227289230054
-0.41474756750256
-0.4220652951382404
-0.42937534431526936
-0.4366771763933775
-0.4439702473115103
-0.4512540224168053
-0.4585279547383725
-0.465791520897626
-0.4730441812091846
-0.4802854201948772
-0.48751469114657153
-0.4947314822314506
-0.5019352821316649
-0.5091255612389668
-0.5163018042930202
-0.5234635241336874
-0.5306101915308717
-0.5377413096421966
-0.5448563794485843
-0.5519549120746065
-0.5590364099578953
-0.5661003772281419
-0.5731463253241887
-0.5801737911161395
-0.5871822750206002
-0.5941713252047937
-0.601140456223069
-0.6080892066895413
-0.615017107140229
-0.621923704024627
-0.6288085491415225
-0.635671181327449
-0.6425111555215899
-0.6493280300967484
-0.6561213674991985
-0.6628907475839554
-0.6696357121784252
-0.6763558542342546
-0.6830507469019819
-0.6897199777202705
-0.6963631220020695
-0.7029798020540627
-0.7095695752184551
-0.7161320635048697
-0.722666872876468
-0.7291736033413809
-0.7356518775541286
-0.7421013073273351
-0.7485215239495843
-0.7549121472547863
-0.7612728214309752
-0.7676031661752836
-0.7739028458651361
-0.7801714798241182
-0.7864087452915057
-0.7926142982219045
-0.7987877787102394
-0.8049288647195516
-0.8110372307107178
-0.8171125482804191
-0.823154507337173
-0.8291627642397454
-0.8351370514084625
-0.8410770287147562
-0.8469824126317145
-0.8528529039190774
-0.8586882272357365
-0.8644880709962507
-0.870252172167457
-0.875980250336095
-0.8816720464001828
-0.8873272743669035
-0.8929456997453271
-0.8985270431904713
-0.9040710711325871
-0.9095775187411559
-0.9150461692567718
-0.920476780438392
-0.9258691123789327
-0.9312229535785959
-0.9365380729768271
-0.941814256600546
-0.94705129755023
-0.9522489915833093
-0.9574071445015969
-0.9625255442420301
-0.9676040061902023
-0.972642355186165
-0.9776404041753424
-0.9825979766724761
-0.9875148939594498
-0.9923910138455735
-0.9972261517155456
-1.002020176402367
-1.0067729078759304
-1.0114842182778332
-1.0161539651031777
-1.0207820091024091
-1.0253682273741567
-1.0299124704468356
-1.0344146438490058
-1.0388746115441203
-1.043292279090208
-1.0476675212826272
-1.0520002376312212
-1.0562903512972048
-1.0605377418683886
-1.0647423352299914
-1.0689040480193785
-1.07302280069337
-1.077098509769386
-1.081131109790394
-1.0851205406466924
-1.0890667328331465
-1.0929696403072537
-1.0968292106296633
-1.1006453844640123
-1.1044181301921394
-1.1081474091521897
-1.111833171034605
-1.1154754067230117
-1.119074083653074
-1.1226291725834647
-1.1261406664991138
-1.1296085604769859
-1.133032833503286
-1.1364134758770204
-1.1397504991468002
-1.143043907710944
-1.1462937036430212
-1.1494999012667206
-1.1526625276585751
-1.155781581104903
-1.1588571136245873
-1.1618891252227108
-1.1648776687729956
-1.1678227680364408
-1.1707244762374653
-1.1735828347368835
-1.1763978792184524
-1.1791696635484414
-1.1818982575921673
-1.184583708492178
-1.187226073844399
-1.189825433371255
-1.1923818501772843
-1.1948953864710348
-1.1973661377425042
-1.1997941809583426
-1.202179582370556
-1.204522457343484
-1.2068228665458034
-1.2090809252168746
-1.211296713997691
-1.213470349792066
-1.215601923213903
-1.217691551415046
-1.2197393384668673
-1.2217453890005023
-1.223709833103984
-1.2256327711119144
-1.2275143537850979
-1.2293546848199004
-1.2311538931212211
-1.2329121143230406
-1.2346294731857521
-1.2363061208228423
-1.237942194370433
-1.2395378263024444
-1.2410931495865858
-1.2426083363616212
-1.2440835303657591
-1.2455188737815197
-1.246914534535593
-1.2482706626042073
-1.249587405601797
-1.2508649489065369
-1.2521034414568981
-1.2533030571453256
-1.254463962367997
-1.2555863242902168
-1.2566703303237634
-1.2577161392012854
-1.2587239428265078
-1.2596939199420736
-1.2606262453272379
-1.261521105700294
-1.2623786811824904
-1.2631991770760125
-1.2639827727338473
-1.2647296605673621
-1.2654400426979444
-1.2661140906151978
-1.2667520380864203
-1.267354060489515
-1.2679203629401998
-1.2684511496848707
-1.268946627968021
-1.2694070094378604
-1.269832490413754
-1.2702232808340799
-1.2705795936291908
-1.2709016452057327
-1.2711896533278733
-1.2714438227519131
-1.271664371580508
-1.2718515324130992
-1.2720055002983528
-1.2721265090767393
-1.272214788827873
-1.272270552645549
-1.2722940210313396
-1.272285434097315
-1.2722450010904423
-1.2721729700670943
-1.272069556880433
-1.2719349802106472
-1.2717694973734555
-1.2715733106747884
-1.2713466844976093
-1.2710898308306078
-1.2708029923063873
-1.2704864054650116
-1.2701403096374446
-1.2697649297894524
-1.269360512235605
-1.2689272982373745
-1.2684655255084556
-1.267975423989346
-1.2674572538573572
-1.2669112319657376
-1.2663376350851074
-1.2657366723835035
-1.2651086151562307
-1.2644536779065725
-1.2637721308077288
-1.2630642055490817
-1.262330149163454
-1.2615702153455022
-1.260784639867838
-1.259973675054559
-1.259137570211164
-1.258276576969599
-1.2573909156342373
-1.2564808632126183
-1.2555466666325195
-1.2545885538035344
-1.2536067979507155
-1.2526016465998198
-1.2515733265714164
-1.2505221053433992
-1.249448222781285
-1.2483519462535493
-1.2472335046577394
-1.2460931604846968
-1.2449311598744837
-1.2437477626168103
-1.2425431935840334
-1.241317728019708
-1.240071607916621
-1.2388050731470075
-1.2375183981936413
-1.2362118140844265
-1.234885577029219
-1.233539931430341
-1.232175133658386
-1.230791430109884
-1.2293890723091725
-1.2279683104595926
-1.2265293854297836
-1.2250725601340138
-1.2235980711639511
-1.2221061734277103
-1.220597104335155
-1.219071126442679
-1.2175284853714456
-1.215969420407826
-1.2143941834199465
-1.2128030191857249
-1.2111961719190427
-1.2095738942591852
-1.2079364352173765
-1.2062840257492335
-1.2046169201490287
-1.2029353620999346
-1.2012395920367458
-1.1995298598090163
-1.1978063953160996
-1.1960694580510145
-1.1943192753118967
-1.192556095819792
-1.1907801678692806
-1.1889917093575189
-1.187190985357316
-1.1853782195611131
-1.1835536547360284
-1.1817175284283272
-1.1798700834759261
-1.1780115547242391
-1.1761421630174291
-1.1742621602661079
-1.1723717809580783
-1.1704712605633296
-1.1685608199869464
-1.1666406947269454
-1.164711127845407
-1.162772349538383
-1.1608245748645303
-1.1588680449722528
-1.1569029950361267
-1.154929637223206
-1.152948208607002
-1.1509589376113216
-1.1489620336519448
-1.1469577459469351
-1.1449462764322305
-1.1429278644390704
-1.1409027258861701
-1.1388710799407684
-1.136833152665739
-1.1347891514958237
-1.1327393045049317
-1.1306838253671745
-1.1286229322642662
-1.1265568473959695
-1.1244857695040593
-1.122409931247504
-1.1203295269155193
-1.1182447706646654
-1.116155885494868
-1.11406306363782
-1.1119665308075413
-1.1098664791216413
-1.1077631263510004
-1.1056566588813457
-1.1035473003642846
-1.1014352444593123
-1.099320688684605
-1.0972038403605011
-1.0950848883383628
-1.0929640474520863
-1.0908414940560007
-1.0887174301320408
-1.0865920606786164
-1.0844655683513622
-1.0823381437208186
-1.0802099640786758
-1.0780812467554655
-1.0759521598229036
-1.0738228834960877
-1.0716936204367618
-1.069564538435068
-1.0674358255919085
-1.0653076604532252
-1.0631802221436097
-1.0610536858110016
-1.0589282364642318
-1.056804031717017
-1.0546812493030577
-1.0525600656745724
-1.0504406493312968
-1.0483231668226825
-1.0462077858149001
-1.0440946670605602
-1.0419839731929343
-1.0398758681465807
-1.037770517006704
-1.0356680662595816
-1.0335686783885945
-1.0314725100358
-1.0293797023268982
-1.0272904195625294
-1.0252048131461802
-1.0231230166265595
-1.021045182516601
-1.0189714608344542
-1.016901979482042
-1.0148368859593224
-1.0127763195269617
-1.0107204162647652
-1.0086693066500587
-1.0066231244458164
-1.004582002228513
-1.0025460689746988
-1.0005154468400472
-0.9984902618893114
-0.9964706291978663
-0.9944566853555868
-0.9924485383258268
-0.9904462981976054
-0.988450080572488
-0.9864600066188567
-0.9844761775712295
-0.9824987058514999
-0.9805276908272662
-0.9785632402266906
-0.9766054485192405
-0.9746544075061978
-0.9727102420863003
-0.9707730166651748
-0.9688428274766153
-0.9669197690696995
-0.9650039273882625
-0.9630953839766928
-0.9611942175737945
-0.9593005140962734
-0.9574143526722683
-0.9555357946812556
-0.9536649068759915
-0.9518017877973798
-0.9499464700981479
-0.9480990492089564
-0.9462595631931837
-0.9444280769418748
-0.9426046466292349
-0.9407893193964693
-0.9389821686720088
-0.9371832197746061
-0.9353925180413986
-0.9336101212224511
-0.9318360493361662
-0.9300703637735596
-0.9283130840536937
-0.9265642354889535
-0.924823858672427
-0.9230919819305031
-0.9213686135859523
-0.9196537796339713
-0.9179475036419014
-0.9162497948680787
-0.9145606634102793
-0.9128801212369442
-0.9112081712680797
-0.909544808580137
-0.9078900464813392
-0.9062438692727346
-0.9046062815274452
-0.9029772682768438
-0.9013568151672843
-0.8997448995959786
-0.8981415118532855
-0.896546633926256
-0.8949602299783468
-0.8933822796581853
-0.8918127431814723
-0.8902515959569641
-0.8886987882000034
-0.8871542912298126
-0.8856180468787999
-0.8840900203966381
-0.8825701525163493
-0.8810583914859706
-0.8795546844316474
-0.8780589672845135
-0.876571170300135
-0.8750912415308361
-0.8736190896580879
-0.8721546588088388
-0.8706978656403787
-0.8692486257665375
-0.8678068644070153
-0.8663724858254054
-0.8649454066535328
-0.8635255245681853
-0.8621127549284441
-0.8607069782595339
-0.8593081129161032
-0.8579160342707266
-0.856530632126462
-0.8551518155939668
-0.853779439262729
-0.8524133947547985
-0.8510535549478039
-0.849699792687291
-0.8483519841643605
-0.8470099834135898
-0.8456736622243264
-0.8443428687573478
-0.8430174734855341
-0.8416973178219429
-0.8403822419488273
-0.8390721192223556
-0.8377667594790397
-0.8364660248865828
-0.8351697417693776
-0.8338777405364319
-0.8325898435830407
-0.8313058941249943
-0.8300256965127802
-0.828749073519683
-0.82747584935079
-0.826205829232867
-0.8249388118733118
-0.8236746235794717
-0.8224130482149747
-0.8211538935878123
-0.8198969457663399
-0.8186420077954442
-0.8173888601770255
-0.8161372967848941
-0.8148870966992005
-0.8136380315212566
-0.8123898819277282
-0.8111424308938172
-0.8098954326565906
-0.8086486634677396
-0.8074018838353075
-0.8061548523945665
-0.8049073284374473
-0.8036590691191849
-0.802409816427864
-0.8011593335813344
-0.7999073532609147
-0.7986536190241393
-0.7973978805713042
-0.7961398595205503
-0.7948793030748069
-0.7936159361897016
-0.7923494818512786
-0.7910796693976095
-0.7898062257819692
-0.7885288653535613
-0.7872473114208665
-0.7859612746512697
-0.7846704550583583
-0.7833745781929262
-0.7820733562867466
-0.7807664677414827
-0.7794536348217548
-0.7781345561326666
-0.7768089148368111
-0.7754764135943362
-0.7741367412957008
-0.7727895961761244
-0.7714346586673191
-0.7700716163803762
-0.7687001540808351
-0.7673199375135654
-0.7659306652143947
-0.7645320060219652
-0.7631236373957894
-0.7617052239056773
-0.7602764387744084
-0.7588369625065997
-0.7573864460768998
-0.7559245638168683
-0.7544509780793931
-0.7529653432398017
-0.7514673372619144
-0.7499566013912584
-0.7484327971625058
-0.7468955805062358
-0.7453446058664586
-0.7437795336172742
-0.7422000032185564
-0.740605665935807
-0.738996179511966
