1025
0.944212922595153
0.9463551552329365
0.9484068269851665
0.9503676342173254
0.9522372874798204
0.9540155078321482
0.955702032844914
0.9572966077541349
0.9587989931678286
0.9602089590624491
0.9615262875028513
0.9627507746611187
0.9638822275005574
0.9649204638375722
0.9658653178995126
0.9667166326848636
0.967474265065042
0.9681380788699544
0.9687079601138836
0.9691837997163109
0.9695655021514976
0.9698529855146497
0.9700461792946181
0.9701450244315318
0.9701494780905183
0.9700595014691544
0.9698750775514943
0.9695961969993534
0.9692228622076324
0.9687550893171818
0.9681929030459425
0.967536346283888
0.9667854709647627
0.9659403423833457
0.9650010338653985
0.9639676337329048
0.9628402460088169
0.9616189823640633
0.9603039668709782
0.9588953352932185
0.9573932356389008
0.9557978353846706
0.9541093003544742
0.9523278171670232
0.9504535805815922
0.9484868003477489
0.946427697614823
0.9442765008740016
0.9420334547274604
0.9396988168440794
0.93727284989444
0.934755829913245
0.9321480508483927
0.9294498087934124
0.926661423465972
0.9237832102077542
0.9208155049183766
0.9177586579786087
0.9146130187512249
0.9113789617026121
0.9080568616271992
0.9046471080013565
0.9011501042467711
0.897566255880227
0.8938959905668128
0.890139734309533
0.8862979352235085
0.8823710430043251
0.878359522481583
0.8742638464190526
0.8700844977880128
0.8658219723445555
0.8614767726491571
0.85704941285525
0.8525404156429012
0.8479503155626201
0.8432796525923653
0.8385289845684712
0.8336988664180683
0.8287898720122355
0.8238025858102495
0.81873758775734
0.8135954856881341
0.8083768815456633
0.8030823907334519
0.7977126423269877
0.7922682685751966
0.7867499056533882
0.7811582101079755
0.7754938409623834
0.7697574616984928
0.7639497470306371
0.7580713798796426
0.7521230527319795
0.7461054608726542
0.7400193131255256
0.7338653231577417
0.7276442034164168
0.7213566927609795
0.7150035178800158
0.7085854252154672
0.7021031646157138
0.6955574877668379
0.688949159635194
0.682278945865688
0.6755476215505303
0.6687559720989676
0.6619047856841108
0.6549948505510286
0.6480269673857713
0.6410019408320676
0.6339205817865732
0.6267837086437581
0.6195921431018722
0.6123467050990715
0.6050482343688058
0.5976975633898997
0.5902955365228149
0.5828429987084697
0.5753407998354955
0.5677897955609097
0.5601908436187284
0.5525448104170982
0.5448525638867897
0.5371149739847154
0.5293329169983364
0.5215072714977763
0.5136389190731561
0.5057287431959913
0.4977776402292433
0.48978649660184254
0.48175620949212095
0.47368767414622975
0.4655817904046922
0.4574394689360957
0.44926160537600346
0.44104911353888854
0.4328029000455542
0.4245238814307415
0.41621296391672247
0.4078710685662525
0.39949911085979833
0.39109800738960654
0.382668681939223
0.3742120485483472
0.3657290383819667
0.35722056565693866
0.348687558021302
0.3401309372313485
0.3315516324758514
0.3229505628865508
0.3143286582700224
0.3056868447769506
0.2970260394517235
0.2883471790653409
0.2796511804854508
0.2709389684212746
0.26221147335985256
0.2534696086919825
0.24471430301513675
0.23594647275652503
0.2271670512034143
0.21837694066380187
0.2095770688180218
0.2007683495197373
0.19195169769552284
0.18312802388299682
0.1742982437566584
0.1654632643081619
0.15662399165221486
0.14778132942777994
0.13893618572950353
0.1300894533771638
0.1212420371755331
0.11239482460764506
0.10354871155827125
0.09470458987109044
0.08586333722391068
0.07702584549243559
0.06819298796687016
0.05936564438841766
0.05054468623742452
0.04173098140361378
0.03292539368131782
0.024128790778201074
0.015342028794584833
0.006565951977920983
-0.0021985804607175885
-0.010950727498334699
-0.019689648277889604
-0.028414508376975785
-0.03712447002024995
-0.045818714317890925
-0.05449641550305418
-0.06315675900055635
-0.07179892691114237
-0.08042211781344433
-0.08902552605970462
-0.09760836073717978
-0.10616982716905207
-0.11470913964222984
-0.12322551790781021
-0.13171818431278015
-0.14018638023855318
-0.1486293307837873
-0.15704628758227746
-0.16543649547273212
-0.17379921060355802
-0.1821336959017531
-0.19043921710551134
-0.19871504895509579
-0.20696047217605926
-0.2151747745987958
-0.22335724280665442
-0.23150718607524934
-0.23962390687293944
-0.2477067183379682
-0.25575494142655175
-0.2637679014051916
-0.271744939955314
-0.2796853883670238
-0.28758860550614795
-0.29545393792270125
-0.3032807523542001
-0.3110684221245068
-0.31881632301201696
-0.3265238356196041
-0.33419035665000113
-0.34181528790754434
-0.34939803100248223
-0.3569380102838267
-0.36443464026635747
-0.3718873561740715
-0.3792955979281573
-0.3866588098813963
-0.39397644352597916
-0.40124796552529457
-0.40847284500650716
-0.41565056516226007
-0.42278060323126165
-0.42986245661445277
-0.4368956332680567
-0.44387963852406664
-0.45081399367879355
-0.457698224217582
-0.46453186483646236
-0.47131446399029425
-0.4780455724437361
-0.48472474928616344
-0.4913515613551326
-0.4979255879027519
-0.5044464142789544
-0.5109136395700841
-0.5173268585536483
-0.5236856876037991
-0.5299897425596864
-0.5362386538705681
-0.5424320596212802
-0.548569595902123
-0.5546509293797445
-0.560675713522175
-0.5666436211340306
-0.572554334204031
-0.5784075394195245
-0.5842029260533951
-0.5899402105743057
-0.5956190991606778
-0.6012393148437101
-0.6068005936166608
-0.6123026678070116
-0.6177452863639445
-0.6231282098769114
-0.6284512024972688
-0.6337140313979364
-0.6389164876844755
-0.6440583531057291
-0.6491394345709022
-0.6541595342249122
-0.6591184691623864
-0.6640160624719914
-0.6688521522468973
-0.6736265745907111
-0.6783391800725692
-0.682989826286538
-0.6875783832323977
-0.6921047213766187
-0.6965687250946502
-0.7009702881824071
-0.7053093040594539
-0.709585686062648
-0.7137993469260786
-0.717950210875348
-0.7220382119233117
-0.7260632883245385
-0.7300253885576689
-0.7339244657066659
-0.7377604894206333
-0.7415334327345285
-0.74524326766047
-0.7488899900912064
-0.7524735906832402
-0.7559940699534694
-0.7594514469995096
-0.7628457363234888
-0.7661769625199111
-0.7694451639374519
-0.7726503770989144
-0.7757926518504029
-0.7788720498587149
-0.7818886235061296
-0.7848424544005574
-0.7877336229839156
-0.7905621995610047
-0.7933282868129649
-0.7960319845110675
-0.7986733994637455
-0.8012526392593302
-0.8037698352139375
-0.8062251029887534
-0.8086185830386198
-0.8109504140802183
-0.8132207479303943
-0.8154297325344971
-0.817577533025982
-0.8196643201266939
-0.8216902541174123
-0.8236555270244509
-0.8255603231765216
-0.8274048300473487
-0.8291892501167087
-0.8309137875533241
-0.8325786500968693
-0.8341840587646342
-0.8357302359591688
-0.8372174047059547
-0.8386458022733438
-0.8400156664667261
-0.8413272486612312
-0.8425807916958923
-0.8437765527538021
-0.844914796991731
-0.8459957866224234
-0.8470197963952018
-0.8479871013582673
-0.8488979870100865
-0.8497527358101139
-0.8505516449562778
-0.8512950030514309
-0.8519831166354588
-0.85261629185726
-0.8531948372075969
-0.8537190733321436
-0.8541893086044041
-0.8546058756416747
-0.8549691031192785
-0.8552793161718871
-0.8555368547900379
-0.8557420594933882
-0.8558952737981931
-0.8559968478703797
-0.8560471282975066
-0.8560464768472202
-0.8559952447764688
-0.8558938019340199
-0.8557425130685512
-0.8555417413154596
-0.8552918649314839
-0.8549932554714473
-0.8546462997099866
-0.8542513688887624
-0.8538088526499399
-0.85331914094513
-0.8527826175035
-0.852199686264042
-0.8515707266503144
-0.8508961461066878
-0.8501763513454191
-0.8494117311980537
-0.8486027020296957
-0.8477496621916022
-0.8468530259038102
-0.8459132009858237
-0.844930608859951
-0.8439056570134806
-0.8428387614704489
-0.8417303439900411
-0.8405808221580439
-0.8393906212740085
-0.8381601586917623
-0.836889863500084
-0.8355801586957633
-0.8342314685955958
-0.8328442263255151
-0.831418857598583
-0.8299557925477924
-0.8284554594070958
-0.8269182950309122
-0.8253447235099873
-0.8237351867708977
-0.8220901067375943
-0.8204099270924402
-0.8186950743581624
-0.8169459900125162
-0.8151631022268442
-0.8133468499933536
-0.8114976614897553
-0.8096159837036212
-0.8077022356055672
-0.8057568626166619
-0.8037802922063711
-0.8017729596777904
-0.7997353072314767
-0.7976677530121652
-0.7955707389838645
-0.7934446975195935
-0.791290055005474
-0.7891072454114776
-0.7868966935522786
-0.7846588314800065
-0.7823940878110577
-0.7801028874515334
-0.7777856564201682
-0.7754428162847209
-0.7730747949804881
-0.770682013443735
-0.7682648869977536
-0.765823842582691
-0.7633592862081909
-0.7608716468171488
-0.7583613285258136
-0.7558287532619217
-0.7532743221394693
-0.750698446910166
-0.748101538510223
-0.7454840000599525
-0.7428462307975536
-0.7401886378159602
-0.7375116179557195
-0.7348155634994183
-0.7321008751330675
-0.7293679413892392
-0.7266171560627463
-0.723848898099063
-0.7210635616906959
-0.7182615238383655
-0.715443168110606
-0.7126088667577987
-0.7097589974989634
-0.706893932839406
-0.7040140440262485
-0.7011196850403456
-0.6982112362753822
-0.6952890432505598
-0.6923534790117791
-0.6894048834694478
-0.6864436140755147
-0.6834700190754391
-0.6804844442514422
-0.6774872298035198
-0.6744787133716243
-0.6714592367042126
-0.6684291242116336
-0.6653887062710305
-0.6623383110787009
-0.6592782607161917
-0.656208872825378
-0.6531304602315051
-0.650043334362619
-0.6469478068101038
-0.6438441780410954
-0.6407327509187646
-0.637613821684873
-0.6344876868847588
-0.6313546272945506
-0.6282149396064336
-0.6250688960486217
-0.621916782097225
-0.618758865207763
-0.6155954226168445
-0.6124267190702594
-0.6092530132487795
-0.6060745684427898
-0.6028916403511625
-0.5997044697212899
-0.5965133188323362
-0.5933184179434939
-0.5901200117128034
-0.5869183288126252
-0.5837136042165029
-0.5805060648605822
-0.5772959363558781
-0.5740834263815217
-0.5708687618088392
-0.5676521410223342
-0.5644337757068284
-0.5612138647737828
-0.5579926102765633
-0.5547702002161005
-0.5515468226715257
-0.548322667376085
-0.5450979123823301
-0.5418727356862125
-0.5386473070807627
-0.5354217896877778
-0.5321963579833908
-0.528971161389256
-0.5257463649518784
-0.522522108719588
-0.519298546010256
-0.5160758104951878
-0.5128540501746818
-0.5096333964561791
-0.5064139753958276
-0.5031959167993734
-0.4999793395695224
-0.49676435838545685
-0.4935510866024206
-0.49033963458778523
-0.4871301048179874
-0.48392259729086
-0.480717207868124
-0.4775140331252915
-0.4743131503201916
-0.4711146465859261
-0.46791860401282576
-0.4647250966163565
-0.46153419482250585
-0.4583459617412747
-0.455160461934267
-0.45197775953462016
-0.44879789718148666
-0.44562093409324094
-0.44244691697001964
-0.4392758832724191
-0.43610787109117427
-0.43294292012635455
-0.4297810560640479
-0.42662230692277514
-0.42346669297203576
-0.4203142374235128
-0.41716495116549407
-0.4140188454540336
-0.41087592866544215
-0.40773620717176645
-0.4045996699192398
-0.4014663197086228
-0.3983361539133256
-0.3952091480898885
-0.39208529878793236
-0.3889645844321482
-0.3858469771056914
-0.38273245304319714
-0.3796209822786249
-0.37651253618837527
-0.3734070746622409
-0.3703045571352803
-0.3672049358191814
-0.3641081740727109
-0.3610142139613375
-0.3579230069631508
-0.3548344922128235
-0.3517486069235917
-0.348665295890088
-0.3455844891810561
-0.3425061152620393
-0.339430105035832
-0.3363563783320915
-0.3332848625983278
-0.3302154694398077
-0.32714812160027085
-0.3240827226215619
-0.3210191892317445
-0.31795742753468625
-0.31489733547032106
-0.3118388265733326
-0.30878179014958934
-0.30572612271935384
-0.30267171689098776
-0.29961846900545824
-0.29656626572432937
-0.2935149887406739
-0.29046452674869844
-0.2874147554607907
-0.28436555839243827
-0.28131681263611863
-0.2782683884891433
-0.27522015777760495
-0.27217199704810724
-0.2691237666752469
-0.26607533700914154
-0.2630265710646275
-0.2599773264383405
-0.25692746786836845
-0.25387685061332577
-0.2508253340604251
-0.24777277109619492
-0.24471901290463255
-0.24166391212931423
-0.23860732220492367
-0.2355490806357601
-0.23248904578898577
-0.2294270527320727
-0.22636295014741556
-0.22329658082891815
-0.22022778337528695
-0.21715640007050477
-0.21408226320312068
-0.2110052151916459
-0.2079250941163374
-0.20484173062560782
-0.20175495808732222
-0.19866461583574743
-0.19557052977062997
-0.1924725321218894
-0.18937046153758608
-0.18626413624714008
-0.18315338970074815
-0.18003805702198206
-0.17691795353274767
-0.17379291584559525
-0.17066277095118015
-0.16752734180682669
-0.16438645625386833
-0.16123994004249942
-0.15808761481476127
-0.15492931303620144
-0.1517648545052957
-0.1485940677078063
-0.14541677670804792
-0.14223280207198724
-0.13904197633432952
-0.13584411863676382
-0.13263905734633072
-0.12942661841293154
-0.1262066259008239
-0.12297890351632708
-0.1197432824658129
-0.11649959195573265
-0.1132476512032909
-0.10998729151438888
-0.1067183431817613
-0.10344063370792536
-0.10015398684304719
-0.09685824672965446
-0.0935532329171029
-0.09023878195333393
-0.08691472731295864
-0.08358089964464036
-0.08023713846209538
-0.07688327575216343
-0.07351914590664423
-0.07014459382564167
-0.0667594519692507
-0.06336356960733569
-0.05995677880911943
-0.05653892813367667
-0.05310986033764109
-0.049669421029724964
-0.04621745703953296
-0.042753816669831426
-0.03927835742049362
-0.03579091879091975
-0.03229136347186166
-0.028779542986553993
-0.02525531927751486
-0.021718545011041784
-0.018169080218962252
-0.014606793995068352
-0.011031546160377692
-0.007443206130177959
-0.003841640188621036
-0.00022671639829707324
0.0034016880811491997
0.0070436976266848965
0.010699439773380727
0.014369033048081653
0.01805259398786693
0.021750244951489292
0.02546209231679515
0.02918825099354156
0.032928831637123075
0.03668393745457552
0.0404536759175475
0.04423814743864403
0.04803744426946237
0.05185167470925561
0.055680919040238176
0.05952527931331242
0.06338483788072097
0.0672596833946307
0.07114989334180134
0.07505555235808607
0.07897673787480099
0.08291351669254518
0.08686596458814083
0.09083415177927993
0.09481813639747881
0.09881798538366242
0.10283375200344226
0.10686550328980544
0.11091328044831981
0.11497713972811202
0.11905711907642216
0.12315326998490476
0.12726562602339941
0.1313942267076699
0.13553910607933198
0.13970028836908222
0.143877805952977
0.1480716776072518
0.15228192808387706
0.15650856301875704
0.16075160171337127
0.16501105254708537
0.16928692169679213
0.17357921059940243
0.1778879190421126
0.1822130378278039
0.18655456107589813
0.1909124740523912
0.19528676575718618
0.1996774100215006
0.20408438658313405
0.20850766636207405
0.21294722272841818
0.21740301447595195
0.22187501020736167
0.22636316143083451
0.23086742491158
0.23538775480513588
0.2399240907635289
0.24447638187502008
0.24904455889493785
0.2536285673707788
0.2582283303022954
0.26284377500431855
0.2674748311022503
0.27212141189217126
0.27678343510904946
0.2814608141927601
0.286153454939768
0.29086126074224855
0.29558413284621465
0.3003219670169992
0.30507465368163894
0.3098420861562939
0.3146241411261108
0.3194207044420927
0.32423165099250606
0.329056859355613
0.333896184929538
0.33874950030440704
0.3436166651591405
0.34849753593046795
0.3533919693692917
0.3582998072142876
0.36322089708835675
0.3681550832890588
0.37310219715413406
0.37806208069593605
0.38303454788934865
0.3880194411263925
0.3930165719087846
0.39802575963111536
0.40304681951704713
0.4080795618525518
0.4131237920250248
0.4181793044448037
0.42324591124805055
0.42832339770176436
0.4334115563847823
0.4385101753924005
0.44361903232387645
0.44873791761864906
0.4538665975431551
0.45900484540554154
0.46415242936941514
0.46930912192072455
0.4744746715858416
0.47964883933183355
0.48483138463625763
0.4900220461434592
0.49522058027583205
0.5004267218390155
0.5056402188459573
0.5108607987409586
0.516088196275473
0.5213221407517877
0.5265623532691971
0.5318085609446686
0.5370604755488528
0.5423178177632266
0.5475802967433544
0.5528476171707963
0.5581194884973278
0.5633956095965761
0.5686756779969788
0.5739593902550074
0.5792464349323762
0.5845365024094732
0.5898292785706492
0.5951244473452483
0.6004216796188135
0.6057206597408322
0.6110210594046218
0.6163225449125992
0.6216247884522912
0.6269274476574797
0.6322301898530021
0.6375326697823968
0.6428345404974887
0.6481354636975201
0.6534350827234907
0.6587330466398479
0.6640289942700665
0.6693225796927481
0.6746134356461967
0.6799011926576798
0.6851854967080415
0.6904659764229477
0.6957422565243332
0.7010139638211117
0.7062807339691689
0.7115421774970232
0.7167979215782155
0.722047580509594
0.7272907707201094
0.7325271047412695
0.7377561966876265
0.7429776600747985
0.7481910945278493
0.7533961093990056
0.7585923058437696
0.7637792909973813
0.768956663464154
0.7741240183613296
0.7792809550634201
0.7844270650430325
0.7895619444691389
0.7946851844197864
0.799796380225952
0.8048951104260672
0.8099809705834979
0.8150535433161551
0.820112413522601
0.8251571661512948
0.8301873830448433
0.8352026412249527
0.8402025247937043
0.8451866137673396
0.8501544819941736
0.8551057089609583
0.8600398712479814
0.864956540193688
0.8698552895663398
0.8747356993716191
0.8795973416590488
0.8844397818801498
0.8892625948127085
0.8940653528393097
0.8988476288504541
0.9036089911119006
0.9083490042910655
0.913067249506434
0.9177632837101115
0.9224366799620967
0.9270870127255272
0.93171384615481
0.9363167470193782
0.940895289833804
0.9454490391333713
0.9499775663814382
0.9544804367400864
0.958957226384717
0.9634075031054611
0.9678308329618195
0.9722267875045552
0.9765949421145238
0.9809348652937675
0.9852461342099995
0.989528313159305
0.993780981327205
0.9980037113247522
1.0021960745247431
1.006357662871464
1.010488034481243
1.0145867771416317
1.0186534677499934
1.022687683706482
1.026689013754048
1.030657033700844
1.034591331195743
1.0384914874058129
1.0423570942652973
1.0461877368031192
1.0499830043013176
1.0537424909201418
1.0574657858509557
1.0611524864491373
1.064802187518456
1.0684144867749998
1.0719889830383096
1.0755252841356227
1.0790229863503347
1.0824817007522933
1.085901033789565
1.0892805949060556
1.0926199945989523
1.0959188508197766
1.0991767820142593
1.1023934015627583
1.1055683355219372
1.1087012074100664
1.111791642948854
1.114839271597062
1.1178437266323118
1.120804639356553
1.123721650743393
1.1265943981659776
1.1294225257049983
1.1322056815964405
1.1349435123090625
1.1376356685949105
1.1402818120549483
1.1428815865712871
1.145434672197198
1.1479407199366682
1.150399402737587
1.1528103903032356
1.1551733569805918
1.1574879828135236
1.1597539461398958
1.1619709354034946
1.1641386356595078
1.1662567422248957
1.1683249488770802
1.1703429536204708
1.1723104652040992
1.1742271848500399
1.176092827280703
1.177907105783285
1.1796697398893563
1.1813804546833633
1.1830389732993805
1.1846450283988186
1.186198355217827
1.1876986925115374
1.1891457854974832
1.1905393778151039
1.1918792285552118
1.1931650869768857
1.1943967198331427
1.1955738898077215
1.1966963654834983
1.1977639227969137
1.1987763424068798
1.1997334033791183
1.200634894606229
1.2014806133211127
1.2022703515197497
1.2030039137014217
1.2036811086533779
1.2043017448771316
1.2048656409089407
1.20537261541857
1.2058224990047592
1.2062151185738172
1.2065503147350067
1.2068279242981126
1.2070477965630664
1.2072097818608585
1.2073137391066018
1.2073595232623082
1.2073470070818682
1.2072760604727195
1.2071465578723726
1.206958387358805
1.2067114331208493
1.2064055846763857
1.2060407468457288
1.2056168175633064
1.2051337076472266
1.2045913325971083
1.2039896094307994
1.2033284625788638
1.2026078251696661
1.2018276303019018
1.2009878185631602
1.2000883409580767
1.1991291454215753
1.198110191759905
1.1970314425858533
1.19589286228043
1.1946944319017494
1.1934361314606048
1.192117939209398
1.1907398522614407
1.1893018647198734
1.18780397713418
1.186246200157719
1.1846285461915864
1.1829510323139805
1.1812136851360542
1.1794165370382208
1.177559619145674
1.1756429735014657
1.1736666506168032
1.1716307006079685
1.1695351824676052
1.1673801600155378
1.1651657006442555
1.1628918858269033
1.1605587890381903
1.1581665035077318
1.1557151168301913
1.1532047265684355
1.150635440052528
1.1480073650697724
1.1453206113098915
1.142575305049913
1.1397715697293789
1.1369095362856396
1.1339893418554128
1.1310111271572092
1.1279750457797593
