1025
-0.1648336828430208
-0.1647637944482282
-0.1646803129988587
-0.16458381679732062
-0.16447488301808405
-0.16435409480256447
-0.16422203888801185
-0.1640792972830115
-0.16392645800072447
-0.16376411266362564
-0.16359283948560738
-0.16341323895834675
-0.16322589390921835
-0.1630313908120999
-0.1628303333184042
-0.16262330081085333
-0.16241089627855704
-0.16219369718681803
-0.16197231083922817
-0.16174732055710953
-0.16151931697626037
-0.16128889894167375
-0.16105665083144002
-0.16082316269069705
-0.16058903079529707
-0.16035483432984154
-0.16012117087318567
-0.15988862694981748
-0.15965778519086615
-0.1594292305591656
-0.1592035468938742
-0.15898131646196423
-0.15876312150440686
-0.15854954537274693
-0.15834115795026155
-0.15813853117379423
-0.1579422509211702
-0.15775287865287205
-0.1575709918834515
-0.15739715028107956
-0.15723191379376683
-0.15707586432984186
-0.15692954411776155
-0.15679351450597157
-0.15666832751162693
-0.1565545350840788
-0.15645268798676376
-0.15636332704339556
-0.1562869972095795
-0.15622423557012782
-0.1561755767784715
-0.15614154855434076
-0.15612268109906954
-0.15611949523533142
-0.15613252289197208
-0.1561622674291007
-0.15620924064709138
-0.15627396478867747
-0.1563569208544709
-0.15645862767978846
-0.15657957075454612
-0.15672024515602068
-0.1568811338766679
-0.15706271835586294
-0.15726547884145958
-0.15748987565599118
-0.15773638924561156
-0.15800547176876517
-0.15829758658230256
-0.15861317966547062
-0.15895269680928895
-0.15931658670510676
-0.1597052754274042
-0.16011919712830283
-0.1605587720340438
-0.16102442375054488
-0.16151656108355367
-0.1620355990349838
-0.16258192437670402
-0.1631559446220879
-0.16375804842129307
-0.1643886074681938
-0.16504801023451904
-0.1657366223956036
-0.16645480450247377
-0.16720292416496807
-0.16798132991276993
-0.16879035326099054
-0.169630349931801
-0.1705016480923632
-0.17140456699003098
-0.17233943006338218
-0.1733065445430697
-0.17430622131972695
-0.17533874792783974
-0.1764044256252791
-0.17750354012170552
-0.17863634941851822
-0.17980314938851372
-0.18100417703836746
-0.18223970908081463
-0.18350998481581554
-0.18481524287785236
-0.18615572255496507
-0.18753164596402805
-0.18894322660014323
-0.19039068915714044
-0.1918742325363984
-0.193394048366015
-0.19495032784461086
-0.1965432520812358
-0.19817299131792449
-0.1998397225106216
-0.20154359960842522
-0.20328476161284706
-0.20506336429006322
-0.2068795409445717
-0.20873342044821064
-0.21062511946391899
-0.21255475000709173
-0.21452241463173105
-0.21652820986471502
-0.21857223116557103
-0.22065454919649563
-0.22277524534610993
-0.2249343815438381
-0.22713201153624962
-0.22936818821971194
-0.23164294377676753
-0.23395632154348983
-0.23630835273424347
-0.23869903967593167
-0.24112839761635002
-0.243596425347308
-0.2461031262768327
-0.24864847600599624
-0.25123245525672466
-0.2538550324301647
-0.25651617989022646
-0.25921583558540284
-0.26195395540303634
-0.26473047941252525
-0.26754532917038476
-0.27039843691881804
-0.2732897046087103
-0.2762190590088468
-0.2791863834746534
-0.28219157162503583
-0.2852345066747645
-0.2883150715940759
-0.29143312920589703
-0.2945885397498732
-0.2977811619478683
-0.30101082492122494
-0.3042773866726172
-0.3075806662489043
-0.3109204841836829
-0.3142966662073796
-0.31770900268208246
-0.32115730542415083
-0.3246413535319403
-0.3281609643384701
-0.3317158844481186
-0.33530589414285217
-0.3389307596258629
-0.34259023195886973
-0.3462840572237851
-0.3500119918280744
-0.3537737562687624
-0.3575690850439844
-0.3613976920875392
-0.36525930038702553
-0.36915360587790136
-0.3730803208878178
-0.3770391252954519
-0.3810297127374183
-0.3850517698627529
-0.389104951095451
-0.39318894122588377
-0.39730338770816864
-0.40144795352124457
-0.40562228244817433
-0.4098260124679863
-0.4140587765796129
-0.41832021104361294
-0.4226099396117597
-0.4269275610774733
-0.43127270500658216
-0.43564496714848727
-0.44004394590475254
-0.44446922806047656
-0.4489204183520406
-0.4533970792051176
-0.4578987954436517
-0.46242512848558376
-0.4669756549949629
-0.4715499282402102
-0.47614750240920917
-0.48076792363417203
-0.4854107392346926
-0.49007548322565037
-0.49476169334122644
-0.4994689043514784
-0.5041966213919257
-0.5089443833083096
-0.5137116905749968
-0.5184980599049774
-0.523302997137433
-0.5281260014335412
-0.5329665643712329
-0.5378241847878351
-0.5426983506929471
-0.5475885402240515
-0.5524942422159721
-0.5574149243699137
-0.5623500649916404
-0.5672991323381605
-0.5722615886673864
-0.5772369061135483
-0.5822245226735441
-0.5872239111578057
-0.5922345089805287
-0.5972557800395121
-0.6022871614281035
-0.6073280924191387
-0.6123780121522835
-0.6174363696606746
-0.6225025902537548
-0.6275761021995089
-0.632656343267272
-0.6377427340956227
-0.6428346987945018
-0.6479316606547075
-0.6530330413149043
-0.6581382583820231
-0.6632467332046866
-0.6683578695954048
-0.6734710900836283
-0.6785857883429446
-0.6837013972789037
-0.6888173151359931
-0.6939329460667979
-0.6990477000878054
-0.7041609793764825
-0.7092721927050003
-0.7143807379139575
-0.7194860191101745
-0.724587433192362
-0.7296843842693235
-0.7347762787067167
-0.7398625147074879
-0.7449424861885936
-0.7500155881198508
-0.7550812333245387
-0.7601388130680091
-0.7651877343355693
-0.7702273885587945
-0.7752571750298465
-0.780276517512154
-0.7852847845914004
-0.790281397955927
-0.7952657579459702
-0.800237264876267
-0.805195321538374
-0.8101393484280599
-0.8150687356338677
-0.8199828983932038
-0.8248812504167965
-0.8297631879722981
-0.8346281432870862
-0.8394755234158277
-0.8443047408736777
-0.849115210014973
-0.8539063726132428
-0.8586776235407361
-0.8634284094539141
-0.8681581421959628
-0.8728662601513426
-0.8775521920262496
-0.8822153781535733
-0.886855240293234
-0.8914712370567696
-0.8960627950317911
-0.9006293785676673
-0.9051704196934467
-0.9096853802458613
-0.9141737120244063
-0.9186348696667629
-0.9230683286857935
-0.9274735449993429
-0.9318499912795684
-0.9361971430983307
-0.940514471438614
-0.9448014635714739
-0.9490576071997734
-0.9532823913871972
-0.9574753005617943
-0.9616358363293237
-0.9657635095226985
-0.9698578191538314
-0.9739182826076045
-0.9779444175883042
-0.9819357390247969
-0.9858917712158914
-0.9898120579449079
-0.9936961209591951
-0.99754351290759
-1.001353775433828
-1.005126453669123
-1.0088611203506885
-1.0125573192705517
-1.0162146261917941
-1.0198326280592456
-1.023410895553405
-1.026949003223629
-1.030446551289595
-1.0339031424024023
-1.0373183625327502
-1.040691843437397
-1.0440231814511678
-1.0473120114229255
-1.0505579462793977
-1.0537606353270228
-1.0569197122202292
-1.0600348113118097
-1.0631056172178452
-1.0661317636398049
-1.0691129260698167
-1.0720487804938534
-1.0749390057551864
-1.0777832855668659
-1.0805813202009735
-1.0833328062155523
-1.0860374490326277
-1.088694979131053
-1.0913051015490582
-1.0938675579861346
-1.0963820737999292
-1.098848405160365
-1.1012663041413677
-1.1036355233420003
-1.1059558331840411
-1.1082270074040055
-1.1104488290461574
-1.112621079545992
-1.114743572906484
-1.1168160931458242
-1.118838474481389
-1.1208105241486
-1.1227320721042313
-1.124602956271866
-1.1264230158370536
-1.128192111303171
-1.1299100995219862
-1.131576837487577
-1.1331922266303618
-1.1347561279452953
-1.1362684421594071
-1.137729072393986
-1.1391379130322887
-1.1404949009258791
-1.1417999452176177
-1.1430529904765068
-1.1442539693964149
-1.1454028299570376
-1.146499539764637
-1.1475440541906519
-1.1485363627195344
-1.1494764233989576
-1.1503642495545514
-1.151199827822473
-1.1519831680190389
-1.1527142960204015
-1.1533932118250612
-1.1540199793605828
-1.1545946260701245
-1.1551171817073753
-1.15558773465056
-1.1560063285526003
-1.156373053020353
-1.156687979609875
-1.156951212359374
-1.1571628258473103
-1.1573229503532414
-1.1574316949131203
-1.1574891814957171
-1.1574955428182325
-1.1574509197862062
-1.157355462082336
-1.1572093270950963
-1.1570126745185716
-1.1567656902155434
-1.1564685409526818
-1.1561214241907494
-1.155724535043655
-1.1552780827023752
-1.1547822741896734
-1.154237344420595
-1.153643501861608
-1.1530010113994302
-1.1523100941694584
-1.1515710198990943
-1.1507840361038513
-1.149949425018698
-1.1490674517764516
-1.14813841746878
-1.147162590938918
-1.1461402948050121
-1.1450718211714315
-1.1439574944941824
-1.1427976365732357
-1.1415925646704828
-1.1403426344000052
-1.1390481761821198
-1.137709548618825
-1.1363271091688139
-1.134901221704101
-1.13343226820881
-1.131920626890134
-1.1303666699179056
-1.128770810505587
-1.127133437553794
-1.1254549684090143
-1.123735811674571
-1.121976387282761
-1.1201771320044098
-1.1183384661787272
-1.1164608531542886
-1.1145447147645373
-1.1125905228150856
-1.11059872309278
-1.1085697922668143
-1.1065042045336297
-1.1044024254432572
-1.102264945329129
-1.1000922669821704
-1.0978848614145589
-1.0956432444224071
-1.0933679259508005
-1.0910594088904815
-1.088718219826243
-1.0863448732568581
-1.0839399058350112
-1.081503849088984
-1.079037234719552
-1.0765406136419666
-1.0740145380908739
-1.0714595551847477
-1.0688762179431053
-1.0662650925236141
-1.0636267609988297
-1.0609617731353571
-1.0582707232885677
-1.055554170205335
-1.0528127145336905
-1.050046948491225
-1.047257450397908
-1.0444448268425057
-1.0416096705892757
-1.038752594372726
-1.0358741906476745
-1.0329750835210774
-1.0300558839486025
-1.027117210649981
-1.0241596757594218
-1.0211839030276366
-1.018190526516261
-1.0151801795433715
-1.0121534762780475
-1.009111066265192
-1.0060535775445136
-1.0029816518696033
-0.9998959283369918
-0.9967970571382029
-0.9936856729518043
-0.9905624392532593
-0.987427989983268
-0.9842829897648483
-0.9811280770947131
-0.9779639131780951
-0.974791153625993
-0.9716104554594868
-0.9684224681807365
-0.9652278710117606
-0.9620273051966599
-0.9588214356398711
-0.9556109220850535
-0.9523964415697419
-0.9491786468738049
-0.9459581906046367
-0.9427357394686641
-0.9395119737683018
-0.9362875314495923
-0.9330631016507005
-0.9298393309681986
-0.9266168870056276
-0.9233964298906611
-0.920178618253205
-0.9169641307836904
-0.913753607614117
-0.9105477139786988
-0.9073471076127927
-0.9041524483193651
-0.9009644030601704
-0.8977836064541284
-0.8946107265682683
-0.8914464020726477
-0.8882912981927386
-0.8851460523586063
-0.8820113308321768
-0.8788877529143151
-0.8757759700777441
-0.8726766289502885
-0.8695903578197254
-0.8665178019839718
-0.8634595854462512
-0.8604163515219083
-0.8573887141413535
-0.8543773092493422
-0.8513827487709097
-0.8484056648105651
-0.8454466504644952
-0.8425063433246803
-0.8395853479059098
-0.8366842613343513
-0.8338036829298812
-0.8309442204779406
-0.8281064682652706
-0.8252910191590477
-0.8224984429192639
-0.8197293523730952
-0.8169843005031716
-0.81426387112728
-0.8115686306951684
-0.8088991590193993
-0.8062559994729455
-0.8036397158241114
-0.8010508610295571
-0.7984899874224557
-0.7959576206921846
-0.7934543206807204
-0.7909806000435572
-0.7885369938158258
-0.7861240171552305
-0.7837422007874559
-0.7813920512115078
-0.7790740579214196
-0.776788744578208
-0.7745365861625051
-0.7723180776456008
-0.7701337028408068
-0.7679839462144341
-0.7658692729819025
-0.7637901366784852
-0.7617470029082423
-0.7597403325159948
-0.7577705691899259
-0.7558381433970267
-0.7539434915940835
-0.7520870474506764
-0.7502692256981721
-0.7484904471058323
-0.7467511081885354
-0.7450516137612353
-0.7433923598694943
-0.7417737308988094
-0.7401961112357756
-0.7386598585051505
-0.7371653630104588
-0.7357129570043885
-0.7343030174339256
-0.7329358673183455
-0.7316118496171531
-0.7303313104390371
-0.729094542826464
-0.7279018852987975
-0.7267536358416933
-0.7256501006415708
-0.7245915644750756
-0.723578311780335
-0.7226106252759107
-0.721688773141886
-0.7208130201089396
-0.7199836173500744
-0.7192008029492039
-0.7184648315816926
-0.7177759257375126
-0.7171342998260688
-0.7165401829563
-0.7159937753645383
-0.7154952730987189
-0.7150448754554888
-0.7146427626960231
-0.7142891107792203
-0.7139840738451044
-0.7137278265676763
-0.7135205153922325
-0.713362278006335
-0.7132532474677697
-0.7131935672557557
-0.7131833293335833
-0.7132226698436331
-0.713311671128776
-0.713450434947298
-0.713639041959339
-0.7138775756725595
-0.714166108233957
-0.7145046900827146
-0.7148933741460467
-0.7153322118783444
-0.715821238951925
-0.7163604753511229
-0.7169499476965879
-0.7175896689217296
-0.7182796255183227
-0.7190198351861481
-0.7198102766289265
-0.7206509195934379
-0.7215417520773136
-0.722482718338738
-0.7234737808779941
-0.7245148823324634
-0.7256059671782175
-0.7267469585875818
-0.7279377842999052
-0.729178352141461
-0.7304685696337384
-0.7318083347197003
-0.7331975312828904
-0.7346360560982697
-0.7361237675786687
-0.7376605392188804
-0.739246223164272
-0.7408806716256306
-0.7425637324197504
-0.7442952392817074
-0.7460750139925476
-0.7479028610445121
-0.7497786211223213
-0.7517020817368437
-0.7536730377620541
-0.7556912845186996
-0.7577566041314747
-0.7598687528279711
-0.7620275173002666
-0.7642326419675158
-0.7664838867822014
-0.7687809910424911
-0.7711236876072286
-0.7735117165192876
-0.7759447914957212
-0.7784226323046435
-0.7809449477214359
-0.7835114280446485
-0.7861217790995776
-0.7887756794545266
-0.7914728159569343
-0.7942128611795924
-0.7969954799429536
-0.7998203390285428
-0.80268707142887
-0.8055953509573504
-0.8085448005938403
-0.8115350598525318
-0.8145657499976202
-0.817636503023025
-0.8207469324633511
-0.8238966367198202
-0.8270852251293985
-0.8303122926381706
-0.8335774302050101
-0.8368802316050289
-0.8402202614878047
-0.8435970956524004
-0.8470103104861856
-0.8504594558684265
-0.8539440930647259
-0.8574637789802091
-0.8610180465326914
-0.8646064450581071
-0.8682285095018256
-0.8718837558540943
-0.8755717295922957
-0.8792919364331915
-0.8830438793520807
-0.8868270945491032
-0.890641056583509
-0.8944852928824609
-0.8983592822838272
-0.9022625190001948
-0.9061944877223336
-0.9101546710915468
-0.9141425503240449
-0.9181575839114546
-0.9221992552415538
-0.9262670277857833
-0.9303603473002713
-0.9344786869417402
-0.9386214775908294
-0.9427882036039972
-0.9469782787485792
-0.9511911603516781
-0.955426270862853
-0.9596830616115934
-0.963960953585623
-0.9682593751484143
-0.9725777564781866
-0.9769155112113328
-0.9812720646597978
-0.9856468266433756
-0.990039222229011
-0.9944486315303115
-0.9988744855139041
-1.0033161875773127
-1.0077731281858655
-1.0122447191264017
-1.0167303580419793
-1.0212294255059473
-1.0257413226707595
-1.0302654358148071
-1.0348011631223804
-1.0393478790210149
-1.043904972774275
-1.0484718295140487
-1.0530478318162042
-1.0576323438813895
-1.0622247638753117
-1.0668244548300105
-1.0714307927276085
-1.0760431646056223
-1.0806609278907642
-1.0852834635877573
-1.0899101321236915
-1.0945403168565833
-1.0991733750175678
-1.1038086774985187
-1.1084455993678972
-1.1130834940157095
-1.1177217386452807
-1.1223596947440393
-1.1269967282602518
-1.131632199115656
-1.1362654817448292
-1.1408959346664538
-1.1455229270963803
-1.1501458222991212
-1.154763981995037
-1.1593767724931168
-1.1639835650005679
-1.1685837311387683
-1.1731766163857482
-1.1777616030757374
-1.1823380553672025
-1.1869053396276783
-1.191462835464611
-1.196009895746172
-1.200545902927048
-1.205070229552029
-1.2095822377755776
-1.2140813213486306
-1.2185668290533802
-1.2230381651268367
-1.2274946900310035
-1.231935788140746
-1.2363608417106642
-1.2407692369789343
-1.2451603580540123
-1.249533573192054
-1.2538882945965142
-1.2582239022429227
-1.262539790169855
-1.2668353469899363
-1.2711099655381002
-1.2753630609022937
-1.2795940268231731
-1.2838022521561334
-1.2879871554710318
-1.2921481528029086
-1.296284632223232
-1.3003960198570006
-1.3044817342129964
-1.3085411779325582
-1.312573790673142
-1.3165789791346474
-1.3205561877134915
-1.3245048327654054
-1.3284243524073789
-1.3323141832979892
-1.3361737535487719
-1.340002520976704
-1.3437999195162915
-1.347565402953934
-1.3512984245581166
-1.3549984339492702
-1.3586648993457673
-1.362297272097259
-1.365895024034417
-1.3694576284302158
-1.3729845504971718
-1.3764752714590274
-1.3799292750643712
-1.3833460482052242
-1.38672506474401
-1.3900658352484374
-1.3933678499037714
-1.3966306046435673
-1.3998536136523887
-1.4030363767494496
-1.406178416369786
-1.4092792449710225
-1.412338375450157
-1.415355354792391
-1.4183297035499554
-1.4212609549123918
-1.4241486378621515
-1.4269923212693054
-1.429791541451555
-1.4325458369711541
-1.4352547882597326
-1.4379179515869465
-1.440534886769094
-1.4431051665695014
-1.4456283796670288
-1.4481040975489359
-1.4505319107223118
-1.4529114063331472
-1.4552421771837
-1.4575238317455903
-1.4597559756865617
-1.461938225838344
-1.4640701869677961
-1.4661514832979714
-1.4681817404294517
-1.4701605971859761
-1.4720876867853283
-1.473962649022215
-1.475785131081961
-1.4775547859959623
-1.479271268587393
-1.480934245653109
-1.4825433934029544
-1.4840983673345018
-1.4855988617447373
-1.4870445549671172
-1.4884351343813733
-1.4897702978457934
-1.4910497493468222
-1.4922731866506531
-1.4934403284892412
-1.4945508922951976
-1.4956045939138172
-1.4966011682568052
-1.4975403501730324
-1.498421871617049
-1.499245473362461
-1.500010922993489
-1.500717970114097
-1.5013663671028663
-1.5019558833651276
-1.5024862992205472
-1.5029573922323536
-1.5033689432782211
-1.5037207384270237
-1.5040125875185095
-1.5042442717175013
-1.5044156033917504
-1.504526414147537
-1.5045765029657026
-1.5045656915885244
-1.5044938216221158
-1.5043607231609117
-1.5041662368395667
-1.5039102024332738
-1.50359248705369
-1.5032129451510692
-1.5027714296573207
-1.5022678097286668
-1.5017019805753622
-1.5010737985430551
-1.5003831772472493
-1.4996299858236999
-1.498814126748208
-1.4979355100301022
-1.4969940335491816
-1.4959896406911348
-1.494922217622129
-1.4937917067969884
-1.4925980431303487
-1.4913411506514278
-1.4900209922099552
-1.4886375036584651
-1.487190643702488
-1.4856803653448523
-1.4841066475940963
-1.4824694503759528
-1.4807687538243932
-1.4790045451476357
-1.4771768084247705
-1.47528553546652
-1.4733307284943462
-1.4713123908218717
-1.469230527226936
-1.4670851682080783
-1.464876316837647
-1.4626040139212202
-1.4602682857339737
-1.457869167998789
-1.4554066998122204
-1.4528809385026658
-1.4502919372714556
-1.4476397463706654
-1.4449244380112052
-1.4421460756083035
-1.4393047384194542
-1.4364005029649132
-1.4334334599213234
-1.4304036886546179
-1.4273112978151925
-1.4241563794736751
-1.4209390391344119
-1.4176593962872952
-1.414317562872741
-1.410913652313628
-1.4074478078903583
-1.4039201352118578
-1.4003307976780275
-1.396679921415855
-1.3929676548774264
-1.3891941517391215
-1.3853595651527086
-1.3814640597183057
-1.3775077944602447
-1.3734909484255768
-1.3694136870923541
-1.3652761999621912
-1.3610786652463014
-1.3568212716571415
-1.3525042229984956
-1.3481277049775353
-1.3436919277924968
-1.339197099619715
-1.3346434286044204
-1.3300311417771469
-1.3253604497592208
-1.3206315823122847
-1.3158447677972296
-1.3110002441709574
-1.3060982499701363
-1.3011390192926768
-1.2961228185381317
-1.2910498778071167
-1.2859204713509333
-1.2807348509697798
-1.2754932803511503
-1.2701960260075962
-1.2648433705922142
-1.2594355773522743
-1.2539729321677033
-1.248455725950703
-1.242884239415449
-1.2372587647020266
-1.2315796049351542
-1.2258470512302473
-1.2200614168153525
-1.2142229971919216
-1.2083321149551143
-1.2023890771695283
-1.1963942116150543
-1.190347831148372
-1.1842502645825694
-1.1781018393829605
-1.1719028983406534
-1.165653761622677
-1.1593547806729918
-1.1530062955570435
-1.1466086488451026
-1.140162194878375
-1.1336672884037804
-1.1271242742786283
-1.1205335263937624
-1.113895398293378
-1.1072102560977477
-1.1004784750170091
-1.093700417748783
-1.0868764622971185
-1.08000699010612
-1.0730923764747549
-1.0661330030168208
-1.0591292642465417
-1.0520815426855779
-1.0449902342514552
-1.0378557331509626
-1.0306784265518745
-1.0234587250450629
-1.0161970378698217
-1.0088937494888395
-1.001549283675106
-0.994164047396756
-0.9867384441544012
-0.979272897193921
-0.971767822125428
-0.964223639164126
-0.9566407674515197
-0.9490196369921762
-0.9413606682736092
-0.9336642856053644
-0.9259309293744956
-0.9181610270555414
-0.9103550170847184
-0.902513328633535
-0.8946364018128024
-0.8867246862638956
-0.8787786123590139
-0.8707986344554672
-0.8627851927066026
-0.854738730812658
-0.8466597127799728
-0.8385485801195519
-0.8304057792067212
-0.8222317744229324
-0.814027020271635
-0.805791974566635
-0.7975270938746916
-0.7892328366008199
-0.7809096737283249
