1025
1.8914275959746643
1.8847209134052965
1.8779510546748528
1.871118434029762
1.8642234841737109
1.8572666251120065
1.8502482923594663
1.8431689249125547
1.8360289690877845
1.8288288525297713
1.8215690509847398
1.8142499989407426
1.8068721714931537
1.7994360340240667
1.7919420377659099
1.7843906825826106
1.7767824198133766
1.7691177528411035
1.761397150570601
1.753621115052477
1.7457901427642963
1.7379047245608403
1.7299653687036929
1.7219725840671596
1.7139268814591555
1.7058287797272078
1.6976787901479111
1.6894774393839265
1.6812252584024514
1.6729227800907112
1.664570535084949
1.65616907053079
1.6477189253967701
1.6392206364262354
1.630674766719947
1.6220818771132393
1.613442510348287
1.6047572422469785
1.5960266182855305
1.5872512245210857
1.578431643601152
1.5695684182014136
1.560662155782432
1.5517134227473233
1.542722815960574
1.533690929707611
1.5246183376549964
1.5155056561712223
1.506353464062218
1.4971623760474833
1.4879329978871119
1.4786659394528787
1.469361808611184
1.460021222436498
1.4506447845893118
1.4412331345553675
1.4317868870071693
1.422306659296649
1.4127931068809414
1.4032468316003908
1.393668487380549
1.3840586920351687
1.3744181010427756
1.3647473444762126
1.3550470746158172
1.3453179428450865
1.3355605866958697
1.3257756645058543
1.315963820601868
1.3061257242456192
1.2962620270027896
1.286373375353964
1.2764604519501106
1.266523911323151
1.256564427898742
1.2465826565612192
1.2365792762860282
1.2265549488999445
1.2165103645146222
1.2064461748902588
1.196363070642277
1.1862617329691647
1.1761428419240336
1.1660070697752656
1.1558551028922612
1.1456876268894483
1.1355053175776875
1.1253088847759698
1.1150989896545074
1.1048763300489606
1.0946416028032755
1.084395485362082
1.0741386856070763
1.0638718712179471
1.053595770635675
1.043311051917971
1.0330184075852913
1.0227185594742925
1.0124121653200215
1.0020999613591088
0.9917826120338714
0.9814608268641809
0.9711353102526471
0.960806747359381
0.9504758344496644
0.9401432904566414
0.9298097908316564
0.9194760368581184
0.9091427347088359
0.8988105780757734
0.8884802648736435
0.8781524956936931
0.8678279470343787
0.8575073364780889
0.8471913576036514
0.8368807050434884
0.8265760572216149
0.816278118002754
0.8059875825450544
0.7957051439932922
0.785431488691033
0.7751673107100562
0.7649132831580682
0.7546701210443104
0.7444384847034143
0.7342190661615515
0.7240125619941457
0.7138196308116667
0.7036409811565575
0.6934772785830605
0.6833291664406718
0.6731973762975697
0.663082558016546
0.6529853821875115
0.6429065089045595
0.6328466145999746
0.6228063697800477
0.6127864301409931
0.6027874479653761
0.5928101014585859
0.5828550326668888
0.5729228892651762
0.5630143365585516
0.5531300140453859
0.5432705773759148
0.5334366420306507
0.5236288660735539
0.5138478962066695
0.5040943534448417
0.49436885904082634
0.484672043129277
0.47500454063925496
0.46536695132505684
0.45575992301689666
0.4461840459859996
0.436639923446173
0.4271281699362693
0.4176493817539995
0.4082041758029926
0.39879312874712186
0.38941684890149186
0.3800758792156235
0.37077083250181514
0.36150228100868176
0.35227080191335586
0.3430769642046365
0.33392132395226987
0.32480443997954933
0.3157268670288894
0.30668916050848505
0.2976918639560299
0.28873551027748495
0.27982065108384513
0.2709477996366805
0.2621174960486659
0.2533302415566264
0.2445865591545019
0.23588697280841062
0.22723196677088958
0.21862205747957744
0.2100577143537334
0.20153944266629684
0.19306771928198227
0.184643028333876
0.1762658258330801
0.16793657533515968
0.15965576131774928
0.15142380323236174
0.14324116505723733
0.1351082920318342
0.12702561231885082
0.11899353684646431
0.11101250861682203
0.10308293900376134
0.09520524421684956
0.08737980841025725
0.07960703952485174
0.07188732606237513
0.06422103928251242
0.0566085661291141
0.04905027991111464
0.04154652505883761
0.034097667279938564
0.026704061587186367
0.019366034831086704
0.012083939476481072
0.004858089808883607
-0.0023111973315996797
-0.009423607130887957
-0.016478823116728436
-0.023476557382833982
-0.03041652288864507
-0.037298419559150066
-0.044121985336823405
-0.05088694595346822
-0.05759304521982405
-0.0642400297723378
-0.07082764271682233
-0.0773556713847318
-0.08382385315855352
-0.0902319795886059
-0.09657983396173887
-0.10286721860838337
-0.1090939209791512
-0.11525975167665364
-0.12136452523174603
-0.12740808145216617
-0.13339023458889454
-0.1393108278119064
-0.1451697128531936
-0.15096675073948468
-0.15670178765662768
-0.16237470365439982
-0.16798538767293378
-0.17353371921291255
-0.17901960369898312
-0.18444292975279591
-0.18980362228908434
-0.19510157896762617
-0.2003367601830339
-0.20550908460204986
-0.21061849783764736
-0.21566496127977322
-0.220648423234705
-0.2255688664413205
-0.2304262499021704
-0.2352205833920568
-0.23995183385434968
-0.24462002162033725
-0.24922515379250654
-0.25376725360456603
-0.2582463303329342
-0.2626624169656669
-0.26701558083614324
-0.27130585264685586
-0.2755333066485939
-0.2796979854413885
-0.2837999725219625
-0.28783937723383723
-0.2918162550521851
-0.2957307177146092
-0.29958288096912467
-0.303372847826702
-0.3071007408231919
-0.31076670403476003
-0.3143708641001688
-0.31791336591576996
-0.3213943736388533
-0.3248140269439166
-0.3281725294995202
-0.3314700357288041
-0.33470674152324636
-0.33788281441248263
-0.340998503466137
-0.34405396667826543
-0.34704945145327376
-0.3499851670851568
-0.35286134249317325
-0.35567822223618695
-0.35843605788548
-0.3611350756376764
-0.3637755703681953
-0.36635776822449845
-0.3688819839505481
-0.37134847902983154
-0.3737575382175546
-0.37610946091001135
-0.37840454173368515
-0.3806431001506724
-0.3828254523445669
-0.3849519154085807
-0.38702281165158314
-0.3890384913493322
-0.3909992818182232
-0.3929055416065624
-0.3947576286647859
-0.39655588752720783
-0.398300691867752
-0.39999241825417087
-0.4016314409235307
-0.40321815988560006
-0.40475295062262007
-0.4062362242192549
-0.4076683615105091
-0.4090497998702291
-0.41038092573123885
-0.4116621829100069
-0.4128939826881423
-0.4140767520619291
-0.415210935719549
-0.41629695809633716
-0.4173352923001313
-0.41832637280590146
-0.419270670334817
-0.42016861636354014
-0.4210207031030626
-0.42182739215985005
-0.4225891403079305
-0.4233064700137847
-0.42397981624406894
-0.42460970314975055
-0.42519659629048806
-0.4257410130934865
-0.4262434368049634
-0.42670436643437076
-0.4271243445153699
-0.4275038385076819
-0.42784340034756685
-0.42814352027381225
-0.4284047371919729
-0.42862756913437944
-0.4288125355303037
-0.4289601768289197
-0.4290710191617646
-0.42914562734532063
-0.4291844987108391
-0.42918820179572353
-0.42915727125848135
-0.4290922567875617
-0.42899371824880705
-0.4288621955687681
-0.42869823859569206
-0.42850241278472767
-0.42827527248591896
-0.4280173686938368
-0.42772928394375415
-0.42741155126511676
-0.42706475995912535
-0.4266894610536964
-0.4262862253046606
-0.42585561411993983
-0.4253982044997933
-0.4249145589230275
-0.42440525929304623
-0.4238708537738499
-0.4233119507964063
-0.42272908844113816
-0.422122848025295
-0.42149381220208443
-0.42084253291348145
-0.42016960927839553
-0.41947559287651387
-0.4187610736741492
-0.4180266097222544
-0.41727277292651066
-0.4165001403202807
-0.4157092770503552
-0.41490077692386373
-0.41407516178627435
-0.4132330492045163
-0.4123749636444361
-0.4115015030428608
-0.41061322411465545
-0.4097106730800816
-0.40879443773205587
-0.40786507658921795
-0.4069231151707498
-0.4059691479691188
-0.4050037096560576
-0.40402736022151015
-0.4030406533003981
-0.40204414929758353
-0.4010383550852589
-0.4000238558234921
-0.3990011673838001
-0.39797084765930396
-0.3969334265026598
-0.3958894325220585
-0.3948394082984432
-0.39378388120261254
-0.39272335557250143
-0.3916583854386492
-0.3905894664197236
-0.38951713323869736
-0.38844187851177214
-0.38736422141734567
-0.3862846654931548
-0.3852037324797307
-0.3841218785460144
-0.38303964148936265
-0.381957487145594
-0.38087591724303005
-0.3797953960770655
-0.3787164201136922
-0.37763945247988806
-0.3765649800317572
-0.37549344509283394
-0.37442533493174
-0.3733610863615752
-0.37230116085924053
-0.3712460155083441
-0.3701960800651005
-0.3691518034498758
-0.3681136043554693
-0.3670819399026475
-0.36605721466193114
-0.3650398459305433
-0.364030266160631
-0.36302888202899963
-0.36203606520175613
-0.36105225901129623
-0.3600778294411094
-0.35911318245835777
-0.3581586944482655
-0.3572147405940076
-0.35628170163594286
-0.3553599283649371
-0.3544498171847094
-0.3535516885453464
-0.3526659156524778
-0.35179282598004546
-0.3509327700826748
-0.35008608992550816
-0.3492530907257104
-0.34843410565986516
-0.3476294753589323
-0.34683946405659694
-0.3460644122337175
-0.34530460546646796
-0.3445603375084596
-0.3438318999259597
-0.3431195713558444
-0.3424236124769875
-0.3417443369620288
-0.341081945268224
-0.34043673579640493
-0.3398089597526895
-0.3391988486699051
-0.3386066332365035
-0.33803256048903446
-0.33747686462714677
-0.336939744334929
-0.3364214362909089
-0.3359221253314757
-0.33544201878092594
-0.3349813387023433
-0.3345402376196394
-0.33411892968373974
-0.33371756944724246
-0.3333363445754299
-0.3329754004292669
-0.33263491904274584
-0.33231503549265834
-0.3320159138773366
-0.33173768017662925
-0.33148046386056274
-0.33124441390868997
-0.33102965215999725
-0.33083626187565274
-0.3306643923536985
-0.3305141211720088
-0.3303855567489799
-0.33027879122060705
-0.33019391270231424
-0.33013099147466846
-0.3300901177541793
-0.330071346816063
-0.3300747572094758
-0.3301003819701583
-0.33014828542610225
-0.33021851752353953
-0.33031110711976014
-0.330426082987161
-0.3305634999455978
-0.33072335734963904
-0.330905671497034
-0.3311104580410914
-0.33133773321012516
-0.3315874903405419
-0.33185971081093274
-0.3321543873389486
-0.33247152117925155
-0.3328110661150761
-0.3331730245702239
-0.333557342084623
-0.3339639900593869
-0.3343929178432089
-0.3348440800247747
-0.3353174386271188
-0.3358129175458694
-0.33633045622441843
-0.33686999054539146
-0.33743144706376105
-0.33801476626338484
-0.3386198317157508
-0.3392465771157377
-0.3398949087483527
-0.3405647291170132
-0.3412559270054271
-0.34196843448406844
-0.3427020909824586
-0.3434568108350664
-0.3442324780603832
-0.34502895606074774
-0.3458461303140943
-0.3466838538676798
-0.34754200976074595
-0.34842044411690437
-0.34931902949328014
-0.35023759259422876
-0.3511760157460033
-0.3521341071818967
-0.35311173801408197
-0.35410874870624875
-0.3551249472135069
-0.35616017452547327
-0.3572142679587502
-0.35828704076486395
-0.3593783299396335
-0.3604879111964738
-0.36161565613978586
-0.3627613258367992
-0.36392475300310567
-0.3651057316504264
-0.3663040857783456
-0.36751958084129904
-0.3687520298622637
-0.37000122261378426
-0.3712669625775282
-0.37254900901722465
-0.37384718477517065
-0.3751612351797435
-0.37649096446858926
-0.3778361262621455
-0.37919652065244713
-0.3805719188154306
-0.38196207561657686
-0.38336677478852005
-0.3847857744410904
-0.38621883939601653
-0.3876657307365956
-0.389126219091044
-0.39060006625280047
-0.3920870074240748
-0.393586806221252
-0.3950992306628504
-0.39662402183835427
-0.39816093440447703
-0.39970969826551234
-0.401270101816313
-0.4028418550593758
-0.4044247318204838
-0.4060184445335238
-0.40762275716519564
-0.4092374083615908
-0.4108621394945234
-0.41249669536379013
-0.4141407879653584
-0.4157941923564397
-0.4174566183905014
-0.41912782635353446
-0.42080752732560606
-0.42249546199611276
-0.4241913919142819
-0.4258950132083956
-0.4276060835732032
-0.4293243292141389
-0.43104948687780925
-0.43278127775868197
-0.4345194396320473
-0.43626370706440654
-0.4380138073673591
-0.4397694806199823
-0.4415304593702211
-0.44329645909041115
-0.4450672280662559
-0.44684249359876665
-0.4486219684347278
-0.4504054111068945
-0.45219254534597086
-0.45398309185177566
-0.4557767925810188
-0.4575733959074696
-0.45937261587157724
-0.46117417544442346
-0.4629778317726923
-0.464783311638569
-0.46659034410449857
-0.4683986705717287
-0.47020803665865163
-0.47201815308835143
-0.47382879232605174
-0.47563965353599325
-0.4774505060257242
-0.47926107023836717
-0.4810711080404078
-0.4828803516371545
-0.4846885306660896
-0.4864953923669626
-0.48830069676399807
-0.4901041763555212
-0.4919055712911868
-0.4937046423983798
-0.49550113224228304
-0.49729477571581104
-0.4990853453489234
-0.5008725882404299
-0.5026562387961255
-0.5044360795103173
-0.5062118298544938
-0.5079832782792215
-0.5097501527101767
-0.5115122392993744
-0.5132692786523265
-0.5150210410174659
-0.5167672884400519
-0.5185077697556826
-0.5202422680816626
-0.5219705245164072
-0.5236923465182942
-0.525407472771056
-0.5271156741464642
-0.5288167314945963
-0.5305104039215679
-0.5321964869586423
-0.5338747503837517
-0.5355449632429394
-0.5372068849302009
-0.5388603317020769
-0.540505073597128
-0.5421408815468415
-0.5437675582783413
-0.5453848758821074
-0.5469926109697276
-0.5485905789573934
-0.5501785496099496
-0.5517563260202952
-0.5533236935368095
-0.5548804445477865
-0.5564263918453318
-0.5579613075165559
-0.5594850131932375
-0.5609973035736713
-0.5624979745454531
-0.5639868275939859
-0.5654636615075985
-0.5669283062952611
-0.5683805534700733
-0.5698202146995108
-0.5712471091653123
-0.5726610182205725
-0.5740618004154515
-0.5754492414845515
-0.5768231619144526
-0.5781833826523771
-0.5795297257476542
-0.5808620190209101
-0.5821800687489446
-0.5834837008873204
-0.5847727425922837
-0.5860470253362713
-0.5873063823743792
-0.5885506286865699
-0.5897795970201368
-0.5909931397115249
-0.5921910540670574
-0.5933731971138061
-0.5945394112312833
-0.5956895220743473
-0.5968233662746535
-0.5979407997667937
-0.5990416382397256
-0.6001257565235742
-0.6011929778569209
-0.6022431325218272
-0.6032761033222426
-0.6042916972320005
-0.6052898049844931
-0.6062702477575822
-0.6072328853301067
-0.6081775755683984
-0.6091041718845751
-0.610012512730409
-0.610902466701242
-0.6117738962658833
-0.6126266527691593
-0.6134605839340512
-0.6142755759584426
-0.6150714550468991
-0.6158481329857494
-0.6166054258527667
-0.6173432366022794
-0.6180613925436945
-0.6187597927041858
-0.6194382915295937
-0.6200967535945334
-0.6207350622132074
-0.6213530756521226
-0.6219506718816838
-0.6225277246968506
-0.6230841152941509
-0.6236196810501521
-0.6241343366990107
-0.6246279583999051
-0.6251003906832645
-0.6255515486347781
-0.6259813085919561
-0.6263895197877176
-0.6267760872149455
-0.6271408788841468
-0.6274838007226047
-0.6278047109571135
-0.6281035069989407
-0.628380072684536
-0.6286343017413375
-0.6288660510305805
-0.6290752405777806
-0.6292617477853463
-0.6294254472527019
-0.6295662603106864
-0.62968405603983
-0.6297787305743839
-0.6298501713690114
-0.6298982763206764
-0.6299229378437582
-0.6299240525965177
-0.6299015163452049
-0.6298552124165966
-0.6297850597869513
-0.6296909360067475
-0.6295727482576065
-0.6294303816034111
-0.6292637551795243
-0.6290727638857536
-0.6288573020080112
-0.6286172723501459
-0.6283525794608076
-0.6280631181838745
-0.6277488045360596
-0.627409544614836
-0.6270452274117089
-0.6266557693977338
-0.6262410746384909
-0.6258010474268444
-0.625335602398397
-0.6248446299688138
-0.6243280639287085
-0.62378579151369
-0.6232177340638431
-0.6226238110513533
-0.6220039085322634
-0.6213579670870272
-0.6206858812859233
-0.6199875687089214
-0.61926294593372
-0.6185119335404005
-0.6177344454056819
-0.6169303774546913
-0.6160996661873441
-0.6152422337242993
-0.6143579990487608
-0.6134468611279482
-0.6125087485661849
-0.6115435925821465
-0.6105513203505929
-0.6095318268184524
-0.6084850531715171
-0.6074109302157735
-0.6063093637112041
-0.6051802926144276
-0.604023641603341
-0.6028393211610373
-0.6016272897812412
-0.6003874463762102
-0.5991197413671749
-0.597824097689336
-0.5965004460674462
-0.5951487234545889
-0.5937688483353313
-0.5923607671160479
-0.5909244116142324
-0.5894597157648596
-0.5879666276238943
-0.586445064946664
-0.5848949906977611
-0.5833163177931698
-0.5817089946697542
-0.5800729769677538
-0.5784081870598742
-0.5767145893448911
-0.5749921097652614
-0.5732407073897645
-0.5714603088353057
-0.5696508860356089
-0.5678123747193554
-0.5659447213828114
-0.5640478849479544
-0.5621218075879477
-0.5601664622679463
-0.5581817788002149
-0.5561677210818688
-0.5541242586114423
-0.5520513399821199
-0.5499489211229646
-0.5478169460736044
-0.5456554144284266
-0.5434642644788656
-0.5412434530700263
-0.5389929672854173
-0.5367127559502971
-0.5344027943586901
-0.5320630522128443
-0.5296934961060757
-0.5272941016692303
-0.5248648475970608
-0.5224056915919091
-0.519916613628337
-0.5173976021839564
-0.5148486322518885
-0.5122696821045569
-0.5096607358354523
-0.5070217698308997
-0.5043527725208351
-0.5016537293986644
-0.49892463666754827
-0.49616546997169625
-0.4933762262719704
-0.4905569027999161
-0.4877074770210796
-0.48482796025491504
-0.48191835480133616
-0.4789786413774132
-0.47600882822067375
-0.4730089271722927
-0.4699789216416754
-0.4669188255039177
-0.46382865107008703
-0.46070840572861943
-0.4575580944291474
-0.4543777304575497
-0.45116733154001215
-0.4479269143328388
-0.44465649089878695
-0.44135608364693873
-0.43802570341481994
-0.4346653945197693
-0.43127516638731306
-0.427855041026527
-0.4244050478810725
-0.4209252306692274
-0.4174156071542462
-0.4138762191336645
-0.41030709807386684
-0.4067082840614425
-0.4030798105761927
-0.3994217092034844
-0.3957340645982725
-0.39201688007562463
-0.38827021017018387
-0.384494109468527
-0.3806886317378252
-0.3768538240728825
-0.37298973627979176
-0.36909643652155444
-0.3651739852862059
-0.36122242666427307
-0.35724181481729655
-0.3532322563961708
-0.34919376845060696
-0.3451264640000942
-0.3410303841803828
-0.33690560321600144
-0.33275220301968506
-0.3285702472376016
-0.32435984044360144
-0.3201210390822779
-0.31585392143488866
-0.31155859453053025
-0.3072351158456678
-0.3028836046022273
-0.2985041353496501
-0.29409678922971166
-0.28966167612132415
-0.28519889613699595
-0.28070852660698364
-0.27619067686011245
-0.27164545625118314
-0.267072964653653
-0.2624733024605387
-0.25784658486560286
-0.2531929189394953
-0.2485124064073285
-0.2438051792471731
-0.23907133714859885
-0.23431101278511846
-0.2295243197911948
-0.22471137647160194
-0.21987229833157723
-0.21500722475100026
-0.21011628455341508
-0.20519959744013508
-0.20025730436929004
-0.19528952461111826
-0.19029640998240083
-0.18527808118673866
-0.18023469300343856
-0.1751663675483705
-0.1700732671030294
-0.16495552271824204
-0.15981328262603597
-0.15464670303687783
-0.14945592983738223
-0.1442411049457258
-0.1390024022293033
-0.13373995370097908
-0.12845393221432624
-0.12314449699190592
-0.11781179877869072
-0.11245601474870832
-0.10707729567023697
-0.10167581752519302
-0.09625173617682578
-0.09080523839264608
-0.08533647122458578
-0.07984563530491702
-0.07433288281522028
-0.06879839275556238
-0.06324236929392121
-0.05766495766144425
-0.05206635460005491
-0.04644673931166496
-0.04080629523386545
-0.0351452206096698
-0.029463685686609835
-0.023761891434069933
-0.01804001561025411
-0.012298269361573383
-0.006536832750706372
-0.0007558891672451413
0.005044327508631388
0.010863663523754287
0.016701885647569935
0.022558807193992017
0.028434224787803185
0.03432794664324653
0.040239740397463655
0.04616942569280484
0.05211678547324833
0.0580816019902738
0.06406367171277581
0.07006279605389366
0.07607873552666444
0.08211129995671172
0.08816025825239315
0.09422540924413784
0.1003065203577274
0.10640338225990063
0.11251576402182113
0.11864344939347095
0.12478622629723501
0.13094386490866153
0.13711612525427938
0.14330280297680983
0.1495036590754474
0.15571846852376503
0.1619470043335692
0.16818903745076455
0.17444432801710133
0.18071265910211684
0.1869937781444756
0.19328746534995736
0.19959348590432371
0.20591159066450582
0.21224156198124078
0.21858314415077626
0.2249361058415953
0.2313002143222743
0.237675224511111
0.24406088925650696
0.25045697384453236
0.25686322516063853
0.2632794059288695
0.269705285266913
0.27614060006528357
0.2825850944022226
0.2890385558743769
0.2955007083127328
0.3019713057543675
0.3084501167953011
0.31493688045178414
0.32143135044325677
0.3279332627350383
0.3344423784559129
0.34095843933194214
0.3474811906219076
0.35401039786763294
0.36054578210694666
0.36708709820751645
0.3736340856559848
0.3801865017006862
0.38674408424518303
0.39330656175451684
0.3998736974127713
0.40644522103158937
0.4130208754453969
0.41960041126882647
0.42618354337721975
0.43277003673871806
0.4393596231023842
0.4459520419401169
0.45254702887253895
0.45914431199906014
0.46574364451704187
0.472344761441455
0.4789473892037214
