1025
-0.4562156218242343
-0.45942633563704843
-0.46263000481689737
-0.46582643602733104
-0.4690153998402064
-0.4721967046885569
-0.47537012540853646
-0.47853545412165593
-0.48169245439578506
-0.4848409661855891
-0.48798071526754955
-0.49111152935679836
-0.49423315786210276
-0.4973453887505843
-0.5004480337642464
-0.5035408168580312
-0.5066235705190147
-0.509696045612163
-0.5127580349392566
-0.5158093043485134
-0.5188496262241225
-0.521878784017596
-0.5248965589851944
-0.5279027170891367
-0.5308970238848355
-0.5338792623707096
-0.5368492159032001
-0.5398066462967474
-0.5427513295938424
-0.5456830287654412
-0.5486015339650439
-0.5515065934100496
-0.5543979883882636
-0.5572755116381902
-0.5601389158106906
-0.5629879546253378
-0.565822425523267
-0.5686420773690049
-0.5714467226767369
-0.5742360986128487
-0.577009951730751
-0.5797681198357614
-0.5825103201606442
-0.5852363674143515
-0.5879460014611828
-0.5906389801650069
-0.5933151334928032
-0.5959741744203716
-0.5986159348668754
-0.6012401576097106
-0.603846612489187
-0.6064350750090273
-0.6090053343594695
-0.6115571609368953
-0.6140903543373173
-0.6166046570145072
-0.6190998747452533
-0.6215757866623278
-0.6240321360117403
-0.626468759852012
-0.6288853924347915
-0.6312818739391511
-0.6336579438920664
-0.636013417077839
-0.6383480593376201
-0.6406616623879812
-0.6429540194169931
-0.6452249271511769
-0.647474187789996
-0.6497015649038178
-0.651906874397785
-0.6540899426664466
-0.6562505205871915
-0.6583884273302303
-0.6605034496318795
-0.6625954210310276
-0.6646641245993646
-0.6667093840336348
-0.6687309817405889
-0.6707287768030916
-0.6727025409839228
-0.674652097205673
-0.676577238903611
-0.6784778256337758
-0.6803536688908919
-0.6822045697652019
-0.6840303866606311
-0.6858308968985685
-0.6876059801418837
-0.6893554479896901
-0.6910791182258581
-0.6927768628123346
-0.6944484729776331
-0.6960938605782103
-0.6977127723767755
-0.6993051198598517
-0.7008707499399455
-0.7024094706976526
-0.7039211960133834
-0.7054057156715099
-0.7068629400529308
-0.7082927125758027
-0.7096948782581609
-0.7110693264349508
-0.7124159444353005
-0.7137345480942507
-0.7150250504747155
-0.7162873359670957
-0.7175212600022842
-0.7187267158439984
-0.7199035871869395
-0.7210517622567413
-0.7221711702190056
-0.7232616447948578
-0.7243231208107536
-0.725355468331725
-0.7263586486626371
-0.7273325322611104
-0.7282770268688847
-0.7291920467537103
-0.7300775161454742
-0.7309333516018449
-0.7317595038774907
-0.7325558341791227
-0.7333223387607345
-0.7340589307388096
-0.7347655131316645
-0.7354420885587105
-0.7360885344665256
-0.7367048131356682
-0.737290970585198
-0.7378468140887416
-0.7383723587942055
-0.7388675735833024
-0.7393324354210056
-0.7397668976227723
-0.7401709107982831
-0.7405444717265014
-0.7408875648706018
-0.7412001373751084
-0.7414821965198943
-0.7417337463382153
-0.7419547487982058
-0.7421452028416484
-0.7423050999220842
-0.7424344819462878
-0.7425333334036368
-0.7426016208170257
-0.7426393889084788
-0.7426466815210967
-0.7426234982621772
-0.7425698374574713
-0.7424857764757132
-0.7423712715675647
-0.7422263906075606
-0.7420512097110235
-0.7418457421222783
-0.7416100317837367
-0.741344090578044
-0.74104800571763
-0.7407217973661294
-0.7403655955202105
-0.7399794202170097
-0.7395633378187569
-0.7391173882319513
-0.7386416597295125
-0.7381362492436221
-0.7376012144162237
-0.7370366614585688
-0.7364426436079563
-0.7358192663131833
-0.7351666316574752
-0.7344848005272587
-0.7337739009204107
-0.7330340133619696
-0.7322652903969936
-0.731467797838664
-0.7306416426823912
-0.729786962076004
-0.728903843560969
-0.727992468439133
-0.7270529076616435
-0.7260853141459711
-0.7250897967878956
-0.7240665119695584
-0.7230156041228967
-0.7219371658771756
-0.7208314030808624
-0.7196984245389845
-0.7185383629360792
-0.7173514062153877
-0.7161377160632258
-0.7148974326861188
-0.7136307072565976
-0.7123376919446751
-0.7110185930929004
-0.7096735486008195
-0.7083027349646237
-0.7069063641053329
-0.7054845680990407
-0.7040375304491375
-0.7025654833875229
-0.7010685558077314
-0.6995469547112041
-0.6980008800665481
-0.6964304921981055
-0.6948360164469778
-0.6932176546223875
-0.6915756018045841
-0.6899100453904434
-0.6882212044366361
-0.686509296987423
-0.684774491618918
-0.6830170314904082
-0.6812371250980775
-0.6794349918413892
-0.6776108507409944
-0.6757649004229183
-0.6738974115405528
-0.6720085501348737
-0.6700985598092561
-0.6681676833739713
-0.6662161555918623
-0.6642441799662334
-0.66225200339324
-0.6602398611581203
-0.6582080106503103
-0.6561566535521609
-0.6540860484593212
-0.6519964294471535
-0.6498880662125133
-0.6477611581494295
-0.6456159649788467
-0.6434527608621128
-0.6412717728747023
-0.6390732677182736
-0.6368574704172355
-0.6346246498756594
-0.6323750295319415
-0.6301089121133528
-0.6278265243109007
-0.6255281263468639
-0.6232139956320977
-0.6208843552015283
-0.6185395008124658
-0.6161796410019995
-0.6138051109511444
-0.6114160992738343
-0.6090129218714844
-0.6065958184087399
-0.6041650740132647
-0.6017209112189266
-0.5992636055833654
-0.5967934655534087
-0.5943107218898149
-0.5918156667517702
-0.5893085169777627
-0.5867895611284167
-0.5842591172025935
-0.5817173917666264
-0.5791646701249702
-0.5766012452676292
-0.5740273542515691
-0.5714432742590888
-0.5688492842410803
-0.5662456501332912
-0.5636326247695799
-0.5610104971275219
-0.5583794949324002
-0.5557399562253281
-0.5530920940273312
-0.5504362188432478
-0.547772522492825
-0.5451013841177772
-0.542422968791543
-0.5397376069548154
-0.5370455406129199
-0.5343470165370366
-0.5316423369430314
-0.5289317619369391
-0.5262155144893826
-0.523493930793698
-0.5207671758054075
-0.5180356089463294
-0.5152994592614176
-0.5125589618741161
-0.5098143988691359
-0.507066016024797
-0.5043140752653048
-0.5015588669994951
-0.49880061679583015
-0.4960395607492525
-0.4932760155057692
-0.49051017345569214
-0.48774232159549835
-0.48497271921841245
-0.48220158520320655
-0.479429179028598
-0.47665575229501744
-0.4738815443858128
-0.47110684422932975
-0.46833183818158663
-0.46555682806581766
-0.46278199055529434
-0.4600076339797187
-0.457233936587137
-0.4544611929005954
-0.4516896093694696
-0.4489194160028959
-0.44615084989509424
-0.44338412701588487
-0.4406195460659047
-0.437857267200749
-0.43509757814869654
-0.43234063374676157
-0.42958672786447233
-0.42683604666975716
-0.42408878412567086
-0.42134526319839555
-0.4186055793040979
-0.41587004072183664
-0.41313880479103116
-0.41041213548487915
-0.4076901936073721
-0.404973208952392
-0.4022614374879782
-0.3995549977050542
-0.3968542004112669
-0.3941591522609659
-0.3914701196662968
-0.388787280461063
-0.38611079704304946
-0.38344091197574387
-0.3807777955911599
-0.37812169943023893
-0.3754727220956531
-0.3728311042772461
-0.37019703471004795
-0.3675706802485698
-0.3649522532784461
-0.36234191964414497
-0.35973984022519484
-0.3571462174260347
-0.3545612255403253
-0.351985019989046
-0.34941781514724224
-0.3468597251340641
-0.3443109619689247
-0.34177167123384306
-0.33924202272375725
-0.3367221643493458
-0.33421229276878645
-0.33171252356633585
-0.32922306039630844
-0.32674400613687654
-0.3242755810117298
-0.32181788011621376
-0.3193710565273126
-0.3169352847976394
-0.3145106833234794
-0.31209742674774255
-0.3096956281178391
-0.3073054580385714
-0.30492702881960565
-0.30256047541133196
-0.3002059344584592
-0.29786354514291835
-0.2955334732955902
-0.2932157553356177
-0.290910629694611
-0.28861810869400445
-0.28633841550415945
-0.2840716179907707
-0.281817837533015
-0.2795772082097205
-0.2773498655142257
-0.2751358592432682
-0.27293535926387896
-0.27074845315255136
-0.268575241841714
-0.2664158610952028
-0.264270427647179
-0.2621389656979014
-0.2600216608962555
-0.2579185443895092
-0.25582978131054235
-0.2537554378954968
-0.25169559410058023
-0.24965038123075492
-0.24761988044165323
-0.24560412629157946
-0.24360328542727658
-0.24161739997031276
-0.23964659849362435
-0.23769090477752025
-0.2357504259659359
-0.23382525192341566
-0.23191549358238178
-0.23002114234624163
-0.228142351349214
-0.22627916667858547
-0.22443167523008614
-0.22259992240235188
-0.22078400020915503
-0.21898397157872793
-0.21719991828112967
-0.21543187621169424
-0.21367994578698005
-0.21194415525493238
-0.21022458127847016
-0.2085213045343705
-0.206834367509964
-0.20516382103680947
-0.20350970930132828
-0.2018721517955275
-0.2002511407035775
-0.19864673818451625
-0.1970590274412295
-0.1954880527631081
-0.19393379179674097
-0.19239639821106178
-0.19087584777740696
-0.1893722267599304
-0.1878855656727479
-0.18641590239262823
-0.18496329131785583
-0.18352774296807642
-0.1821093705123107
-0.1807081443178543
-0.17932414340474398
-0.1779573697889266
-0.1766078817130948
-0.17527573031871152
-0.1739609094853458
-0.17266347470121532
-0.1713835044459676
-0.17012093606468193
-0.16887588377655732
-0.16764833669533782
-0.16643833851203416
-0.16524591394852986
-0.16407110280025342
-0.16291387345978944
-0.16177439457475673
-0.16065250492050753
-0.1595483550706519
-0.15846195211828937
-0.15739329179072803
-0.15634239048952492
-0.1553092963561824
-0.15429402985239807
-0.1532965916098639
-0.15231702993419594
-0.15135533092285844
-0.15041150493357427
-0.14948563695007244
-0.1485776605217991
-0.14768766544033932
-0.14681560965527046
-0.14596154707388853
-0.14512544946277503
-0.1443073859205477
-0.14350731231945976
-0.14272530099845143
-0.14196132669092046
-0.14121538996452587
-0.14048754378967393
-0.13977780091762274
-0.13908608985969614
-0.13841251977955393
-0.13775703452623933
-0.13711966425108635
-0.13650042286282107
-0.13589930886441232
-0.1353163304552701
-0.13475149711302517
-0.13420481556102326
-0.13367631478930703
-0.1331659442821052
-0.13267374174569033
-0.132199733472709
-0.13174388178118296
-0.13130619128229729
-0.13088671156847315
-0.13048541276465517
-0.13010228340927038
-0.12973734652964558
-0.1293906038301149
-0.12906205693977124
-0.12875168878323828
-0.12845949299394419
-0.1281855015969022
-0.1279296829835338
-0.12769207324823964
-0.1274726407880532
-0.12727139236826246
-0.12708831411514024
-0.12692341156596806
-0.12677669085705195
-0.12664813629428573
-0.12653773938062562
-0.12644550362394133
-0.12637141912261424
-0.12631551545209233
-0.12627771938763413
-0.12625805989172226
-0.1262565467850251
-0.12627314933257927
-0.12630783855282804
-0.12636068926490224
-0.12643158573462115
-0.12652058969939134
-0.1266276801920653
-0.12675282854807
-0.12689604409448685
-0.1270572895251606
-0.1272365760671167
-0.12743387472467413
-0.12764920615456743
-0.12788249423597833
-0.1281338032663513
-0.12840304207342523
-0.1286902498390404
-0.12899542376275933
-0.12931847955621045
-0.12965944837162885
-0.13001831857604568
-0.13039504795467038
-0.13078965917176252
-0.13120204701211785
-0.13163230411393806
-0.1320803141086395
-0.13254611581908185
-0.13302966017182666
-0.13353097209601475
-0.13404995163359515
-0.13458662598716187
-0.13514095329413206
-0.13571294310826293
-0.13630251304015026
-0.13690971019774822
-0.13753442909663435
-0.13817670507134672
-0.13883644611522777
-0.13951367611629478
-0.14020836002014386
-0.14092045670678288
-0.1416499352799439
-0.14239676820573172
-0.14316091559073615
-0.14394234127194172
-0.14474101421108818
-0.14555692760815328
-0.1463900000920614
-0.14724020120123604
-0.14810752666472324
-0.14899189980392555
-0.14989331276019902
-0.15081166885247518
-0.15174702725289638
-0.1526992426114315
-0.15366835763751382
-0.15465424037419895
-0.15565690448753655
-0.15667629067764482
-0.15771235028036673
-0.15876505218641354
-0.15983428482166365
-0.16092006732423525
-0.16202231320984187
-0.16314099482490055
-0.16427602440147424
-0.1654273473871644
-0.16659496261412077
-0.16777876103448786
-0.16897869668889234
-0.17019472126458726
-0.17142676468867762
-0.17267475177681574
-0.17393863233117238
-0.17521834764678346
-0.1765138130903212
-0.17782498541744496
-0.1791518101598453
-0.18049417840348497
-0.18185204032910438
-0.1832253303796204
-0.18461393421877742
-0.1860178292095541
-0.1874369281554663
-0.18887112150004204
-0.19032035230694155
-0.19178458598436238
-0.19326368165879854
-0.1947575548882546
-0.19626614835917616
-0.19778937896496626
-0.1993271412166263
-0.20087936788236918
-0.2024459687747999
-0.2040268190209884
-0.2056218874449618
-0.20723099671247128
-0.20885412910995324
-0.21049113576602357
-0.21214197261431647
-0.21380651176130192
-0.21548462554491019
-0.21717622723175461
-0.21888125273152034
-0.22059954850455352
-0.22233101133403116
-0.224075563894341
-0.22583307100129715
-0.22760341257775682
-0.22938650017559548
-0.2311822251447179
-0.23299042593942138
-0.23481105025031893
-0.2366438990528985
-0.23848893117306455
-0.2403459515994662
-0.2422149023258506
-0.24409561141272554
-0.24598797788297921
-0.24789187489322836
-0.2498071221785291
-0.25173365380105756
-0.25367126366923176
-0.25561990680283303
-0.2575793954518587
-0.2595495720657873
-0.2615303290906547
-0.26352149036793066
-0.26552296166473427
-0.26753458515745515
-0.2695561929937166
-0.2715876096758123
-0.27362873918436165
-0.27567942856593003
-0.27773949119352576
-0.2798088135498161
-0.28188719352207353
-0.2839744758523183
-0.28607054452812536
-0.2881752001016445
-0.29028830205732703
-0.2924096688998078
-0.2945391342842966
-0.2966765648258177
-0.2988217228952239
-0.30097450869273296
-0.3031347234444392
-0.30530219672043035
-0.3074767261821132
-0.30965813185387914
-0.311846292709738
-0.314040984878092
-0.31624202726699546
-0.3184492625138521
-0.3206624440075854
-0.32288147254454247
-0.3251061033184322
-0.3273361477016433
-0.329571437798986
-0.3318117669470436
-0.33405696050069567
-0.33630680533833707
-0.33856108669495644
-0.34081962521546244
-0.3430822298154081
-0.34534870123411215
-0.34761881788783744
-0.34989238245313686
-0.3521692263944698
-0.35444906254229913
-0.3567317358004529
-0.359017047825873
-0.36130477732652067
-0.3635946793215662
-0.36588659393131157
-0.3681802559495165
-0.37047550423160214
-0.3727720821363195
-0.3750697544084841
-0.3773683503731493
-0.37966759194252403
-0.38196732939689876
-0.3842672808114999
-0.38656724078866855
-0.3888670022613567
-0.3911663348487959
-0.39346495739765863
-0.3957627032950039
-0.3980593275370271
-0.40035458628099696
-0.4026482366551362
-0.40494009431187095
-0.40722985956133045
-0.4095173748452734
-0.4118023267656188
-0.41408455680897477
-0.41636374492447475
-0.4186397182384789
-0.4209122082662025
-0.4231809723452169
-0.4254457928433557
-0.4277064063785309
-0.42996257093421836
-0.43221406770733223
-0.43446064425998215
-0.43670199920093905
-0.4389379636242931
-0.44116828891828
-0.44339265288750696
-0.44561089725561615
-0.44782276332025833
-0.4500279362138212
-0.4522262232763103
-0.4544173469638384
-0.4566011053055217
-0.458777192917877
-0.46094539640056015
-0.46310545280467574
-0.46525713815779296
-0.4674001301805579
-0.46953424144592887
-0.47165921775032865
-0.4737747577220895
-0.4758806861683019
-0.47797670593904146
-0.48006256428635735
-0.4821380188722037
-0.4842028033261296
-0.4862566848705941
-0.48829941691374884
-0.4903307283741878
-0.49235036173421837
-0.4943581070689654
-0.4963536631219974
-0.4983368098777529
-0.5003072582529853
-0.5022648053965932
-0.504209198848421
-0.5061401575795441
-0.5080574376976864
-0.5099608068830745
-0.5118499912403507
-0.5137247688317067
-0.5155848837024781
-0.5174300851261889
-0.5192601297281727
-0.5210747744301802
-0.5228737617404197
-0.524656853026818
-0.5264237856946297
-0.5281743669967748
-0.5299082867699225
-0.5316253558242796
-0.5333253231302011
-0.5350079220562656
-0.5366729448018637
-0.5383201337607714
-0.5399492591636825
-0.5415600767859935
-0.5431523691272928
-0.5447258971351499
-0.5462804020080755
-0.5478156597040292
-0.5493314722189354
-0.5508276082214604
-0.5523037910339114
-0.5537598223839315
-0.5551954769553206
-0.5566105580977191
-0.5580047883300555
-0.5593779819419722
-0.5607299143222044
-0.5620603551586654
-0.5633691064066856
-0.5646559404070393
-0.5659206227342265
-0.5671629955799316
-0.5683827963699377
-0.5695798431463542
-0.5707539371733686
-0.5719048531351949
-0.5730324081643428
-0.5741363729781681
-0.5752165591842783
-0.5762727811222637
-0.5773048294153965
-0.5783125434437209
-0.5792956830468969
-0.5802541146441648
-0.5811875957602398
-0.5820959491140456
-0.5829790355844716
-0.5838366223177348
-0.5846685934414972
-0.5854747096208821
-0.5862548394097269
-0.5870087722170211
-0.5877363826788435
-0.5884374792455292
-0.589111897492474
-0.5897594835418253
-0.5903800650137542
-0.5909735305957132
-0.5915396610639151
-0.5920783479333097
-0.5925894465814666
-0.5930727984238467
-0.5935282557280114
-0.5939556530256418
-0.5943549144910946
-0.5947258587188275
-0.5950683609871401
-0.5953823160983764
-0.5956675509431331
-0.5959239885305959
-0.5961515033753142
-0.5963499403288687
-0.5965192181581677
-0.596659241956377
-0.5967698506729157
-0.5968509609008223
-0.5969024902036725
-0.5969243291253502
-0.596916361808085
-0.5968785329648542
-0.5968107245967804
-0.5967128571643104
-0.5965848376278569
-0.596426615570071
-0.59623807863196
-0.5960191717524735
-0.5957698421033657
-0.5954899719698007
-0.5951795501458103
-0.5948385054045061
-0.5944667682421068
-0.5940642799304142
-0.593631029288278
-0.5931669169136806
-0.5926719237086184
-0.5921460134494702
-0.5915891686758813
-0.5910013252090167
-0.590382457311506
-0.5897325655967967
-0.589051619611445
-0.5883395834208219
-0.5875964651678087
-0.5868222325125114
-0.5860169127072263
-0.5851804706926157
-0.5843129100919082
-0.5834142325313404
-0.5824844750274143
-0.5815236119129654
-0.5805316872673164
-0.5795087160916121
-0.5784546971111871
-0.5773696838850817
-0.5762536668432126
-0.5751067644379594
-0.5739289273504597
-0.572720225125105
-0.5714807009166144
-0.5702104187560791
-0.5689094148843603
-0.5675777521431122
-0.5662154880354957
-0.5648227053187829
-0.563399440836333
-0.56194574553623
-0.5604617837703197
-0.5589475285741216
-0.5574031534160003
-0.5558286937880267
-0.5542242462902357
-0.5525899050180109
-0.5509257631290545
-0.549231945668835
-0.5475085471975445
-0.5457556371821011
-0.5439733925206333
-0.5421618688039251
-0.5403212480076957
-0.5384516241579745
-0.5365530859025657
-0.5346258298708675
-0.5326699753178626
-0.5306856203449224
-0.5286729290406104
-0.5266320613007156
-0.5245631592517386
-0.5224663652830159
-0.5203418520767785
-0.518189771537993
-0.516010265932053
-0.5138035293833941
-0.511569720178498
-0.5093090317432108
-0.5070216291495402
-0.5047076910602589
-0.5023673829792847
-0.500000912953721
-0.49760848587421597
-0.4951902758347817
-0.4927464952718635
-0.49027731923803053
-0.4877829923146277
-0.4852636767639801
-0.4827196258338657
-0.4801510170527366
-0.4775580981801836
-0.47494107142639047
-0.4723001678255524
-0.46963561869449577
-0.466947650494046
-0.46423648261177936
-0.46150238041764113
-0.45874555995676475
-0.45596626152209213
-0.4531647548593639
-0.4503412561382952
-0.4474960540459223
-0.4446293717222775
-0.44174148481466813
-0.438832632573599
-0.43590311169102186
-0.43295312770304584
-0.42998302207412004
-0.4269930069238833
-0.42398336130551184
-0.4209544311946925
-0.4179064100582473
-0.4148396120153794
-0.41175431330293166
-0.40865080332900655
-0.4055293836887789
-0.4023903188873926
-0.3992339318520775
-0.3960604763862248
-0.39287030882036744
-0.38966368247327576
-0.3864408834809408
-0.3832022943610528
-0.3799481300869667
-0.376678762349034
-0.3733944800783885
-0.370095593502384
-0.3667823896783476
-0.36345524350891484
-0.3601144264785851
-0.3567602685760835
-0.3533931105403115
-0.3500132701843703
-0.3466210271438595
-0.3432167813961103
-0.33980080562688636
-0.336373452529912
-0.33293503414949915
-0.32948590534076677
-0.32602638573289733
-0.3225568237801705
-0.31907756292064454
-0.3155888997090639
-0.3120911959370824
-0.3085848168218408
-0.30507007397154545
-0.3015473216132587
-0.29801689908654494
-0.294479154311411
-0.29093442100878025
-0.28738306378682854
-0.28382541191573063
-0.2802618420523603
-0.2766926754985611
-0.273118260002175
-0.26953897767868007
-0.265955134215493
-0.2623671336869703
-0.2587752936954368
-0.25517995816148076
-0.25158149990799156
-0.2479802714181
-0.24437662267268484
-0.24077092273486772
-0.23716351328284604
-0.23355472234998048
-0.22994494273537283
-0.22633454649324145
-0.22272382189608947
-0.21911317694709886
-0.2155029746067515
-0.21189352723824673
-0.2082852089270874
-0.20467836644313078
-0.2010733937249097
-0.197470614419586
-0.1938703820395883
-0.19027307625202655
-0.18667899227464438
-0.18308854604161842
-0.17950207087682093
-0.1759199264298347
-0.17234243924817857
-0.16876997670293345
-0.1652029117239636
-0.16164156230550972
-0.15808628747600117
-0.15453745049144127
-0.1509953745021153
-0.14746045627290816
-0.14393298492131237
-0.14041334468340572
-0.1369018577894603
-0.13339887847529885
-0.12990478217188775
-0.12641986643918415
-0.12294448398922224
-0.1194789891051414
