1025
-2.9825941232554367
-2.988560434535644
-2.994419365406672
-3.0001709210686904
-3.0058150970844544
-3.0113519217727607
-3.016781419078866
-3.0221036264497325
-3.0273185817565764
-3.032426372012545
-3.0374270251321156
-3.042320649597174
-3.0471073074385036
-3.0517870933229747
-3.05636013761406
-3.0608265155258323
-3.065186385807522
-3.0694398545343984
-3.0735870846434223
-3.0776282130097985
-3.0815633970140333
-3.0853928155288908
-3.0891166443399194
-3.092735066246856
-3.0962482781117324
-3.0996564812190783
-3.1029599026640415
-3.106158760337214
-3.1092532843069383
-3.1122437102578653
-3.115130296535865
-3.1179132895862094
-3.1205929626739857
-3.123169604603098
-3.1256434839942857
-3.128014880252366
-3.130284118338114
-3.1324514866438564
-3.1345173301491385
-3.136481950465577
-3.138345664266614
-3.1401088641458403
-3.1417718552394365
-3.143335021334944
-3.144798707919271
-3.1461632818415577
-3.1474291545804225
-3.14859667934066
-3.1496662835926204
-3.1506383536125515
-3.1515132959531718
-3.1522915238884304
-3.1529734729352863
-3.15355956593974
-3.1540502651395164
-3.1544459848060793
-3.1547471902363253
-3.1549543531504756
-3.15506789958084
-3.15508834679224
-3.155016140133899
-3.1548517963782334
-3.1545957816814454
-3.154248607166097
-3.153810769065475
-3.153282768673177
-3.1526651344762144
-3.1519583819040187
-3.151163048428466
-3.15027964648548
-3.1493087238170925
-3.148250844821419
-3.1471065268689817
-3.1458763369851135
-3.144560822517453
-3.1431605665567854
-3.1416761235860173
-3.1401080833037196
-3.1384569961459854
-3.1367234818441774
-3.1349081063247355
-3.133011454265573
-3.1310341219136317
-3.128976724442209
-3.1268398585525192
-3.124624128986288
-3.122330163506306
-3.1199585390431013
-3.1175099161749635
-3.114984904298024
-3.1123841169610884
-3.1097082043618247
-3.106957771883028
-3.10413349627456
-3.1012359582568614
-3.0982658412470894
-3.0952237905152655
-3.092110413018646
-3.0889264127632607
-3.0856723845425162
-3.082349026987705
-3.0789569794583387
-3.0754968876076036
-3.0719694281510597
-3.068375267548547
-3.0647150361579794
-3.0609894296071793
-3.057199114162077
-3.0533447394397304
-3.0494269814455466
-3.04544650792896
-3.0414039874646535
-3.037300119927744
-3.0331355429383873
-3.0289109375886203
-3.0246269737829197
-3.0202843532286523
-3.0158837321539216
-3.011425783212441
-3.0069111802776862
-3.0023406022889776
-2.9977147218893103
-2.993034234206286
-2.9882997732951195
-2.9835120530564634
-2.978671736243454
-2.973779475763794
-2.968835980116657
-2.9638418786783487
-2.9587978609361096
-2.9537046494305508
-2.94856282747556
-2.9433730964683162
-2.938136124290164
-2.932852593366967
-2.9275231490736644
-2.9221484477235644
-2.916729158581715
-2.911265954446729
-2.9057594588099183
-2.900210348334914
-2.894619282921166
-2.8889868929309954
-2.883313835293824
-2.8776007419444456
-2.871848292853161
-2.866057105779434
-2.8602277982686415
-2.854361022102906
-2.8484574303612256
-2.8425176375833336
-2.8365422590766376
-2.830531949114302
-2.824487276338599
-2.818408894761865
-2.812297426707244
-2.806153468735431
-2.7999776382184733
-2.7937705040745326
-2.787532696903491
-2.7812647829839
-2.7749674212327036
-2.768641149408007
-2.7622865640624608
-2.7559042334760577
-2.7494947390145508
-2.7430586618284987
-2.736596572862071
-2.730109036321982
-2.7235966019971594
-2.717059827718286
-2.7104992792117133
-2.7039154753572334
-2.6973089844143328
-2.690680321350481
-2.684030049201916
-2.67735868054691
-2.6706667198973033
-2.663954713617173
-2.657223148488871
-2.6504725710223984
-2.6437034559789687
-2.636916311922115
-2.63011161933203
-2.6232898863934153
-2.616451600852335
-2.6095972008399677
-2.6027272085126127
-2.5958420654629393
-2.5889422250649523
-2.5820281580673736
-2.5751003353451667
-2.568159176224389
-2.5612051258646935
-2.5542386051581873
-2.547260075179712
-2.5402699393334425
-2.5332686179813884
-2.526256540167759
-2.5192340932956543
-2.5122016776361606
-2.5051597180967926
-2.498108581411688
-2.4910486445561637
-2.4839803102438642
-2.4769039211227413
-2.4698198671229936
-2.462728510979345
-2.4556302043693568
-2.448525286594604
-2.4414141132119695
-2.4342970282663607
-2.4271743383218776
-2.4200463949784123
-2.412913506486552
-2.4057759958430465
-2.398634172707413
-2.391488326644783
-2.3843387888632925
-2.377185803844139
-2.3700296829441
-2.362870699896702
-2.355709146009552
-2.348545268424954
-2.3413793326761847
-2.3342115960194407
-2.3270423313441455
-2.3198717567091296
-2.3127001181561777
-2.3055276542421237
-2.298354599997114
-2.2911811565007554
-2.2840075474067514
-2.2768339974264236
-2.2696607021726782
-2.2624878742547843
-2.2553156853172474
-2.248144339637784
-2.240973990402325
-2.233804861410585
-2.226637099656502
-2.2194708699475734
-2.212306349269484
-2.205143671789736
-2.197983011209832
-2.190824481971474
-2.1836682616930725
-2.176514445079916
-2.1693631907844617
-2.162214616410851
-2.1550688491808407
-2.1479259770404164
-2.1407861098448713
-2.1336493848463536
-2.126515874290255
-2.1193856933579713
-2.1122588966060802
-2.1051355784124035
-2.098015864265005
-2.090899767244273
-2.083787384717797
-2.0766787916099902
-2.0695740289621583
-2.062473156562344
-2.055376244203899
-2.048283321893299
-2.041194431360889
-2.034109624474981
-2.027028901947052
-2.019952346171236
-2.0128799483708573
-2.00581174810148
-1.9987477224181054
-1.9916879598533603
-1.9846323934300822
-1.9775810828886626
-1.9705340027412555
-1.96349115109177
-1.9564525383415883
-1.949418158518361
-1.9423879641384572
-1.93536199234715
-1.9283401610676534
-1.9213225115214085
-1.9143089864518397
-1.9072995526439567
-1.900294185476993
-1.8932928379639034
-1.886295485110538
-1.8793020941996301
-1.8723126059601463
-1.8653269658440832
-1.8583451496953733
-1.8513670788104195
-1.8443927161835145
-1.8374220096956337
-1.8304548722609504
-1.823491249797828
-1.8165310878092529
-1.8095743049492283
-1.8026208609453147
-1.7956706540328171
-1.7887236346340691
-1.7817796931727623
-1.7748387963297667
-1.7679008215582324
-1.7609657255307094
-1.7540334061170813
-1.7471037693833233
-1.7401767462242803
-1.7332522232063758
-1.7263301495178944
-1.719410416503107
-1.712492950051423
-1.7055776150234692
-1.6986643583311396
-1.6917530715380638
-1.684843629806699
-1.6779360081784964
-1.6710300301175616
-1.664125654486025
-1.657222739983565
-1.6503212249116697
-1.6434209768522265
-1.6365218948827251
-1.6296239291173025
-1.6227269080591746
-1.615830791911937
-1.6089354316757312
-1.6020407561808412
-1.5951466482653833
-1.5882529947829793
-1.5813597101261636
-1.5744666783729535
-1.56757384091868
-1.5606810336959
-1.5537881929880328
-1.5468952061896308
-1.5400019747292708
-1.5331084143267324
-1.5262144110603186
-1.5193198608165521
-1.5124246757485498
-1.5055287616493394
-1.498632002859046
-1.4917343420569382
-1.4848356374235427
-1.4779358367337139
-1.4710348255148926
-1.4641325184290392
-1.4572288177293335
-1.4503236495328833
-1.443416912932754
-1.4365085421755632
-1.4295984177102108
-1.4226865119519327
-1.4157726966760291
-1.4088569011699308
-1.4019390629138595
-1.3950190811491698
-1.3880969142882444
-1.3811724610388254
-1.3742456787608066
-1.3673164760943968
-1.3603847852514062
-1.3534505527760365
-1.3465137091105903
-1.339574225739113
-1.3326319758524783
-1.325686980467542
-1.318739118604994
-1.311788389735803
-1.3048347286057422
-1.2978780670118475
-1.290918399908298
-1.283955681337508
-1.2769898222891267
-1.2700208445722534
-1.263048683104295
-1.2560733153896466
-1.249094719089823
-1.2421128856035044
-1.2351277310475006
-1.2281392965122007
-1.2211475258888138
-1.2141524355010977
-1.2071539999833887
-1.200152202116071
-1.1931470586909212
-1.1861385598871432
-1.1791266755992347
-1.1721114596323856
-1.1650928821357687
-1.1580709825911468
-1.1510457415122326
-1.144017191145507
-1.1369853480217464
-1.1299502644620494
-1.1229119020537168
-1.1158703542678703
-1.1088256167416035
-1.1017777475082609
-1.0947267588136476
-1.0876727155884371
-1.0806156511909604
-1.0735556359857703
-1.0664926849533476
-1.0594268943502914
-1.052358291523723
-1.0452869539981395
-1.0382129586196496
-1.031136352863695
-1.0240572252791889
-1.0169756313622558
-1.0098916879633657
-1.0028054485883564
-0.9957169993798519
-0.9886264568700666
-0.9815339072023637
-0.9744393990276734
-0.9673431012935892
-0.9602450728742935
-0.9531454504013748
-0.9460443290006587
-0.9389418210093111
-0.9318380588691217
-0.9247331333576583
-0.9176272271884368
-0.9105204102321077
-0.9034128515377365
-0.8963046544478169
-0.8891959795248199
-0.8820869768453773
-0.8749777606112259
-0.8678684958744545
-0.8607593680679192
-0.8536504652146554
-0.846541997835326
-0.8394341134868354
-0.832326973256284
-0.8252207518321815
-0.8181156202718507
-0.8110117327548425
-0.8039093349404279
-0.796808509501324
-0.7897095103241698
-0.7826125205155572
-0.7755177117168804
-0.7684252710598949
-0.7613354110817262
-0.7542483470136278
-0.7471642491608614
-0.7400833579958793
-0.7330058443656411
-0.7259319334596944
-0.7188618759623634
-0.7117958358313284
-0.7047340797675699
-0.6976767971621793
-0.69062424030744
-0.6835766047163913
-0.6765341626235821
-0.669497116608189
-0.6624657337252359
-0.6554402292449322
-0.6484208405104541
-0.6414078392138174
-0.6344014789109197
-0.6274019519910501
-0.620409574572299
-0.6134245608388552
-0.6064471812613861
-0.5994776934515413
-0.592516363859807
-0.5855634444291257
-0.5786192171458144
-0.5716839365987807
-0.5647578963477368
-0.5578413277697916
-0.5509345270588034
-0.5440377825303482
-0.5371513496258312
-0.5302755016317694
-0.5234105620679974
-0.5165567777913772
-0.5097144345057844
-0.502883825608793
-0.49606525299715976
-0.4892589975350951
-0.48246533273363695
-0.4756845500134326
-0.468916975789458
-0.4621628658634563
-0.4554225591082542
-0.4486963229320413
-0.44198446585407347
-0.4352872780953664
-0.4286050642764723
-0.42193814557640896
-0.41528680139295504
-0.40865133778374363
-0.4020320631074561
-0.39542928225061424
-0.3888433285669053
-0.38227445710129243
-0.3757230068198242
-0.36918928031865356
-0.3626735901535648
-0.3561762233585478
-0.3496975490054548
-0.3432377997398169
-0.33679732984325195
-0.33037644890868123
-0.323975449734156
-0.3175946606086133
-0.3112343729373086
-0.3048949173866607
-0.2985765859157966
-0.29227971426709803
-0.28600457256972145
-0.2797515221688193
-0.2735208118758116
-0.2673128032787572
-0.26112780636660177
-0.25496608689159334
-0.24882797575030513
-0.24271379049033712
-0.236623826374999
-0.23055841018937373
-0.22451779000377614
-0.21850235280630573
-0.21251233227028782
-0.2065480672531608
-0.20060984503770427
-0.1946980017749056
-0.18881278298183715
-0.18295451923258313
-0.17712350009115424
-0.17132004392899117
-0.16554440207961194
-0.159796926354878
-0.15407785221100445
-0.14838750964711556
-0.14272614892586855
-0.13709409972966727
-0.1314916407253612
-0.12591903616232963
-0.12037659289819103
-0.11486457517350655
-0.10938326551776428
-0.10393294278146165
-0.09851389030917876
-0.09312639180900643
-0.08777068542866975
-0.08244705260632396
-0.07715578311436966
-0.07189712386559083
-0.06667134419461687
-0.06147868132809539
-0.05631944915289696
-0.05119384963958836
-0.04610218567270285
-0.041044655461231046
-0.0360215425250327
-0.031033088949790368
-0.02607953574961011
-0.021161140283192516
-0.01627809361245751
-0.011430691262167546
-0.006619124998576719
-0.0018436617518866267
0.0028955069234386467
0.007598150259882198
0.012264003437047538
0.0168928995022812
0.021484595076186993
0.02603887814999773
0.030555537637692757
0.035034381555383805
0.03947519748501576
0.04387777695907452
0.048241934207991714
0.05256745788942216
0.05685415365339173
0.061101860567778575
0.065310368384115
0.0694795001323809
0.07360910433957717
0.07769896900690548
0.08174893425995111
0.08575884994331666
0.08972853357237318
0.09365780483378376
0.09754653389707627
0.10139457978623294
0.10520176425622424
0.10896794397701429
0.11269298764172367
0.1163767488242301
0.1200190743078016
0.12361987424549324
0.12717896406621226
0.13069627871059222
0.13417165134559955
0.13760499439573118
0.14099616157545933
0.1443450535026983
0.14765158713563178
0.15091565238574023
0.15413712270264668
0.1573159284336373
0.16045198471731134
0.16354518067769344
0.16659544482167093
0.16960271791792023
0.17256689034361256
0.17548789576767754
0.17836569679029218
0.18120017988664058
0.18399134171932768
0.186739080000658
0.18944337936953812
0.19210415489760554
0.19472138952153298
0.19729502361658127
0.19982502736659893
0.2023113893751766
0.20475404732095517
0.20715301829687752
0.20950822228916122
0.21181968162321652
0.2140873841766632
0.21631131121125222
0.21849147208770278
0.22062783535715333
0.22272041071515294
0.22476921841386666
0.226774295408224
0.22873560258706793
0.23065317136068245
0.23252704269827587
0.2343572135769787
0.23614373531564237
0.23788665535921533
0.23958596834686954
0.24124174800370551
0.2428540189425502
0.24442283988939542
0.24594826846499926
0.2474303310900612
0.2488691278986322
0.25026468420623743
0.25161707541984935
0.25292638122532873
0.2541926758063132
0.2554160465585699
0.2565965383743388
0.25773425694453167
0.25882929175748337
0.259881713947288
0.26089166760874377
0.26185918065644576
0.26278439923200464
0.2636674221612147
0.2645083508190585
0.26530729388316115
0.2660643555219362
0.2667796730268643
0.2674533682415128
0.26808555834709386
0.26867636444976695
0.26922590744462904
0.2697343427494995
0.2702018006369533
0.27062839269610633
0.27101431220176536
0.2713596727654547
0.27166461121024293
0.27192929341386063
0.2721538821700343
0.272338505690238
0.27248335917474786
0.2725885594696009
0.272654301585391
0.2726807716280126
0.2726680893092269
0.2726164829606903
0.2725260659792945
0.2723970587213747
0.2722296278087385
0.2720239478702934
0.271780202418416
0.2714986023336648
0.27117931657872985
0.27082253203434187
0.2704284480973882
0.2699972794707881
0.26952918345529564
0.2690244124132122
0.2684830973242109
0.26790550872207775
0.267291797515299
0.26664222657994
0.2659569569078717
0.26523622406401004
0.2644802397383274
0.2636892022913226
0.2628633447431331
0.2620028792535598
0.2611080167681598
0.2601789712548722
0.25921602046164105
0.25821932698997635
0.25718911902843306
0.2561256693163944
0.2550291511528773
0.253899797893213
0.2527378858735664
0.25154360940645476
0.2503172196384879
0.24905891568038238
0.2477689725316112
0.24644760110558614
0.2450950415026911
0.24371151673383315
0.24229731322624043
0.24085261852883072
0.23937768657340322
0.23787278026694608
0.236338090012761
0.23477389421823913
0.23318042406921272
0.2315579280816457
0.2299066415200118
0.22822680932096587
0.22651866847994553
0.22478246564460103
0.2230184580702129
0.2212268604163758
0.2194079440672328
0.21756193788718067
0.21568910893214893
0.21378966963100685
0.21186387032622003
0.2099119676737411
0.2079342019843511
0.20593081379332037
0.20390205655407115
0.201848156233119
0.19976935332235796
0.19766591308754874
0.19553806124741088
0.19338604092714295
0.1912101012051365
0.18901047086624662
0.18678741417439956
0.18454113572667305
0.18227190774545077
0.17997995143297596
0.17766549196552073
0.17532880441144333
0.1729700825584926
0.17058958979155533
0.16818755074744302
0.1657642027490262
0.1633197655937019
0.1608544742469362
0.1583685885599722
0.15586231082652421
0.15333586474774583
0.15078947504162235
0.1482233966348279
0.14563784337292934
0.143033023638719
0.14040915398704001
0.13776649284263368
0.13510523213928569
0.13242558298016746
0.1297277900292238
0.12701204838319852
0.12427857331499886
0.12152760399405199
0.1187593065916883
0.11597393197887529
0.11317165920637796
0.11035270261001127
0.10751727215817243
0.1046655599246758
0.10179779166953502
0.09891414677743636
0.09601482853686574
0.09310003376732304
0.0901699408333351
0.0872247720843947
0.08426468137811506
0.08128989512801203
0.07830059159646005
0.07529693090691164
0.07227912985073241
0.0692473348621341
0.06620175412784901
0.06314254195164912
0.06006990717865262
0.05698398360069157
0.05388496225348972
0.050773016695041064
0.04764830038191342
0.044510994950843416
0.041361231084596925
0.038199207045505765
0.03502506853088591
0.03183894989032766
0.028641020967776803
0.025431438070011938
0.022210373158135174
0.018977918365665685
0.01573425512487208
0.012479535137947462
0.009213867077894983
0.005937417570495319
0.0026503064688398466
-0.000647329259338211
-0.003955351860670215
-0.007273638713905638
-0.010602074980362945
-0.013940505634919548
-0.017288816953619536
-0.02064690395592834
-0.024014644541575626
-0.027391918210486324
-0.030778619109703198
-0.03417462689454724
-0.037579833873654496
-0.040994137263265465
-0.04441744378512941
-0.0478496328301019
-0.05129061322357709
-0.05474029932581949
-0.058198566281984436
-0.061665353245545215
-0.0651405708477935
-0.06862410960770264
-0.07211589410740264
-0.07561585627299569
-0.07912388624425401
-0.08263992067135834
-0.08616388746783701
-0.08969571397774886
-0.09323532011818063
-0.09678263846183671
-0.10033760865761378
-0.10390016785195856
-0.10747024504349517
-0.1110477858954788
-0.1146327168296012
-0.11822501620046355
-0.1218246080947366
-0.1254314349622126
-0.1290454480074169
-0.13266662189659903
-0.13629489367231576
-0.13993023182742545
-0.1435725895447424
-0.14722193168633177
-0.15087821679362656
-0.15454139492116858
-0.15821149569136256
-0.16188842745410026
-0.16557217475675068
-0.1692627222682368
-0.17296004809882146
-0.17666412309832252
-0.18037492442727188
-0.18409244580935655
-0.18781667801901455
-0.19154758173921616
-0.19528513428887825
-0.19902938877082443
-0.20278026146796135
-0.20653781585681963
-0.21030200025894305
-0.21407282120956464
-0.21785028066683476
-0.22163436820636065
-0.22542512509007856
-0.22922251726262946
-0.23302654608482762
-0.23683725353496263
-0.24065460687599033
-0.24447866551820724
-0.24830941372976834
-0.25214685198167236
-0.2559910208856079
-0.2598419427124709
-0.26369960466312076
-0.2675640414684253
-0.27143528548221113
-0.2753133527946961
-0.2791982608632112
-0.28309004597853454
-0.2869887307402931
-0.2908943267896144
-0.2948068921677334
-0.2987264346604883
-0.30265300849116067
-0.306586636277026
-0.31052734958162653
-0.3144751715208708
-0.31843015719820456
-0.3223923505150756
-0.32636177289665885
-0.33033847843073216
-0.3343224903802148
-0.3383138732640109
-0.3423126451025831
-0.3463188753143322
-0.3503325797918328
-0.3543538308905192
-0.35838265818735837
-0.3624191113484814
-0.36646324852379036
-0.37051511244562235
-0.37457473866353
-0.3786422071287706
-0.38271753200477443
-0.3868007908184396
-0.39089203160074193
-0.3949912937327479
-0.3990986516221299
-0.4032141388539026
-0.4073378236709074
-0.41146974420286625
-0.4156099788930006
-0.4197585448730361
-0.42391554294597134
-0.42808099296204183
-0.4322549532428613
-0.43643752484668225
-0.4406287086192647
-0.4448285850821478
-0.44903720684645193
-0.45325462938099637
-0.45748092495067366
-0.46171612750614005
-0.4659603132504194
-0.47021351604527273
-0.4744758258188782
-0.47874727507517006
-0.48302790533450657
-0.48731782872159685
-0.4916170367731942
-0.4959256339829897
-0.500243658398846
-0.5045711633145702
-0.5089081899659232
-0.5132548316848038
-0.5176111078825392
-0.5219770830434864
-0.5263528265443045
-0.5307383820747555
-0.5351337800726539
-0.5395391168351159
-0.5439544076115543
-0.5483797240930773
-0.552815096235783
-0.5572605972285714
-0.5617162606901897
-0.5661821509568065
-0.5706583107003781
-0.5751447699013265
-0.5796415848329586
-0.5841488229403722
-0.5886664983387764
-0.5931946731724256
-0.5977333850871869
-0.6022826742899092
-0.6068425812013811
-0.6114131561927348
-0.6159944193832468
-0.6205864369173754
-0.6251892229858219
-0.6298028138492285
-0.6344272664189479
-0.639062583556387
-0.6437088265004947
-0.6483660138321622
-0.6530341656478765
-0.6577133200235652
-0.6624035110111239
-0.6671047568411507
-0.6718170936609501
-0.6765405387474408
-0.6812750910378276
-0.6860208014088548
-0.6907777023922356
-0.6955457608269008
-0.7003250336542248
-0.7051155364298111
-0.7099172537928923
-0.7147302138518745
-0.719554421434541
-0.7243899051430659
-0.729236654183931
-0.7340946784064956
-0.738963988929002
-0.7438445543364257
-0.7487364151757087
-0.7536395551935813
-0.7585539771164392
-0.7634796571814465
-0.7684165966857213
-0.7733648064088005
-0.778324247758601
-0.78329492257306
-0.7882768173254708
-0.793269899507535
-0.7982741872598264
-0.8032896244115145
-0.8083161994114829
-0.8133538869614318
-0.8184026632635115
-0.8234625163023273
-0.8285333905086188
-0.8336152570525251
-0.8387080969505586
