1025
0.49757140963869306
0.5040911238625178
0.5105603413014529
0.516978622038764
0.5233455416314353
0.5296606713955232
0.5359235965247082
0.5421339030839448
0.5482911926642975
0.5543950483395721
0.5604450951538096
0.5664409313551516
0.5723821862716364
0.5782684831473401
0.5840994430271421
0.5898747204365923
0.5955939441494003
0.6012567717888159
0.6068628555240205
0.6124118611605847
0.6179034594246033
0.6233373240947245
0.6287131341194121
0.6340305815045045
0.6392893631986404
0.6444891789015645
0.6496297321832402
0.6547107410542289
0.6597319244378981
0.664693013498961
0.6695937364322571
0.6744338400715719
0.6792130682346555
0.6839311682392053
0.6885879051473003
0.6931830519541353
0.6977163721293244
0.7021876523343122
0.7065966667236696
0.7109432178269983
0.7152271131269351
0.7194481359207964
0.7236061176443123
0.7277008630315412
0.7317322085875143
0.7356999899861285
0.7396040275044521
0.7434441863184067
0.7472202997598931
0.7509322342555214
0.7545798576286928
0.7581630421971957
0.7616816590151504
0.7651355967166923
0.7685247364240974
0.771848988927885
0.7751082493751955
0.7783024267858202
0.7814314510460456
0.7844952262021909
0.7874936984873041
0.7904267853868464
0.793294442485287
0.7960966119157162
0.798833252007379
0.8015043249525198
0.8041097970482411
0.806649639715415
0.8091238306050127
0.8115323653384252
0.8138752303770536
0.8161524145708344
0.8183639378087157
0.8205098054554941
0.8225900390661823
0.824604652518188
0.8265536825085876
0.8284371575359932
0.8302551295108094
0.8320076294778479
0.8336947223448509
0.8353164677835065
0.8368729352809697
0.8383641841075273
0.8397902946157693
0.8411513549712335
0.8424474431636356
0.843678671149291
0.8448451210572158
0.845946904293217
0.8469841383837061
0.847956928741902
0.8488654130618172
0.8497096960124928
0.8504899426170921
0.8512062699637106
0.8518588235363351
0.8524477679383111
0.8529732381030553
0.8534354156708637
0.8538344504033956
0.854170518249785
0.8544438023980758
0.8546544775391304
0.8548027246395535
0.8548887528763544
0.8549127474184052
0.8548749064025579
0.8547754471424843
0.8546145776632674
0.8543925160317654
0.8541094829479365
0.8537656939019161
0.8533613994240296
0.8528968245809433
0.8523722188070659
0.8517878100772183
0.8511438596264984
0.8504406226202161
0.8496783577620173
0.8488573272532047
0.8479777987236958
0.8470400364259701
0.8460443365988247
0.8449909596665678
0.8438801966615972
0.8427123470293258
0.841487684917057
0.840206528026848
0.8388691717648636
0.8374758926991364
0.8360270440834183
0.8345229223190219
0.8329638420481019
0.8313501167003292
0.8296820786147223
0.8279600597732636
0.8261843862533774
0.8243553892631367
0.822473420786913
0.8205388143279129
0.818551911355982
0.8165130695875923
0.8144226404531888
0.8122809827497743
0.8100884422395374
0.8078453876967994
0.805552197938895
0.8032092328441007
0.8008168517121278
0.7983754397786121
0.795885378894527
0.7933470335498336
0.7907608127580542
0.788127088232173
0.7854462390467188
0.7827186649753336
0.7799447574131597
0.7771249282416703
0.7742595624183914
0.7713490740337351
0.7683938411465735
0.7653942880211454
0.762350819433078
0.7592638572786549
0.7561338080741391
0.7529610826281747
0.7497461026700927
0.7464892815137227
0.7431910511241626
0.7398518307475013
0.7364720403165069
0.7330521206238924
0.729592490123413
0.7260935884075554
0.7225558324903631
0.7189796698910462
0.7153655395922324
0.7117138709460312
0.7080251141085578
0.7042996902611017
0.7005380586419323
0.6967406548322052
0.6929079311713976
0.689040326282228
0.6851382846487244
0.6812022716316193
0.6772327159177282
0.6732300806444665
0.6691948229860611
0.6651273841176486
0.6610282161424426
0.6568977795402082
0.6527365319772892
0.6485449354603418
0.6443234321499836
0.6400724913358854
0.6357925692727268
0.6314841154390721
0.6271476033302228
0.6227834907193824
0.6183922223605005
0.6139742782978757
0.6095301161520719
0.6050601912319764
0.6005649786833771
0.5960449298642462
0.591500507677501
0.5869321773810128
0.5823404042838237
0.577725648571427
0.5730883703120352
0.5684290456162009
0.5637481253154677
0.5590460775273469
0.5543233627309606
0.549580443448145
0.5448177877449605
0.5400358443412983
0.5352350945790123
0.5304159909377034
0.5255789941241897
0.5207245603671914
0.515853160221134
0.5109652506035711
0.5060612895341386
0.501141729145758
0.49620704012176114
0.4912576742651613
0.4862940900735376
0.4813167377845312
0.47632608310585034
0.47132257933318455
0.4663066724881315
0.46127882067254566
0.45623947087116146
0.45118908300920046
0.446128102967349
0.4410569891741141
0.4359761735091645
0.43088611201571014
0.42578725197649353
0.42068003008481536
0.4155649021448893
0.41044229827560547
0.4053126765326952
0.4001764550401635
0.39503409404705
0.38988601438142007
0.38473265916082033
0.3795744567909259
0.37441185345669914
0.3692452775718882
0.3640751461659953
0.35890189835195435
0.3537259533479774
0.34854775178416936
0.3433677124546567
0.3381862375134541
0.3330037726291198
0.32782072601393913
0.3226375091155457
0.31745454781734056
0.3122722513518648
0.30709102717530623
0.301911288012074
0.2967334446882773
0.2915578973056565
0.2863850636765526
0.281215322212236
0.27604908999086336
0.2708867524063114
0.265728728932274
0.26057537737109476
0.2554271232755374
0.2502843324336518
0.24514740407813407
0.24001672695866055
0.2348926714906814
0.2297756216246906
0.22466596826409974
0.219564064085726
0.21447031364412908
0.20938505758299153
0.2043086769026684
0.19924154451278026
0.194184018261248
0.18913646493276645
0.18409924212754314
0.17907269585920682
0.17405719177020715
0.1690530865348023
0.16406071070769507
0.15908043011512812
0.15411257765064143
0.1491574920123438
0.14421552358311435
0.13928700594573673
0.13437226813806705
0.12947164718305407
0.12458545471935165
0.11971403531050438
0.11485769474569356
0.11001677188639478
0.10519156248805733
0.10038240079612398
0.09558957952489844
0.09081341592406376
0.08605421990350613
0.0813122893112763
0.07658793174660392
0.071881424905336
0.06719307764993188
0.06252316679250215
0.0578720015389424
0.05323984551118709
0.048626990463238436
0.04403372663143449
0.03946029355618573
0.034907004606134086
0.030374099854183628
0.025861865377699748
0.021370545133917573
0.016900417946234
0.012451733507304299
0.008024727724461412
0.0036196820336367647
-0.0007631908988234506
-0.005123617716211534
-0.0094613783513684
-0.013776227224241624
-0.018067921256549286
-0.022336243673511447
-0.026580959200430625
-0.03080186356803295
-0.03499870761438369
-0.039171289823796494
-0.04331939654415339
-0.04744281321506749
-0.05154134126605155
-0.055614772794023055
-0.0596629031510656
-0.06368554104623998
-0.06768249627081571
-0.07165357012255585
-0.0755985930634648
-0.07951736267537764
-0.08340971669322683
-0.08727547179324693
-0.0911144574555087
-0.09492650229551719
-0.09871145191953384
-0.1024691335740973
-0.10619940337686451
-0.10990209090766119
-0.11357706867113117
-0.11722417322007676
-0.12084326162796227
-0.12443420353572024
-0.12799685676117198
-0.13153109838162258
-0.1350367912612508
-0.1385138228410609
-0.14196206300019754
-0.14538139437264788
-0.14877170721130276
-0.15213289352735676
-0.1554648581886198
-0.1587674708335557
-0.16204067053994856
-0.16528432737231455
-0.16849838163878825
-0.17168273123080943
-0.17483729260476338
-0.17796199635807705
-0.18105677061160988
-0.18412152329549583
-0.18715620899745383
-0.19016075424087275
-0.19313509927292327
-0.196079196358775
-0.19899299860445097
-0.2018764315457801
-0.20472947875540598
-0.2075520794664974
-0.2103442180249256
-0.21310585217384836
-0.21583694849016818
-0.21853749659240157
-0.22120747015827263
-0.2238468363912458
-0.22645560805994933
-0.22903376082301888
-0.23158130419494577
-0.23409821826053825
-0.23658451450444237
-0.23904020136644666
-0.24146530118418372
-0.2438598000348832
-0.24622374273029357
-0.2485571405848179
-0.25086002630207915
-0.2531324209322023
-0.2553743655856342
-0.2575858971015135
-0.2597670626370435
-0.26191789537483023
-0.2640384602605092
-0.266128797706427
-0.26818897194780134
-0.2702190492760886
-0.27221908760139074
-0.27418915751326745
-0.2761293269889295
-0.2780396904747056
-0.27992031085780233
-0.28177127580334044
-0.28359268393806875
-0.28538462357932376
-0.28714716854546846
-0.28888045198022694
-0.2905845540829921
-0.29225959607957686
-0.29390568177805854
-0.29552292459656165
-0.2971114486734601
-0.29867136237856357
-0.30020281808084315
-0.30170591941918656
-0.30318081514850426
-0.30462762686602435
-0.3060465053151456
-0.30743759670043735
-0.3088010362200758
-0.3101369814714027
-0.3114456006497796
-0.31272702204641356
-0.3139814319049683
-0.3152089856359428
-0.31640985219281714
-0.31758420277906313
-0.3187322158021315
-0.3198540543082074
-0.3209499406990183
-0.32202000320006335
-0.3230644700045413
-0.3240835266116369
-0.32507735884716954
-0.3260461646287456
-0.32699015025616146
-0.3279095239020256
-0.3288044830993691
-0.3296752502679986
-0.3305220242865023
-0.3313450242961457
-0.33214448761059523
-0.3329206117700893
-0.3336736442825566
-0.33440379606560067
-0.33511131080601647
-0.33579640632619395
-0.33645933968045644
-0.3371003306086482
-0.33771964001817706
-0.338317499732251
-0.3388941549114319
-0.3394498670330872
-0.33998489185670117
-0.34049945546475696
-0.34099384803915755
-0.3414683088834836
-0.34192310594485176
-0.34235850398824236
-0.34277476945035257
-0.34317217043306775
-0.3435509781983195
-0.3439114662491758
-0.3442539185782255
-0.3445785918638857
-0.34488577654932867
-0.34517576278968404
-0.3454488178850432
-0.34570522685754335
-0.34594529339952435
-0.3461692919322547
-0.34637751108007714
-0.3465702477715995
-0.34674779613336587
-0.34691045031507545
-0.3470585012326091
-0.3471922418959359
-0.3473119856318734
-0.3474180189725507
-0.347510657101091
-0.3475901928072621
-0.3476569317871153
-0.3477111753314607
-0.34775323232279254
-0.34778341221218845
-0.3478020182831548
-0.3478093579847134
-0.3478057418462204
-0.34779147874078986
-0.3477668911202377
-0.34773226680801134
-0.34768793028584466
-0.3476341953303958
-0.3475713719863632
-0.3474997624120604
-0.34741970804181066
-0.3473314868916505
-0.34723543454853023
-0.347131860324364
-0.3470210718125222
-0.34690338861155406
-0.34677911766877667
-0.3466485764605045
-0.3465120727304887
-0.34636993021404805
-0.34622244111814143
-0.3460699412464822
-0.3459127147327523
-0.34575109366803747
-0.3455853894036471
-0.3454158884996754
-0.3452429158764487
-0.345066778968391
-0.3448877791589766
-0.34470623202034273
-0.3445224161945183
-0.34433667022734277
-0.34414926613974706
-0.3439605222987328
-0.3437707309075022
-0.3435802053218173
-0.3433892157799081
-0.3431980756919879
-0.34300707193830954
-0.34281650813959347
-0.34262665536071385
-0.34243782620815805
-0.34225028240216265
-0.3420643283620472
-0.3418802260567884
-0.3416982758656784
-0.3415187518590399
-0.34134192662479373
-0.3411680785987205
-0.34099747633562355
-0.34083038925290643
-0.34066708592498
-0.34050782951863695
-0.34035289246424605
-0.3402025193053774
-0.34005696972169597
-0.33991650863648476
-0.33978137608991
-0.3396518279979633
-0.33952809673526513
-0.3394104522835221
-0.3392991043083969
-0.33919431798515526
-0.33909629663775587
-0.3390052898726128
-0.33892152144356147
-0.3388452124769524
-0.3387765924934629
-0.33871585532547505
-0.33866323903070533
-0.33861894017395405
-0.3385831755358816
-0.3385561358170329
-0.338538019410184
-0.3385290407970018
-0.3385293739443008
-0.33853920986675173
-0.33855873827363375
-0.3385881347653783
-0.3386275707584615
-0.3386772221589614
-0.338737260558099
-0.33880784137801234
-0.33888913357882816
-0.3389812962931503
-0.33908446732373765
-0.3391988013910761
-0.33932444336340106
-0.33946151834838373
-0.33961017687380757
-0.33977054429374876
-0.33994273593967744
-0.34012688153680076
-0.34032310826725093
-0.3405315109712788
-0.34075219639775045
-0.340985273395978
-0.3412308438193161
-0.34148899358855955
-0.3417598164728942
-0.3420433998839358
-0.34233980870976544
-0.3426491398971858
-0.3429714361120993
-0.3433067860081401
-0.3436552341374399
-0.34401685214084543
-0.34439168492275474
-0.3447797672837178
-0.345181145550039
-0.3455958702366117
-0.3460239564287349
-0.34646543128853885
-0.34692032826099667
-0.34738865553791193
-0.34787042056156425
-0.34836564113659846
-0.3488743204785852
-0.3493964396072611
-0.3499320157462672
-0.3504810088496209
-0.3510434248125081
-0.3516192228818104
-0.3522083937868241
-0.3528108921308758
-0.3534266915066155
-0.3540557472410503
-0.3546979993062575
-0.3553534177344159
-0.3560219232412284
-0.3567034829839444
-0.3573980163733377
-0.35810544817766127
-0.35882571037625866
-0.35955871540401757
-0.3603043932797603
-0.36106265206877763
-0.3618333900242824
-0.3626165003202988
-0.36341189843807287
-0.3642194763879787
-0.3650391115143601
-0.36587070040586367
-0.36671410910235597
-0.36756921073315657
-0.36843589222825374
-0.3693140058561141
-0.3702034213999658
-0.371103991726154
-0.37201556831453947
-0.37293801284127603
-0.3738711490711308
-0.3748148393992625
-0.3757689138354217
-0.3767332042361321
-0.377707534671377
-0.37869172751640334
-0.3796856221044924
-0.3806890240276915
-0.38170174526048706
-0.38272360692182
-0.38375439375406484
-0.3847939390523743
-0.38584202289026986
-0.38689844258039774
-0.38796299723500755
-0.3890354734873704
-0.39011566300628725
-0.3912033438920108
-0.3922982900648875
-0.39340028525325293
-0.394509105765615
-0.3956245247572499
-0.39674630301435393
-0.3978742093636794
-0.39900801766975474
-0.4001474645587101
-0.40129232281510735
-0.40244235302156917
-0.4035973041238513
-0.4047569159199006
-0.40592095458176564
-0.4070891509900762
-0.4082612663087608
-0.40943703014562327
-0.4106161775798764
-0.4117984634053518
-0.4129836053986925
-0.4141713630722546
-0.41536145083059295
-0.41655360716552375
-0.4177475672221276
-0.41894306045900964
-0.42013979974893
-0.42133752890652076
-0.42253596968677437
-0.4237348450667718
-0.4249338733738894
-0.4261327945951928
-0.4273313098243468
-0.42852916670497176
-0.4297260617167543
-0.43092173997005156
-0.43211589637983894
-0.43330827313206266
-0.43449857855970814
-0.43568653535629004
-0.43687186957628815
-0.43805429445436483
-0.43923353059553716
-0.44040930745480455
-0.4415813435287458
-0.44274934047583553
-0.4439130462170846
-0.44507218170523904
-0.44622644849900484
-0.44737559765467927
-0.44851935124546716
-0.44965741443663537
-0.4507895323704902
-0.451915425299388
-0.45303483830118035
-0.4541474835389801
-0.4552531070589578
-0.45635143869554784
-0.4574422239634345
-0.4585251762216383
-0.45960005687455063
-0.46066660567101564
-0.46172455136736823
-0.46277366472302145
-0.46381367628791437
-0.464844338634615
-0.4658654055569576
-0.466876629911202
-0.46787777285223525
-0.46886859707945816
-0.46984885965519685
-0.4708183243207698
-0.47177677128660755
-0.47272395781046045
-0.47365966770446716
-0.4745836657525667
-0.47549574825710106
-0.4763956986438359
-0.4772832938164861
-0.47815832723152535
-0.4790205966010314
-0.47986989363246607
-0.48070602701929616
-0.481528800410122
-0.4823380186470857
-0.4831334973962858
-0.4839150544819408
-0.4846825051326488
-0.4854356772515237
-0.4861743929933367
-0.4868985002434286
-0.48760781664691066
-0.488302197615895
-0.48898148824189597
-0.48964552673158257
-0.4902941809551791
-0.490927301450639
-0.4915447559988168
-0.4921464078620375
-0.4927321370716302
-0.4933018195342021
-0.49385532803946985
-0.4943925549913284
-0.49491339936136736
-0.49541775870125204
-0.4959055209545914
-0.4963765997719606
-0.49683090951845
-0.4972683726605439
-0.4976888957416368
-0.49809241744657795
-0.49847886936993374
-0.49884818240837026
-0.4992003064914371
-0.4995351872927202
-0.49985276878416207
-0.5001530278408647
-0.5004359119024993
-0.5007013996895473
-0.5009494673337208
-0.5011800880025723
-0.5013932545037459
-0.5015889472254326
-0.5017671680751681
-0.5019279202625707
-0.5020712086044897
-0.5021970549266894
-0.5023054618381667
-0.5023964707057561
-0.5024700940050766
-0.5025263675417446
-0.5025653458409016
-0.5025870567164893
-0.5025915712157931
-0.5025789265754816
-0.5025491985745818
-0.5025024390968383
-0.5024387371610041
-0.5023581625171654
-0.5022607977217779
-0.5021467356842836
-0.502016064385797
-0.5018688988948984
-0.501705323365991
-0.5015254596808443
-0.5013294278672612
-0.5011173423610399
-0.5008893277449453
-0.5006455067850739
-0.5003860364749011
-0.5001110425230995
-0.4998206722260382
-0.4995150866856319
-0.4991944267694452
-0.4988588680428639
-0.4985085736942985
-0.49814370563544624
-0.4977644472930055
-0.4973709867607842
-0.4969634908917453
-0.49654215675648766
-0.4961071842012536
-0.49565876988988616
-0.4951971114702343
-0.4947224271264242
-0.49423492149111053
-0.49373481072847075
-0.4932223151753157
-0.49269766718823016
-0.49216108460851105
-0.491612805583684
-0.4910530729585717
-0.4904821101920261
-0.4899001800686912
-0.48930752593289334
-0.48870439468891963
-0.4880910415124301
-0.4874677356632621
-0.48683472388283494
-0.486192279770763
-0.48554067162108255
-0.48488017671069367
-0.48421106145245685
-0.48353360476682566
-0.4828480942801137
-0.48215481204303673
-0.48145403892571254
-0.4807460696757775
-0.4800311890373018
-0.4793097036572438
-0.47858189994074823
-0.47784807603338664
-0.47710853175814505
-0.47636357966566045
-0.47561351491991577
-0.47485865158675533
-0.47409929596465433
-0.47333575319286614
-0.47256834123203056
-0.4717973617067443
-0.47102315589061944
-0.4702460119948935
-0.4694662552063889
-0.46868420500386415
-0.46790018284978185
-0.4671145041079845
-0.4663274915129799
-0.46553946515381384
-0.4647507528227085
-0.4639616656015513
-0.4631725204646862
-0.4623836679465579
-0.4615953965750785
-0.46080805910811157
-0.46002195864758255
-0.45923742264642364
-0.45845476966362636
-0.45767432114755735
-0.4568964083650433
-0.4561213422263583
-0.4553494329626493
-0.45458101770240167
-0.45381639458197537
-0.45305590107108784
-0.45229983947638513
-0.45154851355417847
-0.4508022540917043
-0.4500613681411552
-0.44932615102389306
-0.4485969166468673
-0.44787397482164626
-0.44715762528741854
-0.44644816662562903
-0.4457459020869433
-0.4450511253171815
-0.4443641226427193
-0.4436851956568342
-0.44301462743531805
-0.4423527109551562
-0.4416997242556336
-0.44105594725469455
-0.44042165049085874
-0.43979711379935016
-0.43918261332007136
-0.43857840731806597
-0.4379847647879027
-0.4374019384636655
-0.43683019570225534
-0.43626977504066905
-0.4357209387254484
-0.43518391900490444
-0.4346589655492981
-0.4341463096123272
-0.4336461853476566
-0.43315882198199185
-0.43268444117063826
-0.43222325729272115
-0.43177549496503714
-0.43134135254021194
-0.43092103961446265
-0.43051475872914696
-0.4301226967909946
-0.42974505453285755
-0.4293820073621732
-0.42903374072998757
-0.42870042242436845
-0.4283822317593478
-0.4280793124713947
-0.42779184689199945
-0.4275199683818972
-0.4272638242941302
-0.42702357983403677
-0.4267993417416205
-0.4265912503064785
-0.4263994269404267
-0.4262239901150673
-0.4260650546404485
-0.4259227180622069
-0.42579708923834936
-0.4256882472482857
-0.42559629781923924
-0.4255213063705301
-0.42546334163914884
-0.425422496582449
-0.4253988032505361
-0.4253923361929478
-0.4254031374071323
-0.4254312459888643
-0.4254766901663566
-0.4255395153732919
-0.42561972915280855
-0.4257173483809333
-0.425832388574181
-0.42596484812244995
-0.42611470726492773
-0.42628197736435536
-0.4264666213073818
-0.4266686192884164
-0.42688793222290455
-0.4271245282008338
-0.42737835433008736
-0.42764936138754894
-0.42793748994341546
-0.42824265981679976
-0.42856480254257573
-0.4289038440506749
-0.4292596850907963
-0.4296322347620959
-0.4300213878808924
-0.4304270351845514
-0.43084905763753467
-0.4312873349722394
-0.43174173112139097
-0.4322121178853769
-0.43269834028721293
-0.4332002463852356
-0.4337176881479865
-0.4342504849234011
-0.4347984803159395
-0.4353614847950339
-0.4359393086478155
-0.4365317653702177
-0.43713865493299886
-0.4377597697563446
-0.4383948998229527
-0.43904382246104806
-0.4397063008585681
-0.44038211581629966
-0.44107103236031414
-0.44177278218499205
-0.4424871291152047
-0.4432138170853522
-0.44395256617797674
-0.4447031106646276
-0.4454651698633258
-0.4462384708822685
-0.44702271439908753
-0.4478176025226762
-0.44862284076673675
-0.4494381010721679
-0.4502630895132591
-0.45109747887727314
-0.4519409445759706
-0.45279314686462757
-0.4536537525249644
-0.4545224252331722
-0.45539880605627686
-0.4562825436402672
-0.45717328273441815
-0.45807065027026245
-0.45897429144086527
-0.45988381397512895
-0.46079884755615713
-0.46171900178781244
-0.4626438886068664
-0.46357312328235806
-0.46450629253465425
-0.46544299545300727
-0.46638282930391123
