1025
-0.9838197916484954
-0.9829333031705833
-0.9820386311018936
-0.9811360791723954
-0.9802259602413501
-0.9793085820597589
-0.9783842637807619
-0.9774533207192231
-0.9765160741362694
-0.9755728386702469
-0.9746239422267597
-0.9736697031036993
-0.9727104509183017
-0.9717465106647493
-0.9707782083112685
-0.9698058801530338
-0.9688298499162512
-0.9678504502517593
-0.9668680148114288
-0.9658828793698964
-0.9648953776464125
-0.9639058431192542
-0.9629146139833432
-0.9619220253806644
-0.9609284181418182
-0.9599341240305647
-0.9589394841446623
-0.9579448361685299
-0.9569505188470645
-0.9559568715954782
-0.9549642272552441
-0.9539729300339391
-0.9529833160619663
-0.9519957215350973
-0.951010482715186
-0.9500279380217265
-0.9490484228123145
-0.9480722759056867
-0.9470998244161246
-0.9461314058635327
-0.9451673546797773
-0.9442080015258887
-0.9432536764286744
-0.9423047067356848
-0.9413614213224263
-0.9404241497120526
-0.9394932140090421
-0.9385689383990476
-0.9376516415090176
-0.9367416506306049
-0.9358392785093738
-0.9349448397713195
-0.9340586535310486
-0.9331810271425669
-0.9323122759639073
-0.9314527030142253
-0.9306026138243122
-0.9297623137017123
-0.9289321022441717
-0.9281122771819256
-0.9273031339056195
-0.9265049600075955
-0.9257180538561359
-0.9249426908825986
-0.9241791655318319
-0.9234277515037144
-0.9226887294942269
-0.9219623722424144
-0.9212489493017695
-0.9205487308888902
-0.91986197845864
-0.9191889515459465
-0.9185299110412533
-0.9178851079332545
-0.9172547937075105
-0.9166392125808266
-0.9160386047797856
-0.9154532130748034
-0.9148832683738419
-0.9143289969099176
-0.9137906346865827
-0.9132683922439787
-0.9127624990626508
-0.9122731598053012
-0.9118005837076042
-0.9113449812998008
-0.9109065486297073
-0.9104854812223786
-0.9100819705648641
-0.9096962069721296
-0.9093283697040789
-0.9089786331186066
-0.9086471743944073
-0.9083341578599783
-0.908039751783553
-0.9077641116795084
-0.9075073902640133
-0.9072697338884333
-0.907051288572755
-0.9068521945516705
-0.9066725807525519
-0.9065125815699765
-0.9063723167751404
-0.9062519044583972
-0.9061514540250598
-0.9060710791061076
-0.9060108809588973
-0.9059709598694557
-0.9059514029487091
-0.9059522982328396
-0.9059737272417453
-0.9060157679255195
-0.9060784880987847
-0.906161959696662
-0.9062662347532374
-0.9063913779090896
-0.9065374288002901
-0.9067044388161497
-0.9068924451019994
-0.907101481031288
-0.9073315735671117
-0.9075827447260753
-0.9078550108275268
-0.9081483918393505
-0.9084628853077369
-0.9087984951440036
-0.9091552206452753
-0.909533044382547
-0.9099319569910942
-0.9103519436323488
-0.9107929617291707
-0.9112549990028924
-0.911738009009463
-0.9122419498655138
-0.9127667817634656
-0.9133124425624323
-0.9138788843924179
-0.9144660389361138
-0.9150738415747849
-0.9157022161995227
-0.9163510879287831
-0.9170203711003787
-0.9177099786207996
-0.9184198208438636
-0.9191497933634301
-0.9198997979943329
-0.9206697203195893
-0.9214594561722136
-0.9222688807049925
-0.9230978756748001
-0.923946305705325
-0.9248140483216494
-0.925700962450834
-0.926606903877193
-0.9275317351526441
-0.9284752948037703
-0.9294374297690613
-0.9304179875453471
-0.9314167969589628
-0.9324336926239012
-0.9334685013658388
-0.9345210500225722
-0.9355911456816387
-0.9366786146687708
-0.9377832644430721
-0.9389049034973852
-0.9400433290730369
-0.941198344833209
-0.9423697447907037
-0.9435573190179001
-0.9447608541527234
-0.9459801390401369
-0.9472149490878836
-0.948465066256828
-0.949730258620166
-0.9510102969531691
-0.9523049532443477
-0.9536139852543067
-0.9549371592914689
-0.9562742298687114
-0.9576249505030006
-0.9589890752159056
-0.9603663508115866
-0.9617565236750034
-0.9631593410856664
-0.9645745422402718
-0.9660018607516262
-0.9674410364892319
-0.968891802411825
-0.9703538917952457
-0.9718270306100381
-0.9733109479284484
-0.9748053660704252
-0.9763100108220372
-0.9778246027362407
-0.9793488639236412
-0.9808825070413499
-0.9824252544180465
-0.98397680987873
-0.9855368941188952
-0.9871052207347898
-0.9886814957145588
-0.9902654345345113
-0.9918567353325605
-0.9934551165361871
-0.9950602788456596
-0.9966719295566776
-0.9982897716236319
-0.9999135073987834
-1.0015428466793932
-1.0031774882002071
-1.0048171332005398
-1.0064614874307003
-1.0081102584431896
-1.0097631381191734
-1.0114198323410217
-1.0130800438650676
-1.0147434778212614
-1.0164098316161942
-1.018078808068901
-1.0197501194579919
-1.021423456816106
-1.0230985334323315
-1.0247750527479136
-1.026452716361376
-1.0281312343106457
-1.029810314611754
-1.031489665725022
-1.0331689947529141
-1.0348480188032385
-1.0365264367676141
-1.0382039790155084
-1.0398803516262514
-1.0415552674284068
-1.0432284491944415
-1.044899617935665
-1.0465684939643192
-1.0482347982892584
-1.0498982568823352
-1.0515585985089957
-1.0532155551385918
-1.0548688505902577
-1.0565182232600632
-1.0581634096656882
-1.059804146870291
-1.0614401818339838
-1.0630712455396407
-1.0646970927052672
-1.0663174695196498
-1.067932129902891
-1.0695408247408025
-1.0711433164268087
-1.0727393589710312
-1.0743287188998663
-1.0759111616877808
-1.077486456229149
-1.07905437987966
-1.0806147040019984
-1.0821672120458472
-1.0837116809442364
-1.0852479040559364
-1.086775666667462
-1.0882947616644412
-1.0898049885003747
-1.091306153375185
-1.0927980497760676
-1.094280496681348
-1.0957533024875123
-1.097216283289437
-1.0986692592171523
-1.1001120601208552
-1.1015445067407543
-1.1029664392658527
-1.1043776897487496
-1.1057781026201494
-1.1071675251451292
-1.1085458017249166
-1.109912793445867
-1.1112683569600326
-1.1126123546115312
-1.113944655949303
-1.115265129895755
-1.116573663855531
-1.117870128547543
-1.119154411988111
-1.1204264107901738
-1.121686018398164
-1.1229331345482905
-1.1241676689684739
-1.1253895247272083
-1.126598623096894
-1.1277948847555983
-1.1289782294034871
-1.1301485924588153
-1.1313059063361217
-1.1324501137887035
-1.1335811581607917
-1.1346989854238023
-1.1358035602782244
-1.136894834119282
-1.1379727744275245
-1.1390373599421262
-1.140088551514323
-1.1411263412251464
-1.142150709106306
-1.143161647762815
-1.1441591534527025
-1.1451432298203101
-1.1461138770123438
-1.1470711183518476
-1.1480149616864515
-1.148945418887434
-1.1498625396169615
-1.1507663409098046
-1.151656866726656
-1.152534152784982
-1.1533982568920371
-1.1542492221357634
-1.1550871110098533
-1.1559119912106548
-1.1567239240350033
-1.1575229848019901
-1.158309254977068
-1.1590828160191593
-1.1598437543055786
-1.1605921706045381
-1.1613281608904091
-1.1620518213643254
-1.162763274677403
-1.1634626256252971
-1.164149995819839
-1.1648255139222683
-1.1654893022781774
-1.1661414963278345
-1.1667822334743332
-1.167411665498409
-1.1680299345647756
-1.168637190213794
-1.1692335991863363
-1.1698193195889557
-1.1703945178750301
-1.1709593729520864
-1.171514055776429
-1.172058750549037
-1.172593642448779
-1.173118920696372
-1.1736347829236835
-1.1741414319824688
-1.1746390698077467
-1.1751279025490327
-1.1756081490565014
-1.1760800166403358
-1.1765437438391846
-1.1769995414988739
-1.1774476455476939
-1.1778882888956985
-1.1783217157757324
-1.178748164707173
-1.1791678811306343
-1.1795811193310142
-1.1799881322152934
-1.180389176881978
-1.1807845203037743
-1.1811744234954846
-1.1815591578592604
-1.1819390032972206
-1.1823142321026008
-1.1826851225348582
-1.1830519630174092
-1.1834150418368397
-1.1837746547833643
-1.1841310861189251
-1.184484643155317
-1.184835619798401
-1.185184332560634
-1.1855310788131914
-1.1858761715910124
-1.1862199315203608
-1.1865626667304796
-1.1869047075615653
-1.1872463700791482
-1.187587980764395
-1.187929868656396
-1.1882723641998054
-1.1886158086935812
-1.1889605307450617
-1.1893068738563655
-1.1896551761295064
-1.1900057864280236
-1.1903590449481267
-1.1907153091402454
-1.1910749244026753
-1.1914382442329368
-1.1918056227191562
-1.1921774214905791
-1.1925540003918746
-1.1929357149568613
-1.1933229323034213
-1.1937160179732027
-1.1941153402806104
-1.1945212626364232
-1.1949341596926681
-1.1953543997813605
-1.1957823588382788
-1.1962184093141797
-1.1966629305246739
-1.197116291158507
-1.1975788826423377
-1.1980510753866123
-1.1985332578741688
-1.1990258064776178
-1.199529097393484
-1.2000435300900667
-1.2005694821589108
-1.2011073306627795
-1.2016574724254352
-1.202220291947357
-1.202796176506333
-1.203385511105221
-1.203988692586915
-1.2046061001173454
-1.2052381296307055
-1.2058851695112411
-1.2065476064726735
-1.2072258315781728
-1.2079202393136483
-1.20863121480738
-1.2093591534712664
-1.2101044384008308
-1.2108674665399233
-1.211648620044158
-1.2124482984416207
-1.2132668848881587
-1.2141047696716878
-1.2149623407166785
-1.2158399842372956
-1.2167380925327802
-1.2176570459927585
-1.218597238647537
-1.219559049015114
-1.2205428642394378
-1.2215490639333362
-1.2225780451122572
-1.2236301666663163
-1.2247058325457507
-1.2258054067997834
-1.2269292740234112
-1.2280778110725075
-1.2292513960007185
-1.2304503960661115
-1.2316751983103047
-1.2329261595493577
-1.2342036626253448
-1.2355080631921218
-1.2368397458631601
-1.2381990606606663
-1.2395863830028504
-1.241002064987504
-1.2424464759005458
-1.2439199715934917
-1.2454229053239234
-1.2469556359389564
-1.2485185181408451
-1.2501118952872758
-1.2517361190663865
-1.2533915383640493
-1.2550784947560807
-1.2567973293183563
-1.2585483863326319
-1.2603319972779954
-1.2621485009070483
-1.2639982272672476
-1.265881502766695
-1.2677986641728387
-1.2697500253807092
-1.2717359155461705
-1.2737566485761367
-1.2758125454741205
-1.27790391672026
-1.2800310718589532
-1.2821943232486175
-1.2843939712529169
-1.2866303184550685
-1.2889036688265836
-1.29121430451696
-1.2935625342361776
-1.2959486386527086
-1.298372907293617
-1.300835619894338
-1.3033370600261491
-1.305877497069813
-1.308457212952223
-1.3110764680281175
-1.3137355338656154
-1.3164346723855538
-1.3191741426191173
-1.3219541964177886
-1.3247750918894277
-1.3276370721973971
-1.3305403818594317
-1.333485263822372
-1.336471951210496
-1.339500680188357
-1.3425716811154993
-1.3456851736837945
-1.348841386619815
-1.3520405254460488
-1.3552828169237154
-1.358568464234032
-1.361897673791809
-1.3652706479976109
-1.3686875787432389
-1.3721486624515031
-1.3756540856786026
-1.379204031770062
-1.3827986885363712
-1.3864382249695153
-1.3901228140448196
-1.3938526205749724
-1.397627814637795
-1.4014485438650797
-1.405314967635278
-1.4092272383726974
-1.4131854952550864
-1.4171898815052804
-1.4212405320482664
-1.4253375741920529
-1.4294811419838136
-1.4336713503425356
-1.437908319884105
-1.442192162056976
-1.446522986423356
-1.4509008890119972
-1.455325976629809
-1.4597983356972797
-1.4643180565331289
-1.4688852249360238
-1.4734999171511938
-1.4781622064868145
-1.482872164056724
-1.4876298462028006
-1.4924353230801857
-1.4972886393057578
-1.5021898463555519
-1.5071389944893283
-1.5121361129676958
-1.5171812342627329
-1.5222743976755948
-1.527415614130856
-1.5326049044609857
-1.5378422895632506
-1.54312776968556
-1.5484613483051652
-1.5538430234194311
-1.559272787871078
-1.5647506257964763
-1.5702765267230696
-1.575850452618124
-1.5814723901520593
-1.5871422865338471
-1.5928601167754508
-1.5986258329561862
-1.604439381031067
-1.6103007045831021
-1.6162097461801104
-1.622166433634846
-1.6281706989786098
-1.6342224653014812
-1.6403216459616892
-1.6464681525500133
-1.6526618945316964
-1.65890277130175
-1.665190676536529
-1.671525499985974
-1.6779071215024721
-1.6843354236059642
-1.6908102818451554
-1.6973315623252823
-1.7038991241205306
-1.7105128234144522
-1.7171725165130878
-1.7238780423594466
-1.7306292452704155
-1.737425953388464
-1.7442679992934766
-1.7511552050429564
-1.7580873912061201
-1.7650643647365836
-1.772085935150084
-1.7791518993525128
-1.786262055828285
-1.793416197691963
-1.800614098275295
-1.8078555439029018
-1.8151403080024857
-1.8224681509307001
-1.8298388408168238
-1.837252131892186
-1.844707768954839
-1.8522055065623662
-1.8597450773796373
-1.867326216694971
-1.874948657733052
-1.8826121139962706
-1.8903163110186638
-1.898060950401631
-1.9058457492597347
-1.913670404776343
-1.9215346085699172
-1.9294380516257659
-1.9373804217772879
-1.94536139195692
-1.9533806396073639
-1.9614378322930746
-1.9695326268496427
-1.9776646879950441
-1.9858336638355742
-1.9940391955194443
-2.0022809333306353
-2.0105585099090497
-2.0188715463255593
-2.027219679640202
-2.0356025197358845
-2.0440196853937507
-2.0524707883215045
-2.060955423090536
-2.0694731982439336
-2.0780236975711177
-2.086606517428126
-2.095221234908995
-2.103867426480279
-2.1125446713862184
-2.1212525314587087
-2.1299905714598983
-2.1387583449999883
-2.147555409779758
-2.1563813074985814
-2.165235584415929
-2.1741177765264332
-2.1830274158036524
-2.1919640308483705
-2.2009271402015007
-2.209916273780702
-2.2189309296693813
-2.2279706231749197
-2.237034858876212
-2.246123130511141
-2.2552349385985444
-2.2643697680787276
-2.2735271029723987
-2.2827064343610988
-2.291907223373822
-2.301128950869762
-2.3103710748113166
-2.3196330699658336
-2.32891438959403
-2.338214483070114
-2.3475328039012653
-2.356868797757812
-2.366221903731767
-2.3755915586175185
-2.3849771982529018
-2.3943782478576887
-2.403794136040964
-2.4132242762290024
-2.4226680924173296
-2.432124995935275
-2.4415943929109885
-2.4510756922042
-2.4605682921881917
-2.470071591713358
-2.479584985844413
-2.489107864124711
-2.4986396113366434
-2.508179610672207
-2.5177272497230474
-2.5272818954196503
-2.536842928125913
-2.5464097107046513
-2.55598161422834
-2.565558000533683
-2.5751382329124817
-2.584721663135858
-2.5943076502977256
-2.6038955415598286
-2.6134846894200003
-2.623074434451008
-2.632664121768233
-2.642253091407492
-2.651840683196598
-2.6614262233548556
-2.6710090504611044
-2.6805884991081506
-2.6901638841501687
-2.6997345345509047
-2.709299777694159
-2.7188589288177916
-2.7284113044313525
-2.7379562242326796
-2.747493001682594
-2.7570209482666486
-2.7665393717361724
-2.776047579890325
-2.7855448815350954
-2.79503057696598
-2.8045039745027536
-2.813964372875543
-2.823411067467202
-2.832843363467748
-2.842260552200663
-2.8516619331592916
-2.861046798959133
-2.8704144391958524
-2.87976414537463
-2.8890952185086696
-2.898406937545915
-2.907698593992237
-2.9169694797362844
-2.9262188789189634
-2.9354460795566233
-2.944650367297239
-2.9538310268923147
-2.962987343953295
-2.9721185997932746
-2.9812240839517883
-2.990303079187632
-2.9993548688169334
-3.008378732581351
-3.0173739609843016
-3.026339834393284
-3.035275634020946
-3.0441806500523945
-3.0530541588230506
-3.061895456363714
-3.070703818512625
-3.079478529572686
-3.088218883829151
-3.096924163481193
-3.1055936526896177
-3.11422664712268
-3.1228224314237845
-3.131380298143878
-3.139899534741837
-3.148379435292721
-3.1568192916279734
-3.1652184051095076
-3.1735760613944355
-3.181891567289838
-3.1901642158717025
-3.198393314530411
-3.206578154079419
-3.214718044562592
-3.2228122914151816
-3.2308602019373214
-3.238861088597389
-3.24681425894781
-3.254719022857228
-3.2625747061343207
-3.270380616745951
-3.2781360830805935
-3.2858404154064424
-3.293492952239598
-3.301093014817102
-3.3086399336049532
-3.3161330427034876
-3.323571676611813
-3.330955173580584
-3.338282871368627
-3.3455541256437815
-3.352768271804729
-3.359924662083368
-3.3670226577754025
-3.374061605888252
-3.381040878489624
-3.3879598256816825
-3.3948178246015024
-3.401614240789937
-3.408348456381375
-3.415019840153088
-3.421627775016149
-3.4281716546328362
-3.434650859320143
-3.441064787121827
-3.447412833981024
-3.453694407500223
-3.4599089057474925
-3.4660557419258784
-3.4721343308588106
-3.4781440910595736
-3.4840844485006195
-3.489954824692889
-3.4957546598067566
-3.5014833857897316
-3.507140444917732
-3.5127252837001492
-3.518237357955707
-3.5236761203017393
-3.5290410311356593
-3.5343315579106793
-3.5395471698727152
-3.544687347955851
-3.549751573562777
-3.5547393283616247
-3.559650107918464
-3.564483413112978
-3.569238742974765
-3.57391560984346
-3.57851352292729
-3.583032004401179
-3.587470581047928
-3.591828780052294
-3.5961061449632323
-3.600302212212094
-3.604416534382813
-3.608448663350936
-3.612398163073498
-3.6162645991134013
-3.620047538285478
-3.6237465681397727
-3.627361273184617
-3.63089123741174
-3.634336057943912
-3.637695352903097
-3.6409687155304855
-3.6441557713454493
-3.6472561419324054
-3.650269457276611
-3.6531953482344584
-3.6560334616959564
-3.658783452271016
-3.661444966119725
-3.6640176713988852
-3.666501233417883
-3.668895334503261
-3.6711996543757603
-3.6734138810177006
-3.6755377144929935
-3.677570850868558
-3.67951301002327
-3.681363903710641
-3.6831232614161937
-3.684790806220537
-3.6863662852717063
-3.687849437180693
-3.689240020579934
-3.690537795129037
-3.691742525447827
-3.692853982179104
-3.693871952700206
-3.694796227183214
-3.6956265961276733
-3.696362865472238
-3.6970048480000663
-3.6975523559810397
-3.698005217694349
-3.6983632668476307
-3.6986263475979
-3.69879429948698
-3.6988669816168973
-3.6988442539609476
-3.698725992813574
-3.698512071284992
-3.698202368471949
-3.697796789975494
-3.697295222378747
-3.6966975808151403
-3.6960037740764538
-3.695213731150033
-3.6943273772423364
-3.6933446548040996
-3.6922655024750455
-3.691089877233941
-3.689817735492071
-3.6884490494197135
-3.686983791132309
-3.6854219426913644
-3.683763497874455
-3.6820084471922447
-3.6801568069721093
-3.6782085824837427
-3.6761637919066015
-3.67402246974416
-3.671784646590903
-3.66945036422668
-3.667019685381497
-3.6644926513494025
-3.661869340232506
-3.6591498159043003
-3.6563341631278967
-3.653422470424861
-3.650414828970164
-3.647311347970199
-3.6441121295957637
-3.6408172954707747
-3.6374269730191875
-3.6339412906721598
-3.630360390203067
-3.626684414189846
-3.622913522822051
-3.61904787304831
-3.615087633307108
-3.611032981503247
-3.606884102271951
-3.6026411816289348
-3.5983044190714693
-3.5938740184442817
-3.5893501918967754
-3.5847331574278285
-3.5800231407595065
-3.5752203773303672
-3.5703251007770427
-3.5653375609389144
-3.5602580141917137
-3.555086715314556
-3.549823935346928
-3.544469945933539
-3.5390250290858223
-3.5334894703351583
-3.527863564389061
-3.5221476133885727
-3.516341924233634
-3.5104468088855008
-3.5044625895990715
-3.498389595386361
-3.492228148593585
-3.485978607763313
-3.479641301692638
-3.4732165922308416
-3.466704831400203
-3.4601063885728216
-3.4534216337933277
-3.4466509434414303
-3.4397947007381395
-3.4328532962016514
-3.425827121824743
-3.4187165819558096
-3.4115220802053368
-3.4042440295666463
-3.3968828498966874
-3.3894389654028707
-3.3819128046672975
-3.374304804424992
-3.3666154039979816
-3.3588450502256104
-3.3509941934075007
-3.34306329402047
-3.3350528084308615
-3.326963210067052
-3.318794969011507
-3.3105485621874715
-3.302224475582006
-3.2938231944828074
-3.285345212752193
-3.276791026145295
-3.2681611425110835
-3.2594560635037837
-3.2506763033207418
-3.241822376117183
-3.232894806910549
-3.2238941160554755
-3.2148208397170706
-3.2056755076051053
-3.19645866106965
-3.187170840022864
-3.1778125935466304
-3.1683844726474386
-3.1588870302784526
-3.149320827384977
-3.139686423282973
-3.1299843906719595
-3.1202152971041865
-3.1103797148412196
-3.100478220214
-3.0905113976643253
-3.0804798301783145
-3.07038410294945
-3.060224815001061
-3.0500025532446005
-3.0397179158855736
-3.029371506291488
-3.0189639248017546
-3.008495780775555
-2.9979676813559473
-2.987380240749474
-2.9767340686846757
-2.966029787049786
-2.95526801471749
-2.9444493718697333
-2.9335744870713127
-2.9226439841127
-2.9116584918209343
-2.900618642388937
-2.8895250677727624
-2.8783784071552847
-2.867179295255395
-2.8559283715448798
-2.8446262766960446
-2.83327365135848
-2.8218711422396674
-2.810419395611718
-2.7989190583229444
-2.787370772920195
-2.775775195708695
-2.7641329782681088
-2.7524447665453784
-2.74071121944899
-2.728932988795972
-2.717110728878802
-2.7052450947571627
-2.6933367465488347
-2.681386337066442
-2.669394527844703
-2.6573619735766854
-2.6452893377464277
-2.6331772744499533
-2.621026445351503
-2.6088375078084405
-2.596611126249884
-2.5843479534238707
-2.572048655604208
-2.5597138886731647
-2.5473443089975403
-2.5349405799738065
-2.5225033576138607
-2.510033304287
