1025
-0.8819476676570198
-0.8799707584877944
-0.8779779714046503
-0.8759692660700791
-0.873944603336295
-0.8719039372313133
-0.8698472218068972
-0.8677744090501842
-0.8656854499377152
-0.8635802864003813
-0.8614588715531079
-0.8593211436276488
-0.857167048705685
-0.8549965267472038
-0.8528095120104925
-0.8506059482834227
-0.8483857638364751
-0.8461488984964585
-0.8438952795827039
-0.8416248403813594
-0.8393375109690816
-0.8370332185778204
-0.8347118888333482
-0.8323734488599348
-0.8300178229972015
-0.8276449357431411
-0.8252547062405515
-0.8228470567743371
-0.8204219079772831
-0.8179791795404331
-0.8155187899560455
-0.8130406581787424
-0.8105446999981165
-0.808030828655866
-0.8054989639641599
-0.8029490232840948
-0.8003809168901891
-0.7977945620035534
-0.7951898681176706
-0.7925667538573762
-0.78992513592181
-0.7872649162495565
-0.7845860182620084
-0.7818883482611965
-0.7791718250616982
-0.7764363625557739
-0.7736818659340702
-0.7709082585602786
-0.7681154458195084
-0.7653033441431677
-0.7624718711348685
-0.7596209426526798
-0.7567504690246517
-0.7538603703681578
-0.7509505559263415
-0.7480209517828325
-0.7450714716527861
-0.7421020321153076
-0.7391125605674074
-0.7361029675098176
-0.7330731820886508
-0.7300231200340296
-0.7269527082573103
-0.7238618710007859
-0.7207505337316343
-0.7176186256182282
-0.7144660720665703
-0.7112928036425434
-0.7080987495308668
-0.7048838463595555
-0.7016480257740072
-0.6983912192035128
-0.6951133697064344
-0.6918144136344254
-0.6884942939247672
-0.6851529484392856
-0.6817903256016732
-0.6784063660738852
-0.6750010248808155
-0.6715742442287196
-0.6681259788673781
-0.6646561868362568
-0.6611648217981381
-0.6576518400022123
-0.6541172028693916
-0.6505608744369645
-0.6469828152394987
-0.6433830017862772
-0.639761394717448
-0.6361179682213908
-0.632452699886797
-0.6287655633947961
-0.6250565435214128
-0.6213256126216355
-0.6175727690876031
-0.6137979910057123
-0.6100012680752247
-0.6061826034282387
-0.6023419787726515
-0.5984794054553912
-0.5945948765749475
-0.5906883972465742
-0.5867599798058801
-0.5828096294175222
-0.5788373589136081
-0.5748431915021882
-0.570827139351811
-0.5667892229033353
-0.5627294737572749
-0.5586479183129959
-0.5545445887996279
-0.5504195199069033
-0.5462727434093273
-0.542104308285761
-0.5379142577851617
-0.5337026393068314
-0.5294694985898526
-0.525214893526978
-0.5209388819861308
-0.5166415259447701
-0.5123228872867794
-0.5079830361963469
-0.5036220383757142
-0.4992399754943908
-0.49483691887055653
-0.49041295078930597
-0.4859681606902429
-0.4815026285825617
-0.477016456213846
-0.4725097314778992
-0.46798254449798465
-0.46343501395950404
-0.45886723945243807
-0.4542793284672122
-0.4496713875952322
-0.44504353989969564
-0.4403959031772675
-0.4357285993096212
-0.4310417509781138
-0.4263354962304374
-0.4216099616302892
-0.41686528342135054
-0.41210160550825853
-0.407319069326352
-0.4025178261023953
-0.3976980166449815
-0.39285980190910486
-0.3880033426906172
-0.38312879661886706
-0.3782363228987224
-0.37332609425071206
-0.36839828252398343
-0.3634530556369911
-0.3584906052091065
-0.3535111021136474
-0.3485147304673952
-0.34350168102472034
-0.33847214228065187
-0.333426318392409
-0.32836439935153705
-0.3232865931599729
-0.3181930887180677
-0.31308410835755285
-0.30795985670799375
-0.30282055355093473
-0.2976664138714386
-0.2924976560760545
-0.28731450546129483
-0.28211718584216355
-0.2769059323227541
-0.2716809759659954
-0.2664425487882907
-0.26119089798919154
-0.2559262581553698
-0.25064888045308426
-0.2453590047797915
-0.24005688653728968
-0.23474278380705058
-0.22941694568788215
-0.22407963872676245
-0.2187311156916821
-0.21337164886602977
-0.20800150327982492
-0.2026209529141352
-0.1972302638718317
-0.19182971198292573
-0.18641958691090313
-0.18100015570210876
-0.1755717081728957
-0.17013453252717173
-0.16468891264361502
-0.15923513514208631
-0.15377349976437676
-0.14830430132734404
-0.14282783949942773
-0.1373444064551012
-0.13185431135369002
-0.12635785574326305
-0.12085534434312016
-0.11534708998997627
-0.10983340242179163
-0.10431458840053674
-0.09879096799981037
-0.0932628606057537
-0.08773057721968783
-0.08219444736807416
-0.07665478700569389
-0.0711119205028446
-0.06556617496279753
-0.060017878660296314
-0.05446736020036009
-0.0489149488422869
-0.04336098286436218
-0.03780578812265981
-0.03224970632161523
-0.026693071833556323
-0.02113622201696125
-0.015579500496527293
-0.010023240777020359
-0.004467795961286153
0.0010864972722218565
0.006639290680049785
0.012190243420802684
0.017739003173819722
0.023285221654491907
0.028828550770147624
0.03436864533679547
0.03990514713154251
0.04543770526527217
0.05096596991654771
0.05648958498076658
0.0620081953285662
0.06752144493831935
0.07302898006110199
0.07853044271610184
0.08402547961299571
0.08951372726259639
0.09499482932762209
0.1004684211210477
0.10593415454882205
0.11139166406031527
0.11684058706687687
0.12228056928975807
0.12771124376073403
0.13313225512804103
0.1385432366917795
0.14394383348729864
0.14933367543838175
0.15471240926703286
0.1600796711084246
0.16543510071289902
0.170778332138067
0.17610900206905897
0.18142675996266613
0.18673123595593202
0.19202207553917258
0.1972989097883926
0.20256138097911072
0.20780913890983255
0.21304181089074548
0.21825904320718326
0.2234604797507002
0.22864575624087824
0.23381451686381544
0.2389664095841718
0.24410107044548682
0.24921814615465232
0.2543172827071893
0.2593981180612762
0.26446031006614795
0.2695034980254717
0.27452733239249566
0.2795314526713694
0.28451552515630907
0.2894791823997711
0.2944220876980939
0.2993438861817249
0.3042442309057601
0.3091227798878518
0.3139791884918447
0.3188131045925376
0.32362419684653726
0.3284121116415106
0.3331765195169445
0.3379170763454629
0.34263344235619786
0.3473252832050599
0.35199226002160466
0.3566340419858621
0.36125029779393003
0.3658406937070001
0.37040489613234057
0.37494258446130385
0.3794534238761524
0.3839370921607322
0.38839326944466745
0.3928216250419855
0.39722183840768494
0.4015935952206228
0.4059365712518691
0.4102504589468576
0.41453493753073173
0.4187896971969585
0.423014420647218
0.4272088072995503
0.43137253939445286
0.4355053205897875
0.4396068419909467
0.4436767977925911
0.4477148938750432
0.45172082354944904
0.4556942966311868
0.4596350179878434
0.4635426956729172
0.46741703061933904
0.47125774137918375
0.47506453907413065
0.4788371292587646
0.482575247653491
0.486278594511893
0.48994690251269407
0.4935798859454983
0.4971772777286643
0.5007387964571649
0.5042641726196987
0.5077531495096791
0.5112054426957628
0.514620802400327
0.5179989563354603
0.5213396500583425
0.5246426235111104
0.5279076177994425
0.5311343817684694
0.5343226615233755
0.5374722178366532
0.5405827905311926
0.5436541426093121
0.5466860277015287
0.54967820742556
0.5526304477895062
0.5555425083807086
0.5584141563898601
0.5612451623284236
0.5640352983344501
0.566784334327316
0.5694920531066365
0.5721582244703004
0.5747826379022916
0.5773650717369254
0.5799053130667721
0.5824031477159863
0.5848583681714494
0.5872707686312393
0.5896401442870658
0.5919662872013164
0.5942490082358376
0.5964881024021691
0.5986833748118652
0.6008346362414042
0.6029416929197379
0.6050043636731209
0.6070224562892994
0.6089957972261688
0.6109241981471724
0.61280748285214
0.6146454800340916
0.6164380145789524
0.6181849239842305
0.619886024232554
0.6215411710953441
0.6231501850147403
0.6247129173764366
0.6262292080291774
0.6276988969338106
0.6291218428059652
0.6304978934336304
0.6318268906025657
0.6331087045261549
0.6343431853897532
0.6355301965835
0.6366696040880631
0.6377612760833007
0.6388050678684825
0.6398008644688621
0.6407485322349198
0.6416479539196148
0.642499007139901
0.6433015683397985
0.6440555313412532
0.6447607780306747
0.6454171937472519
0.6460246811094463
0.6465831270671661
0.647092436691955
0.6475525023797329
0.6479632315924284
0.6483245280114384
0.6486363090037435
0.6488984693162202
0.6491109383825323
0.6492736243770052
0.6493864518922761
0.64944933526413
0.6494622052627309
0.6494249865399799
0.6493376137272059
0.6492000091977103
0.6490121220482216
0.6487738794806492
0.6484852275033581
0.6481461122425014
0.6477564722877219
0.647316264872665
0.6468254339225161
0.6462839420215959
0.6456917424214487
0.6450487924794747
0.6443550628292426
0.6436105157283819
0.6428151108200556
0.6419688319963917
0.6410716453700627
0.640123533895283
0.63912447146047
0.6380744411366003
0.6369734316331905
0.6358214227723872
0.6346184202639784
0.6333644019428252
0.6320593744177979
0.6307033273674943
0.6292962706505497
0.6278382094079747
0.6263291433960955
0.6247690871262537
0.6231580610925874
0.6214960670370336
0.6197831346552257
0.6180192830760872
0.6162045352739907
0.6143389197036412
0.612422466703931
0.6104552061707825
0.6084371872368726
0.6063684282305373
0.6042489836557947
0.6020788997984126
0.5998582191232792
0.5975869902321945
0.5952652690648379
0.5928931185820631
0.5904705845481476
0.5879977424238901
0.5854746436651753
0.5829013632911865
0.580277976732896
0.5776045475219619
0.5748811607283097
0.5721078902974088
0.5692848228249606
0.5664120359791162
0.5634896287541449
0.5605176844230882
0.5574963019769964
0.5544255754326647
0.5513056032443807
0.5481364950768556
0.544918356145793
0.5416512843267226
0.5383354056947472
0.5349708254278476
0.5315576650894434
0.5280960437952935
0.5245860901658388
0.5210279233462661
0.5174216799318392
0.5137674886868865
0.510065491337551
0.5063158169198527
0.5025186115035047
0.49867402525854954
0.4947821975618357
0.49084327932419525
0.48685743542341003
0.4828248086459768
0.47874556612418373
0.47461986871644507
0.47044788505162255
0.4662297816488415
0.4619657287295377
0.457655897627065
0.4533004754891585
0.44889963293920426
0.44445356401839387
0.43996244869635426
0.4354264798829988
0.4308458447496255
0.42622074482963346
0.421551378674804
0.41683794526011103
0.4120806492954072
0.40727969895143273
0.4024353056194342
0.39754768946210134
0.39261705292249066
0.38764362603865643
0.3826276278698047
0.3775692865840584
0.37246882505041756
0.36732648963384484
0.3621424958385808
0.35691709194006976
0.35165051876670933
0.34634301507632864
0.34099483038820794
0.33560621277498115
0.3301774159675134
0.32470869339845854
0.31920030694106066
0.31365251056741483
0.3080655775424117
0.302439763015133
0.296775348463878
0.29107260633735166
0.2853318014994452
0.2795532197242675
0.27373714292610307
0.26788385374627177
0.2619936437392478
0.25606678853804676
0.2501036012971839
0.24410436113722145
0.2380693727789797
0.23199893791320958
0.2258933651320956
0.2197529493985398
0.21357800889557604
0.20736885254797344
0.20112580067042457
0.19484916192617258
0.1885392670901426
0.1821964302354121
0.1758209842096018
0.16941324689782564
0.1629735628295937
0.15650226071206771
0.149999673253237
0.1434661458308902
0.13690201487176287
0.1303076242897358
0.12368332424700208
0.1170294625634563
0.11034639527807408
0.10363446832974385
0.09689404165631221
0.09012547775016337
0.08332913743909981
0.07650538259664434
0.06965457666459139
0.06277709869218781
0.055873309640190404
0.04894359502045735
0.04198831517422968
0.03500785820316036
0.028002603601627166
0.020972932087475485
0.013919233455765807
0.006841883671946488
-0.00025871636591007186
-0.007382182092652163
-0.014528112974745211
-0.021696121128992836
-0.028885808071023183
-0.03609676476813657
-0.04332860194374528
-0.05058090968624017
-0.057853280463877416
-0.06514530741699612
-0.07245658680731654
-0.07978670358237014
-0.08713524172991222
-0.09450179242931006
-0.10188593184668349
-0.10928724321334866
-0.11670531096818551
-0.12413970923646794
-0.13159001310207855
-0.1390558061619692
-0.14653665167089178
-0.1540321251083471
-0.16154180011715633
-0.16906524120329094
-0.1766020121065439
-0.18415168487236055
-0.19171382624676253
-0.19928799501656885
-0.20687375308136485
-0.21447066281338142
-0.22207828439882732
-0.2296961704571175
-0.23732388876410593
-0.24496098273535294
-0.2526070202994404
-0.2602615465653612
-0.2679241194374809
-0.27559428600276625
-0.2832715982275344
-0.2909556116767681
-0.29864587602894327
-0.3063419318683376
-0.3140433332127
-0.3217496306737799
-0.3294603628970784
-0.33717508026716314
-0.3448933332946383
-0.3526146580101566
-0.3603386007501065
-0.3680647148428445
-0.37579252896500087
-0.3835216014200635
-0.3912514655966348
-0.39898167170643806
-0.40671175532365594
-0.41444126460454384
-0.42216973638428645
-0.42989671746922264
-0.43762175313217827
-0.4453443798578804
-0.4530641486075832
-0.46078058803066985
-0.4684932524702292
-0.4762016838018907
-0.48390542211010434
-0.4916040175048996
-0.4992970063112896
-0.5069839336672298
-0.5146643497837655
-0.5223378044679886
-0.5300038341749356
-0.5376619866207419
-0.5453118157773672
-0.5529528632165776
-0.5605846805745374
-0.5682068254971723
-0.5758188366928523
-0.5834202730010256
-0.5910106858646094
-0.5985896281120601
-0.6061566584335796
-0.6137113261311723
-0.6212531951601977
-0.6287818207089667
-0.6362967605657985
-0.6437975811897881
-0.65128384333411
-0.6587551144908133
-0.6662109520113014
-0.6736509290024371
-0.6810746131722464
-0.6884815728308674
-0.695871391154299
-0.7032436240867682
-0.7105978601939311
-0.7179336752363544
-0.7252506482408128
-0.7325483602992194
-0.7398263907224045
-0.7470843328434397
-0.7543217730615495
-0.7615383022335622
-0.7687335093647684
-0.775906988701888
-0.783058341095872
-0.790187166938036
-0.7972930599335034
-0.804375636732834
-0.8114344987103671
-0.8184692508173398
-0.8254795106616125
-0.8324648962586688
-0.8394250172688812
-0.846359501926029
-0.8532679666993357
-0.8601500419669073
-0.8670053638461457
-0.8738335516060388
-0.8806342553509997
-0.8874070989908998
-0.8941517345231844
-0.9008678023123692
-0.9075549518266522
-0.9142128313819593
-0.9208411041069278
-0.927439422320484
-0.9340074484705708
-0.9405448481086915
-0.9470512947102651
-0.9535264521111574
-0.9599700071634202
-0.966381624737252
-0.9727610039966706
-0.9791078174567579
-0.9854217720888558
-0.991702549797443
-0.9979498560576354
-1.0041633923936137
-1.010342861974513
-1.016487981397529
-1.022598462002081
-1.028674022024825
-1.0347143830060335
-1.040719284402037
-1.0466884447250375
-1.0526216007211493
-1.0585185009695641
-1.0643788797718219
-1.0702024861898756
-1.0759890841915445
-1.0817384221304964
-1.087450267858597
-1.093124378366367
-1.0987605361891837
-1.1043585100823436
-1.1099180836497509
-1.1154390359731616
-1.1209211688323453
-1.126364264776967
-1.1317681273165687
-1.1371325648190516
-1.1424573745620892
-1.1477423788523249
-1.152987392331162
-1.158192242298051
-1.1633567521820347
-1.1684807571036486
-1.173564094417444
-1.178606606169515
-1.1836081436294135
-1.1885685538541355
-1.19348769963913
-1.1983654414359057
-1.2032016516036839
-1.2079961973039925
-1.2127489564957572
-1.2174598184147054
-1.2221286660939972
-1.2267553966127156
-1.2313399078083274
-1.235882101796554
-1.2403818845887828
-1.244839178290774
-1.2492538977071195
-1.2536259676121804
-1.2579553189340713
-1.2622418843954892
-1.2664856103031956
-1.2706864342783788
-1.2748443144706203
-1.2789592019528635
-1.2830310557528035
-1.2870598538486608
-1.2910455542360304
-1.2949881424536966
-1.2988875990916278
-1.3027439108611727
-1.3065570685451824
-1.3103270717733881
-1.3140539305813446
-1.317737644967571
-1.3213782299129644
-1.3249757033807157
-1.3285300949422885
-1.3320414333614932
-1.3355097470107762
-1.3389350780926232
-1.3423174759719492
-1.3456569879111941
-1.348953664088067
-1.352207572791676
-1.3554187763673409
-1.3585873421121613
-1.3617133551359544
-1.364796883007168
-1.3678380224040365
-1.3708368559246293
-1.3737934824116007
-1.3767080034831838
-1.3795805214960095
-1.3824111521142355
-1.3852000071592523
-1.3879472083163167
-1.3906528783600831
-1.3933171447146127
-1.395940150194011
-1.398522023582789
-1.4010629174466827
-1.403562979912311
-1.4060223575293027
-1.408441216466902
-1.4108197098312427
-1.4131580128129086
-1.4154562905373564
-1.4177147276006359
-1.4199334945551871
-1.422112779853613
-1.4242527744396043
-1.4263536676298234
-1.4284156625888875
-1.4304389512275215
-1.4324237501966648
-1.4343702643960448
-1.436278703270644
-1.438149289762261
-1.4399822450961157
-1.4417778016648501
-1.4435361741522952
-1.4452576062331863
-1.446942336786052
-1.4485905977904951
-1.4502026412338962
-1.4517787118609606
-1.453319062312655
-1.454823945823666
-1.45629362368209
-1.4577283515210804
-1.4591284032386074
-1.460494043182753
-1.4618255420096085
-1.4631231736170827
-1.4643872162476896
-1.4656179501431057
-1.466815659924962
-1.467980632725087
-1.4691131560244703
-1.4702135185708014
-1.4712820214572035
-1.472318957549867
-1.4733246266014342
-1.4742993352549947
-1.4752433820866755
-1.4761570722967072
-1.4770407217042278
-1.4778946388033527
-1.478719132622707
-1.479514525919985
-1.4802811317558848
-1.4810192691881994
-1.4817292589832753
-1.4824114259435084
-1.4830660931731046
-1.4836935849976807
-1.4842942294499877
-1.4848683578372854
-1.4854162982720867
-1.4859383860222573
-1.486434946281785
-1.4869063173798625
-1.4873528376123724
-1.4877748410224954
-1.4881726605622656
-1.4885466376196965
-1.488897107203649
-1.489224412867158
-1.4895288901260832
-1.4898108826520706
-1.490070734596978
-1.4903087728893032
-1.4905253521586148
-1.4907208114299204
-1.4908954899776554
-1.4910497300805179
-1.4911838733916272
-1.4912982631552456
-1.4913932377868608
-1.4914691368714141
-1.4915263067683289
-1.491565090462329
-1.4915858142875094
-1.491588831420306
-1.491574467904369
-1.4915430713976843
-1.4914949749764221
-1.4914305162834696
-1.4913500331051985
-1.49125384756186
-1.4911423036051292
-1.491015733334161
-1.4908744602498512
-1.4907188218369192
-1.4905491347523119
-1.4903657321961694
-1.4901689415318815
-1.489959079097815
-1.489736465569484
-1.489501426691037
-1.4892542774486397
-1.4889953298970084
-1.488724900198437
-1.4884432991524645
-1.4881508351249766
-1.4878478159012418
-1.4875345492094927
-1.4872113308595543
-1.4868784658354792
-1.486536246627855
-1.4861849695184837
-1.485824927532531
-1.4854564131405497
-1.4850797083416682
-1.4846950944688593
-1.484302857200645
-1.4839032704559123
-1.4834966121657647
-1.4830831497184003
-1.4826631567055921
-1.4822368924351323
-1.4818046249503118
-1.4813666069334657
-1.4809230974064898
-1.480474346296027
-1.4800206001087213
-1.4795621051304142
-1.4790991040601684
-1.478631827370645
-1.4781605190341216
-1.4776853985853708
-1.4772066963894206
-1.4767246352456591
-1.476239429216445
-1.4757512969555795
-1.475260444369906
-1.4747670816244636
-1.474271404705464
-1.473773619888703
-1.4732739102727948
-1.4727724737376622
-1.472269494976265
-1.4717651427914158
-1.4712596078449631
-1.4707530552913368
-1.4702456551657106
-1.4697375692166779
-1.469228953020916
-1.4687199665819706
-1.4682107543736338
-1.4677014666115893
-1.4671922366080916
-1.4666832053713614
-1.4661745077760255
-1.4656662572284527
-1.4651585905479145
-1.4646516139539087
-1.4641454439157189
-1.4636401888773924
-1.4631359542733324
-1.462632829762717
-1.4621309171246382
-1.4616303031831421
-1.4611310668812156
-1.4606332908501152
-1.4601370536470017
-1.4596424140632624
-1.459149445841119
-1.4586582046845624
-1.458168749190819
-1.4576811242595902
-1.457195379747721
-1.4567115519256277
-1.4562296779189228
-1.4557497922764495
-1.4552719183385403
-1.4547960730512375
-1.4543222805163172
-1.4538505474619061
-1.4533808824609376
-1.4529132889113623
-1.4524477623948264
-1.4519842952424236
-1.4515228798251154
-1.4510634919820142
-1.450606117551041
-1.4501507292529785
-1.4496972921868538
-1.4492457784310973
-1.4487961420196498
-1.4483483419215322
-1.447902332045916
-1.4474580571778233
-1.4470154576161829
-1.446574475099939
-1.4461350396060477
-1.4456970832135767
-1.4452605368615765
-1.4448253127099275
-1.4443913262720025
-1.4439585018433554
-1.4435267382474695
-1.4430959409507746
-1.4426660160889473
-1.4422368566786405
-1.4418083570702915
-1.441380402291084
-1.4409528798046054
-1.4405256698561264
-1.4400986498226238
-1.43967170031195
-1.439244682108322
-1.4388174659227126
-1.438389914173214
-1.437961889364498
-1.4375332481133618
-1.4371038365987054
-1.4366735141463702
-1.436242121837501
-1.4358095047645731
-1.4353755066912257
-1.4349399573586503
-1.434502699130733
-1.4340635620115512
-1.4336223748926418
-1.4331789645465638
-1.432733150790771
-1.4322847610312217
-1.4318336133262588
-1.4313795195098469
