1025
-0.8191690203493253
-0.8234101347712581
-0.8276679608670005
-0.8319421995920502
-0.8362325634641702
-0.8405387473857943
-0.8448604581252095
-0.8491973893183542
-0.8535492415930798
-0.8579156889307067
-0.8622964369792769
-0.8666911509503246
-0.8710995247978639
-0.8755212341829411
-0.8799559414121894
-0.8844033372898565
-0.8888630727570797
-0.8933348177777211
-0.8978182317681513
-0.9023129793146201
-0.9068187159595659
-0.911335088079994
-0.9158617503243499
-0.9203983495729481
-0.9249445333188877
-0.9294999372808171
-0.9340642005562062
-0.938636960105587
-0.943217849387166
-0.9478065041478981
-0.9524025393132725
-0.9570055927693197
-0.9616152828875005
-0.9662312260903898
-0.970853039702515
-0.9754803473133925
-0.9801127515585941
-0.9847498752615675
-0.9893913083977247
-0.9940366662064395
-0.9986855593882381
-1.0033375747562816
-1.0079923207179442
-1.012649387110208
-1.017308372881975
-1.0219688748321725
-1.0266304747714583
-1.0312927669094656
-1.0359553292607062
-1.0406177598930508
-1.0452796324354265
-1.0499405282684886
-1.0546000320044127
-1.0592577156687988
-1.063913158449504
-1.0685659329096506
-1.0732156135313458
-1.077861767740656
-1.082503977025655
-1.087141798376678
-1.0917748077564497
-1.096402556093952
-1.1010246286330854
-1.1056405696644422
-1.1102499567036797
-1.1148523460483877
-1.1194472999871492
-1.1240343766072138
-1.1286131310026888
-1.1331831294180614
-1.1377439241381981
-1.1422950637646865
-1.146836118371677
-1.1513666372058597
-1.1558861796900048
-1.1603942945114818
-1.164890534635045
-1.1693744577862701
-1.1738456204659935
-1.1783035600290732
-1.182747849762661
-1.1871780279010207
-1.1915936642846852
-1.1959942952619504
-1.2003794785117927
-1.2047487721353296
-1.209101723271227
-1.213437894518258
-1.2177568293837815
-1.2220580912860728
-1.2263412350568843
-1.2306058053686464
-1.2348513723976395
-1.2390774798278708
-1.2432837049599004
-1.2474695922543493
-1.2516347008172362
-1.2557785962256474
-1.2599008331634451
-1.264000988849217
-1.2680786082250886
-1.2721332723890728
-1.2761645417899967
-1.2801719829411287
-1.2841551570774274
-1.2881136499687689
-1.292047025853483
-1.2959548633515656
-1.29983673407354
-1.3036922146635794
-1.307520884570104
-1.3113223282251092
-1.3150961174657505
-1.3188418539558195
-1.3225591110238968
-1.3262474934460196
-1.3299065713835414
-1.3335359535420162
-1.3371352342599396
-1.3407040095010878
-1.3442418835119916
-1.3477484527846721
-1.3512233210755735
-1.3546661187700133
-1.3580764324267458
-1.3614538851067994
-1.3647981024058298
-1.3681086870627746
-1.3713852764776422
-1.3746275047441958
-1.3778349613012313
-1.3810073251599997
-1.3841442092010168
-1.3872452527625114
-1.3903101051827054
-1.3933383991171542
-1.396329799907356
-1.39928395034931
-1.402200505209229
-1.4050791287504802
-1.407919484894496
-1.4107212334823462
-1.413484052431597
-1.4162076197273914
-1.4188916078161895
-1.4215357004474696
-1.4241395760688766
-1.42670294498547
-1.4292254907623396
-1.4317069099615276
-1.4341469016698418
-1.4365451877788882
-1.4389014680780223
-1.4412154654919742
-1.443486904346013
-1.4457154944454282
-1.4479009714901232
-1.4500430753789992
-1.4521415444621186
-1.4541961179189782
-1.4562065517877494
-1.4581725862736579
-1.4600939750301563
-1.4619704955629529
-1.4638019104112006
-1.4655879936860394
-1.4673285166412917
-1.469023258168234
-1.470672013759253
-1.4722745680051827
-1.473830720840206
-1.4753402759152567
-1.4768030379543355
-1.4782188222897992
-1.4795874428101647
-1.4809087180885212
-1.4821824835029134
-1.4834085688742829
-1.4845868157198328
-1.485717068504929
-1.48679916686795
-1.4878329738307414
-1.4888183451553016
-1.4897551473493962
-1.4906432583719549
-1.4914825458655818
-1.4922728922591166
-1.4930141831804828
-1.4937063143275178
-1.494349188663726
-1.4949427043541161
-1.4954867698370307
-1.4959812996954667
-1.4964262159301724
-1.4968214516282712
-1.4971669336989044
-1.497462594370739
-1.4977083885589286
-1.4979042455367797
-1.4980501343986437
-1.4981460173523393
-1.498191847148368
-1.4981876094490185
-1.4981332697945204
-1.4980288204694363
-1.4978742475845617
-1.4976695430819298
-1.4974147051109163
-1.4971097372450173
-1.4967546616268592
-1.4963494848810903
-1.4958942268577944
-1.4953889265224383
-1.4948336212221047
-1.4942283361407294
-1.4935731211886298
-1.4928680285298461
-1.4921131185703753
-1.4913084421007374
-1.490454077015253
-1.4895501008844085
-1.4885965786986266
-1.4875936017274387
-1.4865412632374608
-1.485439652234123
-1.4842888748175658
-1.4830890336193825
-1.4818402448840005
-1.4805426220660283
-1.4791962972113384
-1.477801375384119
-1.4763580211156813
-1.4748663593691826
-1.4733265257871693
-1.4717386782365938
-1.4701029731451654
-1.4684195741352037
-1.4666886383297864
-1.464910345436612
-1.463084863951039
-1.4612123832926251
-1.4592930780125728
-1.4573271464532884
-1.4553147881430388
-1.4532561971601132
-1.4511515980891683
-1.4490011749881047
-1.4468051640541963
-1.444563779287418
-1.4422772499111958
-1.4399458007740482
-1.4375696822704607
-1.4351491222517583
-1.432684370208723
-1.4301756742131417
-1.4276232879428719
-1.4250274813102568
-1.4223885133071361
-1.4197066410646018
-1.4169821526371145
-1.414215320337309
-1.411406422031837
-1.4085557453702708
-1.4056635838041094
-1.402730235709041
-1.3997559861993685
-1.3967411544614106
-1.3936860384113936
-1.3905909574734838
-1.3874562142318798
-1.3842821421336915
-1.3810690498647722
-1.3778172837136118
-1.374527151379722
-1.3711990102830496
-1.3678331854999248
-1.364430022465474
-1.3609898735704935
-1.3575130814122836
-1.3540000002069497
-1.3504509939595783
-1.346866405343433
-1.343246630288684
-1.3395919992683476
-1.3359028988700352
-1.3321797063419774
-1.3284227955187466
-1.3246325467015077
-1.3208093463513597
-1.3169535661997362
-1.3130656112482655
-1.3091458709920702
-1.3051947324635609
-1.301212602738497
-1.2971998731180747
-1.2931569547878718
-1.2890842557330915
-1.2849821758384505
-1.2808511367757975
-1.2766915432324932
-1.272503808719502
-1.2682883719864149
-1.264045626332659
-1.259776020124101
-1.255479958639028
-1.2511578830593808
-1.2468102160108456
-1.242437395775822
-1.2380398512236277
-1.2336180309878209
-1.2291723669284886
-1.2247032754058111
-1.2202112324467889
-1.2156966582808848
-1.211160018235907
-1.2066017385038492
-1.2020222850943592
-1.1974221003378516
-1.1928016267821901
-1.1881613418813168
-1.1835016764629092
-1.1788231012722272
-1.1741260646655909
-1.1694110305306107
-1.1646784566853146
-1.159928800740071
-1.1551625360347928
-1.150380101903702
-1.145581991393653
-1.140768647892385
-1.1359405495130017
-1.131098166934818
-1.126241954084128
-1.121372386997112
-1.1164899230310468
-1.1115950565756658
-1.1066882415117218
-1.1017699436128339
-1.0968406473056682
-1.091900816064155
-1.0869509200888186
-1.081991443534812
-1.0770228512882332
-1.0720456156927387
-1.0670602177344852
-1.0620671135786577
-1.057066797064905
-1.0520597323039518
-1.0470463973906876
-1.042027261951915
-1.0370028073213773
-1.03197348891101
-1.0269398125816942
-1.021902220048904
-1.016861203930474
-1.0118172184482372
-1.0067707593560422
-1.0017222887963688
-0.9966722742228222
-0.9916211977777348
-0.9865695204630639
-0.9815177157240229
-0.9764662567858012
-0.971415606241517
-0.9663662389839405
-0.9613186276684653
-0.9562732343393628
-0.951230515394991
-0.9461909551999798
-0.9411550060548163
-0.9361231492512192
-0.9310958232579606
-0.9260735067297077
-0.9210566557736042
-0.9160457371754751
-0.9110411971401888
-0.9060435084606838
-0.90105312268799
-0.8960704913640579
-0.8910960807932164
-0.8861303367517982
-0.881173703977307
-0.8762266498510642
-0.8712896082353851
-0.8663630462962295
-0.8614473934145164
-0.8565431074137141
-0.8516506228209312
-0.8467703896026032
-0.841902838682276
-0.8370484303327436
-0.8322075819706188
-0.8273807391609753
-0.8225683291397669
-0.8177707960884808
-0.8129885702386767
-0.8082220716790316
-0.8034717306789619
-0.7987379844737523
-0.7940212467063531
-0.7893219431111287
-0.7846404941482787
-0.7799773169933855
-0.7753328303642818
-0.7707074475400225
-0.7661015805580866
-0.7615156368140087
-0.7569500379409644
-0.7524051802464526
-0.7478814751807872
-0.7433793183894788
-0.7388991026837446
-0.7344412484579593
-0.7300061409910407
-0.725594157491566
-0.7212057129276339
-0.7168411872583692
-0.7125009649998457
-0.7081854263912317
-0.7038949791025935
-0.6996299690203774
-0.6953907979059318
-0.6911778296371964
-0.6869914361044241
-0.682831989500503
-0.678699858895999
-0.6745954107060073
-0.6705190009169313
-0.6664709929768431
-0.6624517450441277
-0.6584616080295402
-0.6545009446638277
-0.6505700932805697
-0.6466694080945398
-0.6427992281454221
-0.6389598862443399
-0.6351517439762134
-0.6313751161092177
-0.6276303461205274
-0.6239177596789396
-0.6202376847831089
-0.6165904408556397
-0.6129763726830981
-0.6093957538851588
-0.6058489537684917
-0.6023362433680405
-0.5988579482552657
-0.595414376436622
-0.5920058341744698
-0.5886326104556519
-0.5852950200809929
-0.5819933363731592
-0.5787278683214935
-0.5754988901003161
-0.5723067093310507
-0.5691515769826634
-0.5660338008114779
-0.562953630418791
-0.5599113604351786
-0.5569072464827428
-0.5539415603676218
-0.551014560862643
-0.548126516321002
-0.5452776625781212
-0.5424682672975965
-0.5396985817098194
-0.5369688453739547
-0.5342792897454629
-0.5316301802927788
-0.5290217281125255
-0.5264541779420127
-0.5239277545719551
-0.5214426766925602
-0.5189991825581445
-0.516597468509001
-0.5142377620888284
-0.5119202664225656
-0.5096451900727982
-0.5074127423996667
-0.5052231141407353
-0.5030765072322249
-0.5009731078454691
-0.49891311129063937
-0.4968966997891851
-0.4949240354034048
-0.49299532834042287
-0.49111073278225054
-0.4892704176543867
-0.4874745461767895
-0.48572329245625784
-0.4840168029774748
-0.48235523446731216
-0.48073873449895865
-0.47916744697957037
-0.4776415184195271
-0.47616108839438365
-0.4747262795475071
-0.47333723953373225
-0.47199407401041327
-0.4706969140896872
-0.4694458788813317
-0.4682410764419375
-0.4670826199284296
-0.46597061049465255
-0.4649051487289338
-0.4638863383648305
-0.4629142568151511
-0.46198900544406796
-0.4611106672647733
-0.46027931054484306
-0.459495026658827
-0.45875787126935696
-0.4580679181289991
-0.4574252279403741
-0.45682985077961125
-0.45628185893868595
-0.4557812842528053
-0.4553281820061604
-0.45492257855704776
-0.4545645312460422
-0.4542540417030979
-0.45399116530488665
-0.4537759103921996
-0.45360828867017244
-0.4534883262531885
-0.4534160274019085
-0.4533913870851274
-0.45341441751658845
-0.45348510229175276
-0.45360344410017106
-0.4537694150673227
-0.45398301091853477
-0.45424418923148785
-0.4545529436529094
-0.45490921655450434
-0.4553129890237531
-0.4557642145751399
-0.4562628433918075
-0.45680881846211707
-0.45740209860883224
-0.4580425937497946
-0.45873027405677175
-0.4594650434654718
-0.46024683652484505
-0.46107557698251955
-0.4619511669681767
-0.46287352048014324
-0.4638425509490046
-0.46485814868287295
-0.4659202084882826
-0.4670286349300037
-0.4681833000138916
-0.46938408648597535
-0.47063087808831894
-0.4719235463550597
-0.47326194503261165
-0.4746459577767801
-0.47607541740226944
-0.4775502013156169
-0.47907012192590914
-0.48063505485978053
-0.48224482351943376
-0.483899263315764
-0.485598198232715
-0.48734145687254443
-0.48912885152377705
-0.4909601957339938
-0.4928353127865697
-0.4947539829316306
-0.49671602206970694
-0.49872121560897115
-0.5007693628817842
-0.5028602441600871
-0.5049936290116063
-0.5071692962901774
-0.5093870190128161
-0.511646566516285
-0.5139476978084858
-0.516290163839519
-0.518673718705241
-0.5210981129304689
-0.5235630795944567
-0.5260683625801608
-0.5286136811445123
-0.5311987790947734
-0.5338233674201434
-0.5364871748645693
-0.5391899080328264
-0.5419312773460935
-0.5447109821808223
-0.5475287323981236
-0.5503842216313216
-0.5532771250507583
-0.5562071430346612
-0.5591739636415703
-0.5621772474057932
-0.5652166744790452
-0.5682919170012196
-0.5714026281876629
-0.5745484753407737
-0.5777291175244718
-0.5809441913915397
-0.5841933649184733
-0.5874762576341296
-0.5907925283595704
-0.5941417862914151
-0.597523678737069
-0.6009378338838307
-0.6043838639427132
-0.6078613826737006
-0.6113700163200808
-0.6149093632097417
-0.6184790328494317
-0.6220786275173359
-0.6257077417066252
-0.6293659721082898
-0.6330529048490415
-0.6367681234646283
-0.6405112155423079
-0.6442817663297605
-0.6480793308293717
-0.6519035006818736
-0.6557538245665548
-0.6596298798594314
-0.6635312250484464
-0.6674574068304596
-0.6714079986802112
-0.675382526988669
-0.6793805619893424
-0.6834016298846601
-0.6874452708238552
-0.6915110341678028
-0.6955984507596075
-0.6997070483993886
-0.7038363475081248
-0.7079858829913084
-0.7121551707657034
-0.7163437448952661
-0.720551102478621
-0.7247767648537445
-0.7290202448287462
-0.7332810392727095
-0.7375586788668431
-0.7418526442578718
-0.7461624382668409
-0.7504875708997149
-0.7548275197917119
-0.7591817954017646
-0.7635498821408427
-0.76793125902008
-0.7723254430120445
-0.776731880774356
-0.781150077611656
-0.7855795013661648
-0.7900196477883071
-0.7944699892616939
-0.7989299898274587
-0.8033991285031408
-0.8078768847663521
-0.8123627140694165
-0.8168560997466406
-0.8213564997661472
-0.8258633825249321
-0.8303762178330936
-0.8348944569813944
-0.8394175714282238
-0.8439450225755127
-0.8484762647725987
-0.8530107665218947
-0.857547975854527
-0.8620873555620653
-0.8666283573084184
-0.8711704443563392
-0.8757130632552038
-0.8802556672828983
-0.8847977285215926
-0.8893386811435315
-0.8938779882003326
-0.8984150940315759
-0.9029494585843576
-0.9074805293812367
-0.9120077707923901
-0.9165306138817737
-0.9210485298876668
-0.925560965950735
-0.9300673735851339
-0.9345672078808597
-0.9390599131939213
-0.9435449532113687
-0.948021785578635
-0.9524898489321636
-0.9569486121270957
-0.9613975359300411
-0.965836063485215
-0.970263653857933
-0.9746797732366876
-0.9790838817738063
-0.9834754265419152
-0.9878538894341153
-0.9922187147469871
-0.996569379653492
-1.0009053414681017
-1.0052260712749055
-1.0095310345353203
-1.0138197018490451
-1.0180915497574943
-1.0223460471185175
-1.0265826628453385
-1.030800887234064
-1.0350001855332815
-1.0391800426536326
-1.04333995488407
-1.0474793847538817
-1.0515978209529742
-1.055694777437118
-1.0597697169217188
-1.0638221381786879
-1.0678515523653767
-1.0718574474837614
-1.0758393263768185
-1.0797966892820117
-1.0837290481462343
-1.0876359077610953
-1.0915167732085014
-1.0953711671666726
-1.0991986170737296
-1.1029986290344052
-1.1067707244871852
-1.1105144444043058
-1.1142293021920988
-1.1179148383499897
-1.1215705944526733
-1.1251960976355273
-1.1287909077297176
-1.1323545589361637
-1.1358865946906045
-1.1393865841324589
-1.1428540789790351
-1.14628863047554
-1.1496898190156863
-1.153057201626931
-1.156390361457297
-1.1596888591985968
-1.1629522817534956
-1.1661802078728152
-1.1693722414245502
-1.172527953773108
-1.1756469588168708
-1.178728842423254
-1.1817732218477641
-1.1847796924307163
-1.1877478715283318
-1.1906773767430445
-1.1935678349847363
-1.1964188701382399
-1.1992301133105816
-1.202001187910064
-1.2047317523382746
-1.2074214389953852
-1.2100699011807514
-1.212676782139916
-1.2152417535582403
-1.2177644743327147
-1.2202446074090374
-1.222681834021118
-1.2250758232181724
-1.2274262572402839
-1.2297328246652077
-1.2319952292978356
-1.2342131497389552
-1.2363862894948912
-1.2385143720338916
-1.240597093017235
-1.2426341834903123
-1.244625343322023
-1.2465703267676806
-1.2484688447420955
-1.250320650927033
-1.2521254801741422
-1.2538830735039945
-1.2555931991696732
-1.257255605208314
-1.2588700563444615
-1.2604363239315002
-1.2619541860423147
-1.2634234110257685
-1.2648437906740215
-1.266215111951118
-1.2675371779334037
-1.2688097840348602
-1.2700327309808273
-1.2712058425354464
-1.2723289247998413
-1.2734018035650345
-1.2744243023943072
-1.2753962674098402
-1.2763175287930584
-1.277187923887995
-1.2780073121852062
-1.278775539776175
-1.2794924737778581
-1.2801579765000224
-1.2807719196229526
-1.2813341747180838
-1.28184463295149
-1.282303175781447
-1.2827096975316046
-1.2830640917980785
-1.283366261454738
-1.28361611961881
-1.2838135790150302
-1.2839585576453805
-1.2840509747142899
-1.2840907692596037
-1.2840778743068741
-1.2840122277161472
-1.2838937773335086
-1.2837224705767651
-1.2834982688747538
-1.2832211378232214
-1.2828910299075058
-1.2825079188402961
-1.2820718052458335
-1.2815826415353684
-1.2810404283680084
-1.2804451615513024
-1.2797968407376188
-1.2790954542306683
-1.2783410186992081
-1.2775335564076364
-1.2766730686051782
-1.2757595885545403
-1.274793140027196
-1.2737737610635846
-1.2727014877906715
-1.2715763587035114
-1.2703984298077466
-1.269167735732272
-1.2678843581533883
-1.2665483398022097
-1.2651597597132058
-1.263718678519843
-1.2622251816786472
-1.2606793414262962
-1.2590812541164078
-1.257431006749923
-1.2557286905809202
-1.2539743995470176
-1.2521682453945524
-1.2503103393615478
-1.248400786556326
-1.2464397047079216
-1.2444272187239955
-1.2423634474717031
-1.2402485288573544
-1.2380825886038662
-1.2358657758322824
-1.23359822259354
-1.2312800843713043
-1.2289115018284984
-1.2264926410315358
-1.224023655828793
-1.221504698638294
-1.2189359568761264
-1.2163175829629478
-1.2136497636154886
-1.2109326573049386
-1.20816646817626
-1.2053513738195176
-1.20248756485389
-1.1995752270454954
-1.1966145660947358
-1.193605774915115
-1.1905490630906608
-1.1874446310534024
-1.1842926949415342
-1.1810934740566168
-1.1778471606904652
-1.1745540130718564
-1.171214221190349
-1.1678280239163432
-1.164395658039521
-1.1609173488401154
-1.1573933310494688
-1.1538238541453714
-1.1502091490203792
-1.146549475143558
-1.1428450614229728
-1.1390961747602624
-1.1353030577452798
-1.1314659697431315
-1.1275851786950293
-1.123660934387712
-1.1196935026935655
-1.115683162002084
-1.111630172745917
-1.107534809029346
-1.1033973398018273
-1.0992180543600267
-1.0949972212491605
-1.0907351232846605
-1.086432052204785
-1.0820882886384178
-1.0777041219379049
-1.0732798382303699
-1.0688157347115381
-1.0643121057105367
-1.0597692492431805
-1.055187461371726
-1.0505670447641595
-1.0459082978571068
-1.0412115273138696
-1.0364770462394488
-1.0317051504975798
-1.026896160313628
-1.022050377904034
-1.0171681258429395
-1.0122497101528178
-1.0072954501514781
-1.0023056670832207
-0.9972806762742233
-0.9922207964678641
-0.9871263574538539
-0.9819976776010729
-0.9768350744760946
-0.9716388958968685
-0.966409445736063
-0.9611470687736811
-0.9558520815004298
-0.9505248231768585
-0.9451656243065905
-0.9397748184420663
-0.9343527371320817
-0.9288997252562362
-0.9234161050012057
-0.9179022247375075
-0.9123584182714795
-0.906785016509671
-0.9011823713445345
-0.8955508206861352
-0.8898907009298408
-0.8842023611318746
-0.878486137498085
-0.8727423778437574
-0.8669714210626779
-0.8611736225842652
-0.8553493107422467
-0.8494988462883978
-0.8436225740524477
-0.8377208290532923
-0.8317939750260577
-0.8258423472877885
-0.8198662976368194
-0.813866174601802
-0.8078423360116099
-0.8017951173743096
-0.7957248761727833
-0.7896319584474046
-0.7835167167050173
-0.777379494484207
-0.771220657717254
-0.7650405416945059
-0.7588395070871015
-0.7526178970733629
-0.7463760716942333
-0.740114376108081
-0.7338331617605124
-0.7275327798701392
-0.7212135780038462
-0.714875919295683
-0.7085201508577782
-0.702146615806482
-0.6957556696160662
-0.6893476647199149
-0.6829229512245508
-0.6764818756867153
-0.6700248022639593
-0.6635520676566415
-0.6570640271982457
-0.650561030092694
-0.644043425516348
-0.6375115689211523
-0.6309657999096762
-0.6244064789883528
-0.6178339416046986
-0.6112485453518108
-0.6046506384612793
-0.5980405650140695
-0.5914186773780046
-0.5847853169002823
-0.5781408319244642
-0.5714855671412152
-0.5648198735856418
-0.5581440968346417
-0.5514585731370596
-0.5447636593261559
-0.5380596925268949
-0.5313470097214514
-0.5246259673073316
-0.5178969044491679
-0.5111601629016898
-0.5044160719394694
-0.49766498583007496
-0.49090724685199394
-0.4841431813500401
-0.4773731463259888
-0.4705974682152283
-0.4638164862466
-0.4570305351870743
-0.4502399632783189
-0.44344509609463456
-0.4366462747708423
-0.42984382920145064
-0.42303810194044644
-0.41622941642120365
-0.4094181141813619
-0.402604515704345
-0.3957889668093568
-0.38897178772255364
-0.3821533168267426
-0.3753338779205657
-0.3685137925419012
-0.361693399410708
-0.3548730206334665
-0.34805298600110524
