1025
-1.6408062378454291
-1.639259585270655
-1.637635545781553
-1.6359346656917164
-1.634157487436298
-1.6323045812100478
-1.6303765125337029
-1.628373866248499
-1.626297225429377
-1.6241472163909536
-1.621924429317722
-1.6196295028466003
-1.6172630584952916
-1.6148257442911889
-1.6123182221664811
-1.6097411338386256
-1.6070951734010317
-1.6043810123170885
-1.6015993459060502
-1.5987508721855195
-1.5958362993989565
-1.5928563463155976
-1.5898117474362303
-1.5867032353660047
-1.5835315492756414
-1.5802974503740141
-1.5770017036356494
-1.573645075576832
-1.57022834783033
-1.5667523054866783
-1.5632177496282529
-1.5596254747903884
-1.5559762964233623
-1.5522710432894853
-1.5485105336992167
-1.5446955963404319
-1.5408270798323518
-1.536905827567624
-1.5329327105540138
-1.5289085770591901
-1.5248342868387392
-1.5207107416696373
-1.516538802209112
-1.5123193778939488
-1.5080533470026436
-1.5037416036524602
-1.499385083024253
-1.49498466714367
-1.49054130322039
-1.486055901642914
-1.481529385968405
-1.476962691866849
-1.4723567673078357
-1.4677125515030498
-1.463031003299083
-1.4583130596581084
-1.4535596939403197
-1.4487718621427683
-1.443950520779313
-1.4390966606650093
-1.43421123537014
-1.429295247014121
-1.4243496592220743
-1.4193754670362517
-1.4143736483372593
-1.4093451987502097
-1.4042911100471656
-1.399212383468942
-1.394110020446631
-1.388985009494754
-1.3838383642224015
-1.3786711007173975
-1.3734842079437812
-1.368278702375033
-1.363055588472866
-1.357815891607086
-1.3525606138019224
-1.3472907774236178
-1.34200738809685
-1.336711480275738
-1.3314040535277627
-1.3260861286325858
-1.3207587113797974
-1.3154228373969301
-1.3100795218816865
-1.304729766598252
-1.2993746062801956
-1.294015035800395
-1.2886520884442736
-1.2832867704729978
-1.2779200885384734
-1.2725530672033374
-1.2671866965361458
-1.2618220174106471
-1.2564599922081265
-1.2511016532019394
-1.2457480019587404
-1.2404000208767738
-1.2350587319386048
-1.22972510425858
-1.2244001461796006
-1.2190848444671445
-1.213780172495896
-1.208487124040274
-1.2032066857732302
-1.1979398076228773
-1.192687475972878
-1.1874506645512184
-1.182230323038069
-1.1770274145074329
-1.1718428917616377
-1.166677705653835
-1.1615328155388962
-1.156409133430694
-1.151307613395089
-1.1462291687497366
-1.1411747495786047
-1.1361452573008266
-1.1311416046040885
-1.126164696687037
-1.1212154420900329
-1.1162947292568302
-1.111403459968825
-1.1065424901574181
-1.101712720624439
-1.096915013667658
-1.0921502153766678
-1.0874192098942679
-1.0827228140585592
-1.0780618778277957
-1.0734372727720933
-1.0688497619348853
-1.0643001868539859
-1.0597893635458633
-1.0553180999257876
-1.0508871813029332
-1.046497386511443
-1.0421495025533372
-1.0378442983899625
-1.033582521474572
-1.0293649336694983
-1.025192282346407
-1.0210652903845094
-1.0169846817899655
-1.0129511702095222
-1.0089654776459935
-1.0050282910181
-1.001140278568434
-0.9973021330974245
-0.993514532145352
-0.9897781249123706
-0.9860935483662738
-0.9824614623614605
-0.9788824606457145
-0.9753571734324812
-0.9718862274585622
-0.9684702068258346
-0.9651096940461202
-0.9618052501408346
-0.9585574538903108
-0.9553668461702869
-0.9522339951056383
-0.9491594170795045
-0.9461436350556244
-0.9431871399312132
-0.9402904400386628
-0.9374540344128283
-0.9346783790007652
-0.9319639588786442
-0.9293112034676113
-0.9267205657889789
-0.9241924769948328
-0.9217273379636415
-0.9193255669395809
-0.916987548879019
-0.9147136876432167
-0.9125043286192784
-0.9103598317385773
-0.9082805500843882
-0.9062668040439639
-0.9043189417553511
-0.9024372464712126
-0.9006220282691391
-0.8988735601736828
-0.8971921278610353
-0.8955779912668395
-0.89403137654614
-0.8925525478743008
-0.8911417110939824
-0.8897990682334234
-0.8885248374323558
-0.8873192027912306
-0.8861823316347353
-0.8851143766829667
-0.8841154853887768
-0.8831858091568515
-0.8823254541768465
-0.8815345365315796
-0.8808131700639246
-0.8801614179052021
-0.8795793564903579
-0.8790670678225626
-0.8786245716394772
-0.8782519159578782
-0.8779491252077476
-0.8777161948583234
-0.8775531365444147
-0.8774599371536799
-0.8774365670785852
-0.8774829825169786
-0.8775991339642213
-0.877784962940971
-0.8780403750099354
-0.8783652970982393
-0.8787596230886722
-0.8792232408322929
-0.879756026450122
-0.8803578306257327
-0.8810285249850925
-0.8817679247276704
-0.8825758598626774
-0.8834521536656043
-0.8843966072515911
-0.8854089992829914
-0.8864891142485574
-0.8876367199597381
-0.8888515780962295
-0.8901334148081732
-0.891481971095024
-0.8928969637537821
-0.8943781099911748
-0.8959250905192694
-0.8975375947352046
-0.8992153079756607
-0.9009578838064439
-0.9027649827726769
-0.9046362351762242
-0.9065712740804072
-0.9085697097052218
-0.9106311683514067
-0.9127552352810624
-0.9149414968453156
-0.9171895414583341
-0.9194989160649224
-0.9218691919880941
-0.9242998931098294
-0.9267905856974231
-0.9293407605392489
-0.9319499592310203
-0.9346176720230903
-0.937343403697258
-0.9401266227899239
-0.9429668071812981
-0.9458634456233256
-0.9488159745789906
-0.9518238551340243
-0.9548865017870275
-0.9580033557987414
-0.9611738524001103
-0.9643973862991314
-0.967673359509537
-0.9710011806510217
-0.9743802187860015
-0.9778098570929956
-0.9812894670521968
-0.9848184079789528
-0.9883960270408292
-0.992021675830855
-0.9956946764241428
-0.9994143862395298
-1.0031801028688243
-1.0069911607731594
-1.0108468326249596
-1.0147464662819778
-1.0186893133090797
-1.0226746834526725
-1.0267018493726283
-1.0307700717361608
-1.0348786352338377
-1.0390267970569131
-1.0432137935895294
-1.0474389014462007
-1.0517013235058144
-1.0560003310232149
-1.0603351476423102
-1.0647049808171805
-1.069109062511445
-1.0735466001588825
-1.0780168014946527
-1.0825188870485345
-1.0870520428726196
-1.0916154496184227
-1.0962083320223504
-1.1008298415825133
-1.1054791735181948
-1.1101555135364112
-1.1148580189705348
-1.1195858608873626
-1.12433820679628
-1.1291142133708891
-1.1339130603315217
-1.1387338759471262
-1.1435758382430872
-1.1484380676572015
-1.1533197370494497
-1.158219964526789
-1.1631379161031514
-1.1680727160136817
-1.1730234987149697
-1.1779893984685994
-1.1829695420148028
-1.187963087198922
-1.1929691301356353
-1.1979868257178683
-1.2030152705028458
-1.2080536168298588
-1.213100970347589
-1.218156441435801
-1.2232191974563364
-1.228288304956562
-1.2333629224765124
-1.2384421480675905
-1.2435251188646796
-1.2486109312313696
-1.253698718845785
-1.2587876161146467
-1.2638767055271705
-1.2689651563798912
-1.2740520438179967
-1.2791365186058037
-1.2842176969040053
-1.2892946815878374
-1.2943666185575018
-1.2994326245606251
-1.3044918512425403
-1.3095433886020218
-1.3145863883878253
-1.3196199839959262
-1.3246432999336688
-1.329655487192149
-1.3346556753247736
-1.339642997425069
-1.3446166084761926
-1.3495756518809257
-1.3545192714542935
-1.359446629914572
-1.3643568644244006
-1.3692491451596767
-1.374122627031092
-1.3789764765166794
-1.3838098518518192
-1.388621940566283
-1.393411901207378
-1.3981789279636538
-1.4029221847241344
-1.4076408798123137
-1.4123341875123512
-1.4170012992865826
-1.4216414262318495
-1.4262537642153308
-1.4308375300041818
-1.4353919253260843
-1.4399161834343681
-1.4444095117763334
-1.4488711407966648
-1.4533003026456124
-1.45769623989147
-1.4620582094977805
-1.466385420503402
-1.470677179349314
-1.4749326923365316
-1.4791512718762132
-1.4833321627404237
-1.4874746486944084
-1.491578015028093
-1.495641562268785
-1.499664560699735
-1.5036463330856398
-1.507586181857004
-1.511483414731581
-1.51533737197048
-1.519147380404683
-1.5229127446231348
-1.5266328399571547
-1.5303069852907614
-1.533934567586556
-1.5375149377533548
-1.541047452336366
-1.5445315125224561
-1.547966492545175
-1.5513517623321589
-1.554686752860947
-1.557970853293424
-1.5612034971788376
-1.5643840769151793
-1.5675120341033097
-1.5705868094799227
-1.573607863307689
-1.576574609201974
-1.5794865393309359
-1.5823431153870757
-1.585143816301499
-1.587888115066437
-1.590575513693549
-1.5932055129635347
-1.595777624315301
-1.598291354758308
-1.600746247542111
-1.6031418184733925
-1.6054776163641515
-1.6077532031461867
-1.6099681293761339
-1.6121219614875792
-1.6142142682421061
-1.6162446643590451
-1.6182127184015054
-1.6201180326887725
-1.621960234695438
-1.6237389394999266
-1.625453749000714
-1.6271043413171147
-1.6286903364092515
-1.6302114048778276
-1.631667203293715
-1.6330574036150858
-1.6343816909217141
-1.6356397440753208
-1.6368312932810483
-1.6379560182641995
-1.639013653050691
-1.6400039084489597
-1.6409265312448347
-1.6417812711504332
-1.6425678639759418
-1.64328608134196
-1.643935713394513
-1.6445165034232712
-1.6450282755386563
-1.645470807694929
-1.6458439173372759
-1.6461474162050664
-1.6463811384027285
-1.6465448898787034
-1.6466385808407316
-1.6466619789701462
-1.6466149991763952
-1.6464975083588005
-1.6463093732763194
-1.6460504798891291
-1.6457207374109066
-1.6453200524323386
-1.6448483274261876
-1.644305504591678
-1.6436915003030172
-1.6430062535573493
-1.6422497421604616
-1.6414218920684747
-1.640522701205784
-1.6395521242208677
-1.6385101596075196
-1.6373967863792853
-1.6362120316611943
-1.6349558796755121
-1.633628375161076
-1.6322295356892997
-1.6307593916688896
-1.6292180085757153
-1.6276054353345342
-1.6259217048232906
-1.6241669304029787
-1.6223411613578052
-1.6204444965668598
-1.618477033030092
-1.6164388745083902
-1.614330127806211
-1.6121509166029073
-1.609901371102588
-1.6075816362813886
-1.6051918337109963
-1.6027321279648654
-1.6002026931975897
-1.5976036726557452
-1.594935248022093
-1.5921976214353646
-1.5893909643997899
-1.586515479695845
-1.5835713785575996
-1.5805588703003843
-1.5774781787158643
-1.5743295301756302
-1.5711131527000564
-1.5678293017757055
-1.564478218663416
-1.5610601726974214
-1.5575754176211982
-1.5540242302897742
-1.5504068775264819
-1.5467236579084458
-1.5429748556951564
-1.5391607729389478
-1.535281710346582
-1.5313379837985381
-1.5273299092763553
-1.5232578260444272
-1.519122034260239
-1.514922889238742
-1.5106607432733892
-1.5063359314454796
-1.5019488024020393
-1.4974997538878294
-1.4929891063395824
-1.4884172660815673
-1.483784606756256
-1.4790915052807718
-1.474338357454233
-1.469525553722258
-1.4646534989123179
-1.459722599453349
-1.4547332765795793
-1.4496859232598442
-1.44458099215286
-1.4394188844819211
-1.4342000496964864
-1.4289249324960458
-1.4235939433428433
-1.418207555252295
-1.4127662176695928
-1.4072703759615588
-1.4017205104235568
-1.3961170459330872
-1.3904605014981442
-1.3847513092120536
-1.378989970213501
-1.373176960064924
-1.3673127769419637
-1.3613978800091426
-1.3554327857932476
-1.3494179804399562
-1.3433539797121932
-1.3372412661582402
-1.3310803715381927
-1.3248717806105625
-1.3186160319209725
-1.3123136113633624
-1.305965066199993
-1.2995709143834688
-1.2931316819746805
-1.2866478928143406
-1.2801200851285939
-1.273548785913165
-1.2669345349156225
-1.260277867388083
-1.2535793427334776
-1.2468394851681053
-1.2400588435139934
-1.2332379764868757
-1.2263774231511626
-1.2194777483062076
-1.2125394805356893
-1.2055632205416094
-1.1985494810355592
-1.1914988612022948
-1.184411878028349
-1.177289124287824
-1.1701311565227062
-1.162938538472103
-1.1557118438242024
-1.1484516145016446
-1.1411584418658305
-1.133832890041524
-1.126475531287036
-1.1190869267361505
-1.1116676455163335
-1.10421828046371
-1.0967393849245077
-1.0892315329380886
-1.0816953071347009
-1.0741312739393538
-1.0665399981377637
-1.0589220629736424
-1.0512780434678823
-1.0436084997005857
-1.0359140200291288
-1.028195180339576
-1.020452539495849
-1.012686671828493
-1.0048981579287735
-0.9970875464901342
-0.9892554321103395
-0.9814023786643715
-0.9735289413060035
-0.9656356952301554
-0.9577232298426958
-0.949792081617674
-0.9418428189888568
-0.9338760122244669
-0.9258922253907343
-0.9178920143395731
-0.9098759460174011
-0.9018445752568296
-0.8937984491772126
-0.8857381440500177
-0.8776641794170289
-0.8695771401249061
-0.8614775551553806
-0.8533659929198947
-0.8452429867452178
-0.8371090714279769
-0.8289647932250082
-0.8208107113853083
-0.8126473412097422
-0.8044752182977681
-0.7962948927403636
-0.7881068807513122
-0.7799117102190108
-0.7717099142350019
-0.7635020200876571
-0.7552885259228397
-0.7470699812945691
-0.7388468652452155
-0.730619726041203
-0.7223890390600046
-0.7141553402688618
-0.705919113889033
-0.6976808722539748
-0.6894411126130625
-0.6812003078479878
-0.6729589775339699
-0.6647175789398616
-0.6564766380536092
-0.6482366107405475
-0.6399979670106929
-0.6317612020900125
-0.6235267639506606
-0.6152951451841057
-0.6070668056920046
-0.5988421951064924
-0.5906217645520169
-0.5824059817704534
-0.574195304290991
-0.5659901593538189
-0.5577910081910548
-0.549598271289746
-0.5414123829947664
-0.5332337934912315
-0.5250629170087044
-0.5169001799435294
-0.5087460005873997
-0.5006007921422805
-0.4924649794492048
-0.48433894474817824
-0.4762231154494258
-0.4681178855438505
-0.46002365068581397
-0.4519407887572244
-0.44386968657640113
-0.4358107543501049
-0.4277643477794548
-0.4197308464732262
-0.41171062649699264
-0.4037040316271775
-0.395711461842928
-0.3877332486725117
-0.3797697458613211
-0.3718213141987527
-0.36388828932503287
-0.35597102552417087
-0.3480698479012898
-0.340185082024994
-0.3323170612572388
-0.3244661172241008
-0.316632564628279
-0.3088167156002155
-0.30101887919822357
-0.29323938096569463
-0.285478485414631
-0.2777365128227174
-0.2700137630908232
-0.26231052048973735
-0.25462705039637173
-0.24696366124400088
-0.23932060883308612
-0.23169818081021504
-0.22409663399295074
-0.21651622198877113
-0.20895722361274127
-0.20141986993807695
-0.1939044398577211
-0.18641115483534684
-0.1789402672210792
-0.171492019307047
-0.16406664688164244
-0.15666434683298078
-0.14928538122736174
-0.14192995674935896
-0.13459828468480203
-0.1272905763931848
-0.12000705746913834
-0.11274790813385316
-0.10551335427914743
-0.0983035613120104
-0.0911187591607588
-0.08395909394091455
-0.07682477988770385
-0.06971598467066871
-0.0626328827821255
-0.05557565669040517
-0.04854446258764716
-0.04153946714361306
-0.034560840868504764
-0.027608733279392162
-0.020683278876662346
-0.013784654786202053
-0.006913005361459663
-6.84412608440431e-5
0.0067488635302230815
0.013538779193847777
0.02030120385598938
0.02703598432795766
0.0337430126955718
0.04042214514655833
0.04707329167752204
0.053696321140251704
0.060291133665838256
0.06685760643054353
0.0733956670244005
0.07990519063630605
0.08638607991559007
0.09283826433114234
0.09926162068497908
0.10565607881152898
0.11202155606162185
0.11835796808109228
0.12466524270356229
0.13094329442203617
0.1371920511146759
0.14341145133167235
0.14960142886588754
0.15576190301027892
0.16189283387830336
0.1679941498045631
0.17406580985341882
0.18010774284359013
0.18611989461518572
0.19210223788594719
0.19805471618675224
0.2039772837828833
0.20986990756307147
0.21573254078758017
0.221565148298032
0.22736769629113815
0.23314015420455733
0.238882489611037
0.2445946779508367
0.2502766949142551
0.2559285217688487
0.2615501152092751
0.2671414884663339
0.27270259275318615
0.2782334236079068
0.2837339762216731
0.28920422395397216
0.29464416359227386
0.30005378503502494
0.3054330806331359
0.3107820389866705
0.31610065882040983
0.3213889449315629
0.3266468945102195
0.3318744919732858
0.3370717392808856
0.3422386593756126
0.34737524329333186
0.35248149644470533
0.35755741460501356
0.3626030212202333
0.36761831717484433
0.3726033095152159
0.3775580106332887
0.38248242881331423
0.3873765772229679
0.3922404793754312
0.39707412272355314
0.40187754524972863
0.40665075105961795
0.4113937506519225
0.4161065701837622
0.42078921663632046
0.42544171643527384
0.43006408859769346
0.43465634227505595
0.4392185008494967
0.4437505692071707
0.44825259118328453
0.4527245581592613
0.45716651401404107
0.4615784781527934
0.46596044959631244
0.4703124715498652
0.47463453341477707
0.47892668984883696
0.48318893964994436
0.4874213188946919
0.49162383086826505
0.49579650512850815
0.4999393620156248
0.5040524192376805
0.5081357029002801
0.5121892096075443
0.5162129926618145
0.5202070440387999
0.5241713879932342
0.5281060479173728
0.5320110409467815
0.5358863967764738
0.5397321051026064
0.5435482054914729
0.5473347060404437
0.5510916150476478
0.5548189700356267
0.5585167626931722
0.5621850096298322
0.5658237409940939
0.5694329577772715
0.5730126608483623
0.5765628882571612
0.5800836365033329
0.583574912411585
0.5870367278611439
0.590469101631777
0.5938720232214656
0.5972455126533015
0.6005895733809934
0.6039042175073552
0.607189432539963
0.610445243214694
0.6136716396941411
0.616868620620651
0.6200362069718577
0.6231743782434399
0.6262831378598521
0.6293624895063592
0.6324124371429711
0.63543295520479
0.6384240664492487
0.6413857540971352
0.6443180119392287
0.6472208223216853
0.6500941949257856
0.6529381180209938
0.6557525670135809
0.6585375386865217
0.6612930308830848
0.6640190162724963
0.6667154902813226
0.6693824267583436
0.6720198224479521
0.6746276587501346
0.6772059162815206
0.6797545656053992
0.6822736042784758
0.6847629945372142
0.6872227198807349
0.689652767262436
0.6920530977207037
0.6944237071365694
0.6967645329699994
0.6990755844944037
0.7013568199215123
0.7036082155029229
0.7058297334833091
0.7080213486020112
0.7101830267050762
0.7123147390151305
0.7144164427315378
0.7164881151069045
0.7185297317451109
0.7205412203127297
0.7225225830546491
0.7244737521350555
0.7263947050830913
0.7282853990517093
0.7301457980092205
0.7319758616468752
0.7337755401375041
0.7355447891758762
0.7372835893356394
0.7389918676834726
0.7406696040148248
0.7423167293677227
0.7439332088786113
0.7455190165662163
0.7470740704901545
0.7485983355783361
0.7500917793439139
0.751554344768596
0.7529859758781262
0.7543866272067808
0.7557562505000281
0.7570947909138724
0.7584022008700928
0.7596784370363991
0.7609234391576054
0.7621371563663936
0.7633195320527639
0.7644705163978677
0.7655900585697266
0.7666781143991984
0.7677346226771299
0.7687595230484052
0.7697527705986836
0.7707143061256005
0.7716440867363779
0.7725420418175675
0.7734081381463019
0.7742423036602036
0.7750444987858371
0.775814659131928
0.7765527386124361
0.77725867868588
0.7779324272640075
0.7785739327905571
0.7791831451163476
0.7797600026875876
0.7803044604576985
0.7808164692045586
0.7812959660182897
0.7817429131947677
0.782157243445153
0.7825389214655724
0.7828878873169104
0.7832041010185591
0.7834874982597626
0.7837380566629153
0.7839556958560954
0.7841403958634452
0.7842921072259326
0.7844107510812872
0.7844963221498128
0.7845487597795032
0.784568027137432
0.7845540755839584
0.7845068602779897
0.7844263514883877
0.7843124949410497
0.784165270574352
0.7839846142751996
0.7837705102593658
0.7835229286429745
0.7832418009785954
0.7829271326969872
0.7825788651174673
0.7821969757309527
0.781781434770316
0.7813322257869704
0.7808492951707499
0.780332637145923
0.7797822232646786
0.7791980211298606
0.7785800115668422
0.7779281940972406
0.7772425156782107
0.7765229847236539
0.7757695769612207
0.7749822827868196
0.7741610819981322
0.7733059697431065
0.7724169317904462
0.7714939554152503
0.770537055006544
0.7695462141693686
0.7685214221815206
0.7674626899594563
0.7663700150121536
0.7652434024239213
0.7640828561112221
0.7628883870371612
0.7616599984694468
0.7603977075806293
0.7591015157343711
0.7577714516738295
0.7564075315799995
0.7550097627867811
0.7535781857293612
0.7521128002825596
0.7506136497968011
0.7490807658529061
0.7475141685085787
0.7459138917521082
0.7442799737969953
0.7426124427702656
0.7409113469607204
0.7391767382656473
0.7374086430361738
0.7356071042406708
0.7337721975134246
0.7319039520605811
0.7300024201145816
0.7280676741784512
0.7260997668843542
0.7240987642445372
0.7220647127325448
0.7199976915151558
0.7178977710688618
0.715765012689088
0.7135995159707663
0.7114013306315403
0.7091705455864757
0.7069072416372253
0.7046115117652764
0.702283439767248
0.699923103666431
0.69753061462806
0.6951060623617569
0.6926495403173554
0.6901611597190064
0.6876410056643033
0.6850892096268223
0.6825058619149257
0.6798910882103555
0.6772449997131172
0.674567698892221
0.6718593281852068
0.6691200057146819
0.6663498522784362
