1025
1.2560634436885563
1.2580801710543252
1.2600738426942153
1.2620442878576748
1.2639913460629437
1.2659148465405121
1.26781462764683
1.269690519744451
1.2715423679955253
1.273369985190167
1.2751732257125046
1.2769519115997876
1.278705887255967
1.2804349835042088
1.2821390277361482
1.2838178713134178
1.285471335178145
1.2870992589548669
1.2887014793632958
1.2902778308704947
1.2918281519324906
1.2933522809228986
1.2948500448348144
1.2963212866218081
1.2977658476679979
1.2991835601641335
1.3005742582319553
1.3019377855576202
1.3032739749512035
1.304582669298276
1.3058637016775323
1.307116917587513
1.3083421532833683
1.3095392409315794
1.310708025381133
1.3118483529015195
1.3129600566315496
1.3140429801923537
1.3150969543742823
1.3161218298980655
1.3171174573994286
1.3180836557683298
1.319020286644065
1.31992717469629
1.320804178037886
1.321651145061877
1.3224678940262165
1.3232542976572792
1.3240101752677211
1.3247353804103332
1.3254297659927288
1.3260931778260698
1.32672545158671
1.327326440379739
1.327895981185323
1.3284339372890066
1.328940143006218
1.3294144523546365
1.3298567223404516
1.33026678413185
1.330644508092408
1.3309897213349542
1.3313022892706627
1.331582059240807
1.3318288854125473
1.3320426192327852
1.3322231173330858
1.3323702254793663
1.3324837984935005
1.3325637014362839
1.332609781360748
1.3326218838402286
1.332599881935797
1.3325436277223048
1.3324529826362324
1.3323277940380236
1.3321679317954018
1.3319732472207102
1.3317436099955662
1.3314788660084107
1.3311788891919223
1.3308435420997506
1.3304726957799369
1.3300661975684922
1.3296239156109464
1.3291457261456572
1.3286314806376165
1.3280810654247392
1.3274943311112397
1.3268711515567604
1.3262114046088176
1.3255149470118548
1.324781669026424
1.3240114121389834
1.3232040900769746
1.3223595504202814
1.3214776711247018
1.3205583415804345
1.319601420581284
1.3186068039452274
1.3175743601876373
1.3165039686127307
1.3153955219231113
1.3142488947637267
1.313063961513985
1.3118406279502974
1.3105787693735702
1.3092782632115756
1.3079390133295024
1.3065609040141088
1.3051438274180025
1.3036876721623967
1.3021923215835736
1.300657694417288
1.2990836674860897
1.297470153522236
1.2958170285965829
1.2941242066227423
1.2923915901441454
1.2906190809660207
1.2888065811924931
1.2869539971332506
1.2850612275836653
1.283128202377139
1.2811548093206513
1.2791409669476743
1.2770866007131623
1.2749916023263643
1.2728559116560858
1.270679440391641
1.2684620758902787
1.2662037905048438
1.2639044895971325
1.2615640924753602
1.2591825174503355
1.2567597038734022
1.254295585291041
1.2517900866464653
1.249243140653352
1.24665469521386
1.2440246788826244
1.241353025832905
1.2386396870796457
1.2358846068576888
1.233087732491655
1.2302489983398812
1.227368360469008
1.224445787194118
1.2214812226185638
1.2184746063317229
1.2154259136869756
1.2123351078050715
1.2092021322821718
1.206026984683562
1.2028096176172471
1.1995499845697457
1.1962480690318722
1.1929038443925388
1.1895173043401306
1.1860884122928848
1.1826171615312955
1.1791035126583747
1.1755474680739828
1.1719490109511037
1.168308153128085
1.1646248753829496
1.160899168271263
1.1571310445615723
1.1533204888044417
1.1494675270793067
1.1455721565706423
1.1416343826748405
1.1376542357829025
1.133631719531644
1.1295668617871355
1.1254596634598706
1.121310171025532
1.1171184095077655
1.1128844037795185
1.1086081991532306
1.1042898071289557
1.0999292916506593
1.0955266823767011
1.091082035351441
1.0865953901607894
1.082066796079019
1.0774963273781593
1.0728840178726826
1.0682299440389766
1.0635341776045057
1.0587967670744227
1.0540177895749006
1.0491973192886739
1.0443354418204343
1.039432241255282
1.0344877846273894
1.0295021774171464
1.0244755033103858
1.019407846011115
1.0142993228012875
1.0091500283478703
1.003960047900268
0.9987295185954707
0.9934585409437463
0.9881472259297267
0.9827957071708581
0.977404093495442
0.9719725116847864
0.9665010949954507
0.9609899752704543
0.9554392900817077
0.9498491759455338
0.9442197921602438
0.9385512700097571
0.9328437686240587
0.9270974413999767
0.9213124462842369
0.9154889519293522
0.9096271116315242
0.9037271145105426
0.8977891261732869
0.8918133215056948
0.8857998793304243
0.879748997001122
0.8736608588119597
0.8675356540751804
0.8613735758419013
0.8551748389837037
0.8489396388631135
0.8426681875690842
0.8363606919468296
0.8300173756948467
0.8236384613844685
0.817224163073534
0.8107747148120674
0.8042903420641557
0.797771289193836
0.7912177951561583
0.7846301082971108
0.7780084633499474
0.7713531182420574
0.7646643322901591
0.7579423529458489
0.7511874600882795
0.7443999056828693
0.737579980481233
0.7307279330111813
0.723844069791432
0.7169286504427108
0.7099819753685672
0.7030043263504931
0.6959960123679352
0.688957328422751
0.6818885610881893
0.6747900293920818
0.6676620362194345
0.6605049117089099
0.6533189677261224
0.6461045067819036
0.6388618765578036
0.6315913993251194
0.6242933999059437
0.6169682302580372
0.6096162232123271
0.6022377219396924
0.5948330765320615
0.587402641946654
0.5799467695724629
0.5724658324429305
0.5649601684260753
0.55743016399135
0.5498761725068564
0.54229859937605
0.5346977806937538
0.5270741331526052
0.5194280179822134
0.511759835082238
0.5040699847052328
0.49635884250281453
0.488626815974648
0.480874317775442
0.473101729639711
0.4653094944263103
0.4574979930998565
0.4496676492830905
0.4418188951956077
0.4339521424652989
0.42606782245233615
0.4181663665319864
0.41024818936313845
0.402313740674208
0.3943634686878191
0.3863977846419146
0.37841716370524064
0.37042203855674544
0.36241285426340203
0.3543900771960649
0.34635416453340934
0.33830556902347947
0.33024476144868586
0.322172184820589
0.3140883318025655
0.3059936517810718
0.29788864106502255
0.2897737523534286
0.2816494870428428
0.27351630304088403
0.2653746943875729
0.2572251530528171
0.2490681634191738
0.240904222927035
0.23273380329154753
0.22455742193256029
0.21637555554119456
0.20818872971471614
0.19999742172040935
0.1918021494463577
0.18360343354216418
0.1754017365690998
0.167197619469117
0.15899156025823438
0.15078409430580375
0.1425757153424183
0.13436696737967885
0.1261583538662288
0.11795038217820875
0.10974360933874913
0.10153851556298352
0.09333566631780683
0.0851355612866409
0.07693873745606382
0.0687457411314469
0.06055708172517074
0.05237330165721874
0.04419491293736116
0.036022480275079156
0.02785652512838279
0.019697578634913778
0.011546186791083985
0.003402877546074924
-0.004731806024408513
-0.012857318412462229
-0.0209731258462405
-0.029078690233836454
-0.0371734622577013
-0.04525691320439262
-0.05332848384510634
-0.06138764632917745
-0.06943385154305833
-0.07746655539606176
-0.0854852120821216
-0.09348929074734075
-0.1014782344321241
-0.10945151349657599
-0.11740856794537835
-0.1253488747261497
-0.13327187955812844
-0.14117703277616664
-0.14906380348655826
-0.15693164788536712
-0.16478002657985674
-0.17260839199961964
-0.18041621719976955
-0.18820294994690367
-0.19596805200891068
-0.2037109872938506
-0.21143122390397567
-0.2191282320941381
-0.2268014468609023
-0.23445037957916612
-0.24207444968923253
-0.2496731669221183
-0.2572459748171859
-0.2647923525335581
-0.272311774094067
-0.2798037211482042
-0.2872676481388536
-0.2947030511042223
-0.30210940061910274
-0.30948617369840753
-0.31683286695095886
-0.3241489644742593
-0.33143392452063425
-0.3386872652996252
-0.3459084514620249
-0.3530970042967852
-0.3602524048935207
-0.3673741397858174
-0.3744617314595838
-0.3815146696394137
-0.38853244007075444
-0.395514578597088
-0.40246057931557294
-0.40936997096833794
-0.41624224220127926
-0.4230769217630103
-0.4298735335995077
-0.436631613049176
-0.44335065445178856
-0.4500302129027414
-0.4566698148300767
-0.4632689982469936
-0.469827293704496
-0.47634424869021913
-0.48281941125959305
-0.48925233123067385
-0.4956425503822562
-0.5019896419835409
-0.5082931481947002
-0.5145526420744091
-0.520767695431078
-0.5269378718311983
-0.5330627455359042
-0.5391418916079878
-0.545174913134889
-0.5511613745467647
-0.5571008722676084
-0.5629930114797767
-0.5688373862729206
-0.5746335783047207
-0.5803812317883638
-0.586079933036397
-0.5917293139897538
-0.5973289879199616
-0.6028785790830303
-0.6083777232049675
-0.6138260407866526
-0.6192232022382006
-0.6245688225802506
-0.629862568545587
-0.6351040753358287
-0.6402930165157026
-0.6454290562853245
-0.6505118511062614
-0.6555410817980997
-0.6605164412513029
-0.6654375822948596
-0.6703042230940579
-0.6751160433096929
-0.6798727473722109
-0.6845740356638582
-0.6892196258350192
-0.693809211650559
-0.6983425680754621
-0.7028193487234214
-0.7072393346185363
-0.7116022558902062
-0.7159078447572039
-0.720155852578196
-0.7243460371043043
-0.728478162431061
-0.732551983852338
-0.7365672872614655
-0.740523832913094
-0.7444214069495255
-0.7482598164994657
-0.7520388313187034
-0.7557582755645051
-0.7594179374006872
-0.7630176430738168
-0.7665571926936466
-0.7700364369943655
-0.7734551794538626
-0.7768132816085312
-0.780110572912069
-0.7833468996379237
-0.7865221307714583
-0.7896361283053934
-0.7926887290041902
-0.7956798460059877
-0.7986093343241603
-0.8014770871999457
-0.8042829986928801
-0.8070269674912508
-0.8097088980084541
-0.8123286983751737
-0.8148862922852064
-0.8173816125580845
-0.8198145646325484
-0.822185098362834
-0.8244931729916933
-0.8267387120416957
-0.8289216770146464
-0.8310420482683654
-0.8330997770723184
-0.8350948421729298
-0.8370272303690076
-0.8388969245997333
-0.8407039224995411
-0.8424482250561693
-0.8441298273760184
-0.8457487602532285
-0.8473050330608006
-0.8487986822602812
-0.8502297348004357
-0.8515982308045295
-0.8529042102540281
-0.8541477356978813
-0.8553288575486009
-0.8564476460607107
-0.8575041695585295
-0.85849850667088
-0.8594307409257285
-0.8603009762213442
-0.8611092813231277
-0.8618557758229454
-0.8625405742781632
-0.8631637858681447
-0.8637255208136378
-0.8642259413257033
-0.8646651421667352
-0.8650432913799799
-0.8653605288975232
-0.8656170029350672
-0.8658128773023638
-0.8659483162429085
-0.8660234893816116
-0.8660385746844352
-0.8659937664268127
-0.8658892336233409
-0.8657251965461277
-0.8655018329988202
-0.8652193701934353
-0.8648780252654861
-0.8644779897132677
-0.8640195158146164
-0.8635028288182098
-0.8629281614676539
-0.8622957696902873
-0.8616058721007647
-0.8608587624631038
-0.8600546686081219
-0.8591938761283061
-0.8582766514382355
-0.8573032836885607
-0.856274025765828
-0.8551891914870865
-0.8540490623173892
-0.8528539523601308
-0.8516041474852236
-0.8502999773622771
-0.8489417363036815
-0.8475297657625106
-0.8460643645382792
-0.844545889150107
-0.8429746664036301
-0.8413510406086967
-0.8396753553355372
-0.837947962648071
-0.8361692152050033
-0.8343394795998597
-0.8324591117165719
-0.8305285018559
-0.8285480092555931
-0.8265180140878333
-0.8244389128393562
-0.8223110825623207
-0.8201349269901659
-0.8179108295574571
-0.8156392239239714
-0.8133204807110234
-0.8109550512848755
-0.8085433086746726
-0.8060857008280387
-0.803582647985229
-0.8010345737555613
-0.7984419227892398
-0.795805107088308
-0.793124587987827
-0.7904008054754993
-0.7876342108349743
-0.7848252491201763
-0.7819743714090823
-0.7790820574193976
-0.7761487569586709
-0.7731749314580852
-0.7701610659365736
-0.7671076233760071
-0.7640150764560877
-0.7608839111217102
-0.7577146164580078
-0.7545076635554524
-0.7512635567365444
-0.7479827928064339
-0.7446658536917617
-0.7413132395711586
-0.7379254620698668
-0.7345030052218694
-0.7310463966371935
-0.7275561405365459
-0.72403273656599
-0.7204767101724928
-0.7168885924417416
-0.7132688790195791
-0.7096180985400109
-0.7059367725511432
-0.7022254385908919
-0.6984846149623051
-0.6947148384595254
-0.6909166409756125
-0.6870905465776527
-0.6832371110544132
-0.6793568438653913
-0.6754503120226906
-0.6715180393794101
-0.6675605848466097
-0.6635784869618631
-0.6595722792681302
-0.6555425146815312
-0.6514897602105041
-0.6474145430499392
-0.6433174165578182
-0.6391989490059652
-0.6350596792112125
-0.6309001615309208
-0.6267209585003368
-0.6225226309668425
-0.618305712364143
-0.614070793734358
-0.6098183991008226
-0.6055491150819712
-0.6012634782681971
-0.5969620692798672
-0.5926454322180805
-0.5883141415663868
-0.5839687530559249
-0.5796098097911419
-0.5752379001575212
-0.5708535572847773
-0.5664573747961539
-0.5620498971031923
-0.5576316760596431
-0.5532032856086192
-0.548765272061606
-0.5443182133992684
-0.5398626682291634
-0.5353991822675102
-0.530928311470043
-0.5264506250139196
-0.5219666878093916
-0.5174770412474513
-0.5129822549275969
-0.5084828697789916
-0.503979438375018
-0.4994725314099653
-0.4949626891494521
-0.490450466234206
-0.48593641119561876
-0.48142107048027655
-0.4769050034503067
-0.47238873371146517
-0.46787282916087763
-0.46335782616450205
-0.4588442666593531
-0.45433268193662385
-0.44982360939669136
-0.44531760777986684
-0.4408151951239178
-0.4363169046714935
-0.4318232785587025
-0.4273348246088556
-0.4228521036419904
-0.41837561885986874
-0.4139058947201255
-0.409443462132959
-0.4049888336263377
-0.40054253487605895
-0.3961050768304447
-0.3916769608836695
-0.38725870675022256
-0.382850826434428
-0.37845382318214904
-0.37406819621166054
-0.3696944472250451
-0.365333086293605
-0.36098458154221125
-0.35664944071370996
-0.3523281621599214
-0.34802122841712385
-0.34372910420615443
-0.33945229691015105
-0.33519126885746636
-0.3309465070463026
-0.3267184741147711
-0.3225076342968416
-0.3183144660742681
-0.3141394163053926
-0.30998296836042105
-0.30584555726899654
-0.3017276457055211
-0.29762968644189824
-0.29355212855729174
-0.2894953910254981
-0.2854599412553093
-0.2814462031058482
-0.2774546083440561
-0.2734855832628605
-0.26953956851095273
-0.26561696704316057
-0.2617182168563834
-0.257843710491268
-0.253993886884715
-0.2501691204701432
-0.24636984091934727
-0.24259643345395013
-0.23884929881905093
-0.23512883440892482
-0.23143541821840122
-0.22776943559533164
-0.22413127916387238
-0.2205213163893764
-0.21693990449627304
-0.21338743556979187
-0.20986427174252775
-0.20637074953555795
-0.2029072541897456
-0.1994741333969101
-0.19607171152475966
-0.1927003529548539
-0.18936038678316
-0.1860521658568901
-0.18277599830373983
-0.17953222837468574
-0.17632116784679944
-0.17314315261703547
-0.1699984661123788
-0.16688743994068764
-0.16381038239556928
-0.16076757405431857
-0.15775934160916336
-0.15478595868751963
-0.1518477137897426
-0.1489448947212393
-0.14607777538354103
-0.14324663870316842
-0.14045175619294517
-0.1376933858241036
-0.13497179072631835
-0.13228723972271872
-0.12963996931048133
-0.1270302402689664
-0.12445828105763232
-0.12192434842765808
-0.1194286813837161
-0.11697149116690074
-0.11455301289626325
-0.11217347067776788
-0.10983307659420151
-0.10753204904670108
-0.10527059469302262
-0.10304891789683894
-0.10086721718015834
-0.09872569123697919
-0.0966245241760051
-0.09456390318932932
-0.09254400684695685
-0.09056502836647108
-0.08862711494222333
-0.08673045835622391
-0.0848752145199976
-0.08306153314018185
-0.08128958166512183
-0.07955950510511405
-0.07787145227178187
-0.07622555907002405
-0.07462197048374149
-0.07306081710269521
-0.07154222111052658
-0.07006630691954734
-0.06863320601950332
-0.06724303365161349
-0.06589588613657922
-0.06459187769701998
-0.06333111203557737
-0.062113693163412524
-0.060939703178067385
-0.05980923967401914
-0.05872238617692171
-0.05767922195907386
-0.05667982810280981
-0.05572427583209433
-0.05481262355695777
-0.05394495644840013
-0.05312131692422153
-0.052341769652575164
-0.05160637200390725
-0.0509151600603084
-0.050268188905872445
-0.04966548865779182
-0.04910709552146321
-0.04859304755515831
-0.04812336964887586
-0.04769809731396652
-0.04731722961621414
-0.04698080556288596
-0.0466888196763092
-0.04644127734446191
-0.04623820366137931
-0.04607957714095889
-0.04596542324785676
-0.04589570553732306
-0.04587043413603201
-0.04588957713572182
-0.04595313293416011
-0.04606107347917204
-0.0462133727125708
-0.0464100043783165
-0.046650929868911284
-0.046936133766128985
-0.04726554767590293
-0.0476391513718369
-0.04805689649231482
-0.04851872639676586
-0.04902459010068745
-0.04957442259821242
-0.050168184501764655
-0.05080579559315158
-0.05148719625315927
-0.05221232488244082
-0.05298108756705076
-0.05379343135759811
-0.05464927323001443
-0.055548517557987835
-0.056491087924633
-0.05747691101922119
-0.05850586895174621
-0.059577881390000746
-0.06069285353664854
-0.0618506842612015
-0.06305126198031769
-0.06429449927247982
-0.06558027656473617
-0.06690848223685741
-0.06827900022068065
-0.06969172736860553
-0.07114652682097877
-0.07264328844203921
-0.07418189112477608
-0.07576219007324671
-0.07738407761856722
-0.07904741410603733
-0.0807520624203505
-0.08249788207885003
-0.08428475007801164
-0.08611250496438656
-0.08798101370962211
-0.08989012690030468
-0.09183970763669737
-0.09382959038805341
-0.09585962489333343
-0.09792966824134508
-0.10003955798123146
-0.10218912735617029
-0.10437822541960341
-0.10660668294473931
-0.10887434476767685
-0.11118103494563107
-0.11352658460130408
-0.1159108238588089
-0.11833358975814554
-0.12079469623586699
-0.12329397985043902
-0.1258312588007856
-0.12840634490804284
-0.1310190716613741
-0.1336692404516901
-0.13635669463180988
-0.1390812208483285
-0.1418426439311715
-0.14464077336652278
-0.14747542388605037
-0.15034640007506136
-0.15325351474059248
-0.15619656743059668
-0.1591753730586306
-0.1621897245909886
-0.1652394180987573
-0.16832428350049713
-0.17144408864293095
-0.17459865958802595
-0.1777877774553847
-0.18101124720873316
-0.1842688556339744
-0.18756040246416927
-0.1908856887470337
-0.1942445053079011
-0.1976366273597479
-0.2010618696590418
-0.20452000281077046
-0.20801083906348927
-0.21153415435664796
-0.21508972131998874
-0.2186773579035672
-0.22229683955763213
-0.2259479401059596
-0.22963045155835
-0.23334416545664363
-0.23708886081276814
-0.24086432241030067
-0.24467033656891218
-0.2485066822393506
-0.25237313516511045
-0.2562694847437311
-0.26019551224417226
-0.2641510031179077
-0.268135733374902
-0.2721494842496182
-0.2761920274691455
-0.2802631475198012
-0.28436263455577054
-0.2884902557940288
-0.29264579609379265
-0.2968290273926019
-0.30103974104080117
-0.30527769721020503
-0.309542691368644
-0.3138344896512045
-0.31815287641158374
-0.3224976262910928
-0.3268685221749384
-0.3312653389621173
-0.33568785342333274
-0.340135842184685
-0.3446090909889241
-0.3491073699673997
-0.35363045832730383
-0.35817813917086705
-0.36275018174306406
-0.3673463763775387
-0.3719664919058448
-0.37661031317360566
-0.3812776121133026
-0.3859681801835777
-0.390681771946529
-0.3954181975909355
-0.40017721291099745
-0.4049585976861804
-0.409762163993922
-0.41458765637657324
-0.419434868474943
-0.42430357714569733
-0.4291935682535448
-0.4341046226525281
-0.43903651580259573
-0.44398904177434695
-0.4489619646880632
-0.45395509136230544
-0.4589681853046553
-0.46400102483636596
-0.46905342262911387
-0.4741251307669385
-0.47921595330957045
-0.48432567031668455
-0.48945406338605013
-0.4946009106794157
-0.499766016969465
-0.5049491550125016
-0.5101501106198922
-0.5153686812063606
-0.520604651262324
-0.5258577900542394
-0.5311279163434478
-0.5364147977411603
-0.5417182266110269
-0.547037991296798
-0.5523738870754586
-0.5577256990901402
-0.5630932211773536
-0.5684762502947228
-0.5738745598828086
-0.5792879517335449
-0.5847162236347676
-0.5901591609666407
-0.5956165589778226
-0.6010882088518797
-0.606573906065168
-0.6120734427768714
-0.6175866146258486
-0.6231132147407785
-0.628653046882451
-0.6342058943663618
-0.6397715540297417
-0.6453498336146417
-0.6509405125025253
-0.6565434086662604
-0.6621583029755607
-0.6677849905173682
-0.6734232785070405
-0.6790729627266372
-0.6847338412963105
-0.6904057163000571
-0.6960883820989218
-0.7017816274179125
-0.7074852689142941
-0.7131991090102042
-0.7189229243712986
-0.7246565323641017
-0.7303997384731495
-0.736152327054619
-0.7419141043681723
-0.7476848677505378
-0.7534644325553299
-0.7592525912725986
-0.7650491406865508
-0.7708538943100728
-0.7766666293515206
-0.7824871727012588
-0.7883153179270832
-0.7941508672962517
-0.7999936163482694
-0.8058433705629106
-0.8116999401562504
-0.8175631151459885
-0.8234326991755495
-0.8293085012624629
-0.8351903138391306
-0.8410779538795425
-0.8469712030595495
-0.852869879919445
-0.8587737746208937
-0.864682691048595
-0.8705964444423762
-0.8765148180239386
-0.8824376175183625
-0.8883646496423442
