1025
-0.6555151223058772
-0.6562213449073914
-0.6569309892158771
-0.6576440091154059
-0.6583603498641246
-0.6590799730261592
-0.6598028317752495
-0.6605288891250182
-0.6612581022351839
-0.6619904558455139
-0.6627259022463402
-0.6634644289223728
-0.6642060021375396
-0.6649506041259885
-0.6656982266229835
-0.6664488377816247
-0.6672024431421376
-0.6679590260305505
-0.6687185847994165
-0.6694811133379
-0.6702466106669768
-0.6710150816558236
-0.6717865341416379
-0.6725609737138337
-0.6733384079202644
-0.6741188544463451
-0.6749023317797977
-0.6756888554553043
-0.6764784479237365
-0.6772711301352472
-0.6780669344078607
-0.6788658814844112
-0.6796680056317416
-0.6804733468546187
-0.6812819354771251
-0.6820938038870118
-0.682908999819188
-0.683727558813839
-0.6845495384617714
-0.6853749744193358
-0.6862039074818371
-0.687036407714721
-0.6878725114428864
-0.6887122861627747
-0.6895557773284563
-0.6904030379545307
-0.6912541455496581
-0.6921091421841535
-0.6929681089118049
-0.693831099506787
-0.6946981784758298
-0.6955694132121442
-0.6964448761621668
-0.6973246354196297
-0.6982087680409579
-0.6990973363538605
-0.6999904219645743
-0.7008880984701418
-0.701790431045729
-0.7026975125522864
-0.7036094058982921
-0.7045262074278527
-0.7054479815703902
-0.7063748183219104
-0.7073067904955912
-0.7082439818970077
-0.7091864744114114
-0.7101343530561112
-0.7110877035347695
-0.7120465997500631
-0.7130111322423379
-0.7139813938220781
-0.7149574540909163
-0.7159394034040358
-0.7169273215908696
-0.7179213025224217
-0.7189214242489687
-0.7199277757207319
-0.7209404338938701
-0.7219594979440241
-0.7229850379998588
-0.7240171418637426
-0.7250558837630524
-0.7261013603947881
-0.7271536512498554
-0.7282128300289438
-0.7292789889024729
-0.7303521933685294
-0.7314325376519039
-0.7325200940743894
-0.7336149362617163
-0.7347171520637217
-0.735826802487955
-0.7369439846119366
-0.7380687418657194
-0.7392011669256877
-0.740341330848107
-0.7414892910406474
-0.7426451337480352
-0.7438089063816318
-0.7449806900538621
-0.7461605433584089
-0.7473485231123294
-0.7485446972170501
-0.7497491308597362
-0.7509618633541683
-0.7521829616634196
-0.7534124815882629
-0.754650467526597
-0.7558969720016466
-0.7571520418243785
-0.7584157219350198
-0.7596880673984951
-0.7609690993686977
-0.7622588697343178
-0.7635574034147263
-0.764864753868618
-0.7661809400951614
-0.7675059910564765
-0.768839933704365
-0.7701827948644201
-0.7715345948936374
-0.7728953610966411
-0.7742650892274484
-0.7756438138910902
-0.7770315396607668
-0.7784282636451518
-0.7798340113857426
-0.7812487641413675
-0.7826725253340189
-0.7841053227466748
-0.7855471024779557
-0.7869978737778424
-0.7884576269280847
-0.7899263486101383
-0.791404016835602
-0.7928906019971805
-0.794386086038441
-0.7958904414500334
-0.7974036263580084
-0.79892561169309
-0.8004563635897951
-0.8019958308148116
-0.8035439678121612
-0.8051007244440452
-0.8066660588483927
-0.8082399097864567
-0.8098222028489076
-0.8114128855636293
-0.813011898719333
-0.8146191665742231
-0.8162346062334093
-0.8178581556955787
-0.8194897113196412
-0.8211291967166221
-0.8227765366450073
-0.8244316299441169
-0.8260943785455366
-0.8277646726426965
-0.8294424188329511
-0.831127499259946
-0.8328198230751703
-0.834519264239849
-0.836225702805818
-0.837939006886391
-0.8396590548651286
-0.8413857238368979
-0.8431188714018358
-0.8448583675240854
-0.8466040599152516
-0.8483558082336212
-0.850113464814688
-0.8518768662637376
-0.8536458629611013
-0.8554202883048249
-0.8571999914637856
-0.8589847889484375
-0.8607745082322806
-0.8625689779986175
-0.8643680091447565
-0.8661714359949988
-0.8679790535162554
-0.869790678204115
-0.871606107841759
-0.8734251493697045
-0.8752476023706912
-0.8770732462749522
-0.878901889137845
-0.8807333059472415
-0.8825672733186931
-0.884403582071014
-0.8862420081419108
-0.8880823187665017
-0.8899242778656226
-0.8917676470239555
-0.8936121986753064
-0.8954576811890995
-0.8973038492682291
-0.8991504664405231
-0.9009972644435497
-0.902843988511139
-0.9046903946244759
-0.9065362013311796
-0.9083811505347578
-0.9102249738133442
-0.9120673895190268
-0.9139081309720158
-0.9157469206245535
-0.9175834754386258
-0.9194175053034613
-0.9212487267152323
-0.9230768524806584
-0.924901575832875
-0.9267226092274038
-0.9285396528559257
-0.9303524046426701
-0.9321605601731902
-0.9339638045461855
-0.935761842671446
-0.9375543445916354
-0.9393409984180288
-0.9411214927202535
-0.9428955069000908
-0.9446627099421737
-0.9464227815198062
-0.9481753937937474
-0.9499202229335364
-0.9516569259693077
-0.9533851747901922
-0.9551046304104757
-0.9568149642508921
-0.9585158204806729
-0.9602068622377345
-0.9618877542483475
-0.9635581437260629
-0.9652176882682741
-0.9668660311478318
-0.968502826457911
-0.970127713468454
-0.9717403523760649
-0.9733403789199201
-0.974927438713969
-0.9765011794340077
-0.9780612308831406
-0.9796072440981969
-0.9811388412822811
-0.9826556843171145
-0.9841573859589529
-0.9856435991514608
-0.9871139506520469
-0.9885680814212284
-0.9900056116808915
-0.9914261781573589
-0.9928294258185054
-0.9942149753396365
-0.9955824659180439
-0.9969315126470815
-0.9982617533748395
-0.9995728325313075
-1.0008643635422418
-1.0021359801244547
-1.0033873207461927
-1.0046180058982874
-1.00582766841712
-1.0070159409826158
-1.0081824549746679
-1.0093268356374352
-1.010448720682122
-1.0115477303235878
-1.0126235177508158
-1.013675698803308
-1.0147039214511624
-1.0157077959078586
-1.016686992099976
-1.0176411153270741
-1.018569821559534
-1.0194727427291097
-1.0203495110713166
-1.0211997792333893
-1.02202318723063
-1.0228193659033042
-1.0235879818638522
-1.0243286501226494
-1.0250410486336583
-1.0257248170631812
-1.0263795969711331
-1.0270050482526918
-1.0276008211380379
-1.0281665715645871
-1.0287019694939368
-1.0292066642741493
-1.029680311438059
-1.030122595963526
-1.0305331638747905
-1.0309116947158432
-1.031257862189115
-1.0315713300225413
-1.0318517774147338
-1.0320988828916027
-1.0323123258759903
-1.0324918033115196
-1.0326369822914034
-1.0327475722620658
-1.0328232434786324
-1.0328637121099993
-1.0328686571920094
-1.0328377969410303
-1.0327708257575896
-1.0326674500722088
-1.0325273794555236
-1.0323503239355156
-1.032136022399696
-1.031884170635498
-1.0315945127127208
-1.0312667536810785
-1.0309006460883279
-1.0304959113156578
-1.0300522804286192
-1.029569525975972
-1.029047355401086
-1.0284855465001372
-1.027883835211604
-1.0272419928925005
-1.0265597652479195
-1.0258369247113894
-1.0250732527317579
-1.0242684963253106
-1.0234224667168077
-1.0225349134905255
-1.0216056437498218
-1.020634440669186
-1.0196210868901465
-1.0185653962942938
-1.0174671645698758
-1.0163262172021708
-1.0151423375681947
-1.013915358579546
-1.0126451027380083
-1.011331388484735
-1.0099740560775539
-1.008572935851349
-1.0071278610524415
-1.0056386843577207
-1.0041052541860838
-1.0025274193910831
-1.0009050511043063
-0.9992379965618897
-0.9975261364107852
-0.9957693384726947
-0.9939674833643626
-0.9921204485986844
-0.9902281353179785
-0.9882904213090736
-0.986307220886007
-0.9842784214932151
-0.9822039510888964
-0.9800837064282758
-0.977917607389984
-0.9757055858387377
-0.9734475628350541
-0.9711434811645285
-0.9687932718030322
-0.9663968880019378
-0.9639542718388527
-0.961465377758111
-0.9589301653593225
-0.95634860269476
-0.9537206712496301
-0.9510463178749852
-0.948325557793008
-0.9455583415931281
-0.9427446929443131
-0.9398845901552424
-0.9369780376379959
-0.9340250448517001
-0.9310256319476752
-0.9279797968725381
-0.9248875782725254
-0.9217489993100657
-0.918564088293867
-0.9153328944927439
-0.9120554641312443
-0.9087318226171232
-0.9053620489612466
-0.9019461807506861
-0.8984843039952475
-0.8949764786386281
-0.8914227746621893
-0.887823283902685
-0.8841780882161251
-0.8804872602346547
-0.8767509193716002
-0.8729691529370689
-0.8691420796998504
-0.8652697911062801
-0.8613524101912052
-0.8573900613876504
-0.8533828793899512
-0.8493309686761943
-0.8452344872664026
-0.8410935686079541
-0.8369083610198175
-0.8326790074392709
-0.8284056687773363
-0.8240885041105355
-0.8197276812420914
-0.8153233621674756
-0.8108757301605463
-0.8063849546798664
-0.8018512226488427
-0.7972747293813025
-0.7926556634450328
-0.7879942178644025
-0.7832905917688058
-0.7785450123061503
-0.7737576703475547
-0.7689287840130707
-0.7640585829157547
-0.7591472895477572
-0.7541951099520734
-0.7492023097208168
-0.744169103871606
-0.7390957459940782
-0.7339824770386817
-0.7288295453168706
-0.7236372069623607
-0.7184057112373197
-0.7131353410461819
-0.707826342141452
-0.7024789952750462
-0.6970935643382198
-0.6916703317504452
-0.6862095841481264
-0.6807115936411734
-0.6751766556624663
-0.6696050759658193
-0.6639971213984205
-0.6583531172991206
-0.652673352722804
-0.6469581393924754
-0.6412077850400442
-0.6354226074956112
-0.6296029027212845
-0.6237490375809154
-0.6178612742606916
-0.6119399791010305
-0.6059854754050708
-0.5999980872024362
-0.593978147332656
-0.5879260030333093
-0.5818419929642138
-0.5757264568986689
-0.5695797487669124
-0.5634022096213795
-0.5571941865381058
-0.5509560565493886
-0.5446881501550858
-0.5383908506324204
-0.5320645015448482
-0.5257094791618171
-0.5193261382157722
-0.5129148640760232
-0.5064760101981458
-0.5000099690719367
-0.49351710539050364
-0.4869977929498067
-0.4804524246145654
-0.4738813826280087
-0.46728502571016006
-0.46066377050191776
-0.4540179838843883
-0.447348062057405
-0.4406543980548598
-0.43393738050592173
-0.4271974049473623
-0.4204348667360904
-0.4136501646016294
-0.40684370280358223
-0.40001586518493726
-0.3931670628335532
-0.38629770475595016
-0.37940818210981553
-0.3724989003522774
-0.36557027860273494
-0.3586227157011864
-0.3516566140181824
-0.3446723898188807
-0.33767045202800194
-0.33065121228033717
-0.3236150769556241
-0.3165624564349259
-0.30949377198346223
-0.3024094297715517
-0.2953098535002726
-0.2881954494073029
-0.2810666350956006
-0.2739238226199856
-0.26676743037652173
-0.2595978767315373
-0.25241557581642743
-0.24522094209700593
-0.2380143953940391
-0.23079635093650527
-0.22356723572259493
-0.21632744746073485
-0.2090774129405433
-0.20181755602954565
-0.19454828411131822
-0.18727000862555762
-0.17998317082273405
-0.17268815438725538
-0.16538539783017797
-0.15807531229694777
-0.15075830800045117
-0.14343480556554158
-0.1361052107846927
-0.12876994450802853
-0.12142941552963558
-0.11408404627340386
-0.1067342289786632
-0.09938039980341411
-0.09202294561308126
-0.08466229172944592
-0.07729885198389236
-0.06993301295531633
-0.06256519735470945
-0.055195813319697494
-0.04782525750775836
-0.04045394801712248
-0.033082261584757876
-0.025710634187850603
-0.018339438332876913
-0.010969092701703506
-0.0035999872031712904
0.0037674658513114157
0.011132893423057564
0.018495884901904413
0.025856051718474285
0.033212990817701404
0.04056632792099731
0.04791565070589859
0.05526059541672131
0.06260075445148618
0.06993576257684728
0.07726521994174791
0.08458874481796687
0.09190595811459806
0.09921648288920401
0.1065199372461766
0.11381594795467602
0.12110414172144116
0.1283841442524651
0.13565557496656777
0.1429180780238848
0.15017128388912013
0.15741481617288672
0.16464832286105593
0.17187142962462415
0.17908379518211123
0.1862850273713321
0.19347480265796094
0.20065273895358549
0.20781850954469108
0.21497174457868187
0.22211209936976048
0.22923922606159872
0.2363527742208037
0.243452419068413
0.25053779820400857
0.2576085812813378
0.2646644246220349
0.2717050022404713
0.27872998033801344
0.2857390114489065
0.2927317801002798
0.2997079570216961
0.30666721282268045
0.3136092273418527
0.3205336834060588
0.3274402576126593
0.3343286319149355
0.34119849729043256
0.3480495338219408
0.3548814261783425
0.36169387833332256
0.36848657826050046
0.3752592197300084
0.38201151253059074
0.38874314199001525
0.3954538131175514
0.4021432406450279
0.40881112544931547
0.4154571607092772
0.42208107689938595
0.4286825875267351
0.435261399215396
0.44181722959970315
0.4483498030991616
0.45485883484094786
0.4613440504597562
0.46780518495233353
0.4742419485866503
0.48065409739152515
0.4870413392634273
0.4934034257054581
0.49974007576624796
0.5060510388880692
0.5123360631307398
0.518594886859577
0.5248272429564054
0.5310328945369475
0.5372115889587069
0.5433630686297982
0.5494870956179265
0.5555834267497557
0.5616518143039405
0.5676920157691747
0.5737038064520379
0.5796869319258564
0.5856411821791587
0.5915663001293459
0.5974620800103676
0.6033282729190249
0.6091646681186214
0.6149710340645818
0.6207471479261341
0.6264928068622754
0.63220777169016
0.6378918503690327
0.6435448011792453
0.6491664278595446
0.6547565280461549
0.6603148827880091
0.6658412980947882
0.6713355546518914
0.6767974553777439
0.6822268062699429
0.6876234177143027
0.6929870783567339
0.698317593552343
0.7036147821095348
0.7088784403519498
0.7141083955698628
0.7193044582896856
0.724466431576587
0.7295941440416266
0.734687407845485
0.7397460490680192
0.7447698902610792
0.7497587450581901
0.7547124619193485
0.7596308455122657
0.7645137344215501
0.7693609578875874
0.7741723593176203
0.77894777350868
0.783687019127118
0.7883899485997016
0.7930564016518166
0.7976862123786939
0.8022792425326496
0.8068353113915109
0.8113542826980834
0.8158360055449484
0.8202803215205023
0.8246870887859505
0.8290561538845183
0.8333873773448621
0.8376806216315077
0.8419357394472609
0.8461525877980884
0.8503310284816142
0.854470929524563
0.8585721539387284
0.8626345565351382
0.8666580309104005
0.8706424291668831
0.8745876199134914
0.878493477689298
0.8823598880986588
0.8861867096924109
0.8899738350285996
0.8937211266698675
0.8974284765484226
0.9010957711345342
0.904722880047651
0.9083097040009056
0.9118561084845962
0.9153619988452132
0.9188272587661431
0.9222517726539273
0.9256354343710248
0.9289781557423202
0.9322798100757331
0.9355403004892087
0.938759529674531
0.9419373996082174
0.9450737969016375
0.9481686442132332
0.9512218235466925
0.9542332632545567
0.9572028462497678
0.9601305065763487
0.9630161349463309
0.9658596511399462
0.9686609696423497
0.9714199978343058
0.9741366577820421
0.9768108680681186
0.9794425391966193
0.9820315955565923
0.9845779754475891
0.98708157919634
0.9895423328968553
0.991960187206126
0.9943350421192065
0.9966668309044258
0.9989555055571053
1.00120098106847
1.0034032007966154
1.0055620858597254
1.0076775906575721
1.0097496425037675
1.011778185746807
1.0137631544909198
1.0157045137529115
1.0176021893224985
1.0194561280375627
1.0212662944804805
1.0230326148617304
1.024755053767096
1.02643356552394
1.0280681009168837
1.0296586224167137
1.031205080677127
1.0327074336223896
1.0341656501731624
1.0355796936478638
1.0369495163012188
1.0382751005789745
1.039556404553845
1.0407934099175853
1.0419860735903075
1.043134369465847
1.0442382827702503
1.0452977887496802
1.0463128601548677
1.0472834860829188
1.048209640602962
1.049091311343988
1.0499284833865068
1.0507211450242546
1.0514692851464713
1.0521728990263308
1.0528319792352274
1.05344652611493
1.0540165214678832
1.0545419873166144
1.055022906756281
1.0554592887015897
1.0558511444016279
1.0561984741293704
1.0565012924045687
1.0567596088975215
1.0569734397886439
1.0571427956270207
1.0572676963123233
1.0573481685532418
1.0573842347053788
1.0573759073763875
1.0573232141995972
1.057226199819345
1.0570848853103159
1.0568993059199339
1.0566694874139018
1.0563954848539343
1.056077327792087
1.055715061443872
1.0553087323424837
1.0548583832086806
1.0543640681195026
1.0538258444063437
1.0532437508064474
1.052617859756198
1.051948223987096
1.051234901369414
1.0504779634423087
1.0496774706096306
1.048833500631593
1.0479461233831733
1.0470154085502161
1.0460414383789358
1.0450242823171072
1.0439640377912862
1.0428607726765047
1.0417145920838748
1.0405255840065435
1.0392938276666228
1.0380194352715209
1.0367024855924332
1.0353431003836806
1.0339413707370981
1.03249741430211
1.0310113284053213
1.0294832333453523
1.0279132438602943
1.0263014764749425
1.0246480557597977
1.0229530918457417
1.021216732097818
1.019439091844459
1.0176203043547836
1.0157605080565033
1.013859843168386
1.0119184584656482
1.0099364804856872
1.0079140708720433
1.0058513764617891
1.0037485453851642
1.0016057486529275
0.999423130243864
0.9972008547762102
0.994939101840165
0.9926380278636895
0.9902978008286013
0.9879186122589741
0.985500633297132
0.9830440392885412
0.980549018472987
0.9780157659246365
0.9754444592183912
0.972835302099531
0.9701884895551135
0.9675042260902049
0.9647827060096025
0.9620241471538601
0.9592287544029948
0.9563967353371916
0.953528323389259
0.9506237218947676
0.9476831586743337
0.9447068622282725
0.9416950661550799
0.9386479900999162
0.9355658877700851
0.9324489912808495
0.9292975425353542
0.926111781116181
0.9228919675353173
0.9196383535960619
0.9163511860920579
0.9130307280743825
0.9096772480104888
0.9062910031819212
0.9028722699078932
0.8994213106130277
0.8959384108573344
0.8924238472879833
0.8888779029494028
0.8853008542838615
0.8816930021653944
0.8780546282850583
0.8743860285457162
0.8706875103628375
0.8669593644101835
0.8632019088891034
0.8594154253453018
0.8556002516121068
0.8517566925047436
0.8478850670677487
0.8439856903014029
0.8400588910817834
0.836104993380537
0.8321243294027432
0.8281172254778218
0.8240840265322338
0.8200250786591711
0.8159406962671205
0.8118312574571881
0.8076970828659203
0.803538537983989
0.799355975886513
0.7951497536350534
0.7909202320485181
0.786667769162051
0.7823927308304396
0.7780955003147153
0.7737764283442248
0.7694359078694695
0.7650742980161972
0.7606919870207933
0.7562893706062409
0.7518668124259237
0.7474247067526776
0.7429634566037792
0.7384834484791145
0.7339850744675681
0.7294687348124583
0.7249348345176908
0.7203837720723304
0.7158159561511497
0.7112318019618546
0.7066317132434377
0.7020161059935501
0.6973853909812772
0.6927399898362944
0.6880803240028353
0.68340682183794
0.6787199024885934
0.6740199891657754
0.6693075162844454
0.6645829117627098
0.6598466170405485
0.6550990549247528
0.6503406772752531
0.6455719103767201
0.6407932067164575
0.6360050002861355
0.6312077416551488
0.6264018753460036
0.6215878489644108
0.616766113389624
0.6119371243958887
0.6071013273528407
0.6022591821019714
0.597411148855145
0.5925576753808575
0.5876992318582187
0.5828362665769543
0.5779692515018279
0.5730986438951926
0.5682249139580561
0.5633485170601948
0.558469937729444
0.5535896209581008
0.548708053676588
0.5438257030493043
0.5389430180072748
0.5340604960420677
0.5291785989468277
0.5242978017240775
0.5194185766882763
0.5145413937120152
0.5096667354555383
0.5047950674547277
0.49992687858909096
0.49506262578089993
0.49020280071025335
0.485347883778927
0.4804983282919842
0.47565463879495795
0.4708172731813978
0.4659867148460935
0.46116344124449016
0.4563479382631731
0.45154066419211986
0.4467421097981698
0.4419527484102971
0.43717305066624895
0.4324034930124549
0.4276445656314017
0.42289671995160044
0.41816044752230036
0.4134362148325452
0.40872450041296476
0.4040257698840728
0.39934049872262095
0.39466915384710266
0.3900122018312022
0.38537012513669283
0.3807433836288716
0.37613243627426546
0.37153775686252527
0.36695980661018146
0.362399049200075
0.35785594447685865
0.3533309570924213
0.34882453898589205
0.3443371523123396
0.33986924417920866
0.3354212762284043
0.3309937010185321
0.3265869586011491
0.3222015112675927
0.31783778817846325
0.31349624521220215
0.3091773266152943
0.304881465982417
0.3006091021191931
0.29636067141619926
0.29213660230616245
0.28793732985698484
0.2837632903391979
0.2796148984756024
0.2754925725814184
0.2713967532529653
0.26732784281962724
0.26328625387746374
0.2592724121679552
0.25528672187647694
0.2513295922339984
0.2474014142611565
0.24350259864069834
0.2396335437418458
0.23579463517795332
0.23198628288371323
0.22820885541135005
0.2244627432293445
0.22074832548766835
0.217065987733073
0.21341609923381907
0.20979902417408436
0.20621513921752724
0.20266480549583718
0.19914837753963494
0.1956662192011372
0.1922186674555279
0.18880608850107017
0.18542881341211762
0.1820871907141833
0.17878155296396087
0.17551222161894542
0.1722795390692466
0.169083824722752
0.1659253944468694
