1025
1.4887054651516385
1.488621517653363
1.4885519058009693
1.4884969454853532
1.4884569539115735
1.4884322441408142
1.4884231319580479
1.4884299259623541
1.488452935886499
1.488492466174376
1.4885488191269196
1.4886222941321257
1.4887131893025543
1.4888217981279575
1.4889484135077882
1.4890933243724087
1.4892568170601996
1.4894391696602185
1.4896406674522011
1.4898615857357878
1.4901021973454378
1.490362771585753
1.4906435772651345
1.4909448767504905
1.4912669322323682
1.4916099956907023
1.4919743245531085
1.492360167965848
1.492767771478646
1.493197378869705
1.4936492238576482
1.4941235455622255
1.4946205746366856
1.4951405398791218
1.4956836602743746
1.4962501559922654
1.4968402442072348
1.4974541370457866
1.4980920395881179
1.4987541534174484
1.499440676650899
1.5001518112284744
1.500887738982353
1.5016486500000492
1.5024347222353773
1.5032461338247698
1.5040830612684524
1.5049456656889395
1.5058341147782766
1.5067485706106603
1.5076891807905108
1.5086560933943363
1.5096494602906794
1.510669414698931
1.5117161019205807
1.512789641026542
1.5138901623600625
1.5150177887457024
1.5161726300910665
1.5173548044350658
1.5185644125110256
1.5198015555701008
1.521066333999224
1.5223588309997038
1.5236791390485875
1.525027332885608
1.5264034929841312
1.5278076865432446
1.529239979707344
1.5307004312149086
1.5321890954571984
1.5337060232349682
1.5352512577837516
1.5368248383183931
1.5384267972457777
1.5400571649170487
1.54171595950573
1.5434032058782625
1.5451189087538617
1.5468630772371852
1.5486357181714798
1.5504368159915087
1.5522663721919574
1.5541243659682804
1.5560107774604954
1.5579255829114276
1.5598687524594095
1.5618402422301774
1.563840017028786
1.5658680305264785
1.5679242259420614
1.5700085443589353
1.572120922138728
1.5742612945238048
1.5764295813234928
1.5786257067530844
1.5808495856284501
1.5831011175426117
1.5853802193650786
1.587686780643276
1.5900206971670507
1.592381860878591
1.5947701469209352
1.5971854366967764
1.5996275982938766
1.6020964973515193
1.6045919995154687
1.6071139633428182
1.6096622314836402
1.6122366508321129
1.6148370607182019
1.6174632976719547
1.6201151930576787
1.6227925708228579
1.625495244030413
1.628223035377822
1.6309757495916304
1.6337531938849128
1.636555166158679
1.6393814582093433
1.642231862538638
1.6451061584430215
1.6480041300242925
1.6509255526668105
1.653870192783026
1.6568378176607046
1.6598281862903543
1.6628410548013712
1.6658761694597524
1.6689332873298128
1.6720121420894065
1.67511247341174
1.6782340103921256
1.6813764814050813
1.6845396209218342
1.6877231342583368
1.6909267452006316
1.6941501611810692
1.697393093077098
1.7006552354155517
1.7039362941485083
1.7072359607323986
1.710553924488785
1.7138898757650705
1.7172434894079998
1.7206144554436467
1.7240024372082283
1.7274071108077642
1.7308281418447402
1.7342651988877948
1.7377179347200449
1.7411860114925315
1.7446690841655794
1.7481667907305476
1.751678791488244
1.755204721891205
1.7587442216943754
1.7622969346808826
1.7658624828934384
1.7694405044059156
1.7730306218932645
1.7766324736078145
1.7802456624779397
1.7838698208005734
1.7875045586072016
1.7911494919665183
1.7948042309065115
1.7984683836308875
1.8021415607721727
1.8058233590040917
1.8095133817522486
1.8132112343171576
1.816916503369964
1.8206287937563221
1.8243476891681976
1.8280727870029398
1.8318036763949042
1.8355399362956837
1.839281162789754
1.8430269316176497
1.8467768301280185
1.85053043580134
1.8542873278485354
1.8580470803365203
1.8618092803023811
1.865573498539749
1.8693392972078915
1.8731062629113644
1.8768739612319778
1.880641962822271
1.8844098381183085
1.8881771617400032
1.891943492679406
1.8957084013717287
1.8994714538019597
1.9032322231522745
1.9069902662608855
1.9107451556078248
1.9144964493668613
1.9182437152465102
1.9219865188353027
1.9257244258275823
1.9294570021494966
1.9331838024499592
1.936904405065247
1.9406183634956384
1.9443252488068399
1.9480246252178675
1.951716056040955
1.9553991110606368
1.959073354130503
1.9627383524884456
1.9663936727989424
1.970038893609868
1.973673571060577
1.9772972814430902
1.980909596709174
1.9845100873716115
1.988098330159973
1.9916738908915046
1.9952363560987283
1.9987852916962299
2.0023202857552413
2.0058409133846102
2.0093467521354724
2.012837387756553
2.016312409115558
2.0197713958764028
2.0232139350025085
2.026639622838673
2.030048038329079
2.0334387868113586
2.036811456554555
2.0401656427748605
2.0435009468884533
2.046816974378748
2.0501133235889277
2.0533895993268803
2.056645405507845
2.059880362447999
2.0630940792299106
2.066286162789077
2.069456240068042
2.0726039259477975
2.0757288456083587
2.0788306256501117
2.0819088884574737
2.0849632650870644
2.087993392713096
2.0909989079274274
2.0939794482454808
2.0969346565377616
2.099864170636915
2.102767650853891
2.105644738961335
2.1084950956009254
2.1113183735265673
2.114114233369056
2.1168823469070013
2.119622370126467
2.1223339799303114
2.125016849863097
2.1276706521294035
2.130295070175049
2.132889795652955
2.135454502347648
2.1379888903545456
2.1404926527021098
2.142965481907042
2.1454070880194624
2.147817174043965
2.1501954453449335
2.1525416140262004
2.1548554048683686
2.1571365275185492
2.1593847150857304
2.161599687416134
2.163781180413416
2.1659289295142488
2.1680426754180306
2.170122154374602
2.172167119020021
2.1741773206101493
2.1761525111718134
2.1780924490920173
2.1799968986070644
2.181865626467427
2.1836983995229886
2.1854949987477643
2.1872551967901477
2.1889787802913294
2.1906655328726896
2.1923152473297787
2.1939277162830284
2.1955027379956644
2.1970401217853004
2.1985396665575174
2.2000011808247733
2.2014244890984203
2.202809399590885
2.204155743075695
2.205463348689504
2.206732037987718
2.207961651062542
2.2091520277469843
2.2103030061875364
2.2114144400803086
2.2124861786822865
2.2135180705750335
2.214509988223728
2.2154617826568246
2.216373317349318
2.2172444804990095
2.2180751362451145
2.21886516391313
2.2196144454842366
2.220322874403686
2.2209903280567853
2.221616717127912
2.222201930835084
2.222745874589217
2.223248450289919
2.2237095743366813
2.22412915398492
2.2245071055973167
2.2248433646173518
2.2251378408827107
2.2253904680244014
2.2256011819294685
2.2257699148950167
2.22589660923786
2.2259812083974264
2.226023655142794
2.2260239007971956
2.2259819058103023
2.225897623369008
2.225771016565421
2.2256020425038594
2.22539067816802
2.225136894621083
2.2248406608319553
2.224501960364055
2.2241207719793983
2.2236970819607373
2.223230875276722
2.2227221454773116
2.222170883508161
2.2215770938989623
2.2209407725841794
2.2202619227820217
2.2195405527524708
2.2187766656610393
2.217970289106446
2.217121425824592
2.216230094958555
2.215296323434475
2.214320134769
2.2133015525546855
2.2122406080630928
2.2111373327277453
2.2099917653970995
2.208803936328074
2.207573896851609
2.2063016781826597
2.204987328960443
2.203630903369815
2.2022324458593356
2.20079201269942
2.199309648921954
2.197785427341191
2.196219397912967
2.194611621988809
2.192962169272801
2.191271095078503
2.189538484866268
2.1877643985517863
2.185948901616676
2.1840920837304285
2.1821940087002263
2.180254764116963
2.178274427028428
2.1762530804539972
2.174190799371925
2.172087677834428
2.1699438033259497
2.16775926274276
2.1655341500131993
2.1632685488335714
2.1609625642388974
2.1586162827493456
2.1562298046938597
2.1538032313663282
2.151336656104821
2.1488301844895084
2.146283916013469
2.1436979586587728
2.141072409947664
2.138407387316699
2.135702984526624
2.13295932404487
2.1301765055692985
2.1273546473398715
2.124493851467247
2.1215942390318756
2.1186559192996284
2.1156790132499217
2.1126636223653
2.109609883950026
2.106517899762127
2.1033877960414626
2.100219691670879
2.0970136945579663
2.093769944401826
2.090488549198619
2.087169631716408
2.083813320685361
2.080419732816015
2.076988999494224
2.0735212395143567
2.0700165785922273
2.0664751423972403
2.0628970581940673
2.0592824548547197
2.0556314530653226
2.051944181482566
2.04822077373333
2.0444613483382303
2.0406660481566288
2.0368349860313297
2.032968303378094
2.029066117266338
2.0251285711147102
2.0211557901038995
2.017147900153293
2.0131050334674367
2.0090273256633155
2.004914901615499
2.000767894505012
1.996586439198462
1.9923706616963486
1.9881206965106222
1.9838366719315617
1.9795187285193072
1.9751669900536672
1.9707815918974247
1.9663626620747086
1.9619103409475318
1.9574247557087743
1.9529060386671322
1.9483543195985316
1.943769746853446
1.9391524293850777
1.9345025218759373
1.9298201361242961
1.9251054235428535
1.9203585089551138
1.915579526259785
1.9107686072441399
1.905925888208927
1.901051501993681
1.8961455754570424
1.8912082524052922
1.8862396621783355
1.8812399348992397
1.876209206213514
1.8711476100616173
1.8660552841242417
1.8609323589312676
1.8557789664502284
1.8505952458554886
1.845381327496687
1.8401373478475085
1.834863436514931
1.8295597415398033
1.8242263810880794
1.8188635034921832
1.8134712357985667
1.8080497220682539
1.8025990895114294
1.797119475881092
1.7916110252661805
1.786073864113564
1.7805081317059384
1.7749139772639828
1.7692915154426665
1.7636409053745594
1.7579622757745093
1.7522557702131274
1.7465215235588953
1.7407596773420781
1.734970365173698
1.7291537398713417
1.7233099283225646
1.7174390848001437
1.7115413446233767
1.705616854923264
1.6996657490867737
1.6936881830845645
1.6876842960151313
1.681654230870205
1.675598135487486
1.6695161544335562
1.663408437256839
1.6572751380888615
1.6511163902102441
1.64493235710388
1.6387231778742863
1.6324890143676631
1.6262300110398302
1.61994633250359
1.6136381190424198
1.6073055300828847
1.6009487256805275
1.5945678567682315
1.5881630821583521
1.581734566943459
1.5752824665687226
1.5688069435859917
1.5623081599992652
1.55578628020702
1.5492414674909873
1.5426738853610287
1.5360837104641272
1.5294711075752654
1.5228362416181789
1.516179288159934
1.5095004177220115
1.5027998092806807
1.4960776368535929
1.489334068414539
1.4825692991174213
1.4757834969949424
1.4689768423477094
1.4621495277850856
1.4553017341505663
1.4484336424136475
1.4415454475433835
1.4346373354390745
1.427709500863282
1.4207621323457238
1.413795426040302
1.406809582282243
1.3998047962402966
1.3927812619182809
1.3857391970414155
1.3786787952532353
1.3716002574504398
1.36450380478642
1.3573896341466092
1.350257958026535
1.3431089983843763
1.3359429646178846
1.3287600775652475
1.3215605502352734
1.3143446084547485
1.307112473792603
1.2998643795625624
1.2926005399933091
1.2853211930028672
1.278026565293958
1.270716894724806
1.26339242275468
1.2560533730448076
1.2486999934717198
1.2413325279128375
1.2339512161565453
1.2265563104929822
1.2191480524131415
1.2117266982006563
1.2042924970011484
1.1968457107548407
1.1893865913329134
1.1819153973963208
1.1744323981297744
1.166937843293343
1.1594320093920283
1.1519151666423886
1.1443875851809073
1.1368495294354442
1.1293012792989618
1.1217431163004348
1.1141753108630834
1.1065981541389753
1.0990119224161197
1.0914169026228304
1.0838133839624797
1.0762016606873137
1.0685820133810993
1.0609547479144625
1.0533201539756876
1.0456785313326873
1.0380301848511773
1.0303754130041642
1.0227145213372613
1.0150478157742857
1.007375603967299
0.9996981994100824
0.9920159139048295
0.9843290567459868
0.9766379554623206
0.9689429165740576
0.961244269971185
0.9535423318434603
0.9458374261221377
0.9381298819900182
0.9304200219752248
0.9227081830495181
0.9149946901099013
0.9072798726338187
0.8995640712705705
0.8918476222097586
0.8841308537556046
0.876414115106752
0.8686977438125225
0.8609820729130271
0.8532674589150441
0.8455542419808051
0.8378427578270893
0.8301333721252138
0.8224264200928099
0.8147222531693936
0.8070212243883744
0.79932368450629
0.7916299872222146
0.7839404911429084
0.7762555422646694
0.7685755028931073
0.7609007258560694
0.7532315697311757
0.7455684004472117
0.7379115653287522
0.7302614317992978
0.7226183600025486
0.714982705655687
0.7073548345192062
0.6997351121147168
0.692123893600986
0.6845215416104495
0.6769284245076855
0.6693449058429257
0.6617713439737584
0.6542081046029573
0.6466555594740206
0.6391140540255271
0.6315839664750549
0.6240656561123985
0.6165594818319395
0.6090658135232883
0.6015850068504998
0.5941174275024749
0.586663442687409
0.5792234011997658
0.5717976751089228
0.5643866125704368
0.5569905834972351
0.5496099393591336
0.5422450416112802
0.534896244127091
0.5275639054771413
0.5202483777554173
0.5129500070842999
0.5056691616049402
0.49840617959614286
0.4911614152175432
0.48393521095742337
0.4767279197683613
0.46953988979108946
0.4623714544972517
0.4552229614590424
0.44809474581813447
0.44098715070308064
0.43390051262543405
0.42683516243526193
0.41979142938420433
0.4127696507581677
0.40577014957197965
0.3987932492078192
0.39183928165407744
0.3849085582058067
0.3780013984684806
0.3711181235260992
0.364259042597783
0.3574244670503776
0.35061470608217316
0.3438300553876827
0.33707083169883445
0.3303373176000829
0.3236298223035699
0.3169486317483764
0.31029404099932845
0.30366632891336187
0.2970657870858446
0.290492690936014
0.2839473140613889
0.2774299314428851
0.27094081540978726
0.2644802254390052
0.2580484280473058
0.25164567694520645
0.24527223728479652
0.23892834668355648
0.23261426336751323
0.22633021585153953
0.22007645543672683
0.2138532089272607
0.20766071058522717
0.20149918834784983
0.19536885569181447
0.1892699392603939
0.18320264685919838
0.17716719192197508
0.17116376914404338
0.1651925840828252
0.1592538315482226
0.15334770314010943
0.14747438352049708
0.1416340552663697
0.13582688947712954
0.130053062454641
0.12431273573013989
0.11860607947438277
0.1129332406352174
0.10729437577660429
0.1016896266672128
0.09611914282927937
0.09058305208807176
0.08508149256980424
0.07961458396316717
0.07418244900622034
0.06878520839468845
0.06342296477962864
0.05809583028334998
0.05280389402793473
0.04754726324409566
0.042326017769483894
0.03714023939396398
0.03199001419518243
0.026875407298969027
0.02179648826639125
0.016753320218265123
0.01174595634062309
0.006774446942059003
0.001838837108756287
-0.0030608319948518133
-0.007924533341955035
-0.012752228318327579
-0.017543906338408872
-0.02229954275245374
-0.027019129901864364
-0.03170265341960791
-0.036350129618090324
-0.04096155586459615
-0.04553694405986133
-0.05007631054658047
-0.05457967582148551
-0.05904707529970601
-0.0634785397415981
-0.0678741071836921
-0.07223382551132843
-0.07655773846949539
-0.08084592103576083
-0.08509841365634144
-0.08931529622731804
-0.09349664097077043
-0.09764252329514059
-0.10175302832425434
-0.1058282469159178
-0.10986828313850641
-0.11387322153061459
-0.11784317937498087
-0.12177826603844578
-0.12567859745205684
-0.12954430267051623
-0.13337549663317017
-0.13717232457706646
-0.14093491974226474
-0.14466343042613455
-0.14835799304379385
-0.15201877599550828
-0.15564593613443592
-0.15923962874301004
-0.162800038194295
-0.16632732436437342
-0.16982167761793776
-0.17328327122675408
-0.17671230383251998
-0.1801089666226211
-0.18347345723429134
-0.1868059827039413
-0.1901067474571718
-0.1933759702877398
-0.19661386093602626
-0.1998206438216402
-0.20299655199558864
-0.2061418081213485
-0.20925665081661282
-0.21234132202858313
-0.2153960624353626
-0.2184211239734107
-0.22141675409419034
-0.22438321277671608
-0.22732075565891743
-0.23022965710806986
-0.233110175079467
-0.2359625827009976
-0.23878716024083513
-0.24158418102435192
-0.24435393628270663
-0.24709670254739774
-0.24981277802799878
-0.25250245372415187
-0.2551660190233509
-0.2578037818323634
-0.26041604126389223
-0.2630031115124929
-0.2655652850973166
-0.2681028843472731
-0.27061622887815867
-0.2731056230589869
-0.27557139249799284
-0.2780138639098142
-0.28043336270591485
-0.28283020334239745
-0.2852047318265613
-0.28755726902288253
-0.2898881561215336
-0.2921977260562067
-0.29448632126773255
-0.2967542778280981
-0.29900193357634397
-0.30122964106729483
-0.30343774153267716
-0.3056265850561114
-0.3077965151500388
-0.30994788031565135
-0.31208103934774434
-0.31419633819339676
-0.3162941363822142
-0.31837478410481734
-0.3204386381426615
-0.3224860476212211
-0.3245173826835939
-0.32653299246151535
-0.3285332361433192
-0.3305184745557644
-0.33248906415370383
-0.33444536524096663
-0.33638774094184626
-0.3383165479384092
-0.3402321437502793
-0.34213489121645807
-0.344025148345735
-0.345903274826325
-0.34776963227907975
-0.3496245795425851
-0.3514684683576574
-0.35330165708416084
-0.3551245104351597
-0.35693737941264964
-0.35874061838902904
-0.3605345794540853
-0.36231961602868207
-0.36409608810388544
-0.36586433218950537
-0.36762471082401343
-0.3693775694402703
-0.37112324667660085
-0.372862093515381
-0.37459445424778726
-0.3763206657744795
-0.37804107185244706
-0.3797560067767104
-0.3814658115037569
-0.38317081225821875
-0.38487134242020343
-0.3865677357911163
-0.38826031887190543
-0.38994941144949813
-0.39163533638576176
-0.3933184110593346
-0.39499896029161263
-0.39667729029406457
-0.39835371681045906
-0.40002855189036873
-0.401702082265741
-0.4033746300049933
-0.4050464860877034
-0.4067179478932556
-0.40838931126832584
-0.41006085716424406
-0.411732879280394
-0.41340565777940713
-0.41507947254409105
-0.4167545956021106
-0.41843130207783596
-0.42010986051699706
-0.4217905309829865
-0.423473579100788
-0.42515925626184053
-0.42684781804209676
-0.4285395132108765
-0.4302345871055136
-0.4319332736986317
-0.4336358160889861
-0.4353424417031597
-0.4370533782686219
-0.4387688500076457
-0.4404890782238974
-0.4422142728809475
-0.4439446407731661
-0.4456803944454752
-0.44742172854895806
-0.4491688395857093
-0.4509219194506861
-0.4526811549241622
-0.4544467252077006
-0.4562188100560711
-0.45799757775404576
-0.45978319819103963
-0.4615758305599675
-0.4633756301631306
-0.46518275172627754
-0.46699734166627094
-0.4688195348865252
-0.4706494841922294
-0.47248729820165547
-0.4743331191531245
-0.47618706173272435
-0.47804924253610825
-0.47991977343704956
-0.4817987552445625
-0.4836862921745867
-0.48558247309629166
-0.48748739238285804
-0.48940112796288787
-0.49132376208872086
-0.49325536923219193
-0.49519600762285493
-0.4971457486833317
-0.49910464273086425
-0.5010727448622149
-0.5030500965530332
-0.5050367369379561
-0.5070327047485785
-0.5090380259685287
-0.5110527246168678
-0.5130768185823412
-0.5151103186806811
-0.5171532369499721
-0.5192055651753503
-0.5212673090552489
-0.5233384512696592
-0.5254189799706956
-0.5275088755446447
-0.529608110258574
-0.5317166491910269
-0.5338344613346192
-0.5359615029638313
-0.5380977199707055
-0.5402430660033963
-0.5423974793894536
-0.5445608918218006
-0.5467332390170143
-0.548914444039317
-0.5511044280322582
-0.5533031007979481
-0.5555103766882115
-0.5577261542103
-0.5599503360493657
-0.5621828129351251
-0.5644234725110199
-0.566672195475409
-0.5689288669028112
-0.5711933520295633
-0.5734655206597075
-0.5757452383160828
-0.5780323540963443
-0.5803267256359496
-0.5826282030117912
-0.584936620510527
-0.5872518230472261
-0.5895736397829537
-0.5919018974628587
-0.5942364216363385
-0.5965770304511995
-0.5989235350852758
-0.601275748107105
-0.6036334730053078
-0.6059965048704878
-0.6083646447653234
-0.610737679358161
-0.613115397532838
-0.6154975857233149
-0.617884012023738
-0.6202744512784842
-0.6226686807940758
-0.6250664574561365
-0.6274675461590068
-0.6298717043059583
-0.6322786818938183
-0.634688229463969
-0.6371000933877835
-0.6395140122811416
-0.6419297209065189
-0.6443469587329222
-0.6467654552307587
-0.6491849316919546
-0.6516051147592271
-0.6540257235498858
-0.656446472599721
-0.6588670783741852
-0.6612872407477551
-0.6637066770493968
-0.6661250805436205
-0.6685421568464889
-0.6709576021123638
-0.6733711061003975
-0.6757823609681699
-0.6781910588886042
-0.6805968790282312
-0.6829995065589383
-0.6853986205678528
-0.6877938988514132
-0.6901850180629602
-0.692571642927246
