1025
-0.6652280229827988
-0.633523059268178
-0.6009787745054439
-0.5676104746050454
-0.5334342371114429
-0.498466883265163
-0.46272598619928784
-0.4262298240057229
-0.3889973852024974
-0.3510483373435565
-0.3124030184305275
-0.273082399993321
-0.23310808379289547
-0.19250227078004992
-0.15128773558404415
-0.10948781057047553
-0.0671263550061899
-0.02422772820725134
0.01918322942635424
0.0630812254544055
0.10744054410799139
0.1522350803058753
0.19743834850152778
0.24302353795877438
0.2889635177748014
0.33523088428446346
0.3817979829803252
0.4286369325820022
0.47571967696920225
0.5230179865039588
0.5705035163326084
0.6181478226579303
0.665922390614722
0.7137986737222856
0.7617481285690789
0.8097422384576037
0.8577525342282943
0.9057506526384758
0.9537083350617357
1.0015974851272607
1.0493901764042584
1.0970586941107707
1.1445755650981773
1.1919135735041724
1.2390458011030914
1.285945646440501
1.3325868597887258
1.3789435588439445
1.4249902575990998
1.4707018986824776
1.5160538594599875
1.5610219882953422
1.605582624566509
1.6497126143275387
1.6933893263377622
1.7365906869845682
1.7792951840409799
1.8214818875618057
1.8631304587864572
1.9042211789354555
1.9447349472324071
1.984653302677678
2.023958437640394
2.062633196433193
2.100661089790113
2.1380263068803527
2.1747137202657445
2.21070887962597
2.245998032293461
2.2805681210393103
2.314406777793219
2.3475023363506797
2.379843823275129
2.411420958573437
2.442224161318261
2.472244528706522
2.5014738479570995
2.5299045860412934
2.557529873367074
2.584343514835032
2.610339960090566
2.635514313058281
2.659862310890731
2.6833803097526316
2.706065291492556
2.7279148259359918
2.7489270697341066
2.7691007676986934
2.7884352065293108
2.806930222321405
2.824586182486042
2.8414039644008198
2.85738493711458
2.872530956388503
2.8868443386078217
2.900327827266686
2.912984621488779
2.924818304027821
2.935832866102791
2.946032656312408
2.9554223906688515
2.964007120934826
2.9717922073345697
2.9787833272012314
2.9849864254700815
2.9904077283148895
2.9950536985718017
2.9989310391474375
3.0020466718023413
3.0044076983197225
3.0060214313934326
3.006895332882459
3.007037028231652
3.006454267103702
3.005154948264542
3.0031470680301573
3.000438718995974
2.9970380918616852
2.992953445086217
2.9881931093256515
2.9827654653199414
2.9766789413069743
2.969941999906226
2.9625631398613885
2.954550877850151
2.9459137453280584
2.936660283207871
2.926799039784551
2.916338558247704
2.9052873838592177
2.8936540486923596
2.88144708244407
2.8686749954453297
2.855346293137092
2.84146947132601
2.8270530005286796
2.8121053522779706
2.796634987694334
2.780650351251403
2.7641598901156974
2.7471720440406826
2.729695260722922
2.7117379850146452
2.6933086745534025
2.674415798352466
2.6550678524842177
2.6352733496070497
2.6150408291736484
2.594378873028257
2.5732961006333537
2.551801184198616
2.5299028372021755
2.507609852819366
2.4849310664212054
2.4618754032224834
2.4384518634278947
2.4146695259765933
2.390537564112243
2.3660652525160053
2.3412619521950933
2.3161371527441252
2.2907004328104943
2.2649615104193
2.2389302057961418
2.2126164765218257
2.1860304044397827
2.159182198973167
2.132082214335144
2.1047409325031285
2.077168975525505
2.049377100848624
2.0213762201776024
1.9931773662615693
1.964791720332645
1.9362306002794831
1.907505460430287
1.8786278820522169
1.849609591605257
1.8204624245481051
1.7911983413582313
1.7618294308364775
1.7323678834162033
1.7028259907569898
1.6732161493047781
1.6435508468488724
1.6138426442765754
1.5841041795816748
1.5543481653817686
1.524587353007017
1.4948345420068043
1.46510256837211
1.4354042850148792
1.4057525564333238
1.3761602490118983
1.3466402071791725
1.3172052521664184
1.287868152713037
1.2586416449809859
1.2295383745481732
1.2005709125651864
1.171751746920306
1.143093228127264
1.114607596857734
1.0863069543513577
1.0582032489065472
1.0303082534485677
1.0026335682311247
0.9751905811871775
0.9479904861632438
0.9210442436242378
0.8943625710288056
0.8679559440063198
0.8418345746441577
0.8160083850659889
0.7904870198493293
0.7652798175054094
0.7403958040472782
0.7158436767667833
0.6916318143156972
0.6677682393926265
0.6442606170591747
0.6211162608683377
0.5983421089148718
0.5759447310352561
0.5539302938814226
0.5323045882689363
0.5110730093628094
0.4902405468315872
0.4698117807160721
0.4497908950617022
0.43018165360435506
0.41098740014921525
0.392211082342538
0.3738552173626808
0.3559219088318709
0.338412855249272
0.32132932557187915
0.3046721932814055
0.28844191126588636
0.27263852614880213
0.2572616875090127
0.24231064249447246
0.22778425116547982
0.21368097630307656
0.1999988973613115
0.18673573114447842
0.17388881362212438
0.16145511199471083
0.1494312469612016
0.1378134952675954
0.12659778672439337
0.11577971276651691
0.10535455480944136
0.09531726547608423
0.08566250915650286
0.07638463524007169
0.06747771259258976
0.05893553238664682
0.05075161059359764
0.042919200534483865
0.03543131061999559
0.02828069664533333
0.02145988424486206
0.014961177708858952
0.008776647959100095
0.0028981799274491846
-0.002682563086554224
-0.007974106199141257
-0.012985144682824799
-0.017724573560014546
-0.022201440707292682
-0.02642496857155954
-0.03040451938250698
-0.03414962620192638
-0.037669946894340875
-0.0409752906602815
-0.0440755792656705
-0.04698087519469492
-0.049701352757559616
-0.05224729499505657
-0.05462910608797206
-0.056857284299338264
-0.058942428723428045
-0.06089522864454335
-0.06272646939825906
-0.06444701898923202
-0.06606781649842575
-0.06759988452320591
-0.06905431332884553
-0.0704422624288382
-0.07177494822163474
-0.07306364034904221
-0.07431967415710511
-0.07555441416613856
-0.07677927493756602
-0.07800569935137615
-0.07924516994281414
-0.08050918680890208
-0.08180926566134233
-0.0831569351551717
-0.08456371984541032
-0.08604114626136564
-0.08760072497638666
-0.08925394108111859
-0.09101225703697205
-0.09288708497570038
-0.0948897877156863
-0.0970316734105136
-0.09932397210681677
-0.10177781746019078
-0.10440426388223703
-0.10721424745115339
-0.11021857721131992
-0.11342792629807644
-0.1168528096168831
-0.12050358249586815
-0.12439040465795255
-0.1285232436521552
-0.13291184225425873
-0.1375657063088595
-0.14249409467931531
-0.14770599192114872
-0.15321009082474787
-0.15901477109554724
-0.16512809058708175
-0.17155774542156485
-0.17831108083825675
-0.18539504083165767
-0.19281616544552743
-0.20058056793254686
-0.20869390907436916
-0.2171613769203501
-0.22598768735751082
-0.2351770363018732
-0.24473308867815363
-0.2546589761726248
-0.26495726069906317
-0.27562991805073767
-0.28667833139730853
-0.2981032659071883
-0.3099048555904484
-0.32208258675337215
-0.33463528719953584
-0.34756110596659306
-0.3608575153234103
-0.37452128347928204
-0.38854847293695216
-0.4029344337859088
-0.41767378981284187
-0.43276044526598045
-0.4481875576158524
-0.4639475611678226
-0.48003215172051267
-0.4964322727309779
-0.513138156485371
-0.5301392921884341
-0.5474244396699597
-0.5649816362806273
-0.5827982155518545
-0.6008608130985295
-0.6191553702144817
-0.6376671453745937
-0.6563807537544428
-0.6752801624728413
-0.6943487119046438
-0.71356914228457
-0.7329236196720369
-0.7523937484201831
-0.7719606143478804
-0.7916047910583713
-0.8113063925725988
-0.8310450854789319
-0.8508001228608236
-0.8705503966612086
-0.8902744497208741
-0.9099505226074457
-0.9295565944307529
-0.9490704137730271
-0.9684695446488145
-0.9877313990223939
-1.0068332977285044
-1.02575248562363
-1.044466187119932
-1.0629516614316612
-1.0811862254671736
-1.0991473158994884
-1.1168125200993944
-1.1341596286632656
-1.15116667841123
-1.1678119912580376
-1.1840742356592378
-1.1999324453691058
-1.215366078364314
-1.2303550647124564
-1.2448798322239352
-1.2589213606613916
-1.27246121577553
-1.2854815934227075
-1.2979653533220266
-1.3098960598590452
-1.3212580132468892
-1.3320362789260816
-1.3422167450146814
-1.3517861175507262
-1.360731976203633
-1.369042799129287
-1.3767079620991034
-1.383717803980514
-1.3900636124062085
-1.3957376646847321
-1.4007332343707224
-1.4050446121697335
-1.4086671125486092
-1.4115970936796844
-1.4138319543878504
-1.4153701547872015
-1.4162111997597606
-1.4163556599327738
-1.4158051621830083
-1.4145623848319535
-1.4126310502485864
-1.410015929488392
-1.4067228137638377
-1.4027585184346418
-1.3981308526474616
-1.3928486220862373
-1.3869215781397648
-1.3803604375000715
-1.373176826699303
-1.3653832649077162
-1.356993155094811
-1.348020719519297
-1.338481006353882
-1.328389820366445
-1.3177637268348097
-1.3066199908913743
-1.294976547713867
-1.2828519562399776
-1.2702653797698884
-1.2572365218392856
-1.2437856017739701
-1.2299333143815183
-1.2157007553956498
-1.2011094202017303
-1.1861811454633293
-1.1709380387573398
-1.155402475167653
-1.1395970125509272
-1.1235443841373207
-1.1072674153327506
-1.0907890102652464
-1.0741320953077296
-1.057319561723712
-1.0403742449449027
-1.0233188545907768
-1.0061759716317602
-0.9889679533898431
-0.9717169447741774
-0.9544447919111135
-0.9371730508735726
-0.9199229006913144
-0.9027151344907008
-0.8855701315579881
-0.868507808098939
-0.8515475708879615
-0.8347083193849095
-0.8180084089307675
-0.8014655867519874
-0.7850970103976975
-0.7689192103169836
-0.7529480481531318
-0.7371987176110973
-0.721685717889222
-0.7064228343329173
-0.6914231219937409
-0.6766988991139646
-0.6622617197684402
-0.648122386624662
-0.6342909278647074
-0.620776590388553
-0.607587831612054
-0.5947323337706466
-0.5822169873984989
-0.5700478934221375
-0.5582303788380917
-0.5467689819687513
-0.535667468482491
-0.5249288481063253
-0.5145553486149673
-0.5045484809813823
-0.4949089949303579
-0.4856369351406138
-0.47673163146455094
-0.4681917236556036
-0.46001517535562314
-0.4521992930823175
-0.444740751844136
-0.43763559625758663
-0.4308792849267204
-0.4244667015076056
-0.4183921811316345
-0.41264951631436125
-0.4072320137044448
-0.40213248564347553
-0.39734329688475445
-0.3928563890445274
-0.3886632841304419
-0.38475514527851645
-0.38112277671907985
-0.37775665706009426
-0.3746469692272658
-0.3717836262977161
-0.3691562919726436
-0.36675442277692566
-0.36456726851688853
-0.36258392410760903
-0.3607933354284431
-0.3591843458055644
-0.357745686825551
-0.3564660444765565
-0.3553340556012371
-0.3543383399780232
-0.35346751043068264
-0.352710224991626
-0.3520551712163362
-0.35149112224282353
-0.35100692145355156
-0.35059153988071656
-0.3502340665282898
-0.34992372556148515
-0.3496499262218529
-0.34940223790030756
-0.34917043136291703
-0.34894448221507807
-0.34871459465215043
-0.3484712050251464
-0.3482049954156894
-0.34790691146285235
-0.3475681704618085
-0.3471802636246785
-0.346734974141142
-0.34622438600273064
-0.34564087915278313
-0.34497714855537803
-0.3442262095992059
-0.34338139405523477
-0.34243636084462786
-0.3413851038198685
-0.340221939349429
-0.33894152891253343
-0.3375388662293595
-0.3360092801667943
-0.33434844500599187
-0.3325523666943463
-0.33061738636139193
-0.32854019399735795
-0.32631779751110457
-0.3239475457243295
-0.32142711538382396
-0.31875451003235433
-0.3159280586150608
-0.31294640408219426
-0.3098085019619451
-0.306513622500385
-0.30306135164014464
-0.2994515611708813
-0.2956844169750093
-0.2917603863614601
-0.287680210119467
-0.28344491264667304
-0.27905579030456407
-0.2745144061484814
-0.2698225706787866
-0.26498236419752125
-0.25999610792355243
-0.2548663507970444
-0.24959588940618274
-0.24418774422885897
-0.23864515158280028
-0.23297156378810813
-0.2271706297478356
-0.22124621922033316
-0.21520237123332678
-0.20904332490419916
-0.20277349760584415
-0.19639748060213316
-0.18992003088006473
-0.1833460601089235
-0.17668063900202732
-0.16992899278030862
-0.16309648676625468
-0.15618860336993332
-0.1492109895676163
-0.14216938570414644
-0.13506966676724574
-0.12791781565110125
-0.12071993464278336
-0.11348220422372143
-0.1062109261680294
-0.09891248111922976
-0.09159334113291454
-0.08426006322231126
-0.07691927129411534
-0.0695776710298827
-0.06224203489977265
-0.05491918926905538
-0.047616036200608676
-0.04033951045714503
-0.03309661669391665
-0.025894391609568287
-0.01873991872969733
-0.01164031223935441
-0.004602731986375191
0.002365648464225247
0.009257621701238184
0.0160659663991838
0.02278344381169385
0.02940279668918445
0.035916766841097465
0.04231808859136471
0.048599504222741244
0.05475374588846658
0.06077357939592072
0.06665175173495788
0.07238105732176824
0.07795428954665137
0.08336428664535629
0.088603904059799
0.09366604195834084
0.0985436312048107
0.10322966014960522
0.10771715814541909
0.11199921566538835
0.11606897899207594
0.11991966684963602
0.12354455473853505
0.1269370130303428
0.13009047925042927
0.13299848946072004
0.13565466415641506
0.13805273345741947
0.1401865293300132
0.14204999188766404
0.14363718230095884
0.1449422930432882
0.14595963906826856
0.146683681620953
0.14710902043171006
0.14723041387633184
0.14704277694393617
0.14654118527160823
0.1457208973800857
0.14457734766438385
0.1431061567611363
0.14130315001793783
0.13916433427261538
0.1366859544422345
0.13386444780527573
0.13069648794852626
0.12717897889904634
0.12330906168120559
0.11908412047567646
0.11450179738276528
0.10955998982943728
0.10425686509284238
0.09859085283019907
0.09256067877389468
0.08616533626440158
0.07940411588006144
0.07227660844335101
0.06478270036816326
0.056922590585254444
0.04869678038204022
0.04010610139271507
0.03115169303296022
0.021835013357067116
0.012157866172174661
0.002122362703897162
-0.008269035128144964
-0.01901354697264899
-0.03010804796521677
-0.04154908357128174
-0.05333285272005847
-0.06545523594069139
-0.07791176263310635
-0.09069763242106162
-0.1038077263760942
-0.1172365773334267
-0.13097839555854543
-0.14502707808653403
-0.15937619550599358
-0.1740190103987777
-0.1889484688223409
-0.20415721658323707
-0.21963761908097215
-0.23538173260302228
-0.25138134649721144
-0.26762797566048274
-0.28411287320503437
-0.3008270337668034
-0.31776122067926743
-0.33490595552793084
-0.3522515471040284
-0.3697880861922939
-0.38750548208012525
-0.4053934490127737
-0.4234415379097586
-0.44163914162462753
-0.45997550687470845
-0.4784397651554991
-0.4970209224959842
-0.5157078890660208
-0.5344895037536456
-0.5533545299175586
-0.5722916753541898
-0.5912896311941217
-0.6103370495018194
-0.6294225956588895
-0.6485349431037665
-0.66766280060811
-0.6867949076813762
-0.7059200904061371
-0.7250272313495559
-0.7441053282450418
-0.7631434755486852
-0.7821308954146678
-0.8010569526805665
-0.819911179675883
-0.8386832607109813
-0.857363070238149
-0.875940689638848
-0.8944064033717364
-0.9127507206246283
-0.93096440029186
-0.9490384301065635
-0.9669640663564016
-0.9847328353986486
-1.002336537936241
-1.019767268864365
-1.0370174137503285
-1.0540796633954586
-1.0709470230937097
-1.0876128050461913
-1.10407065305106
-1.120314528924671
-1.1363387242968817
-1.1521378684911476
-1.167706921231912
-1.1830411773579996
-1.1981362567724116
-1.2129881293007405
-1.2275930801959922
-1.2419477428347943
-1.256049060923681
-1.269894310051237
-1.2834810763976159
-1.2968072660050158
-1.3098710815733334
-1.3226710285853078
-1.3352059074948066
-1.3474747893075558
-1.3594770260441775
-1.3712122274918803
-1.382680262947676
-1.3938812286102422
-1.4048154626794378
-1.4154835144593796
-1.4258861392230882
-1.4360242840058364
-1.4458990679257315
-1.4555117868851106
-1.464863880821381
-1.473956912808704
-1.4827925908036015
-1.4913727212436327
-1.4996991916309699
-1.5077739821604652
-1.5155991343583575
-1.52317672919802
-1.5305088877258655
-1.5375977579782967
-1.5444454787418687
-1.551054191507497
-1.5574260072974415
-1.5635630143820782
-1.569467236904027
-1.575140657058339
-1.5805851606576398
-1.5858025695337528
-1.5907946020234365
-1.595562870025708
-1.600108870427034
-1.6044339754267927
-1.6085394304480085
-1.6124263259836344
-1.616095619871338
-1.619548102094854
-1.6227844070874005
-1.625805014592917
-1.6286102246485508
-1.6312001664910893
-1.6335748014588407
-1.635733908392777
-1.637677097589916
-1.6394037947985638
-1.6409132633633818
-1.642204582557992
-1.6432766727699335
-1.6441282832233435
-1.644757993871556
-1.6451642452591135
-1.6453453196214396
-1.6452993548037338
-1.6450243453078346
-1.644518172449929
-1.64377859425839
-1.642803260907799
-1.6415897144387368
-1.6401354255148037
-1.6384377751741332
-1.636494080097106
-1.634301619100826
-1.6318576110836125
-1.6291592697436685
-1.6262037706342642
-1.6229883187588616
-1.6195101153372176
-1.6157663958846182
-1.6117544404963262
-1.6074715812046392
-1.6029152334488335
-1.5980828942331105
-1.5929721674959152
-1.587580754742703
-1.581906510561336
-1.5759474211721085
-1.5697016341635837
-1.5631674711923718
-1.556343428423315
-1.5492282106280502
-1.5418207208221797
-1.5341200971375333
-1.5261256951054911
-1.5178371223400613
-1.5092542326486702
-1.5003771604175675
-1.4912062769066705
-1.4817422652124828
-1.4719860811735144
-1.4619389707887287
-1.4516024862064842
-1.4409784703521182
-1.4300690904311961
-1.4188768123123918
-1.40740441691899
-1.3956550024221002
-1.3836319758809825
-1.3713390646364736
-1.358780314318036
-1.3459600680659376
-1.3328829822525292
-1.319554023249725
-1.3059784516037167
-1.2921618207255439
-1.2781099729401115
-1.2638290328619826
-1.249325396099862
-1.2346057155145234
-1.219676901052549
-1.204546109371891
-1.1892207240790857
-1.1737083412684968
-1.158016779881328
-1.1421540468648275
-1.12612832445421
-1.1099479582872147
-1.0936214672993592
-1.0771574800321742
-1.060564766105887
-1.0438521939281873
-1.0270287133756104
-1.0101033680862936
-0.9930852375066163
-0.975983452898744
-0.9588071650836197
-0.9415655369529753
-0.9242677123742007
-0.9069228177746023
-0.8895399269019216
-0.8721280621584119
-0.8546961694980477
-0.8372530904407627
-0.8198075782324001
-0.8023682484306682
-0.7849435813918704
-0.7675419107192669
-0.7501713985728282
-0.7328400272391214
-0.7155555897601259
-0.6983256586816353
-0.6811576166957006
-0.664058592307363
-0.6470354886924041
-0.6300949598673946
-0.6132433995245198
-0.5964869302128286
-0.579831415598916
-0.563282429224316
-0.5468452640741504
-0.5305249155972791
-0.5143260975763927
-0.49825321644033077
-0.4823103802303977
-0.466501400508418
-0.45082978050099365
-0.4352987230186657
-0.41991114081422226
-0.4046696308402731
-0.3895765065186088
-0.3746337840798902
-0.35984319006810156
-0.34520617571400974
-0.330723909747039
-0.31639728602032946
-0.3022269454598868
-0.2882132720906226
-0.2743563961508267
-0.26065621994044874
-0.2471124123942809
-0.23372443208187277
-0.22049153380514178
-0.20741276850193127
-0.1944870173642368
-0.1817129839640419
-0.1690892201158613
-0.15661413163682755
-0.14428599758221594
-0.13210297345435262
-0.1200631243156163
-0.10816440927647789
-0.09640473078388305
-0.08478191633300933
-0.0732937515153153
-0.0619379940281027
-0.05071237730526437
-0.039614629454932083
-0.028642490923782887
-0.01779372161703365
-0.007066118129456766
0.0035424760330850773
0.014034156822009664
0.024410946151559282
0.034674780820415474
0.044827502825153784
0.05487084965567437
0.06480643825634476
0.07463575893719579
0.08436016959968817
0.093980882172491
0.10349895614733144
0.11291528811875569
0.12223061853111611
0.131445504414422
0.14056033263796955
0.14957530824002177
0.1584904497290038
0.16730558814889496
0.17602036461744477
0.18463422919344183
0.1931464382036554
0.20155605874270133
0.20986196529880902
0.2180628410454497
0.22615718802406864
0.23414331924844412
0.24201936910657174
0.24978329719489997
0.25743289099729644
0.26496578023668643
0.27237943078125865
0.2796711585386912
0.2868381405504283
0.29387741976856113
0.3007859070798703
0.30756040433702286
0.3141976066978165
0.3206941119211646
0.3270464376555168
0.3332510167612251
0.3393042278838326
0.3452023989378373
0.35094181894092885
0.35651874287509083
0.36192941879304413
0.36717008828895736
0.37223700224966355
0.3771264321467593
0.38183468857020914
0.3863581234164552
0.3906931467546374
0.39483623932572476
0.3987839646733994
0.40253297507061875
0.40608003030010154
0.40942200041196847
0.4125558777203454
0.41547879662041776
0.4181880235286452
0.42068098083006905
0.4229552525231741
0.42500858213351755
0.4268388955855225
0.4284442887967285
0.429823047282827
0.430973645171872
0.4318947512492112
0.43258522632431684
0.4330441322893381
0.4332707316458582
0.4332644852974932
0.433025059288895
0.43255231418978485
0.4318463106522146
0.43090730587827536
0.4297357471556247
