1025
-2.031082228253397
-2.034520653727256
-2.0376850925536822
-2.0405601097684523
-2.0431304361573286
-2.045380971798749
-2.047296834607963
-2.0488633700165155
-2.0500661788597223
-2.050891140859213
-2.0513244534227617
-2.0513526255532804
-2.0509625307873853
-2.05014142335696
-2.0488769439536134
-2.0471571750025537
-2.0449706254072666
-2.0423062796194476
-2.0391535998934396
-2.035502569762074
-2.031343688582812
-2.0266680030917
-2.0214671237133364
-2.0157332366417227
-2.009459140999377
-2.002638220456481
-1.99526451323038
-1.9873326901571158
-1.9788380618461552
-1.9697766187423704
-1.9601450276556514
-1.949940635749499
-1.9391614926910399
-1.9278063463303308
-1.915874652956763
-1.903366581816433
-1.8902830385599896
-1.8766256308140563
-1.8623967131182229
-1.8475993469459102
-1.8322373364497164
-1.816315207749597
-1.7998382038565641
-1.7828123013358348
-1.7652441834914891
-1.7471412492059724
-1.7285115974348322
-1.709364027641695
-1.6897080319375182
-1.6695537600070516
-1.6489120438905132
-1.6277943742085441
-1.6062128667390732
-1.5841802701125058
-1.5617099521102882
-1.5388158669035117
-1.5155125393691171
-1.491815063210732
-1.4677390724046884
-1.443300722550911
-1.4185166494624923
-1.3934039965897485
-1.3679803294439818
-1.3422636595500708
-1.3162724157229961
-1.2900253839307965
-1.2635417302251488
-1.2368409314104594
-1.2099427735341122
-1.1828673260618126
-1.1556348964108984
-1.12826601342764
-1.1007814026117468
-1.0732019412913052
-1.0455486433576404
-1.0178426330931065
-0.990105093219151
-0.9623572528073763
-0.9346203589532178
-0.9069156312150543
-0.8792642457712794
-0.8516873017808593
-0.8242057776332953
-0.7968405173038795
-0.7696121887532607
-0.742541265551095
-0.7156479934340492
-0.6889523438914762
-0.6624740072650794
-0.6362323546853111
-0.6102464106900778
-0.5845348154058503
-0.5591158214271611
-0.534007236833249
-0.5092264112633307
-0.4847902463589591
-0.4607150903503887
-0.43701679110915587
-0.41371061993234526
-0.39081129654627894
-0.3683329219815482
-0.3462889749502001
-0.3246923145957503
-0.30355511223869497
-0.2828888918955437
-0.2627044500085371
-0.24301190604678025
-0.22382062055628324
-0.20513923669742523
-0.1869756443151403
-0.16933694934284652
-0.15222950514086458
-0.13565886675012112
-0.1196298154537987
-0.1041463085301852
-0.08921149917327696
-0.07482776537758293
-0.06099663735223789
-0.047718843839864196
-0.03499429777033428
-0.02282210290901463
-0.011200541868066892
-0.0001270972890785324
0.010401552290829333
0.0203895416869314
0.029841780435657224
0.038763976542223334
0.047162589136114305
0.05504486235730466
0.062418781806750735
0.06929307284058568
0.07567719264984735
0.08158127955886987
0.087016187166781
0.09199344933138699
0.09652522721593976
0.10062433634731592
0.10430419818045862
0.10757883364390944
0.11046282302668514
0.11297129856189901
0.11511990879220016
0.11692479351728144
0.11840256679682536
0.11957028479386268
0.12044542169960984
0.12104581237380092
0.12138967641235487
0.12149552879294073
0.12138220370981487
0.121068797254785
0.12057462157606291
0.11991920106494741
0.11912223502189893
0.11820354105557936
0.11718305534132327
0.11608077679725237
0.11491674796588915
0.11371101439981991
0.11248358209990869
0.11125441880311936
0.11004336766083579
0.10887017485174467
0.10775440018145525
0.10671542451691855
0.10577241317853135
0.10494424192375666
0.10424953726993848
0.10370658710450849
0.10333332924173161
0.10314731969444024
0.10316571890286999
0.10340524203026134
0.10388213926133166
0.10461216195626166
0.1056105621492778
0.10689202865970555
0.10847069347795676
0.11036009101902222
0.11257313863840146
0.11512212441167469
0.11801867845648248
0.1212737480637262
0.12489758872123827
0.1288997496646768
0.13328904279996667
0.1380735360030509
0.14326056517394184
0.14885665406489487
0.15486758423116265
0.16129833277948646
0.1681530748397144
0.1754351833493572
0.18314723056705595
0.1912909588811999
0.19986730010545972
0.208876357276507
0.21831742588116196
0.22818897351670828
0.23848865783507206
0.24921331049103104
0.26035896233246214
0.27192084103226544
0.28389338699868133
0.29627024582185535
0.30904429076001394
0.3222076345299641
0.3357516390313458
0.3496669222925041
0.3639433933302076
0.3785702375616112
0.3935359829381037
0.4088284503766735
0.4244348408811102
0.4403417129364704
0.45653502746419256
0.47300014030079096
0.4897218651901232
0.5066844768336694
0.523871731157666
0.541266891367224
0.5588527679115803
0.5766117409703667
0.5945257804031332
0.6125764752923392
0.6307450601394945
0.6490124802020488
0.6673593589250945
0.6857660593812737
0.7042127310540867
0.7226793155784654
0.7411455689691572
0.7595911393533371
0.7779955417067007
0.7963382186648612
0.8145985676565093
0.8327559651709736
0.8507897922388695
0.8686795005345994
0.8864045784681027
0.9039446487997463
0.9212794398450359
0.9383888520448658
0.9552529717700508
0.9718521044046615
0.9881667975687954
1.0041778655633258
1.019866419885253
1.03521389488211
1.0502020656892495
1.0648130954879884
1.0790295233848222
1.092834298422732
1.1062108350584912
1.119142985475655
1.1316150863189611
1.1436119766800885
1.155119008940761
1.1661220666844425
1.1766075933093043
1.1865625895652288
1.195974639142483
1.2048319332062385
1.2131232494797843
1.2208379995776508
1.227966231104555
1.2344986097363464
1.2404264801524212
1.2457418092434138
1.2504372643247958
1.254506159516204
1.2579424936584314
1.2607409435438097
1.2628968611847227
1.2644063024137717
1.2652659923957976
1.265473345670657
1.2650264741714417
1.2639241588381984
1.2621658836629126
1.2597517971439351
1.2566827353423078
1.252960185152914
1.2485863322969017
1.2435639982970412
1.2378966671393843
1.231588467961549
1.2246441675468074
1.2170691582297293
1.2088694524612211
1.2000516752792605
1.1906230489637069
1.1805913741900402
1.169965027673831
1.158752947861465
1.1469646388374193
1.1346101109175466
1.1216999071454412
1.1082450686358778
1.0942571396434686
1.0797481325336185
1.064730515754807
1.049217199518083
1.0332215214310185
1.0167572234987132
0.999838448123695
0.982479696884364
0.9646958388799094
0.9465020608909286
0.9279139039791865
0.908947164096318
0.8896179521173706
0.869942626251859
0.8499377802358081
0.8296202477503106
0.8090070490928298
0.7881154076573602
0.7669626846184714
0.7455664085762398
0.7239442268636744
0.7021138718853831
0.6800931932399225
0.657900085801666
0.6355524907723291
0.6130683795426326
0.5904657354095578
0.5677625093465953
0.5449766458258501
0.5221260129352567
0.49922842334940054
0.47630160136099897
0.4533631505195561
0.4304305621663514
0.4075211629051358
0.3846521466959527
0.36184050845890925
0.33910303919141865
0.3164563356978573
0.2939167460641915
0.2715003866211319
0.249223096731412
0.22710045397515663
0.2051477286919256
0.18337988726089074
0.16181157758366188
0.14045712019961054
0.11933046750715595
0.09844523159765417
0.07781464388688329
0.05745154829181289
0.03736839863694982
0.017577253362989823
-0.0019102692207013637
-0.02108293587794297
-0.03992998818931098
-0.05844107000432241
-0.07660630463373123
-0.09441623595013683
-0.11186188556962719
-0.12893474075539296
-0.1456267571563503
-0.16193034200008583
-0.1778384087973098
-0.1933443278835869
-0.20844195589229386
-0.22312561950973733
-0.23739014691155239
-0.2512308256587243
-0.26464344496496184
-0.2776242343811048
-0.2901699491838408
-0.302277771878811
-0.3139453753391553
-0.32517089464034293
-0.3359529229398385
-0.34629049877026635
-0.3561831228013846
-0.3656307240502379
-0.37463367106662143
-0.3831927511527763
-0.39130917817285993
-0.39898456751311073
-0.40622093024888084
-0.41302067862046177
-0.4193865869471303
-0.4253218146628099
-0.4308298622503431
-0.43591458635701097
-0.4405801667892328
-0.4448311179406335
-0.44867225547597667
-0.4521086916265033
-0.45514581623079886
-0.457789308915642
-0.46004508277243383
-0.4619193093288801
-0.4634183898228728
-0.46454893925497687
-0.46531777977806177
-0.46573191642106815
-0.4657985410898155
-0.4655249952012485
-0.4649187799421322
-0.46398753520083563
-0.46273901129810313
-0.46118108612149716
-0.45932171184569776
-0.4571689492967545
-0.45473091052376235
-0.45201578379268914
-0.44903179441971675
-0.44578720248050085
-0.44229030321352325
-0.4385494030634696
-0.43457279720333725
-0.43036879399467215
-0.4259456731236124
-0.4213116841697748
-0.416475049041087
-0.4114439437412237
-0.40622648022783997
-0.4008307235818294
-0.3952646557682191
-0.38953620106696096
-0.383653179220759
-0.3776233411148397
-0.37145431821949965
-0.36515366468388266
-0.3587288144199161
-0.3521870953104508
-0.3455357268625435
-0.33878178899621486
-0.33193227213176396
-0.3249939934158539
-0.31797368532595055
-0.3108779288632429
-0.3037131842328559
-0.2964857435415764
-0.28920180712433047
-0.2818674050574433
-0.2744884315134698
-0.2670706627994617
-0.2596196946531169
-0.2521410136572536
-0.24463996082685052
-0.23712171778241553
-0.22959134236264195
-0.2220537418493489
-0.21451368731922196
-0.20697579371897984
-0.19944456320080528
-0.1919243366175301
-0.18441931874404235
-0.1769335809543975
-0.1694710456442483
-0.16203552099774962
-0.15463065358684736
-0.14725997206095057
-0.13992684477927578
-0.13263454444377692
-0.12538616905665448
-0.11818470555440308
-0.1110330042765009
-0.10393377993044829
-0.09688960007095371
-0.08990292457228508
-0.08297606910363821
-0.07611120197774188
-0.06931037483063154
-0.06257550623988167
-0.055908369619260836
-0.04931060278320169
-0.04278372591169452
-0.036329110772979754
-0.02994799012639448
-0.02364146815371528
-0.017410505892548014
-0.011255924490382447
-0.005178420729174975
0.0008214626667863312
0.006743318063785917
0.012586882874891249
0.01835202464083282
0.024038763003477796
0.029647256652172476
0.03517780066973296
0.04063084911835345
0.04600696747528364
0.05130690387578475
0.056531510555288864
0.0616818177052647
0.06675896318266128
0.07176424595943011
0.07669909107139884
0.0815650748452575
0.08636389931408857
0.09109740398527585
0.09576756139580257
0.10037648282545909
0.10492638292115089
0.10941962174906864
0.11385867521738999
0.11824613096930378
0.12258469877884887
0.12687718410118612
0.1311265114734667
0.13533569873211854
0.13950785352576128
0.14364617375268618
0.14775394474637352
0.1518345301324934
0.15589136106414006
0.15992792679609869
0.1639477714050036
0.16795450789402666
0.17195177416255003
0.1759432420820286
0.17993262003570712
0.18392363514717555
0.18792000828861852
0.19192547933188353
0.19594376924871637
0.19997860322820757
0.2040336639355417
0.20811260782189975
0.21221905368489177
0.21635656662845543
0.22052866104283478
0.22473877204914042
0.2289902909468192
0.23328647565387403
0.23763053599511846
0.2420255635832563
0.24647456009646662
0.2509803921207991
0.25554581736995413
0.2601734709525985
0.2648658412117002
0.2696252833570374
0.27445401038887746
0.2793540781944407
0.2843273849164082
0.2893756728147151
0.2945005184099846
0.29970333192955495
0.30498534104206737
0.31034761825374485
0.31579103636213685
0.32131631780724235
0.3269239828882605
0.33261438391650366
0.3383876905713603
0.3442438908819922
0.35018280402802165
0.3562040758360432
0.3623071422819399
0.3684913181642148
0.37475572337829915
0.381099311805476
0.38752088330589984
0.3940190800584391
0.40059238447919143
0.40723914748463347
0.41395757429116226
0.4207457238889543
0.4276015436342066
0.4345228546327542
0.44150735980416944
0.44855266646156444
0.4556562668425853
0.4628155796668804
0.470027926548226
0.4772905683791404
0.48460068273451296
0.49195540458512316
0.49935181380239935
0.5067869500446457
0.5142578075748034
0.521761383797742
0.5292946293603162
0.5368545200399724
0.5444380006629322
0.552042050312343
0.5596636449904868
0.5672997918478998
0.5749475428117912
0.5826039531860102
0.5902661649641673
0.5979313586942229
0.6055967537162675
0.6132596406853127
0.6209174076413032
0.628567472955064
0.6362073602009282
0.6438346782131622
0.6514471124819177
0.6590424278490691
0.6666185152948687
0.6741733365849654
0.6817049479858615
0.6892115315006818
0.6966913318724276
0.7041427343686438
0.7115642090953859
0.7189543135491118
0.7263117329193184
0.733635245446014
0.7409237213563437
0.748176132999547
0.7553915573447978
0.7625691548974295
0.769708190416815
0.7768079962547564
0.7838680151745171
0.7908877634482041
0.7978668404723459
0.8048049112420206
0.8117017248182054
0.8185570900822557
0.8253708881852774
0.8321430570035583
0.8388735792755866
0.845562514319796
0.8522099403172788
0.8588160000955689
0.865380867099709
0.8719047460938686
0.878387877245556
0.8848305234314444
0.891232973373647
0.8975955304017362
0.903918513928878
0.9102022653104553
0.916447113333108
0.9226534099651662
0.928821509570315
0.9349517574051895
0.9410444945293052
0.9471000746821924
0.9531188249846217
0.9591010797904097
0.9650471594039003
0.970957376648211
0.9768320264812815
0.9826714037052925
0.9884757894054761
0.9942454480122285
0.9999806482222595
1.0056816272983515
1.011348630506449
1.0169818973466025
1.0225816504063092
1.0281481164230153
1.033681520950983
1.0391820882047598
1.0446500356319726
1.050085608275328
1.0554890335473368
1.0608605632646708
1.0662004613505678
1.0715090064373571
1.0767864985696698
1.0820332552287297
1.0872496246769163
1.0924359783363744
1.0975927297295802
1.1027203203456033
1.1078192265608362
1.1128899722513448
1.1179331203693637
1.1229492932870477
1.1279391466402178
1.1329033860281499
1.1378427966260478
1.1427581961041888
1.147650466050268
1.1525205582107658
1.1573694673890578
1.1621982776986828
1.1670081081370307
1.1718001657168984
1.176575710547367
1.1813360764372154
1.1860826552841646
1.1908168960462355
1.1955403318709414
1.2002545480325804
1.2049611866298418
1.209661957553933
1.2143586234973525
1.2190530087211855
1.2237469736996747
1.2284424520497805
1.2331414067951751
1.237845847136221
1.2425578221677778
1.2472794153875213
1.2520127417698474
1.2567599386465722
1.2615231541961547
1.2663045740935446
1.271106369655147
1.2759307388424284
1.280779857796495
1.2856558991112326
1.2905610234080676
1.295497366985151
1.3004670584441431
1.3054721527148259
1.310514704645102
1.315596693985929
1.3207200561486288
1.3258866678658958
1.331098341141698
1.3363568002847448
1.3416636979610066
1.3470206029156098
1.3524289760043717
1.3578901925825413
1.3634055096392712
1.368976073499449
1.3746029213902444
1.3802869527325008
1.3860289367538408
1.3918295163832317
1.397689188226066
1.4036083050434056
1.4095870687892569
1.415625520627241
1.4217235620772462
1.4278809052944346
1.434097123935745
1.4403716160727535
1.4467035918464217
1.453092115386952
1.4595360626882679
1.4660341398937284
1.472584867876736
1.4791865958061456
1.4858375034094686
1.492535589170779
1.4992786631446933
1.5060643890281984
1.5128902248692229
1.5197534815429428
1.52665129356118
1.533580632610344
1.5405382981096472
1.547520938647853
1.5545250609466064
1.5615469978707146
1.5685829565214768
1.5756289910361012
1.5826810263013305
1.589734857088257
1.5967861636291873
1.6038305063806604
1.6108633381477866
1.6178800048636195
1.624875762444783
1.6318457894348561
1.6387851753436469
1.6456889494426994
1.6525520628875638
1.6593694365276266
1.6661359331294185
1.6728463904541144
1.6794956140999262
1.6860783966827533
1.6925895193112317
1.6990237712047715
1.7053759469873233
1.7116408773576708
1.7178134087276737
1.7238884159839065
1.7298608642629036
1.7357257345249921
1.7414781020723245
1.7471131044475374
1.7526259712148875
1.758012027262515
1.763266691936751
1.768385513592299
1.773364142322208
1.7781983584598158
1.7828840892017996
1.787417381023031
1.791794456636919
1.7960116836888718
1.8000655798704612
1.803952840024314
1.8076703497243827
1.8112151504005296
1.8145844628988377
1.8177757387567672
1.8207865654979982
1.8236147677233516
1.8262583704488435
1.8287155661087484
1.8309847841782074
1.8330646525559913
1.8349539978855076
1.836651880010456
1.8381575307289284
1.8394704390056635
1.8405902674273442
1.8415168981524805
1.842250425138684
1.8427911376064645
1.8431395403482547
1.8432963363285793
1.8432624187863988
1.8430388822303503
1.842627020139964
1.8420282936705683
1.841244358823134
1.8402770373105182
1.8391283446078561
1.8378004337889884
1.8362956339835534
1.8346164266516598
1.8327654295490627
1.8307454022920395
1.8285592521138008
1.8262099996991572
1.8237007721193594
1.821034816308059
1.818215480897955
1.8152462040660151
1.8121305102611052
1.8088720032353576
1.8054743290428958
1.8019412158859693
1.7982764474962165
1.7944838225261215
1.790567191970574
1.786530412819503
1.7823773715444737
1.778111950343019
1.77373802558006
1.7692594780801691
1.7646801394705611
1.7600038423297788
1.755234363518245
1.7503754378346705
1.7454307426185942
1.7404039245550527
1.7352985106527652
1.7301179896470396
1.7248657713868683
1.7195451463973601
1.714159343544615
1.7087114641388221
1.7032045258128332
1.697641413485572
1.692024900693174
1.6863576522260624
1.6806421845678765
1.6748808992225686
1.6690760499288424
1.6632297686968385
1.6573440338724248
1.6514206827408595
1.645461402070384
1.6394677406209939
1.633441085399347
1.6273826756052088
1.6212935968155844
1.6151747877642977
1.6090270222857836
1.6028509228810572
1.5966469642963812
1.5904154618923332
1.5841565699056201
1.5778703105254528
1.5715565458820415
1.5652149792566217
1.558845179967423
1.552446562176395
1.5460184060778872
1.5395598493046734
1.533069875191641
1.526547359372543
1.519991025676457
1.5133994775323476
1.5067711818955862
1.5001044926472111
1.4933976448977684
1.4866487537367772
1.479855823859844
1.4730167456050127
1.4661293195052267
1.4591912262540052
1.4522000694596908
1.4451533566104902
1.4380484874544326
1.430882782465608
1.4236535107070478
1.4163578221969302
1.408992831199891
1.4015555555279522
1.3940429565641734
1.3864519392720698
1.3787793478421035
1.3710219667578052
1.3631765469767148
1.3552397765230693
1.3472083068693643
1.339078755055631
1.3308477039411022
1.3225117009438587
1.3140672625439744
1.305510895122336
1.2968390696914596
1.2880482646328333
1.2791349184837084
1.2700954706692893
1.2609263675056668
1.2516240407340333
1.2421849283697908
1.232605485347829
1.222882155512194
1.2130114189364585
1.2029897631604785
1.1928137002206987
1.1824797632691457
1.1719845353522778
1.161324617747353
1.1504966546255457
1.1394973424188855
1.1283234167854532
1.1169716776825696
1.1054389825534083
1.09372224688772
1.0818184645245699
1.069724694442416
1.0574380927295703
1.0449558899698175
1.032275407045322
1.0193940810920148
1.0063094319952963
0.9930191086166297
0.9795208718513772
0.9658126014095065
0.9518923165803479
0.9377581748668005
0.9234084795225458
0.9088416744356547
0.894056378405857
0.8790513734811249
0.8638256108831388
0.8483782291802173
0.8327085583374074
0.8168161156555251
0.8007006331132765
0.7843620574747384
0.7678005358872548
0.7510164674926487
0.7340104719287807
0.7167834172056727
0.6993364093408627
0.6816708335163725
0.6637883118040231
0.6456907537666149
0.6273803385787514
0.6088595369294082
0.5901311035102519
0.5711980825386265
0.552063831385683
0.5327320057709751
0.5132065749267896
0.4934918190412023
0.4735923510723703
0.45351309910985665
0.43325931234684245
0.4128365844834964
0.3922508366182439
0.37150831366774195
0.35061561433945554
0.32957966446318887
0.30840772392980076
0.28710740268661544
0.2656866364269238
0.2441536992581312
0.22251719917086768
0.20078608105048693
0.17896960410833276
0.15707736825953886
0.135119278140381
0.11310555671925394
0.0910467458454722
0.06895368457355838
0.0468375008493971
0.024709618457542642
0.002581740357612277
-0.01953416115700674
-0.04162585306354839
-0.06368084782297986
-0.08568641840632424
-0.10762960943162417
-0.1294972470069777
-0.15127594777147527
-0.17295214003931034
-0.19451208188057362
-0.21594184965900085
-0.23722738634858054
-0.2583544861122199
-0.279308838755184
-0.30007601505697246
-0.3206415071294764
-0.34099074093983023
-0.36110907555603533
-0.3809818550078209
-0.4005943860629738
-0.4199319842139063
-0.43897997827984164
-0.4577237432781095
-0.4761487026345832
-0.4942403476765213
-0.5119842782233128
-0.529366189526051
-0.5463719178694061
-0.5629874433513539
-0.5791989135633822
-0.5949926685553318
