1025
-1.3575725899351665
-1.3650088023837053
-1.3721584357878522
-1.379016061909005
-1.3855765121810961
-1.3918348995593575
-1.3977866072880534
-1.4034273049794448
-1.4087529524975444
-1.413759801963352
-1.4184443910669964
-1.4228035758536117
-1.4268345076061684
-1.4305346387649926
-1.4339017520753365
-1.4369339236862644
-1.439629561690579
-1.4419873893418045
-1.4440064630578766
-1.4456861465517183
-1.447026141557263
-1.448026474069169
-1.4486874962588545
-1.4490099006479271
-1.4489946869519952
-1.448643219147698
-1.4479571505984778
-1.4469384796986964
-1.445589540534067
-1.4439129801883863
-1.4419117607328693
-1.4395891699367471
-1.4369488117259115
-1.4339945914115662
-1.4307307296979757
-1.4271617509415655
-1.4232924551202308
-1.4191279560139503
-1.4146736262993838
-1.4099351346287374
-1.404918408863878
-1.3996296263613375
-1.3940752402733074
-1.3882619173231552
-1.3821965776487701
-1.3758863537061974
-1.3693385963633775
-1.3625608518205088
-1.3555608492033826
-1.348346520313826
-1.340925944618083
-1.3333073499088048
-1.3254991203791244
-1.3175097624871643
-1.309347892565302
-1.3010222336190873
-1.2925415993229974
-1.2839148764791772
-1.2751510044296879
-1.2662589695562982
-1.2572478040756305
-1.2481265340393568
-1.2389042163216561
-1.229589883795077
-1.220192531581928
-1.2107211412264034
-1.2011846183336041
-1.1915918184521443
-1.1819515156558897
-1.1722723789219487
-1.1625629784800915
-1.1528317712793885
-1.1430870698174875
-1.1333370598852173
-1.123589756476601
-1.1138530125385926
-1.1041345101813718
-1.0944417431154443
-1.0847819994698025
-1.0751623714783587
-1.0655897304106372
-1.0560707149690967
-1.0466117531789039
-1.0372190210543886
-1.0278984586930213
-1.0186557476363238
-1.0094963103304488
-1.0004253175851237
-0.9914476780376886
-0.982568025879106
-0.9737907207081684
-0.9651198662348984
-0.9565592718148377
-0.9481124892307906
-0.9397827966068784
-0.9315731543468152
-0.9234863136062512
-0.9155247074609072
-0.9076905236913376
-0.8999856593844505
-0.8924117575313351
-0.884970211190598
-0.8776621288636144
-0.8704883959436647
-0.8634496150525095
-0.8565461867714366
-0.8497782295665384
-0.8431456711732406
-0.836648180696663
-0.8302852214424468
-0.82405605615251
-0.8179597179517887
-0.8119950568900154
-0.8061607159745557
-0.8004551709599347
-0.7948767308463426
-0.7894234831918412
-0.7840934118007208
-0.7788843141336625
-0.7737938446697689
-0.768819516872017
-0.7639587189688865
-0.7592086964346968
-0.7545665883036046
-0.7500294178780575
-0.7455941006634912
-0.7412574601840197
-0.7370162008588255
-0.7328669632827918
-0.7288062990042385
-0.7248306760160439
-0.7209365025545763
-0.7171200924239738
-0.7133777129224641
-0.7097055918365983
-0.7060998562795382
-0.7025566132432622
-0.6990719051559992
-0.6956417387991535
-0.6922620672964925
-0.6889288053938318
-0.6856378244642165
-0.6823849573558309
-0.6791659979601558
-0.6759767128959008
-0.6728128415312233
-0.6696700508497208
-0.666544016026564
-0.6634303447824674
-0.6603246333989687
-0.6572224444134692
-0.6541192980681931
-0.6510106791338486
-0.64789205960545
-0.6447588521412828
-0.641606453690307
-0.6384302155313984
-0.6352254694029928
-0.6319875074952965
-0.6287115842851574
-0.625392931130705
-0.6220267388162909
-0.618608183516295
-0.6151323858312981
-0.6115944602535628
-0.6079895018114031
-0.6043125458464064
-0.6005586428009153
-0.5967228083027074
-0.5928000393415285
-0.5887853202404508
-0.5846736384522079
-0.5804599619498644
-0.576139265973944
-0.5717065254209241
-0.567156734640847
-0.5624848964232049
-0.5576860456838068
-0.5527552336522169
-0.5476875543599942
-0.5424781531955489
-0.5371222204945724
-0.5316150119423366
-0.5259518443717507
-0.5201281320768997
-0.5141393557956545
-0.5079811070855988
-0.5016491052072125
-0.4951391458809415
-0.4884471910409032
-0.4815693376217256
-0.4745018185096715
-0.4672410509774464
-0.4597836275129325
-0.45212631366157235
-0.44426609316774957
-0.4362001373668518
-0.4279258669101038
-0.41944092368062336
-0.41074320176836454
-0.4018308456421195
-0.3927022751625524
-0.3833561909081087
-0.3737915890136113
-0.36400776453428135
-0.3540043242268772
-0.34378119978104865
-0.3333386565317158
-0.3226772956920893
-0.3117980773275117
-0.30070230250560714
-0.28939166822959117
-0.27786820604766876
-0.26613435601462015
-0.2541929263006783
-0.2420471263966707
-0.22970053573640212
-0.21715714686073226
-0.20442135725412658
-0.19149795146706064
-0.17839210777263728
-0.1651094176635081
-0.15165587323229962
-0.13803785182043823
-0.12426214098433472
-0.11033589781386093
-0.0962666998304087
-0.08206247939887887
-0.06773153608067177
-0.053282563243497456
-0.03872459553863872
-0.0240670104801081
-0.00931955429213157
0.005507725572262676
0.020404455980610876
0.03535995325612027
0.05036325283284032
0.06540311703051169
0.08046801854497956
0.0955462274295509
0.11062574665584145
0.12569438271964206
0.14073975467252622
0.15574929034360435
0.1707102714695976
0.18560983398583825
0.2004349957311779
0.21517268965558212
0.22980975679209933
0.24433299168925598
0.2587291387967304
0.2729849453905085
0.28708717251733357
0.30102258793295017
0.3147780203505198
0.32834038458378173
0.34169667445129076
0.3548340118850425
0.3677396503037279
0.38040100767533197
0.39280568225267376
0.40494147725243945
0.41679640459592626
0.42835874092190784
0.4396170179851423
0.4505600237174278
0.4611768946341163
0.471457033413036
0.4813902249069624
0.4909665756897714
0.5001765711567737
0.5090110810664474
0.5174613699723514
0.5255191286965897
0.5331764490877672
0.5404258838240477
0.5472604254365273
0.5536735187460397
0.5596590918560238
0.5652115312532962
0.5703257292659566
0.57499704199699
0.5792213637799608
0.5829950417022517
0.5863149580737954
0.5891784978786041
0.591583549970703
0.5935285135869465
0.5950123064477731
0.5960343415314773
0.5965945477485882
0.5966933439343088
0.5963316666194002
0.5955109367811049
0.5942330657494663
0.5925004189674349
0.5903158869805486
0.5876827852234384
0.5846049148863508
0.5810864980134313
0.5771322040858632
0.5727471287819544
0.5679367854699495
0.5627070788495965
0.5570643147963463
0.5510151630775194
0.5445666602045691
0.5377261877483439
0.530501478147401
0.5229005357767209
0.5149317266793231
0.5066036584707502
0.49792523124191945
0.48890560749621287
0.479554170883417
0.4698805433872259
0.4598945422027737
0.4496062053271841
0.4390257139001425
0.4281634223107486
0.4170298561981846
0.405635629801161
0.39399149553204443
0.38210830446309796
0.36999699483865794
0.35766855876925713
0.3451340742639344
0.3324046340810339
0.3194913882336554
0.30640548210422097
0.29315807363422447
0.27976031805780255
0.2662233475578233
0.2525582775219933
0.2387761551536559
0.22488800017280047
0.21090477814992836
0.1968373705969132
0.18269658638217484
0.16849315773881363
0.15423772029266156
0.13994079674758306
0.12561283183963015
0.11126415252464393
0.09690495657333634
0.08254531854780577
0.06819521081063588
0.0538644580706384
0.0395627570320376
0.025299673080716973
0.011084632327903009
-0.0030731005576432003
-0.01716435665726945
-0.031180170475315808
-0.04511166632035022
-0.05895015598179838
-0.07268705753010517
-0.08631398539394623
-0.09982266659646327
-0.11320498143831642
-0.12645295685606414
-0.1395587812220804
-0.15251476478464276
-0.16531338780272486
-0.17794726196033608
-0.1904091590662282
-0.20269196777474416
-0.214788747600441
-0.22669267643392882
-0.2383971150287361
-0.24989551089603365
-0.2611815057081057
-0.27224885163067497
-0.28309144887483473
-0.2937033427943885
-0.3040787217123767
-0.31421190841164787
-0.32409737803012695
-0.33372974208755757
-0.3431037650900289
-0.35221434088051273
-0.36105652953306355
-0.3696255236183634
-0.37791666746054003
-0.38592547829325125
-0.3936475930894532
-0.4010788258958928
-0.40821515176275636
-0.4150527038818462
-0.4215877624209145
-0.42781679408033557
-0.4337364366613159
-0.4393434953728061
-0.4446349429037854
-0.4496079519199085
-0.4542598666360605
-0.45858821649381337
-0.46259073577401943
-0.46626533000550685
-0.4696101326655193
-0.4726234590282044
-0.4753038432598645
-0.47765002359888975
-0.4796609442570656
-0.48133578470219057
-0.48267392728661096
-0.4836750003637894
-0.48433882819059054
-0.4846655041934554
-0.48465531623534014
-0.4843088174558437
-0.48362679257159924
-0.48261025830748594
-0.48126047466367816
-0.47957896427190605
-0.47756747506981
-0.4752280119245861
-0.4725628288250292
-0.4695744279547971
-0.4662655547862112
-0.46263921358438137
-0.4586986520144875
-0.4544473691592962
-0.44988910049675973
-0.4450278426331158
-0.4398678228300375
-0.4344135236124212
-0.42866965698095894
-0.4226411744405147
-0.41633325520358616
-0.40975131657279307
-0.4029010053845711
-0.39578816886739454
-0.3884189125619263
-0.3807995099242201
-0.3729364696351044
-0.3648364833073898
-0.3565064712760147
-0.34795350567292693
-0.3391848660918875
-0.33020801361195695
-0.3210305558436438
-0.31166030031382214
-0.30210518403403797
-0.29237329608538487
-0.28247288843218593
-0.2724123231697489
-0.2622001054897658
-0.25184484696436893
-0.2413552914729487
-0.23074025958858033
-0.2200086814753512
-0.2091695752537259
-0.19823202791118144
-0.1872052120007777
-0.17609833152097146
-0.16492067550839973
-0.15368155534144967
-0.1423903392121174
-0.1310563914686751
-0.11968912288940001
-0.1082979470727326
-0.09689227227164528
-0.0854814993455647
-0.07407504289047993
-0.06268225540603842
-0.051312477951207816
-0.03997501937920322
-0.02867913486225737
-0.017434018312442134
-0.006248813065983934
0.004867402621020879
0.0159056472326361
0.026857008005355527
0.0377126637840187
0.04846389538307969
0.05910208770407459
0.06961873543157683
0.08000545837485813
0.0902539975390426
0.10035622478875761
0.1103041496889203
0.12008993161389243
0.1297058692744908
0.13914443431930182
0.14839824664914378
0.1574600894617061
0.16632294570552164
0.17497994179402956
0.18342442019450045
0.19164988309659262
0.1996500496606193
0.20741882785633842
0.2149503347638456
0.22223888685876284
0.2292790247082359
0.2360654935610981
0.24259327339340514
0.2488575466291739
0.2548537530281554
0.2605775485066401
0.2660248251616982
0.27119171401031916
0.276074589030007
0.28067007470934674
0.2849750366844282
0.28898658595258336
0.29270210004896563
0.2961191979884696
0.2992357610802407
0.30204991760290845
0.30456006308231826
0.30676485248163377
0.30866320537000363
0.31025427703322594
0.31153750775644196
0.3125125889060819
0.31317946389233575
0.31353834011445125
0.3135896858727432
0.31333421081329604
0.31277289667445185
0.3119069442057383
0.31073782322659427
0.3092672513504732
0.307497168285376
0.3054297596932861
0.30306743424001215
0.30041284317173517
0.29746882384171014
0.29423847384568236
0.2907250642386101
0.2869320823839599
0.28286319853332703
0.2785222847723826
0.2739133834963158
0.26904070472343006
0.2639086273839998
0.2585216813009461
0.2528845297499636
0.2470019867880858
0.24087897602268196
0.2345205404940739
0.2279318186719706
0.2211180371271494
0.21408452548052068
0.20683664152172487
0.1993798368163567
0.19171957573544948
0.1838613739452298
0.1758107645533374
0.16757327204818515
0.15915443833065795
0.15055976340522545
0.14179471257913517
0.1328647596425401
0.12377524653328394
0.11453149814510802
0.10513873894230556
0.09560210730924619
0.08592663117318579
0.07611722943815366
0.06617868249097886
0.056115635153663496
0.045932595332445175
0.03563389661914379
0.025223702664847372
0.014706014171441965
0.004084619876590285
-0.006636861243359171
-0.01745502785768361
-0.028366684455519046
-0.039368858343469725
-0.05045878436453214
-0.06163393678831911
-0.07289201108722254
-0.08423095125756304
-0.09564890496968617
-0.1071442992563396
-0.11871575773872836
-0.13036218147649994
-0.142082680117476
-0.15387660808914969
-0.16574354134501665
-0.17768329715074213
-0.18969592285976292
-0.20178163300219623
-0.21394092108811177
-0.22617445020345495
-0.23848306608239664
-0.25086780103878287
-0.263329897338841
-0.2758707032790064
-0.28849175334226224
-0.30119471664298003
-0.3139813862708692
-0.32685362519426253
-0.3398134489310679
-0.35286291456337227
-0.36600412580621894
-0.37923927216211534
-0.3925705096276081
-0.4060000490718075
-0.41953006536003645
-0.4331626819399324
-0.4468999956709609
-0.4607440158746559
-0.4746966554680572
-0.4887597045598108
-0.5029348252877203
-0.5172235108760818
-0.5316270812033853
-0.5461466358511482
-0.5607830682439199
-0.5755370231218253
-0.5904088762869866
-0.6053987090092596
-0.6205063076936532
-0.6357311278322628
-0.6510722760999553
-0.6665284971502105
-0.6820981403532402
-0.6977791878071877
-0.713569160652881
-0.7294651857183794
-0.7454639250469803
-0.7615615767464896
-0.7777538773833235
-0.7940360630306059
-0.810402889263747
-0.8268485983024948
-0.8433669150538876
-0.8599510693055691
-0.8765937257061622
-0.8932870500549028
-0.9100226741164703
-0.9267916845353097
-0.9435846369912236
-0.9603915694314951
-0.9772019797843402
-0.9940048481047048
-1.0107886380326971
-1.0275413098505788
-1.0442503139409987
-1.0609026183064758
-1.0774847269136936
-1.093982669632334
-1.1103820415691996
-1.126667996421721
-1.1428252899619882
-1.1588382878306356
-1.174690985137605
-1.1903670310990455
-1.2058497681825306
-1.2211222284195082
-1.2361671712957425
-1.250967146227328
-1.2655044533234499
-1.2797612355270527
-1.2937194820049012
-1.3073610582529958
-1.3206677507819382
-1.3336212911308294
-1.346203391165811
-1.3583957798139432
-1.3701802479870326
-1.3815386690357137
-1.3924530310911576
-1.4029055016517678
-1.4128784284170461
-1.4223544089177473
-1.4313163076228936
-1.4397472703396703
-1.4476308338708679
-1.4549508811966159
-1.461691712201196
-1.4678380908001003
-1.4733752505523248
-1.4782889653502287
-1.4825655255289751
-1.4861918483726362
-1.489155431591627
-1.4914444390072437
-1.4930477031923743
-1.4939547435715335
-1.494155841321558
-1.4936420065354195
-1.4924050398104143
-1.4904375442094382
-1.4877329377778916
-1.4842854956496287
-1.4800903277529909
-1.4751434567415682
-1.469441764825092
-1.4629830545620643
-1.4557660354410364
-1.4477903494918776
-1.4390565626007241
-1.4295661833308084
-1.4193216426831745
-1.4083263395740875
-1.3965845955362297
-1.3841016865389557
-1.3708838006087827
-1.356938074935425
-1.3422725491206804
-1.3268961868228337
-1.3108188566220418
-1.2940512805082554
-1.2766050910529865
-1.2584927386920537
-1.2397275221050186
-1.2203235527362466
-1.2002957336470776
-1.1796597267007638
-1.1584319315264129
-1.1366294856625219
-1.1142701777541908
-1.0913724759881613
-1.067955464809706
-1.0440388230959028
-1.0196427911289383
-0.9947881324648084
-0.9694960942239217
-0.943788391060892
-0.9176871383990447
-0.891214847828637
-0.8643943516192004
-0.837248795520087
-0.8098015967766441
-0.7820763673174274
-0.7540969292781282
-0.7258872375164959
-0.6974713367043055
-0.6688733527876114
-0.640117422271628
-0.6112276649290813
-0.582228139856678
-0.5531428062733844
-0.5239954960892016
-0.4948098604609402
-0.4656093251781048
-0.43641708610819263
-0.40725603236423685
-0.37814874023312695
-0.3491174225228554
-0.32018390348889336
-0.29136957170248917
-0.2626953663175835
-0.23418174451803667
-0.20584863151944646
-0.1777154145755585
-0.1498009052946828
-0.12212330754254876
-0.09470020980069867
-0.0675485585144155
-0.04068462159496577
-0.014123985289773744
0.012118479830553414
0.038028618393639683
0.06359301950053702
0.08879902253251962
0.11363473586721036
0.13808905231798746
0.1621516324145824
0.1858129454858438
0.2090642496148047
0.2318976190679916
0.25430592492552473
0.27628285039224365
0.29782288382149236
0.3189213284765531
0.3395742701712459
0.3597786143730034
0.3795320572712559
0.3988330556201522
0.41768087028369333
0.436075500049826
0.4540177235182896
0.47150903890044554
0.4885516788350508
0.5051485864222288
0.5213033865301164
0.5370203979771541
0.5523045892116368
0.5671615526900524
0.581597532861055
0.5956193319457822
0.6092343355705103
0.6224504969909853
0.6352762804154661
0.6477206453199024
0.6597930402053803
0.6715033678158392
0.6828619287974422
0.6938794560712921
0.7045670326604843
0.7149360686374117
0.7249983324918275
0.7347658440127781
0.7442508930351329
0.7534660086338474
0.7624238961694297
0.7711374735184113
0.7796197605118076
0.7878839272848038
0.795943216475497
0.803810938318789
0.8115004382043339
0.8190250562825355
0.8263981147788463
0.8336328919028657
0.840742587030671
0.8477402836991493
0.8546389655370089
0.8614514380510013
0.8681903492485757
0.8748681123858693
0.8814969536074353
0.8880888283897631
0.894655414004146
0.901208109981164
0.9077580040793585
0.914315820281005
0.9208919477209345
0.9274964084187757
0.9341388140575215
0.9408283756973835
0.9475738705532443
0.9543836311230258
0.9612655338952568
0.968226998728051
0.9752749295823958
0.9824157424603348
0.9896553433302636
0.9969991102455712
1.0044519015320996
1.0120180077720686
1.0197011864742183
1.0275046326715358
1.0354309629706602
1.0434822446926701
1.0516599365579093
1.0599649414037018
1.0683975633254907
1.0769575239998401
1.085643937897984
1.0944553548576086
1.1033897215266308
1.112444379723427
1.1216161086864764
1.1309010767924248
1.140294887449284
1.1497925502826525
1.1593885141903493
1.1690766598169502
1.1788502837018573
1.18870215990245
1.198624496372241
1.2086089786396308
1.2186467393594977
1.2287284194981907
1.238844153797321
1.2489835753073464
1.2591358350371493
1.2692896323160796
1.2794332014272576
1.2895543540818213
1.2996404637848664
1.3096785127066102
1.3196551040188185
1.329556454022675
1.3393684362218712
1.3490766119661504
1.3586662062211383
1.3681221636765524
1.377429169054874
1.3865716543925448
1.395533827540498
1.4042996915210473
1.4128530720255197
1.42117765971376
1.4292569839309883
1.437074489999407
1.4446135345211344
1.4518574294294497
1.4587894546508609
1.465392877322123
1.4716510057574812
1.4775471893905152
1.4830648622983666
1.4881875628448686
1.4928989608328223
1.497182882234077
1.5010233393433035
1.5044045857488886
1.507311109629281
1.5097276316060673
1.5116392309157618
1.5130312671524366
1.5138894727196885
1.5141999731826632
1.5139492817406761
1.5131243523638171
1.5117126077856886
1.5097019447842808
1.5070807847756882
1.5038380803488653
1.499963350824881
1.4954466933723705
1.490278820669241
1.4844510804044606
1.47795547000685
1.4707846679600716
1.4629320260540843
1.4543916472958043
1.4451583601855857
1.4352277236945314
1.4245960876625978
1.413260585191844
1.401219140881795
1.3884705150290986
1.3750142731203898
1.3608508306990574
1.34598145405778
1.3304082810593725
1.314134285228332
1.297163344897267
1.279500212517754
1.2611505131346297
1.2421207788078186
1.2224184164250325
1.2020517300810554
1.1810299101540278
1.1593630335242973
1.1370620639126077
1.1141388307409117
1.090606048205696
1.066477289765271
1.0417669638634113
1.0164903458289307
0.9906635159701677
0.9643033932545821
0.9374276790858316
0.910054859564116
0.882204187167471
0.8538956586858453
0.8251499947482904
0.7959886178703072
0.7664336222005668
0.7365077645917234
0.7062344157015809
0.6756375468715746
0.6447417128330933
0.6135719903966013
0.5821539633187119
0.5505137184524556
0.5186777523137399
0.48667298762013406
0.4545267121913836
0.4222665702010295
0.3899204708161894
0.35751662592313044
0.3250834403843544
0.2926495252558628
0.2602436184082421
0.22789457018849638
0.19563130411662122
0.16348274789707995
0.1314778229116334
0.09964538449459456
0.06801419111604587
0.03661284310215337
0.0054697592790531125
-0.025386860942234288
-0.05592910771388787
-0.0861293832714635
-0.11596043330738878
-0.14539541512998788
-0.1744079219165588
-0.2029720167528001
-0.23106230294401306
-0.25865392448999575
-0.2857226328551571
-0.31224481338628657
-0.33819753387331125
-0.36355855602256365
-0.3883064072076457
-0.41242037480787946
-0.4358805691548271
-0.4586679465607037
-0.4807643460471967
-0.5021524949400245
-0.5228160641949376
-0.5427396848149854
-0.5619089747088308
-0.5803105537347389
-0.5979320728312203
-0.6147622431224583
-0.630790834913943
-0.6460087088296307
-0.6604078310362308
-0.673981278161854
-0.6867232432959096
-0.6986290772955475
-0.7096952500428135
-0.7199194016680044
-0.7293003017097873
-0.7378378983984922
-0.7455332809589125
-0.7523886855168435
-0.7584075123251394
-0.7635942819229844
-0.7679546653693413
-0.7714954513874739
-0.7742245468418061
-0.7761509398363359
-0.7772847126418313
-0.7776370176318702
-0.777220030456618
-0.7760469732370728
-0.774132055600957
-0.7714904614323645
-0.7681383348438185
-0.7640927275254332
