1025
-0.7568068268587531
-0.750160825259293
-0.7434704199757776
-0.7367299800009373
-0.7299337868482699
-0.7230760480073682
-0.7161509086291717
-0.7091524494316915
-0.7020747115726178
-0.6949116900902192
-0.6876573411126221
-0.680305613074071
-0.6728504361330946
-0.6652857229711251
-0.6576054233234003
-0.6498034741876638
-0.641873852478134
-0.6338105740150369
-0.6256077131284803
-0.6172593841081847
-0.6087597860835322
-0.6001031901169052
-0.5912839635023369
-0.5822965901418531
-0.5731356417388787
-0.5637958638099978
-0.5542720823082781
-0.5445593057717547
-0.5346527078297825
-0.5245476285716512
-0.5142395743563012
-0.50372425623883
-0.49299760696264106
-0.48205574206820273
-0.4708950233808104
-0.45951205101660164
-0.4479036485896723
-0.43606691648767176
-0.42399919505425515
-0.41169811560741904
-0.3991615884828432
-0.3863877836213704
-0.3733752090290785
-0.36012262927046296
-0.34662914845419485
-0.3328941675910543
-0.318917412736682
-0.30469892788126995
-0.29023906821104845
-0.27553855138980093
-0.2605984070715618
-0.24541998689816533
-0.23000499373977656
-0.21435545958032112
-0.19847375148470217
-0.18236256508235194
-0.16602493264741963
-0.14946422050894267
-0.13268410612951512
-0.11568859050230273
-0.09848200869442447
-0.0810689813440241
-0.06345446249494158
-0.04564369222422166
-0.027642187068837122
-0.009455770725832018
0.008909482202254316
0.027447215735863097
0.04615081738738139
0.06501344937385023
0.08402803859112781
0.1031872734636261
0.12248365949484466
0.14190947904827123
0.16145686906880746
0.18111777365776738
0.2008839900128039
0.22074717476823105
0.24069886774605606
0.2607304946291408
0.28083338876434394
0.3009988267878119
0.3212179886590268
0.34148203187860354
0.3617820741142799
0.3821092305690052
0.40245461709155833
0.4228093761949037
0.4431646610220294
0.4635116979232927
0.4838417862423892
0.5041462798463116
0.5244166598988155
0.5446445030818453
0.5648215050504288
0.5849395680126629
0.6049906548774028
0.6249669666651502
0.6448608564988625
0.6646648916994196
0.6843718475168743
0.7039746963948661
0.7234666786407637
0.7428412384796186
0.7620921156539078
0.7812132570769169
0.8001989385696873
0.8190436605207166
0.8377422591934317
0.8562898275651394
0.8746817593045213
0.8929137762005004
0.9109818882247049
0.9288824359607516
0.9466120617444702
0.9641677051906877
0.981546704809091
0.9987466262688496
1.015765419227612
1.0326013424710636
1.049252974975916
1.0657192073298432
1.0819992755165035
1.0980927036459374
1.1139993519626046
1.1297193757308746
1.1452532299505465
1.1606017067906855
1.1757658613213795
1.190747039438396
1.2055468891480583
1.2201673142498661
1.2346105179867974
1.2488789550956094
1.2629752949668187
1.276902527263865
1.2906638242825088
1.3042626202577141
1.317702546592907
1.3309874574311358
1.3441214107305206
1.3571086632452753
1.369953645020104
1.382660973061045
1.395235408423049
1.4076818531487976
1.4200054144433616
1.432211264652843
1.4443047485806
1.456291297081697
1.4681764462655018
1.4799658229409347
1.4916651591103796
1.5032802138418828
1.5148168504847888
1.5262809626818556
1.5376785001480084
1.549015426238258
1.5602977338578115
1.5715314295201692
1.582722533472734
1.593877035620744
1.6050009157604586
1.6161001535090613
1.627180661873219
1.6382483020224075
1.649308923856107
1.660368278030448
1.671432051418397
1.6825058584606583
1.6935952156230005
1.7047055385735548
1.7158421456202864
1.727010234405554
1.7382148757530629
1.7494610137920046
1.7607534424152962
1.7720968016281349
1.783495595505555
1.794954143036399
1.8064765877668627
1.8180668980198027
1.8297288372860336
1.8414659940311178
1.8532817155587147
1.8651791656121985
1.877161264098933
1.8892306830963026
1.9013899027026309
1.9136411127484063
1.9259862516419894
1.9384270258415752
1.950964829987745
1.9636007908366833
1.9763357726350312
1.9891703030201942
2.002104659703012
2.0151387714491418
2.0282722695030535
2.0415044581446105
2.0548343289618796
2.0682605258117785
2.0817813560914193
2.095394782418843
2.1090984224681715
2.122889535085483
2.1367650280213706
2.150721436066316
2.164754942816203
2.17886135045934
2.1930361077964156
2.2072742579372258
2.221570515668548
2.235919181184663
2.2503142049701266
2.264749141956572
2.2792172066511025
2.2937112222506073
2.3082236326569414
2.3227465337032807
2.3372716705938434
2.3517904185538847
2.366293796386128
2.38077251296962
2.395216895118534
2.409616989398331
2.4239624804447355
2.438242774472766
2.4524469908361843
2.466563929795645
2.480582145453499
2.4944899320332086
2.508275310446267
2.52192610845287
2.5354299213223177
2.548774145115282
2.561946005978628
2.574932573071102
2.5877207398963775
2.6002973330704373
2.612649027599338
2.624762426886872
2.636624106564706
2.648220559330581
2.6595382952976925
2.670563816496767
2.681283650702052
2.6916844068307855
2.7017527451892223
2.711475446703465
2.72083939973844
2.7298316626229715
2.7384394816944764
2.746650275193465
2.754451690794294
2.761831658496599
2.7687783469936744
2.775280250386883
2.781326164113073
2.7869052416440723
2.7920070032251805
2.796621361089232
2.8007386219704085
2.8043495601726205
2.8074453901582688
2.8100177583038333
2.8120588821378134
2.8135614046363147
2.8145185618122355
2.814924097299611
2.814772312773775
2.814058087013317
2.8127768790059187
2.8109247488546223
2.8084983400493893
2.805494927611859
2.8019124053925117
2.797749274406058
2.7930046869956264
2.7876784091757263
2.781770866494812
2.7752830782980324
2.7682167669004607
2.7605742076280917
2.752358352619869
2.7435727662819165
2.734221628546947
2.7243097195284887
2.713842439763284
2.702825745983468
2.691266199656546
2.679170893909423
2.6665475035195856
2.6534042187934768
2.6397497451046257
2.6255932457106828
2.610944445240886
2.595813441878868
2.58021083537647
2.56414758767161
2.547635071923433
2.5306850256709734
2.513309538536936
2.4955209946185066
2.4773320931289304
2.458755785930219
2.4398052595124646
2.420493916610549
2.4008353708398618
2.380843325180949
2.360531695756653
2.3399144377877796
2.3190056114386546
2.2978193325793286
2.276369718493913
2.254670886668453
2.232736921502268
2.2105818803968647
2.1882196926809545
2.165664200537154
2.1429291530097543
2.1200280864432526
2.0969743923886925
2.0737812634640576
2.050461688684087
2.0270283822449806
2.003493850080373
1.9798702879709023
1.9561696406542217
1.9324035139088227
1.9085832140871997
1.8847197244271103
1.860823673830078
1.8369053629661507
1.8129746975699847
1.789041245585924
1.7651142061796805
1.741202392554632
1.7173142222853868
1.693457769736239
1.6696406976909768
1.645870275034615
1.6221534391107792
1.598496736661343
1.5749063175840328
1.5513879726114848
1.5279471636517543
1.504588985403762
1.4813181936729645
1.4581392184928572
1.4350561825215904
1.412072859300993
1.389192811385162
1.3664192364858145
1.3437551441691415
1.3212032437782084
1.2987660779639418
1.2764459029074424
1.2542448341184655
1.2321647965699847
1.2102075664013034
1.188374769868785
1.1666679345081983
1.145088458097587
1.1236376875504852
1.1023168859144348
1.0811273160928114
1.0600701801975787
1.039146714322201
1.0183581215006952
0.9977057095439106
0.9771907749903763
0.9568147371089317
0.9365790854246505
0.9164854147927333
0.8965354479962808
0.876731046944147
0.8570742178481864
0.8375671424019079
0.8182121701652723
0.7990118648758985
0.779968954575386
0.7610864221641466
0.7423674489226116
0.7238154152099256
0.7054339931665451
0.6872270654326532
0.6691987403263043
0.6513533909131608
0.6336956650737016
0.6162304188031079
0.5989627583267273
0.5818980554957361
0.565041922089352
0.5484001899996416
0.5319789395001803
0.5157844793996639
0.49982330804295166
0.4841021826812559
0.46862799705049557
0.453407872390106
0.43844908509906244
0.42375907063983254
0.40934542990907763
0.3952158604756309
0.38137819314281285
0.3678403362755354
0.3546103104668615
0.3416961305027668
0.32910592350582085
0.3168477741154385
0.3049297807658165
0.29336002812093664
0.2821465533573228
0.27129729983935225
0.2608201413083612
0.2507228298575388
0.2410129798588283
0.2316980390379349
0.22278528143440296
0.21428176940503443
0.20619432669182117
0.1985295356312903
0.19129370819669117
0.18449284724609183
0.17813264270947604
0.1722184490531479
0.1667552513015397
0.16174766626751103
0.15719992451626585
0.1531158086460634
0.14949868686012632
0.1463514890458426
0.14367664207797629
0.14147614125167365
0.1397514536583355
0.13850356524172483
0.13773291508748942
0.1374394487909355
0.13762256530761358
0.13828110777514227
0.13941339582211668
0.14101717086822246
0.14308963874662373
0.1456274456122468
0.14862665678861375
0.15208281128005013
0.15599087215973334
0.16034526745689834
0.16513985485290303
0.17036797616509863
0.176022427419855
0.18209548450354943
0.18857892055889378
0.19546398688717004
0.20274148377593695
0.21040170342802714
0.21843450127772485
0.22682928152662257
0.23557504557323733
0.24466038541066262
0.25407349664187834
0.26380223583234436
0.273834124614436
0.28415632914727096
0.2947557840113003
0.30561911869558467
0.3167327371120627
0.3280828191897939
0.33965537269197565
0.3514362366470717
0.3634111067378706
0.37556560162350694
0.38788524136900127
0.40035550553324
0.41296185114795214
0.42568975117580854
0.4385247099944395
0.4514522969349182
0.4644581850804551
0.47752816296109113
0.49064817064091387
0.5038043282933693
0.5169829444641457
0.5301705929191306
0.5433540669878371
0.5565204471078955
0.5696571428506355
0.5827518656247742
0.5957926942544572
0.6087680657044642
0.6216668183279985
0.6344782041587193
0.6471919067676568
0.6597980513982249
0.6722872453314236
0.6846505464298371
0.6968795472429563
0.7089663013804637
0.7209034202627936
0.7326840280083513
0.7443017909693203
0.7557509069130106
0.7670261434673722
0.7781228231898077
0.7890368259768663
0.7997645900127663
0.810303133098364
0.8206500229665398
0.8308034061358464
0.8407619701068264
0.8505249783867103
0.8600922442018551
0.8694641304097831
0.8786415141207935
0.8876258357597615
0.8964190436649347
0.9050235861868384
0.913442436022699
0.9216790374311815
0.9297373000434811
0.9376216265024576
0.9453368179376521
0.9528881269267567
0.9602812458214448
0.9675222144585871
0.9746174813589039
0.9815738339351334
0.9883984279853604
0.9950986994857579
1.0016824270179772
1.0081576420904348
1.0145326477828382
1.0208159787295028
1.027016398408504
1.0331428599319115
1.0392044922244867
1.045210582713635
1.0511705490688488
1.0570939088061624
1.0629903005697168
1.0688693973629806
1.0747409445307687
1.0806146967543657
1.0865004062271377
1.0924078595679847
1.0983467334655554
1.1043267127705192
1.1103573637631912
1.1164481821137355
1.1226085521855151
1.1288476937250378
1.135174718482055
1.1415985299796865
1.1481278431819655
1.15477124131961
1.161536976585449
1.1684331514626125
1.1754675705495112
1.1826477955933226
1.189981088447074
1.1974744290921528
1.2051344759954652
1.2129675675319005
1.2209797164588825
1.2291765795401128
1.2375634479334936
1.2461452657081131
1.2549265601198167
1.2639115039434947
1.2731038565028747
1.2825069599989831
1.2921237470394684
1.3019567287163398
1.3120079745921398
1.3222791355463168
1.3327713747466403
1.3434854662040927
1.3544216635904625
1.3655798187105153
1.3769592661774874
1.3885588929135337
1.4003771282323236
1.4124119231098353
1.4246607299487668
1.4371205163421004
1.449787852619751
1.4626587142770309
1.475728658949487
1.4889927682975055
1.50244564791434
1.5160813834097258
1.5298936556535276
1.5438756314074709
1.558020013833389
1.5723190296340996
1.5867645209720818
1.6013477807514185
1.6160597048797025
1.6308907736518452
1.6458309625817438
1.660869909797231
1.675996766582026
1.6912003080061533
1.7064689282097953
1.721790606697251
1.7371529579860265
1.7525432344089737
1.7679483443841935
1.7833548516474895
1.7987489986137108
1.8141167200967496
1.8294436660941078
1.8447152006164105
1.8599164200595715
1.8750321919509823
1.890047162395288
1.904945751888079
1.9197121998559386
1.934330587497832
1.948784844273533
1.963058783196428
1.9771360733563623
1.9910003588320617
2.004635172597885
2.0180240296028367
2.031150445297819
2.0439979143970524
2.056549999223624
2.0687902860133516
2.080702464323908
2.0922703371759006
2.1034777954793875
2.1143089584553416
2.12474807945157
2.134779619335918
2.1443882982734688
2.1535590870415344
2.162277233678056
2.1705282941958846
2.1782981783107025
2.1855731430925527
2.1923398192344674
2.198585272087328
2.2042969964625896
2.209462911614888
2.2140714464433744
2.218111518827745
2.2215725829529123
2.224444621312061
2.2267181889809233
2.2283844202425387
2.229435063432364
2.229862455306219
2.229659609682062
2.2288201827497462
2.227338467997762
2.225209490241955
2.222428936284259
2.2189932033835094
2.2148994210824604
2.2101454267943925
2.2047298028070497
2.198651878567033
2.1919117302115025
2.184510168796599
2.176448778637493
2.1677299070743707
2.1583566323162877
2.148332824951448
2.137663080730886
2.126352748363327
2.1144079725457954
2.1018355660286474
2.0886431178853537
2.074838943469373
2.060432060587347
2.045432200142461
2.029849765215155
2.01369588465155
1.9969822796056325
1.9797213859882783
1.961926233867427
1.94361046928247
1.924788365398344
1.9054747157266085
1.8856849111924183
1.8654348529719296
1.8447409534178096
1.8236201237727658
1.8020897122230446
1.7801675407509086
1.7578717952192067
1.7352210956663914
1.7122343838974252
1.6889309630383635
1.665330418029046
1.6414526304431598
1.6173177143018285
1.5929460430860278
1.5683581409738034
1.5435747203123544
1.5186166207754013
1.4935048253651828
1.4682603536089511
1.4429043270391322
1.4174578582612936
1.391942068533505
1.366378086722489
1.3407869286679404
1.3151895891998444
1.2896069355672797
1.2640597020697872
1.238568471190671
1.2131536597629293
1.1878354870567596
1.1626339120954508
1.1375687077983798
1.1126593433790037
1.0879250110929561
1.063384602662781
1.0390566804792774
1.0149594682978198
0.9911108372824583
0.9675282665683501
0.9442288751799779
0.9212293414286553
0.8985459628240803
0.8761945830560948
0.8541905996468291
0.832548985033458
0.8112842181280315
0.790410320332713
0.769940833069723
0.7498888007411381
0.7302667792788998
0.7110868250534305
0.69236048205861
0.674098792212365
0.6563122711698788
0.6390109203474971
0.622204232284484
0.6059011642986738
0.5901101524101874
0.574839117117339
0.5600954533408969
0.5458860256218062
0.5322171930062618
0.5190947810188395
0.5065240992595945
0.49450994354623534
0.48305660466907824
0.4721678496513229
0.46184696753528004
0.4520967214656468
0.44291938115732943
0.43431673543815724
0.4262900760937926
0.4188402219339723
0.41196750108149993
0.4056717887918302
0.39995247567380016
0.39480851032342573
0.3902383813803391
0.38624012024204407
0.38281132928098116
0.37994916317022676
0.37765036850993794
0.37591124898812167
0.3747277011114907
0.37409520352812536
0.3740088538076316
0.37446332408784155
0.3754529221217455
0.37697156527704573
0.3790127852525727
0.38156976587645547
0.3846352937738456
0.3882018522463043
0.3922615356886953
0.39680611549530026
0.4018270288241044
0.40731537587276234
0.41326196095680373
0.41965726422872546
0.42649144269742356
0.43375441416319627
0.44143576157586123
0.4495247871570074
0.45801055884872466
0.466881856112524
0.47612720715344253
0.48573490203707964
0.49569299107327336
0.5059892951745577
0.5166114267397789
0.5275467915013966
0.5387825621959627
0.5503057806004542
0.5621032657933362
0.5741616898109865
0.5864675697074404
0.5990072480699036
0.6117669771683656
0.6247328431089334
0.637890849175389
0.6512268792466597
0.6647267460710985
0.6783761796248995
0.6921608405091505
0.7060663377503498
0.7200782474470125
0.7341821237029538
0.7483634872681179
0.7626078969575456
0.7769008913451415
0.7912280611808297
0.8055750039404508
0.8199274182180356
0.8342710479232004
0.8485917048870779
0.8628753199355753
0.8771079508511833
0.8912757212223152
0.9053649454671217
0.9193620801678367
0.9332537275705336
0.9470266949852224
0.9606679626345628
0.9741647173564792
0.9875043789527508
1.0006746074205326
1.013663272007644
1.026458537933187
1.0390488104685596
1.051422794372308
1.0635695000550573
1.075478202861845
1.0871385302515566
1.0985404256995144
1.109674161711082
1.1205303768619364
1.1311000349141207
1.1413744991573846
1.1513454861813166
1.1610050921071442
1.1703458122145485
1.1793605305419446
1.1880425495938256
1.1963855530021508
1.2043836644506143
1.212031406857246
1.2193237363728742
1.2262560307907522
1.2328241045450032
1.2390242115228316
1.244853003148555
1.2503076138912739
1.2553855830065512
1.2600849128193008
1.2644039949381605
1.2683416998028036
1.2718973295971154
1.2750705964787652
1.27786164716002
1.2802710713066072
1.2822998524411493
1.2839494278796273
1.2852216101057659
1.28611863293758
1.2866431538963683
1.2867981925379295
1.28658716164284
1.2860138873068039
1.2850825328414772
1.283797640281844
1.2821641117296452
1.2801872014684474
1.2778724903792562
1.2752258916857524
1.2722536410425975
1.268962302572004
1.2653587028365185
1.2614499831045698
1.2572435500344368
1.252747085303319
1.2479685346315672
1.2429160541539255
1.2375980769303332
1.2320232255232644
1.226200341738535
1.220138485143344
1.2138468641304405
1.2073348808233892
1.200612090408938
1.1936882329457958
1.1865731782102396
1.1792768607716488
1.1718094254315938
1.164181060900468
1.1564020546883178
1.1484828210306388
1.1404338052841074
1.1322655194663773
1.1239885441198594
1.115613489804784
1.1071510012010852
1.098611741097851
1.0900063989383473
1.0813456543217863
1.0726401800228258
1.0639006446888541
1.0551376983805796
1.0463619539617994
1.0375839617900036
1.0288142781078773
1.0200633923284388
1.011341704479772
1.0026595794359694
0.994027306185455
0.9854550899578137
0.9769530769191151
0.968531299950046
0.9601997108816176
0.9519681668143061
0.9438464489313521
0.9358441786135344
0.9279709211495977
0.9202361161278366
0.912649072429328
0.9052190106713243
0.8979550124068881
0.8908660460874105
0.8839609506000426
0.8772484367118999
0.8707370966289123
0.8644353714643143
0.8583515962542703
0.8524939603933778
0.846870493400511
0.8414891180691751
0.836357587101308
0.83148355542739
0.8268744843536628
0.8225377047473893
0.818480406012972
0.8147096194134092
0.8112322144523388
0.8080549192840994
0.8051842813735833
0.8026267090487182
0.80038841642959
0.798475456515142
0.7968937235038902
0.7956489077723163
0.7947465120303678
0.7941918890661502
0.7939901489843143
0.7941462250467524
0.7946648299637489
0.7955504908492017
0.796807464313191
0.7984398355464655
0.8004514047145775
0.8028457653533771
0.8056262251571843
0.8087958461374315
0.8123574252065603
0.8163134570785986
0.8206661581767815
0.8254174371524106
0.8305688989956115
0.8361218040666913
0.8420770842350396
0.8484353408331704
0.8551967888601922
0.8623612684758132
0.8699282554164259
0.8778968122934678
0.8862655848421739
0.8950328148961327
0.9041962732027642
0.9137533112152897
0.9237007950133862
0.9340351221670409
0.9447521870140646
0.9558474014442343
0.9673156349126081
0.97915125251193
0.991348066937576
1.0038993416037238
1.0167977586245116
1.030035454285653
1.0436039670243953
1.057494237550767
1.0716965993883238
1.0862007851298898
1.1009959159093483
1.1160704610427177
1.1314122782069693
1.1470085830015
1.1628459467456345
1.1789103007123403
1.1951869457209556
1.2116605024968967
1.2283149853258715
1.2451337337449764
1.2620994802238725
1.2791942827989082
1.296399595532364
1.3136962515508905
1.3310644519638277
1.3484838163239703
1.3659333553142905
1.38339150740009
1.4008361326342116
1.4182445720636967
1.4355936125075357
1.452859524359537
1.4700181179172265
1.4870446999147813
1.5039141498454813
1.5206009369559685
1.5370791124258754
1.5533223894240635
