1025
0.10600865819178966
0.0926339227716934
0.07926319085470639
0.0659028601586978
0.05255950183012814
0.03923986766146418
0.025950847791220408
0.012699481750193064
-0.0005070683161718734
-0.013661524210860436
-0.02675651988616563
-0.03978459497946429
-0.05273823175286591
-0.06560985986897856
-0.07839187263146535
-0.09107665117747135
-0.10365656114579684
-0.11612399233410507
-0.12847135815584368
-0.14069112285851734
-0.15277580910120522
-0.16471801330432106
-0.17651042782976065
-0.18814585475652199
-0.19961722175411115
-0.21091759128875343
-0.22204017883214178
-0.23297837647406994
-0.2437257435683988
-0.25427604993475683
-0.2646232657169966
-0.27476158014552193
-0.2846854338914895
-0.29438949137252285
-0.3038686827839348
-0.3131182040914671
-0.3221335352198532
-0.3309104297720804
-0.3394449486545349
-0.34773344139522744
-0.3557725845129998
-0.3635593537044877
-0.371091056193772
-0.37836532241095644
-0.38538011666657257
-0.39213373611861113
-0.39862481199189265
-0.4048523194334024
-0.4108155693841652
-0.41651420989064675
-0.4219482335631662
-0.4271179730285644
-0.43202408570132195
-0.43666756693532216
-0.44104974945827574
-0.4451722776836027
-0.4490371142804061
-0.45264654130777693
-0.45600314395113506
-0.45910980716710736
-0.4619696949508181
-0.4645862709918495
-0.4669632501698057
-0.4691046174370156
-0.47101461267570816
-0.47269769974340253
-0.4741585828740369
-0.4754021672094637
-0.47643356751524973
-0.47725808504522843
-0.47788118276916475
-0.47830849637611106
-0.4785457980669836
-0.4785989916462904
-0.4784740845027312
-0.4781771989665615
-0.4777145250314026
-0.47709232487072717
-0.4763169129383632
-0.47539463095110546
-0.4743318451748629
-0.47313491820279274
-0.47181020425875375
-0.47036402263196886
-0.4688026469143888
-0.4671322908965546
-0.46535909798037417
-0.4634890994879207
-0.4615282410421451
-0.4594823367920497
-0.45735706323498854
-0.45515795121293023
-0.4528903704039837
-0.450559507682268
-0.4481703654495464
-0.44572774965567996
-0.44323625307276354
-0.44070024707102123
-0.4381238645364522
-0.43551101393399816
-0.4328653365212797
-0.43019022359588194
-0.42748880779914034
-0.4247639384361494
-0.42201819968055526
-0.4192538849412138
-0.41647301079268173
-0.41367729450571805
-0.4108681613318365
-0.408046759701381
-0.4052139204178641
-0.402370194022783
-0.39951582944693576
-0.3966507928675346
-0.3937747409562455
-0.39088705414560376
-0.3879868260477563
-0.3850728761330016
-0.3821437358709866
-0.3791976715364684
-0.3762326908350572
-0.37324654490929243
-0.3702367284914272
-0.36720051364605527
-0.3641349155107583
-0.3610367510353372
-0.3579026144890159
-0.35472890558384085
-0.35151182776811274
-0.3482474143331056
-0.34493152441758057
-0.341559865005099
-0.33812801303191525
-0.3346314015789494
-0.33106535924019176
-0.32742510720708845
-0.3237057855931011
-0.3199024536273358
-0.3160101157397445
-0.3120237340533907
-0.3079382321008794
-0.30374851927087554
-0.2994495060710201
-0.2950361088595621
-0.2905032715710566
-0.28584598318303556
-0.28105927754806115
-0.27613826186070184
-0.27107812962756794
-0.2658741576680266
-0.26052173152220126
-0.2550163738225079
-0.24935371889016236
-0.24352956409801968
-0.237539858310933
-0.2313807193428857
-0.22504844492317239
-0.21853952945322808
-0.21185066452676035
-0.20497876939545467
-0.19792095339431479
-0.19067460145096038
-0.18323730511047043
-0.1756069198359192
-0.1677815586470997
-0.15975959351650817
-0.15153968423931002
-0.1431207449309688
-0.13450199345239527
-0.1256829345927713
-0.11666337564857207
-0.10744341267841616
-0.09802345476219142
-0.08840421856084733
-0.07858674575148909
-0.06857236819491637
-0.05836276503744769
-0.047959923617276704
-0.037366150406995
-0.02658408840095305
-0.015616698292597944
-0.004467262296992959
0.006860594704406054
0.01836293882514805
0.030035500952305408
0.041873691312267834
0.053872590859035376
0.06602697248450794
0.07833127021696341
0.09077961975607944
0.10336582916194484
0.11608340585365566
0.12892553623121408
0.14188511726191713
0.1549547426196443
0.1681266983536063
0.18139299722614086
0.1947453589013448
0.208175225401338
0.22167376805800496
0.23523188500757564
0.24884021811403936
0.2624891507034513
0.2761688293623054
0.28986915540413105
0.3035797974865905
0.3172902123293375
0.3309896351278982
0.3446670992475696
0.35831144888813765
0.371911331704374
0.3854552419167945
0.3989314905658723
0.4123282486370914
0.42563354715788604
0.438835288511214
0.4519212550180297
0.46487913666193714
0.4776965298303114
0.49036095664084167
0.5028598761615277
0.5151807073949087
0.5273108340166898
0.5392376391502511
0.5509484820170656
0.5624307555120293
0.5736718986771059
0.5846593846472992
0.5953807609455788
0.6058236670382471
0.6159758513417871
0.6258251747197321
0.635359660441022
0.6445674860306612
0.6534370148936968
0.6619568149878042
0.6701156772986809
0.6779026347767637
0.6853069968184782
0.6923183478187179
0.6989265930541816
0.705121943398692
0.7108949841563564
0.7162366489792837
0.7211382832759697
0.7255916343941238
0.7295888761844578
0.7331226503736212
0.7361860613017602
0.7387727092332701
0.7408767163722207
0.7424927271803358
0.7436159356325885
0.7442421206680444
0.7443676302942852
0.7439894320744492
0.7431051072704278
0.7417128781451321
0.7398116111818771
0.7374008478887677
0.7344808038191837
0.7310523845869616
0.7271172047600893
0.7226775872457795
0.7177365828379034
0.7122979610549897
0.7063662436870706
0.6999466854887043
0.6930452842807558
0.6856688059390071
0.6778247516888776
0.6695213819966824
0.660767708782038
0.6515734881966894
0.6419492304394784
0.6319061770625783
0.6214563047001572
0.6106123170252832
0.5993876253460194
0.5877963524524839
0.5758533091492749
0.563573973602484
0.5509744921878058
0.5380716519743278
0.5248828565781332
0.5114261191598425
0.49772003268574067
0.483783742995601
0.4696369348149148
0.4552997867188069
0.4407929753800411
0.4261376106679484
0.4113552320413955
0.3964677651952965
0.3814974901438638
0.36646701348430905
0.3513992436455589
0.3363173130875852
0.3212446000967935
0.3062046525211453
0.29122116521317404
0.27631793585922154
0.2615188321893616
0.24684774067323134
0.23232854401737293
0.21798507559115282
0.2038410566581517
0.18992009493078502
0.17624561311592618
0.1628408232185818
0.14972867649114743
0.1369318337324424
0.12447261956474691
0.11237297501524778
0.1006544386796872
0.08933807930692074
0.07844448954249389
0.06799372218248435
0.058005264125971394
0.04849800494995204
0.03949018950778751
0.03099940079871181
0.023042507840328356
0.01563564501473128
0.008794190425011403
0.002532714528137995
-0.0031350355164767823
-0.008196155294081237
-0.012638622758618916
-0.016451317338038354
-0.019624030230353823
-0.022147505158741903
-0.02401343904077448
-0.025214520728969667
-0.025744415181723233
-0.025597803958536995
-0.024770395199438935
-0.023258908895994433
-0.021061133086816397
-0.018175868426376644
-0.014602993488470283
-0.010343432301506784
-0.005399156863047678
0.00022680228957191526
0.00653034932102332
0.013506349675309073
0.02114862084121707
0.029449949310134112
0.0384020928072788
0.04799578501393452
0.058220761923752994
0.0690657653068489
0.08051856602556723
0.09256597935205377
0.10519386960300811
0.11838719505309006
0.13213001118448506
0.14640549737439648
0.16119598843538005
0.17648298580232247
0.1922471950274197
0.20846856784246268
0.22512629143458404
0.24219884729532698
0.2596640428624327
0.2774990376668198
0.29568037287588983
0.3141840062232547
0.33298534601245594
0.35205929928776103
0.37138027803908985
0.39092226414425546
0.4106588440873694
0.4305632222017857
0.4506082795006456
0.4707666129261532
0.4910105564467806
0.5113122334927113
0.5316435931100765
0.5519764443948836
0.5722825058036533
0.5925334183243287
0.6127008300012003
0.6327563829392961
0.6526717796442534
0.6724188225893517
0.6919694542923557
0.7112957643476499
0.7303700693495454
0.7491649315611675
0.7676531799199258
0.7858079651273702
0.8036028026125689
0.8210115748912986
0.8380086034897613
0.8545686610605093
0.8706670045565179
0.8862794105374854
0.9013822254723138
0.9159523550337274
0.9299673348810079
0.9434053443918113
0.9562452263206398
0.9684665287655196
0.9800495235435548
0.9909752303238557
1.0012254529591524
1.0107827936458615
1.0196306672617312
1.0277533525972438
1.0351359731521452
1.0417645511718696
1.0476260057623425
1.052708177395839
1.0569998479808835
1.060490742457464
1.0631715546030411
1.0650339643851086
1.0660706294786602
1.0662752081845204
1.0656423822589747
1.0641678252759221
1.0618482539768619
1.058681396899566
1.054666027238034
1.0498019325041992
1.0440899616862447
1.0375319661885116
1.0301308524810653
1.0218905515067784
1.0128159990290464
1.0029131799173916
0.9921890563218723
0.9806516278521229
0.9683098641057586
0.9551737117853784
0.9412540925941387
0.9265628932012875
0.9111129113522828
0.8949178887738037
0.8779924605677373
0.860352131379786
0.8420132978511309
0.8229931678949427
0.8033097722509822
0.7829819356225036
0.7620292441398933
0.7404720204903146
0.7183312946402561
0.6956287826619729
0.6723868309662397
0.6486284108071882
0.6243770817298011
0.5996569442524067
0.5744926162434397
0.5489091838830903
0.5229321832319663
0.4965875429474023
0.46990157978754593
0.44290089867015997
0.41561243397279035
0.3880633294831803
0.3602809517036008
0.33229283252306435
0.3041266223665237
0.27581005305461936
0.24737088947443356
0.21883691216586182
0.19023583599108557
0.16159529760277164
0.13294280487205737
0.10430569608539933
0.07571108980163374
0.04718584974880563
0.018756555597886308
-0.009550562856288808
-0.03770964041663052
-0.0656952294900538
-0.0934823495276751
-0.12104649549393631
-0.14836369697885005
-0.17541054401302875
-0.20216423711444265
-0.22860260372439387
-0.2547041292757211
-0.28044801838759964
-0.305814182246971
-0.33078331075098405
-0.3553368528047591
-0.3794570969520699
-0.40312713653338567
-0.42633095357321066
-0.44905338955270385
-0.47128019665332316
-0.4929980353809792
-0.5141944999573717
-0.5348581462407499
-0.5549784696638038
-0.5745459477261945
-0.5935520459833448
-0.6119892001732645
-0.6298508421529654
-0.6471314096801873
-0.6638263229870653
-0.679932004521369
-0.6954458634001871
-0.7103662995060466
-0.7246926965045652
-0.7384254103834
-0.7515657518265941
-0.7641159893578136
-0.7760793159114201
-0.7874598583137814
-0.7982626422851473
-0.8084935672147213
-0.8181593979936207
-0.8272677451836008
-0.8358270289000268
-0.8438464433766887
-0.8513359711678493
-0.8583063112808418
-0.8647688649147418
-0.8707357020698828
-0.8762195416909595
-0.8812336876183906
-0.8857920306885639
-0.889908984477728
-0.8935994610212353
-0.8968788307846859
-0.8997628696490876
-0.9022677679725746
-0.9044100225551239
-0.9062064463874894
-0.9076740962509332
-0.9088302654285865
-0.9096924145805829
-0.9102781320456108
-0.9106051085313626
-0.9106910829362486
-0.9105538017771034
-0.9102109718714358
-0.9096802409963956
-0.9089791292648105
-0.9081250072058871
-0.9071350534466671
-0.9060261987558198
-0.9048151151775409
-0.9035181584842108
-0.9021513276657939
-0.9007302463456495
-0.8992701106783209
-0.8977856733381172
-0.896291187443913
-0.894800393061222
-0.8933264796361814
-0.8918820579893129
-0.8904791345150415
-0.8891290661747763
-0.8878425722354509
-0.886629677275998
-0.8854997046076679
-0.8844612598530095
-0.8835221937690995
-0.882689603832078
-0.881969820473054
-0.881368371444173
-0.880889995398475
-0.8805386173765728
-0.8803173473755171
-0.8802284759443674
-0.8802734524319441
-0.8804529184618489
-0.8807666648755824
-0.881213673469671
-0.8817920858174473
-0.8824992241917577
-0.8833316156969271
-0.8842849695247395
-0.8853542022530188
-0.8865334544212509
-0.8878160960950974
-0.8891947655675506
-0.8906613376707981
-0.8922069978066981
-0.8938222439544666
-0.8954968925240181
-0.8972201142165193
-0.8989804733212021
-0.9007659273124404
-0.9025638868181366
-0.9043612249087555
-0.9061442990651152
-0.9078990128946259
-0.9096108252329628
-0.9112647911070796
-0.9128456111111727
-0.9143376371747434
-0.9157249334807165
-0.9169913139930982
-0.9181203660152664
-0.9190955037316014
-0.9199000015324498
-0.920517024649786
-0.9209296833928171
-0.9211210778582739
-0.9210743095354557
-0.9207725504026412
-0.9201990762849818
-0.919337300389504
-0.9181708084135357
-0.9166834197265149
-0.9148591977484163
-0.9126825229567844
-0.9101380923960383
-0.9072109864326315
-0.9038866857718794
-0.9001511219128461
-0.8959907078221548
-0.8913923706391068
-0.8863435724429052
-0.8808323562353055
-0.8748473789163006
-0.8683779259336765
-0.8614139478286421
-0.8539460840655446
-0.8459656905135753
-0.8374648504467089
-0.8284364197269408
-0.8188740151557341
-0.8087720639814242
-0.7981257976541559
-0.7869312698282207
-0.7751853859990143
-0.7628858887054584
-0.7500313822417358
-0.7366213406989265
-0.7226561040199538
-0.7081368964132299
-0.6930657999312281
-0.6774457966786686
-0.6612807194937733
-0.6445752782857169
-0.6273350532982953
-0.6095664708911723
-0.5912767959127685
-0.5724741446116448
-0.5531674451592777
-0.5333664210763088
-0.5130816032013321
-0.49232428080057616
-0.47110649153911593
-0.4494410123704682
-0.4273413146654382
-0.40482156595471847
-0.3818965717872269
-0.3585817827627997
-0.3348932403163979
-0.3108475630315377
-0.28646190824151635
-0.2617539483874933
-0.23674182346836387
-0.21144412838174909
-0.18587986777998977
-0.16006841672490488
-0.13402949787375537
-0.10778313941535246
-0.08134963619402505
-0.05474952074291067
-0.028003528590616188
-0.0011325471013306164
0.025842409169617366
0.05290022545655603
0.08001974965811093
0.10717980705528701
0.13435923734834615
0.1615369381860483
0.18869190238024305
0.21580323074988805
0.2428501979074224
0.2698122601183177
0.29666908639332057
0.3234006162024886
0.3499870638287995
0.37640895130036767
0.40264714619475256
0.4286828816964533
0.45449779143736546
0.480073915611064
0.5053937421744144
0.5304402259816725
0.5551968002657593
0.5796474029018607
0.603776497402405
0.6275690897933458
0.6510107240910521
0.6740875291346521
0.696786202731441
0.7190940397768113
0.7409989271239478
0.7624893654601387
0.7835544704840359
0.8041839635479917
0.8243682053081653
0.8440981752802599
0.86336546019001
0.8821622951567909
0.9004815155845454
0.9183165954628043
0.9356615992563212
0.9525112102256386
0.9688607083453772
0.9847059620497199
1.0000434229059936
1.0148701124778496
1.0291836069077502
1.0429820327262231
1.0562640406043062
1.0690288062787159
1.081276006819771
1.0930057988062156
1.1042188103786232
1.1149161289784886
1.1250992649755858
1.134770147575539
1.1439311022914125
1.152584840580856
1.160734418498114
1.1683832456051055
1.1755350339366906
1.1821938103904335
1.1883638673691743
1.194049766450187
1.1992563108116654
1.2039885033868323
1.2082515728880614
1.2120509149415413
1.21539209790984
1.2182808197122958
1.2207229129693444
1.222724324150785
1.2242910854208586
1.2254292966940634
1.2261451387997657
1.2264448062463398
1.2263345485826314
1.2258206231295876
1.2249092860128632
1.2236067843853804
1.2219193432224078
1.2198531671020583
1.2174143980727945
1.214609146638273
1.2114434456124739
1.2079232754013975
1.2040545334384867
1.1998430425134956
1.195294543443937
1.1904146857154874
1.1852090230384509
1.1796830193596115
1.173842051325614
1.1676913874528418
1.1612362141577979
1.1544816052414213
1.147432560479749
1.1400939778371857
1.1324706756419125
1.124567389864182
1.1163887731882787
1.1079394053835798
1.0992237988401745
1.0902464125615827
1.0810116505460683
1.0715238666407203
1.0617873649981737
1.051806452330294
1.0415853850321897
1.0311284150680153
1.020439804069948
1.0095238062214191
0.9983847026482848
0.9870267942343027
0.9754544325722447
0.9636720079255993
0.9516839688945524
0.9394948350829342
0.9271092074893212
0.9145317856940469
0.9017673555177051
0.8888208180968153
0.8756971943616133
0.8624016514702717
0.8489394781051284
0.8353161053273012
0.8215371633138139
0.8076083950443204
0.793535763731761
0.7793253965995212
0.7649836027146749
0.7505169011139355
0.7359320135264718
0.7212358634394889
0.7064355972597226
0.6915385666225365
0.676552368156222
0.6614848066660594
0.6463439154671825
0.6311379699333051
0.6158754680336985
0.6005651456260521
0.5852159699994864
0.569837136772216
0.554438076916771
0.5390284525542178
0.5236181466477907
0.5082172644436106
0.4928361249845691
0.47748526951538905
0.46217543823622925
0.4469175769857279
0.4317228174665143
0.41660247737125927
0.4015680602737449
0.3866312253328993
0.37180380574606114
0.3570977622030012
0.34252519618780697
0.32809834521900816
0.31382954694729537
0.29973124062545436
0.28581596220689315
0.27209629711113864
0.2585848986709045
0.2452944853309341
0.23223776450254038
0.21942748554228406
0.2068763832386856
0.1945971706975696
0.1826025299401453
0.17090508516298003
0.15951740554751231
0.14845194937883002
0.1377210935281242
0.1273370863307929
0.11731203348003595
0.10765788026328575
0.09838643242437646
0.08950925369631406
0.08103774140420267
0.07298306174565332
0.06535612201595671
0.05816759336261391
0.05142785379750841
0.04514701277894779
0.039334853641288525
0.034000851227444825
0.02915413890717115
0.024803498735641024
0.020957348926043614
0.017623730169509334
0.014810281880523798
0.012524248785957207
0.01077245825456529
0.009561295209527847
0.008896717688112654
0.008784228754536714
0.0092288625595726
0.010235198409907172
0.011807328172726013
0.013948850932979472
0.016662885218582196
0.019952040980625314
0.02381842049885332
0.028263616478698815
0.033288712803524294
0.03889426963192584
0.04508031519184313
0.051846367869390717
0.059191407417964005
0.06711389290876212
0.0756117562519136
0.08468239674388969
0.09432269620797223
0.10452900748725123
0.11529716320654466
0.12662247431281987
0.13849974684476252
0.15092326616277962
0.16388682670658564
0.17738371146949544
0.1914067105675961
0.2059481491045088
0.22099984144545262
0.23655315634388668
0.2525989951002815
0.2691278011602702
0.28612957776754716
0.30359389017834376
0.3215098842938021
0.3398663018076423
0.35865145524953096
0.37785329412814117
0.39745937768321415
0.4174568937225901
0.4378326782224047
0.4585732340638429
0.4796647182569096
0.5010929764240458
0.5228435580204576
0.5449017205472652
0.5672524348271203
0.5898804126758327
0.6127701297709317
0.6359058078444623
0.6592714596434319
0.6828508865669289
0.706627699229372
0.7305853295866322
0.7547070413533429
0.7789759519291016
0.8033750529520913
0.8278871988703251
0.8524951523349281
0.8771815739035088
0.901929052173332
0.9267201175606308
0.9515372443666111
0.9763628809939717
1.001179451577998
1.0259693773281313
1.0507150900088529
1.0753990452616167
1.1000037431304457
1.1245117244620113
1.1489056053954956
1.1731680795270985
1.1972819401766763
1.2212300899245503
1.2449955497414777
1.268561481952938
1.29191119304676
1.3150281586800585
1.3378960463006322
1.3604986868883395
1.3828201336211536
1.4048446586707406
1.4265567637935437
1.4479411820472645
1.4689829224742055
1.489667251988977
1.509979725608289
1.5299061841653125
1.5494327832884938
1.5685459908865358
1.587232607381524
1.605479774672809
1.623274982501751
1.6406060885472002
1.6574613218574512
1.673829293687252
1.6896990101417753
1.705059882225541
1.719901732814744
1.7342147993093315
1.7479897602780825
1.7612177235958943
1.7738902468938875
1.785999336724247
1.7975374613648898
1.8084975530873475
1.818873015445533
1.8286577276837785
1.8378460561369407
1.8464328435132034
1.8544134278697153
1.8617836390340614
1.8685397955377276
1.874678712663051
1.8801977148778501
1.8850946101634054
1.8893677136178952
1.8930158341327696
1.896038281884351
1.8984348552512245
1.9002058498172312
1.901352050557032
1.9018747247298489
1.901775625529557
1.901056977343069
1.899721477361195
1.897772294887348
1.895213047922261
1.8920478087667387
1.8882810957190101
1.8839178595932409
1.8789634748442854
1.873423734056486
1.8673048459010813
1.8606134020847458
1.8533563855861335
1.8455411571155862
1.8371754394133863
1.8282673068502477
1.8188251717886748
1.808857772432417
1.7983741657385175
1.7873837083189068
1.7758960452292758
1.7639210950816966
1.7514690421571095
1.7385503155681494
1.7251755857049973
1.7113557333180296
1.6971018582362234
1.6824252523770569
1.6673373847582105
1.6518498991017054
1.6359745889613617
1.619723394813297
1.6031083849974126
1.5861417474432677
1.5688357714588141
1.5512028504119255
1.53325544988476
1.5150061127424135
