1025
-0.22085824694370038
-0.2493850680236857
-0.27831456332092397
-0.3076253518948386
-0.33729554096432107
-0.36730275978385013
-0.3976241794442991
-0.4282365448910821
-0.45911620590698243
-0.4902391460261621
-0.5215810087664531
-0.5531171427341081
-0.5848226230346376
-0.6166722865784511
-0.6486407769710366
-0.6807025632821934
-0.7128319916999739
-0.7450033112105126
-0.7771907191646727
-0.8093683864807515
-0.8415105063829613
-0.8735913250977296
-0.9055851826130938
-0.9374665507799833
-0.9692100624179074
-1.0007905677778386
-1.032183144563276
-1.0633631555554575
-1.0943062825093532
-1.12498855370579
-1.155386379714944
-1.1854765955083348
-1.2152364882984272
-1.2446438313504078
-1.2736769175935008
-1.3023145907218372
-1.330536266627116
-1.3583219779254072
-1.3856523835573888
-1.4125088123264646
-1.4388732747410027
-1.4647284889875685
-1.4900579134990302
-1.5148457485365197
-1.5390769737137782
-1.5627373541186422
-1.585813461563141
-1.6082926841343228
-1.630163239168379
-1.6514141948818015
-1.6720354639461137
-1.6920178139286626
-1.711352883476347
-1.7300331754859448
-1.748052060575114
-1.76540378104425
-1.7820834475813183
-1.7980870359726746
-1.8134113783704031
-1.82805415917075
-1.8420139151503632
-1.8552900044413299
-1.8678826203630443
-1.879792760062999
-1.8910222089981583
-1.9015735412413113
-1.9114500794736318
-1.9206558970987757
-1.92919578455334
-1.937075224703429
-1.9443003826722771
-1.9508780724739734
-1.9568157312877987
-1.9621214016135207
-1.9668036916176534
-1.9708717557691458
-1.9743352663948088
-1.9772043792676621
-1.9794897048486622
-1.9812022812541843
-1.9823535386904332
-1.9829552652118503
-1.9830195864720608
-1.9825589240494976
-1.9815859648127854
-1.9801136297700233
-1.978155038673497
-1.9757234850663847
-1.972832401493328
-1.9694953239978141
-1.9657258623069802
-1.9615376773402105
-1.9569444366780548
-1.951959798866067
-1.9465973794828024
-1.94087070676641
-1.9347932299319939
-1.9283782586335876
-1.9216389580730806
-1.914588307904942
-1.907239093159477
-1.899603877997888
-1.891694973635317
-1.8835244366156354
-1.8751040270309594
-1.8664452181539795
-1.857559147266982
-1.8484566342778443
-1.8391481367647333
-1.8296437585808027
-1.819953233611407
-1.8100859043740098
-1.8000507294568524
-1.7898562625160157
-1.7795106585515235
-1.7690216677034967
-1.7583966082977631
-1.7476424052375694
-1.7367655579527652
-1.7257721521012652
-1.7146678616982054
-1.703457953040751
-1.6921472838680913
-1.6807403137577366
-1.6692411129327953
-1.6576533631900179
-1.6459803764281091
-1.6342250858859182
-1.6223900828846272
-1.6104776109608798
-1.598489583138099
-1.5864275994639718
-1.574292948378109
-1.5620866376092595
-1.5498094102097693
-1.5374617400244825
-1.5250438721857507
-1.5125558261232301
-1.4999974233710769
-1.4873682950986957
-1.4746679092297832
-1.4618955828248852
-1.449050505232214
-1.436131753147444
-1.423138317668921
-1.4100691170576993
-1.3969230041678806
-1.3836988127767125
-1.370395344619792
-1.3570114143171825
-1.3435458542969414
-1.3299975311548073
-1.316365363820592
-1.302648351200572
-1.2888455681944584
-1.2749561979324309
-1.2609795387890659
-1.246915023781066
-1.2327622295249618
-1.2185208875892257
-1.2041909055964934
-1.1897723661288524
-1.175265551021606
-1.1606709347185813
-1.1459892076509315
-1.1312212839682838
-1.1163682854706836
-1.101431583380341
-1.086412775403099
-1.0713137005814979
-1.0561364401938336
-1.0408833250661815
-1.0255569289256259
-1.0101600750390562
-0.9946958281789304
-0.9791675063929821
-0.9635786630809731
-0.9479330936166751
-0.9322348277021539
-0.9164881230279377
-0.9006974634473174
-0.8848675501328785
-0.8690032914279331
-0.85310979620923
-0.8371923698767476
-0.8212564940269211
-0.8053078260454186
-0.7893521907041723
-0.7733955454206611
-0.7574440017271993
-0.7415037901937914
-0.7255812497679942
-0.7096828228929871
-0.6938150396160018
-0.677984494134516
-0.6621978435434689
-0.646461781866169
-0.630783035971364
-0.6151683453858307
-0.5996244492005575
-0.5841580633870476
-0.5687758818734496
-0.5534845482365581
-0.5382906498981396
-0.5232006979660998
-0.5082211149673456
-0.4933582235851483
-0.478618232831107
-0.464007218638176
-0.4495311225484265
-0.43519572478009205
-0.42100665559353806
-0.4069693507259765
-0.3930890755667591
-0.3793708912314948
-0.3658196586868134
-0.3524400146114871
-0.3392363827269124
-0.3262129552975761
-0.3133736855797616
-0.300722281167388
-0.2882622064578684
-0.2759966728946818
-0.26392863248805853
-0.25206078204933985
-0.24039554932524324
-0.2289351132537919
-0.21768137667451942
-0.20663597730529426
-0.1958002991884293
-0.18517545888737647
-0.17476231143233212
-0.16456146564467392
-0.15457326689379797
-0.1447978178268823
-0.13523497700027404
-0.12588436398406377
-0.11674536267023816
-0.10781714557128194
-0.09909864990013643
-0.0905886191958875
-0.08228558614785184
-0.07418789006300908
-0.06629369119282368
-0.058600975029211085
-0.051107561072090905
-0.04381111507584622
-0.036709157687592656
-0.029799078491780456
-0.023078139882579028
-0.01654350090682878
-0.010192213101332424
-0.004021231130321286
0.001972553549776142
0.007792328410529534
0.013441338890852101
0.01892287216613255
0.02424025789335617
0.029396847400249206
0.03439601031860932
0.03924112382600101
0.04393556246988237
0.04848268291352676
0.05288583250246974
0.057148322038165944
0.06127342287181273
0.06526437442155968
0.06912434756959696
0.0728564765830852
0.07646381534448533
0.07994935660405002
0.0833160184308352
0.08656664211195281
0.08970398940473952
0.09273073028211283
0.0956494551036157
0.09846266518516461
0.10117276456721518
0.10378207433736257
0.10629281762510483
0.10870713036486626
0.11102705200076869
0.11325454637180603
0.11539147121931805
0.11743961294528985
0.11940067084016616
0.12127626501054856
0.12306794016487758
0.12477717223492481
0.12640536587358944
0.12795386494818622
0.12942395453037708
0.1308168705521921
0.13213380153403034
0.13337589555897392
0.1345442550638557
0.13563996871763584
0.13666409357230297
0.13761767540529665
0.13850174101241458
0.13931731685417703
0.14006543018923492
0.14074711729921785
0.14136342576824126
0.14191542308331037
0.14240419834094561
0.14283087659758936
0.14319660936814724
0.14350259931578074
0.14375007614539362
0.14394033821817537
0.14407471771965685
0.1441546110679007
0.1441814769889957
0.14415682577257993
0.1440822362532936
0.14395934808916871
0.14378987613429908
0.14357559108970847
0.14331833342652017
0.14302002250484497
0.14268262432685114
0.14230818307233103
0.14189880379112646
0.14145665248663974
0.14098394961736427
0.14048298065309237
0.13995607300079244
0.13940561272480625
0.138834021309496
0.1382437617635842
0.13763733545821444
0.13701726585577875
0.13638611049323138
0.13574642885169155
0.13510079980187156
0.13445181040884752
0.13380203598827167
0.1331540479588387
0.13251039919010305
0.13187362010751383
0.1312462042282257
0.13063061486119104
0.13002926789040373
0.1294445223511901
0.12887867489688423
0.12833396359135815
0.12781254522912122
0.1273164958664068
0.1268478064012243
0.12640837536965552
0.12599998878461313
0.12562434686098467
0.125283015942219
0.12497746573890012
0.12470902765261474
0.12447892646176491
0.12428823784721342
0.12413791620790854
0.12402877832304175
0.12396150547566832
0.12393663099054739
0.12395455805228592
0.1240155387426139
0.12411968870757632
0.12426697482666516
0.12445723374423166
0.12469015439447922
0.12496529572364903
0.12528206675534173
0.1256397671237053
0.12603754934899275
0.12647445137436375
0.12694939246011136
0.1274611758804135
0.1280084968225383
0.1285899508894315
0.12920403668746683
0.12984916585049666
0.13052366934529
0.13122580560877165
0.13195376861271688
0.13270569679784575
0.1334796831776394
0.13427377444935307
0.13508600112966732
0.1359143629886178
0.1367568537741621
0.13761146405399993
0.13847619984495274
0.13934907808404406
0.1402281439128732
0.14111148105525018
0.14199722371171242
0.14288355318080026
0.14376871881282252
0.1446510469427254
0.14552893722629115
0.14640088637628404
0.1472654809904919
0.1481214154879537
0.1489674933514455
0.14980263391853743
0.15062588587370676
0.1514364168950769
0.15223353336376308
0.1530166736765854
0.15378542395549122
0.15453950221857216
0.1552787826118101
0.15600327921279816
0.15671315217960907
0.15740871457948008
0.15809042561240438
0.15875888252573203
0.15941483306547416
0.16005916499758488
0.16069289830487468
0.16131718828101263
0.1619333210479372
0.1625426977227172
0.16314684054072043
0.16374737688783825
0.16434604056080446
0.16494465082601992
0.16554511712967457
0.16614941701125874
0.16675959819417266
0.16737775800141041
0.16800604196936272
0.1686466230723477
0.16930169134129164
0.1699734569639363
0.17066410559937895
0.1713758231362799
0.17211075853166374
0.17287102048845093
0.17365865140967246
0.1744756388047958
0.17532387857927798
0.17620516815075488
0.17712120733625875
0.17807355827432975
0.17906366173282903
0.18009280652178894
0.181162118904888
0.18227255926759653
0.18342490297826383
0.1846197340031494
0.18585742574439706
0.18713814774713333
0.18846184083460324
0.18982821275895737
0.1912367360214149
0.19268663082674006
0.19417687359092203
0.19570617319435485
0.19727298025856194
0.19887546955185292
0.20051156000283557
0.2021788836716284
0.20387480814623107
0.2055964239729628
0.20734054970552385
0.2091037259250152
0.21088223711684875
0.21267209424054026
0.214469048671172
0.21626860029439546
0.21806600011974417
0.21985626050544144
0.22163415689148983
0.22339425259521217
0.22513089531761138
0.2268382298059209
0.2285102182206817
0.23014064699779532
0.23172313996125565
0.23325117941639145
0.2347181155551343
0.2361171844613108
0.23744152306023233
0.23868419306668995
0.23983818738504367
0.2408964603428076
0.24185193972151475
0.24269754095013038
0.2434262042441914
0.2440308901467745
0.24450462180096055
0.24484048305365733
0.24503165976783775
0.24507144460460273
0.24495326396015313
0.24467069138281006
0.24421747359870413
0.2435875443866586
0.24277504890796148
0.24177434824863
0.24058006107967558
0.2391870552941717
0.23759048045866157
0.23578577587984453
0.23376869159044525
0.23153529832179487
0.22908200009109997
0.22640554875478572
0.22350305953518732
0.22037201106671728
0.21701026493075995
0.21341606624072834
0.2095880545523343
0.20552527525227232
0.2012271774899865
0.19669361083797912
0.19192484524932865
0.18692156361111545
0.1816848546650218
0.17621622337157639
0.17051758643820458
0.16459125898176527
0.15843996558650225
0.15206681280272855
0.145475302557075
0.13866931742679156
0.13165310018536094
0.12443125860194738
0.11700873958911012
0.1093908312512769
0.10158312641197201
0.09359154187777258
0.08542226511877699
0.07708176275133513
0.0685767480040026
0.05991417758459154
0.051101220313836515
0.04214523869055756
0.03305377464664163
0.023834525523339017
0.01449531807822466
0.005044098185219879
-0.004511103061008283
-0.014162181422026854
-0.02390098989742064
-0.03371935718923545
-0.04360910197008038
-0.053562076098818294
-0.06357015900547228
-0.07362530498853696
-0.08371954632560266
-0.09384501893353663
-0.10399399110091649
-0.11415886784878637
-0.1243322274280546
-0.13450683077070033
-0.14467562197135594
-0.15483178842253004
-0.16496873475332335
-0.1750801187732829
-0.1851598582749767
-0.1952021506204835
-0.20520147435713101
-0.21515261261578328
-0.22505065345469696
-0.23489099763222004
-0.2446693743206054
-0.2543818396543249
-0.2640247798200213
-0.2735949261139764
-0.2830893381382098
-0.2925054239811992
-0.30184092444668725
-0.3110939221876774
-0.32026282690024466
-0.3293463852963896
-0.3383436597954081
-0.34725403601448984
-0.35607719589987913
-0.3648131361187453
-0.37346212454640576
-0.38202471861896276
-0.3905017304901639
-0.3988942255125175
-0.407203498606511
-0.41543106817934694
-0.4235786602627247
-0.4316481663279512
-0.4396416687098405
-0.4475613888589559
-0.45540967233177754
-0.46318897356370575
-0.4709018510854924
-0.4785509136608085
-0.486138827352532
-0.4936682877488621
-0.5011419947986564
-0.5085626226198026
-0.5159328282703488
-0.5232552018761717
-0.5305322495409281
-0.5377663978414733
-0.544959933515283
-0.5521150252501824
-0.5592336783725216
-0.5663177152504705
-0.5733687789128432
-0.5803882996022595
-0.5873774783666338
-0.5943372779621101
-0.6012684091233879
-0.608171310194251
-0.6150461440543211
-0.6218927742231617
-0.62871076952552
-0.6354993884721801
-0.6422575703457201
-0.6489839271301232
-0.6556767455710709
-0.6623339779723327
-0.6689532415678542
-0.6755318167207088
-0.6820666438179155
-0.6885543378226822
-0.6949911708374084
-0.701373096170286
-0.7076957423371159
-0.7139544199258961
-0.7201441369263747
-0.7262596001733004
-0.7322952340168536
-0.7382451848066539
-0.7441033379392168
-0.7498633366459495
-0.7555185803377863
-0.7610622625234329
-0.7664873784240868
-0.7717867364590424
-0.7769529839838736
-0.7819786338112211
-0.7868560697435654
-0.7915775781048556
-0.796135367504733
-0.8005215897662121
-0.8047283604587455
-0.8087477857990655
-0.8125719867408265
-0.816193115002494
-0.8196033874318516
-0.8227950937672508
-0.8257606362920615
-0.8284925466931127
-0.830983504173872
-0.83322636488644
-0.835214184722746
-0.8369402330912512
-0.8383980191522402
-0.8395813206444825
-0.8404841850249527
-0.8411009668799562
-0.8414263365191125
-0.8414553003868495
-0.8411832181692603
-0.8406058159978639
-0.8397192025372235
-0.838519881426099
-0.8370047691357111
-0.8351711973237684
-0.8330169255404057
-0.8305401554973814
-0.8277395283481461
-0.8246141432535607
-0.8211635511410427
-0.8173877547687669
-0.813287233335114
-0.808862916200005
-0.8041161942755388
-0.7990489206851947
-0.7936633993964445
-0.7879623906517447
-0.7819490872524052
-0.7756271314478502
-0.7690005824649382
-0.7620739218390465
-0.754852037457736
-0.7473402006312787
-0.7395440768969916
-0.7314696883334304
-0.7231234059628878
-0.7145119335272627
-0.7056422890603529
-0.6965217886439977
-0.6871580147034559
-0.6775588197210268
-0.6677322778189184
-0.6576866825743376
-0.6474305139843105
-0.6369724242764053
-0.6263212063938266
-0.6154857766609889
-0.6044751408829317
-0.5932983905340419
-0.5819646545644743
-0.570483097354595
-0.5588628711987121
-0.54711311360716
-0.5352429084277924
-0.5232612724345725
-0.5111771314971825
-0.4989992781526972
-0.48673638480813153
-0.47439694498322243
-0.4619892750665702
-0.4495214885379349
-0.43700147348727764
-0.42443687050652035
-0.41183505985806845
-0.39920314768515847
-0.3865479341223895
-0.3738759148846121
-0.36119325754327064
-0.348505786855072
-0.3358189826934222
-0.32313795500993525
-0.31046744324187175
-0.2978118075491988
-0.28517501421838587
-0.2725606398596133
-0.25997185769880443
-0.24741143567644006
-0.2348817429563745
-0.2223847306038196
-0.20992195368155367
-0.19749455960420684
-0.18510328794040734
-0.17274848947458477
-0.16043011788871078
-0.14814774517005613
-0.1359005613521823
-0.12368739080534483
-0.1115067054875453
-0.09935662852367609
-0.08723494593531834
-0.07513913444945612
-0.06306635795812016
-0.05101349853565764
-0.03897716524075287
-0.026953715138446122
-0.014939268789744874
-0.0029297334382514433
0.00907917521194008
0.02109191898873805
0.03311311032078286
0.045147489439590925
0.0571999094217633
0.06927530151154263
0.08137865733469436
0.09351500647712371
0.10568938975344984
0.11790684025185053
0.13017234746700512
0.14249084514269236
0.15486717845205863
0.16730608411839934
0.17981216813743797
0.19238987060190063
0.20504345601455481
0.21777697796992648
0.23059426674989456
0.24349889748037587
0.25649417527501334
0.2695831070935332
0.28276838705779184
0.296052368978679
0.3094370560203312
0.3229240794928174
0.33651466903596067
0.35020965650704455
0.3640094397695671
0.3779139861348531
0.39192280384920297
0.40603493480584146
0.4202489466580713
0.4345629095504831
0.4489744058431161
0.46348050491965925
0.47807776058410123
0.4927622167395307
0.5075293812154709
0.5223742365502346
0.5372912430551232
0.5522743252293926
0.5673168725088531
0.5824117535556683
0.597551313176813
0.6127273617066947
0.6279312137720388
0.643153662403187
0.6583849974166771
0.6736150345632151
0.6888330960580279
0.7040280407322934
0.7191882764875713
0.7343017616844637
0.749356044777265
0.7643382503111814
0.7792351247476983
0.7940330400384535
0.8087180172251617
0.8232757494144496
0.8376916200041415
0.8519507252649678
0.866037904852018
0.8799377602813893
0.8936346773294993
0.9071128667719681
0.920356371123866
0.9333491133027396
0.9460749002919469
0.9585174794863702
0.9706605478820812
0.9824877874227014
0.9939828980762511
1.0051296318068037
1.0159118035080745
1.0263133471193582
1.0363183373004223
1.0459110154077103
1.0550758265687945
1.0637974488879345
1.0720608268392755
1.0798511981069472
1.08715414113566
1.0939555772165472
1.1002418234728726
1.1059996191797357
1.1112161489768593
1.115879083848091
1.119976592497085
1.123497390583426
1.1264307545706345
1.1287665480430866
1.130495264418272
1.1316080275150235
1.1320966402595043
1.131953595613118
1.1311721025699308
1.1297461029615707
1.127670309646446
1.1249402081522026
1.1215520772599832
1.1175030239239585
1.112790978651425
1.107414726374018
1.1013739078799172
1.0946690482530939
1.0873015566998296
1.079273732641323
1.0705887944578376
1.0612508638962788
1.0512649907400102
1.0406371397328713
1.0293742089041495
1.0174840277293826
1.0049753508926684
0.9918578597530444
0.9781421641063569
0.9638397907442953
0.948963185269585
0.9335256917452456
0.9175415578376032
0.9010259192282224
0.8839947808695439
0.8664650078684524
0.8484543191563606
0.8299812516243783
0.811065156805102
0.7917261774221975
0.7719852256480259
0.7518639573940631
0.7313847505368056
0.7105706819274489
0.6894455006408013
0.6680335903870567
0.6463599525649164
0.6244501675865879
0.6023303691368685
0.5800272069137037
0.5575678083526985
0.5349797557635747
0.5122910390394474
0.48953002472607954
0.46672541520864147
0.443906211078217
0.42110166862453924
0.39834126172729445
0.3756546506783901
0.3530716285094552
0.3306220682212249
0.30833591498227103
0.28624310642475614
0.26437355232460885
0.2427570905820798
0.22142342824925595
0.20040211133828287
0.1797224806121589
0.15941362020344405
0.13950432341582672
0.12002304447449165
0.10099785612786058
0.08245640545106439
0.06442587672191344
0.04693294844081884
0.03000374796176945
0.013663816926986767
-0.002061939182745212
-0.017149268638298663
-0.03157463026060421
-0.04531522958534825
-0.058349044537437306
-0.07065486501150359
-0.0822123349482452
-0.09300196579559394
-0.10300519241260717
-0.11220438153995704
-0.1205828745846288
-0.12812500487118733
-0.13481613867649783
-0.1406426812046726
-0.1455921088142488
-0.14965299618671327
-0.15281502238632488
-0.15506899969843382
-0.1564068868721257
-0.15682180082288733
-0.15630803448667624
-0.1548610626441216
-0.15247756006974877
-0.14915539508556105
-0.14489364748657318
-0.1396926113456573
-0.1335537866693524
-0.12647989401548715
-0.11847485914115105
-0.10954381887281318
-0.09969311412957733
-0.08893027945638812
-0.07726403687934585
-0.06470428138316443
-0.05126207338903644
-0.03694962150743619
-0.02178026414248476
-0.005768456747364106
0.01107024955168115
0.02871923777895696
0.047160832821269524
0.06637633197918676
0.08634604654387598
0.10704930022939653
0.12846448180929693
0.15056906461084058
0.17333964822807746
0.19675197266325878
0.22078097867612623
0.24540082086798942
0.27058492025905856
0.2963059898972927
0.32253608236749753
0.3492466317284847
0.3764084827007625
0.40399194582624176
0.43196683196402386
0.4603025005975432
0.48896789467372004
0.5179315978695472
0.5471618748574542
0.5766267094710151
0.6062938591021939
0.6361309027825855
0.6661052775420955
0.6961843339173063
0.7263353817708413
0.7565257282300138
0.7867227386156307
0.8168938702537415
0.8470067263723607
0.8770290958579667
0.906929008593524
0.9366747677222542
0.966235007786073
0.9955787289839169
1.0246753436607778
1.0534947171188112
1.0820072174916724
1.110183748134483
1.1379957899242334
1.1654154417410836
1.1924154601774994
1.2189692940195103
1.2450511180628319
1.270635874455659
1.2956992994171437
1.3202179571880983
1.344169272408368
1.367531561888612
1.3902840506037637
1.4124069134104693
1.4338812856649916
1.4546892991934808
1.4748140883721026
1.4942398224656017
1.51295172014931
1.5309360582756053
1.5481802002603575
1.564672592758722
1.5804027850146467
1.5953614351127707
1.609540320952782
1.622932338406605
1.6355315042535348
1.6473329682884235
1.65833299512031
1.6685289755436574
1.6779194155124237
1.68650392789941
1.6942832305088298
