1025
0.824378451913346
0.8161569944783814
0.8081707105335221
0.8004267181787792
0.7929319090670048
0.7856929354240009
0.7787162022326395
0.7720078744965255
0.7655738560233611
0.7594197960297102
0.7535510886685303
0.7479728501008653
0.7426899299536819
0.7377069106834375
0.7330280779090736
0.7286574542303241
0.7245987615397522
0.7208554366364224
0.7174306102037717
0.714327132741012
0.7115475400654894
0.7090940725547525
0.7069686568291792
0.7051729046852434
0.7037081342751749
0.7025753113946984
0.7017751282662562
0.7013079309951619
0.7011737442092246
0.7013722685078069
0.7019028943103017
0.7027646776970192
0.7039563382223116
0.705476283917385
0.7073225860885999
0.709492984813514
0.711984907078662
0.7147954383490257
0.7179213529551134
0.7213590893707803
0.7251047649257003
0.7291541917141747
0.7335028419514242
0.7381458969682463
0.7430782089259391
0.7482943319710215
0.7537885158244897
0.7595547134205232
0.7655865958289529
0.7718775235873228
0.7784205930600243
0.7852086338230627
0.7922341973338636
0.7994895805130224
0.8069668315085203
0.8146577610630457
0.8225539387053435
0.8306467182740186
0.8389272437098101
0.8473864627558153
0.856015114680225
0.8648037878377702
0.873742879625162
0.882822645378496
0.8920332133400788
0.9013645622765647
0.910806583874394
0.920349051165831
0.9299816576021802
0.9396940424967026
0.9494757851967778
0.9593164197109968
0.96920547497119
0.9791324559777613
0.9890869006698448
0.9990583654572157
1.0090364479816503
1.019010808940278
1.028971193188968
1.0389074376507985
1.0488094903992624
1.0586674437197359
1.0684715115677685
1.0782120845634449
1.0878797293969444
1.097465211487978
1.10695950814116
1.1163538282652579
1.1256396084121936
1.134808554673042
1.1438526520342793
1.1527641523453684
1.1615356285528056
1.1701599539549252
1.1786303234064972
1.1869403096604196
1.1950837783856871
1.2030549925079055
1.2108485666842674
1.2184595110128411
1.225883219115612
1.2331154667851847
1.240152454934611
1.2469907697164742
1.2536274386661002
1.2600598715248346
1.2662859386018648
1.2723038951078276
1.2781124589579316
1.2837107452394985
1.2890982996192568
1.2942751022934131
1.2992415454262944
1.3039984468461971
1.308547032630952
1.312888915463651
1.3170261657024576
1.3209611894724063
1.3246968087421551
1.3282362208358098
1.331582989369444
1.3347410221138318
1.3377145930150496
1.3405082926701486
1.3431270342899402
1.3455760350428847
1.347860792547901
1.349987107020566
1.3519610067587895
1.3537887705452734
1.3554769024519653
1.3570321000460208
1.35846127291305
1.3597714808298174
1.3609699101268282
1.3620639178167586
1.3630609367816828
1.363968504708501
1.3647942051510455
1.3655456818785587
1.3662305960607344
1.3668566172344863
1.36743139391793
1.3679625333476875
1.3684575750873211
1.368923967311087
1.3693690974749573
1.3698001756509504
1.3702243106167054
1.3706484198295927
1.371079239583418
1.3715233048362863
1.371986942668299
1.3724761984032041
1.3729969013918786
1.3735545787404222
1.37415447626817
1.3748015150867003
1.375500303544999
1.3762551023643297
1.377069826542192
1.3779480136283888
1.3788928204222421
1.3799070292160294
1.380993002843957
1.3821526827864996
1.3833876226939523
1.3846989169589827
1.3860872308248666
1.3875527930623888
1.3890953808785982
1.3907143166915104
1.392408468435013
1.3941762482681472
1.3960156091559952
1.397924041218647
1.3998985735359302
1.4019357795294127
1.4040317826002966
1.4061822465715472
1.408382388684714
1.4106269885012606
1.412910378079768
1.4152264782485644
1.4175687678091975
1.4199303312288971
1.4223038430781096
1.4246815681087313
1.4270554292481832
1.4294169448612535
1.4317572847140483
1.4340672927314169
1.4363374630586563
1.4385579796105363
1.4407187400251962
1.4428093382232834
1.4448191265007269
1.4467371883678837
1.4485523809278256
1.4502533443621555
1.4518285400286368
1.4532662344681626
1.4545545408049363
1.455681433541114
1.456634774393793
1.4574023202732596
1.457971758264929
1.4583307034207234
1.4584667518163112
1.458367466614009
1.4580204279765416
1.4574132183327595
1.456533502793795
1.455368972349435
1.453907429904917
1.4521367666487432
1.450045025838792
1.447620376003901
1.4448511543110965
1.4417258909927417
1.438233325867583
1.4343624201075458
1.4301023686265613
1.4254426529481168
1.4203730031970163
1.4148834810763435
1.408964427548263
1.4026065404534351
1.3958008706469278
1.3885388132296423
1.3808121546419172
1.3726130811256319
1.3639341656435158
1.3547684225806746
1.3451092960871947
1.3349506755289804
1.324286909047159
1.3131128305728335
1.3014237168289269
1.2892153811224325
1.276484101691997
1.2632266770468612
1.2494404338418705
1.2351231978210946
1.220273340497309
1.2048897642295202
1.1889719037385365
1.1725197507292324
1.1555338321589281
1.1380152375368195
1.1199655882105535
1.1013870714788971
1.082282440950057
1.0626549722450254
1.0425085128449978
1.021847461722301
1.0006767548301423
0.9790018828315488
0.9568288701039065
0.9341642761157047
0.9110151985915097
0.8873892539370759
0.8632945651682282
0.8387397933018421
0.8137340820586606
0.7882870538292046
0.762408858930901
0.7361100644009466
0.7094017595395102
0.6822954380077865
0.6548030581812095
0.6269369950272448
0.5987100458451461
0.5701354096647844
0.5412266572909035
0.5119977471405914
0.48246299670794623
0.45263704802615057
0.42253488875189105
0.39217179633778565
0.3615633591179451
0.3307254146896358
0.29967410253503013
0.26842575087225345
0.23699693536599967
0.2054044320450212
0.17366520083806733
0.14179635959704334
0.10981518366739088
0.0777390563896084
0.04558548349948886
0.01337203929424942
-0.01888362109099313
-0.05116379675612994
-0.08345076842590521
-0.11572683562390373
-0.14797425991091992
-0.18017538935337327
-0.21231258809845382
-0.24436833135339653
-0.2763251750397879
-0.30816579551759754
-0.3398730010426415
-0.37142976847570247
-0.40281923992194085
-0.4340247623399462
-0.46502989898058417
-0.4958184485065486
-0.5263744449924621
-0.556682241051392
-0.586726424644834
-0.6164919384636134
-0.6459640277027142
-0.6751282804071359
-0.7039706582976811
-0.7324774931113639
-0.760635518558984
-0.7884318492767404
-0.8158540577570125
-0.8428901373068785
-0.8695285123921603
-0.8957581115273984
-0.9215683183897606
-0.9469490030226864
-0.9718905363893608
-0.9963838136298777
-1.0204202288653588
-1.0439917312672906
-1.0670907800301734
-1.089710407102585
-1.1118441858370964
-1.1334862423271743
-1.1546312828797518
-1.1752745655019199
-1.1954119458594334
-1.215039841487953
-1.2341552418651986
-1.2527557271805478
-1.2708394639667713
-1.2884051850657783
-1.3054522097743075
-1.321980450231732
-1.3379903622010705
-1.3534829770890129
-1.368459914515457
-1.3829233505701182
-1.3968759870597292
-1.4103210982856023
-1.4232624824920663
-1.4357044713435396
-1.4476519083275345
-1.4591101685495071
-1.4700850751695076
-1.4805829869185927
-1.4906106864522302
-1.5001754488099344
-1.509284942648466
-1.5179473125176604
-1.5261710743078576
-1.5339651414547226
-1.5413387946280455
-1.548301675196222
-1.5548637408697985
-1.5610352845430977
-1.566826870588001
-1.5722493490845888
-1.577313789609174
-1.5820315164377707
-1.586414028822319
-1.5904730438619195
-1.5942203785473674
-1.5976680364879048
-1.600828081575532
-1.6037126822856183
-1.606334055895456
-1.6087044545167832
-1.6108361263396456
-1.6127413122387062
-1.6144321977530216
-1.6159209086308397
-1.6172194579583805
-1.6183397603771164
-1.619293559441155
-1.620092440063847
-1.620747809044155
-1.6212708236349913
-1.6216724132531002
-1.6219632516935076
-1.6221537195932896
-1.622253863548677
-1.622273432654722
-1.6222218141833644
-1.6221080209167509
-1.6219406710388877
-1.621727989299015
-1.621477761278801
-1.6211973343339765
-1.620893609172152
-1.6205729891408578
-1.6202414336033097
-1.6199043732217135
-1.6195667476924716
-1.6192329829850673
-1.6189069631604087
-1.6185920667527387
-1.6182911164128702
-1.618006412506938
-1.6177396846268384
-1.6174921555516792
-1.6172644603398743
-1.6170567272583551
-1.616868532148804
-1.6166989039645037
-1.6165463458124933
-1.6164088520958961
-1.6162838832904989
-1.6161684031643977
-1.616058881836963
-1.6159513092172915
-1.6158412049393958
-1.6157236383533755
-1.6155932505531052
-1.615444261292751
-1.6152704854621731
-1.615065374672784
-1.6148220193281695
-1.6145331774096707
-1.6141913047503682
-1.6137885649530215
-1.6133168603268981
-1.6127678797647165
-1.612133097143568
-1.6114038043744614
-1.6105711738379174
-1.6096262238021775
-1.6085599191412774
-1.6073631394243322
-1.6060267752013653
-1.6045416860848003
-1.6028987890516098
-1.6010890769394959
-1.5991036238874952
-1.5969336566623504
-1.5945705528609753
-1.5920058858352546
-1.589231469199725
-1.586239357294917
-1.5830218985907858
-1.5795717582233049
-1.5758819562809234
-1.5719458673377102
-1.5677572894219196
-1.563310435991301
-1.5585999775474382
-1.553621069853072
-1.5483693548595143
-1.5428410178071015
-1.537032781417647
-1.530941939167888
-1.5245663583982654
-1.5179045147364254
-1.510955504837175
-1.5037190479888718
-1.4961955058143621
-1.4883859151545311
-1.480291941970223
-1.4719159493316338
-1.4632609678357662
-1.4543307119174733
-1.445129569665296
-1.4356626223779612
-1.425935637081669
-1.4159550395915084
-1.405727948534103
-1.3952621417300723
-1.3845660597307483
-1.3736487828720338
-1.362520038530817
-1.3511901673670867
-1.3396701204902017
-1.327971434126016
-1.316106222096282
-1.3040871407358718
-1.291927381305853
-1.2796406291358784
-1.2672410600570756
-1.2547433044029692
-1.2421623972133715
-1.229513794506897
-1.2168133017681033
-1.2040770728456742
-1.1913215518102203
-1.1785634584989524
-1.1658197416042648
-1.1531075594525766
-1.140444218690597
-1.1278471759829414
-1.1153339518163246
-1.102922151092963
-1.0906293654073016
-1.0784731795971674
-1.066471110754787
-1.054640587617359
-1.042998894535006
-1.031563131609222
-1.0203502026824107
-1.0093767505614937
-0.9986591295110181
-0.9882133712847786
-0.9780551417352853
-0.9681997223127151
-0.9586619468240141
-0.9494561871140806
-0.9405963133625046
-0.9320956801576197
-0.9239670600805275
-0.9162226376462775
-0.9088739902863173
-0.9019320230514837
-0.8954069777435811
-0.8893084025986748
-0.8836451037162057
-0.8784251660930026
-0.8736558987377225
-0.8693438081587127
-0.8654946303562225
-0.8621132609885818
-0.8592037864387402
-0.8567694273574882
-0.854812582227442
-0.8533347575716795
-0.8523366149834798
-0.8518179362396158
-0.8517776365730974
-0.8522137468580776
-0.85312343096799
-0.8545029817638135
-0.8563478197150742
-0.8586525120942141
-0.8614107782091014
-0.8646154792524755
-0.8682586626723178
-0.87233154909878
-0.8768245652076855
-0.8817273604811664
-0.8870287854547928
-0.892716990817532
-0.8987793631874774
-0.9052026156646245
-0.9119727652114809
-0.9190751817582395
-0.9264946201659943
-0.9342152213215792
-0.9422205793318514
-0.9504937556470419
-0.9590172549195671
-0.9677731863637108
-0.976743164400324
-0.9859084203403082
-0.9952498117846653
-1.0047478642265264
-1.0143827980414737
-1.024134579406577
-1.033982951360849
-1.043907462694473
-1.053887517313509
-1.0639024101169852
-1.0739313540314213
-1.0839535439960957
-1.093948156329355
-1.1038944202562986
-1.1137716446668866
-1.1235592489978812
-1.1332368050604231
-1.1427840795348643
-1.152181051110345
-1.1614079846619914
-1.170445402733556
-1.1792742005050925
-1.1878755921912676
-1.1962312293341988
-1.2043231698824743
-1.212133925012102
-1.2196464938566822
-1.2268444069860736
-1.233711744633835
-1.24023310114133
-1.2463937421284719
-1.2521795166914995
-1.2575769073487346
-1.2625730651016136
-1.2671558477490723
-1.2713137768309741
-1.275036113764248
-1.2783128633411043
-1.2811347760083855
-1.283493330954139
-1.2853808310342363
-1.2867903404817251
-1.2877156935764953
-1.2881515746273031
-1.2880934123447958
-1.2875374915742497
-1.2864808910169285
-1.2849214856874125
-1.2828579809302123
-1.2802898944707268
-1.277217533759296
-1.2736420155394461
-1.2695652517879947
-1.2649899395766595
-1.259919555806268
-1.2543583369592621
-1.2483112867054464
-1.2417841529744484
-1.2347834066911374
-1.2273162236005732
-1.219390499937096
-1.2110147994084957
-1.2021983481828733
-1.1929510125794307
-1.18328327641981
-1.1732062459825732
-1.1627315749226292
-1.1518714954999878
-1.1406387682666228
-1.129046640320124
-1.1171088681353114
-1.104839635665036
-1.0922535823790054
-1.0793657300752468
-1.0661914754143367
-1.0527465898707822
-1.0390471185271815
-1.0251094256214655
-1.0109501458403771
-0.9965861195408766
-0.9820344050975414
-0.9673122384656319
-0.952436998347799
-0.9374261773759984
-0.9222973568622943
-0.9070681900277967
-0.8917563410947954
-0.8763794806156466
-0.8609552730199671
-0.8455013079657872
-0.8300351081604785
-0.8145740731936361
-0.7991354799418645
-0.78373644893843
-0.7683939050007498
-0.7531245639776721
-0.7379449253788166
-0.722871204592771
-0.7079193462658097
-0.6931050067149492
-0.6784434918399064
-0.6639497786694122
-0.6496384811163104
-0.63552381770104
-0.6216196178049608
-0.6079392818373197
-0.5944957752739469
-0.5813016088027236
-0.5683688451493157
-0.5557090465386736
-0.5433332848906604
-0.5312521430386267
-0.5194756668155266
-0.508013399224765
-0.49687433727029545
-0.4860669157110269
-0.4755990620749419
-0.4654781190719302
-0.4557108750267461
-0.44630355503386815
-0.43726181337744374
-0.4285907469291757
-0.4202948507331386
-0.41237809065165304
-0.40484382464954305
-0.39769485803356164
-0.3909334303579043
-0.38456119160647395
-0.37857926648607193
-0.37298820424751983
-0.3677880037283479
-0.3629781252041655
-0.3585574862364633
-0.35452448910563317
-0.35087699071832396
-0.3476123694873789
-0.34472747056269815
-0.34221867887251606
-0.34008187508048643
-0.3383124905406689
-0.33690549461641295
-0.3358554201459578
-0.33515634846293935
-0.33480198399292144
-0.3347856047715511
-0.33510012369518966
-0.33573805391844036
-0.3366915872715438
-0.3379525473496999
-0.3395124558952275
-0.3413625348555926
-0.3434936785597175
-0.3458965615040035
-0.3485615572622547
-0.35147881900357325
-0.35463828354234317
-0.3580296828245859
-0.36164254648167005
-0.36546624683424167
-0.36949001370450196
-0.3737029159844065
-0.37809392689941657
-0.38265191061614034
-0.38736564213027147
-0.39222384439021496
-0.3972151747022987
-0.4023282601980201
-0.40755171919425276
-0.4128741500507026
-0.41828418418236185
-0.4237704660686345
-0.4293216861355962
-0.43492660559447266
-0.4405740321081463
-0.4462528858645553
-0.4519521729804181
-0.4576610100537024
-0.46336864424095336
-0.469064456561383
-0.47473797404298984
-0.4803788823200829
-0.48597703716511714
-0.49152247812077354
-0.497005432542516
-0.5024163153927553
-0.5077457645060174
-0.5129846181672315
-0.5181239424227694
-0.5231550267429145
-0.5280694057634481
-0.5328588372735426
-0.5375153364494286
-0.5420311701328503
-0.5463988513941268
-0.5506111514299392
-0.5546611092644295
-0.5585420095288701
-0.5622474132713227
-0.5657711514058138
-0.569107313844187
-0.5722502591732852
-0.5751946094900164
-0.5779352586557196
-0.5804673623544455
-0.5827863425139197
-0.5848878791750404
-0.5867679083193545
-0.5884226319309243
-0.5898484998943707
-0.5910422174816966
-0.5920007256101241
-0.5927212184286582
-0.5932011195453899
-0.5934380985570946
-0.5934300352802031
-0.5931750511981385
-0.5926714759475402
-0.5919178452843451
-0.5909129232284228
-0.5896556496044224
-0.5881451909557912
-0.5863808639695086
-0.5843621986763162
-0.5820888953980009
-0.5795608166882579
-0.5767780086089085
-0.5737406549022156
-0.5704491049707158
-0.5669038639027707
-0.563105549266173
-0.5590549394807679
-0.5547529472049664
-0.5502005835589002
-0.5453989938472896
-0.5403494449188863
-0.5350532978842039
-0.5295120190094093
-0.5237271908465345
-0.5177004672233989
-0.5114336003304327
-0.5049284535943734
-0.4981869314552907
-0.49121104942795984
-0.48400288825310683
-0.47656459653021677
-0.46889841939934884
-0.46100662953633714
-0.452891612338339
-0.44455578598357065
-0.43600164528621443
-0.4272317460326546
-0.41824869751429505
-0.4090551802787334
-0.39965393901946683
-0.39004776802212576
-0.38023952709849335
-0.3702321448319696
-0.36002859178975266
-0.34963192237113644
-0.3390452381277461
-0.3282717308128971
-0.31731462718269565
-0.3061772379345602
-0.2948629514874361
-0.28337521740104804
-0.271717544402733
-0.2598935625206339
-0.24790693735732244
-0.23576142968676336
-0.22346088881926252
-0.21100924061049953
-0.19841050768374802
-0.18566880112503434
-0.17278832459520002
-0.15977336002480294
-0.1466283174565759
-0.1333576827017006
-0.11996605720854518
-0.10645814048874883
-0.09283872506709791
-0.07911273879702586
-0.06528519316996577
-0.051361216939868344
-0.03734605429842141
-0.023245048632415295
-0.009063672690090823
0.0051925080846536575
0.019517807519520963
0.03390642392935895
0.048352448638771334
0.06284987250379707
0.07739257343341971
0.09197431104034823
0.10658876549556867
0.12122949486686581
0.1358899710183611
0.15056356433341478
0.1652435637144457
0.17992317472233096
0.19459549749227914
0.20925358751438097
0.22389040440403227
0.2384988692599503
0.2530718085901792
0.2676020253443889
0.2820822766200812
0.29650527356905676
0.31086369563299215
0.32515021530829186
0.33935747785990944
0.3534781450241814
0.3675048634630822
0.3814303045946404
0.39524717828920963
0.4089482139160441
0.4225261882064081
0.4359739549976848
0.4492844141811163
0.46245055689888587
0.4754654607108051
0.48832231499275686
0.5010144141215959
0.513535175181334
0.5258781583494757
0.5380370837367268
0.5500058061325923
0.5617783711745186
0.5733489976382049
0.5847121081928187
0.5958623297636554
0.6067944897720762
0.617503666522337
0.6279851573842942
0.6382345157143715
0.6482475567395742
0.6580203483417344
0.6675492363051003
0.6768308472151059
0.6858621222441323
0.694640296153895
0.7031628603831482
0.7114276865139118
0.7194329204973411
0.7271770320449973
0.73465884658542
0.7418774912922426
0.7488324293952033
0.7555234711139948
0.7619507504392773
0.7681147409354265
0.774016252531854
0.7796564301434326
0.785036749251925
0.790159007547144
0.795025340279488
0.7996381958684023
0.8040003388332819
0.8081148197876956
0.8119850276532936
0.8156146257301133
0.8190075454450769
0.8221680027692323
0.8251004746513655
0.8278096805288478
0.830300587715169
0.8325783689933295
0.834648413005619
0.8365162989175041
0.8381877958842756
0.8396687983916407
0.8409653736123194
0.8420837070300627
0.8430300745058598
0.8438108564213451
0.8444324872948595
0.8449014523742148
0.8452242612169261
0.8454074250898096
0.8454574470286347
0.8453807741310702
0.8451838132411545
0.8448728811860403
0.8444541774101063
0.843933793827609
0.8433176564396624
0.8426115447502637
0.8418210218535377
0.8409514457451726
0.8400079402524334
0.83899537123816
0.8379183314242078
0.8367811164256295
0.8355877002594104
0.834341736250161
0.8330465086581633
0.8317049374904429
0.8303195683900457
0.828892531601731
0.8274255367232936
0.8259198898599894
0.824376422461579
0.8227955309086341
0.8211771362697293
0.8195207051319208
0.8178251910760143
0.8160890979061098
0.8143104036282207
0.8124866149244788
0.810614715916393
0.8086912022513579
0.8067120781484297
0.8046728306832307
0.8025684645296919
0.8003934914612468
0.7981419458299487
0.795807373257528
0.7933828595724439
0.7908610492535537
0.7882341232012356
0.7854938360884988
0.7826315444174853
0.779638197608137
0.7765043635362774
0.7732202661118589
0.769775769568083
0.7661604448276987
0.7623635569494916
0.7583741111887782
0.7541808620103417
0.749772367322148
0.7451369797513818
0.740262909380792
0.735138237233019
0.7297509438178826
0.7240889410988179
0.7181401217035435
0.7118923733362555
0.7053336156216804
0.6984518348266175
0.6912351240306082
0.6836717189213731
0.6757500119540047
0.6674586109158742
0.6587863649357932
0.649722391517259
0.6402561222202275
0.6303773458233464
0.6200761992338806
0.6093432595660173
0.5981695270447681
0.5865464969294262
0.574466146697556
0.5619210082027437
0.5489041802328697
0.5354093450480715
0.5214308237632254
0.50696357014561
0.49200322005951114
0.4765460959683939
0.4605892583817489
0.4441304925726435
0.4271683371291429
0.4097021285321971
0.39173197339816423
0.37325879360615494
0.3542843330287099
0.3348111516261565
0.3148426605482549
