1025
0.2811016576386939
0.26210936547266334
0.24315857206175479
0.2242614953259116
0.20543028046962958
0.186676988942827
0.1680135841754873
0.14945192774926266
0.13100376545749992
0.1126807214834684
0.0944942920293797
0.07645582589435207
0.058576524419658986
0.04086743429563832
0.023339423270149495
0.006003192680136369
-0.011130743246000696
-0.028052068649076545
-0.044750671940334164
-0.06121664253824616
-0.07744029443638116
-0.09341216231707823
-0.10912301182124401
-0.12456385855675817
-0.13972594611817116
-0.15460079577562713
-0.16918015637830494
-0.1834560588583167
-0.197420799455489
-0.21106695081405763
-0.22438735433612153
-0.23737513544525654
-0.2500237184384648
-0.2623267959466641
-0.27427836571288283
-0.2858727211508944
-0.2971044410676372
-0.3079684134429912
-0.3184598170125912
-0.32857413538019864
-0.338307159552731
-0.3476549636424804
-0.35661394484147196
-0.3651807803699712
-0.37335246363560226
-0.3811262788412756
-0.3884998091878273
-0.3954709344540159
-0.40203781845412573
-0.40819893547556735
-0.4139530348997137
-0.41929915324066613
-0.4242366125755423
-0.4287650148083773
-0.43288424118560054
-0.436594441640722
-0.43989604088385453
-0.44278972996566246
-0.4452764579206009
-0.44735743542573203
-0.44903413081584487
-0.4503082600647744
-0.45118179310341144
-0.45165694085516295
-0.4517361483047342
-0.4514221062811804
-0.45071773151125005
-0.44962617174770964
-0.44815080763963605
-0.44629523338793625
-0.44406325819037523
-0.4414589236944316
-0.43848646858306667
-0.4351503543112738
-0.43145523542358727
-0.42740598002998365
-0.42300765775047694
-0.41826554046954545
-0.41318509112893653
-0.4077719722244488
-0.40203203838528057
-0.39597132782605704
-0.38959608639887255
-0.3829127335624544
-0.3759278833287337
-0.368648328854417
-0.36108104961769566
-0.3532332009858527
-0.34511213301418225
-0.3367253647651063
-0.32808059009494844
-0.3191856933314045
-0.31004871906546405
-0.3006778950556912
-0.29108162442033564
-0.28126844923596145
-0.271247127733613
-0.2610265495040612
-0.2506157841538203
-0.24002405180904257
-0.22926073193559846
-0.21833536982999865
-0.20725764777133582
-0.19603740995691565
-0.184684626676942
-0.17320943184598334
-0.1616220684595282
-0.1499329321316118
-0.13815251782214394
-0.1262914598960158
-0.11436049694282002
-0.1023704661100497
-0.09033230692618721
-0.07825704207155029
-0.06615577708485303
-0.05403970414009195
-0.041920037527571424
-0.029808089098571904
-0.017715182785512196
-0.0056526785769240055
0.006368044066152769
0.018335589825428295
0.030238591252646156
0.042065675829629605
0.05380552285245512
0.06544684523457038
0.07697841703973148
0.08838910213297463
0.09966784100652609
0.11080368141844334
0.12178580010626237
0.13260350050687228
0.14324625613959474
0.15370370480105874
0.16396565231786076
0.1740221449361965
0.18386342231683384
0.1934799774559547
0.20286254727579886
0.2120021470485094
0.2208900831255321
0.22951796530527407
0.23787772998687615
0.2459616510778184
0.253762355000339
0.26127282624931825
0.26848647356268174
0.2753970699120155
0.2819988266817192
0.288286377848533
0.2942547990195491
0.2998996215416563
0.30521685915162144
0.3102029798325653
0.31485496798428675
0.31917029339100417
0.32314694784974574
0.3267834259230012
0.3300787586064512
0.3330325010816175
0.33564475894566365
0.3379161593456521
0.3398478811065946
0.34144166129165654
0.34269976795285345
0.3436250146030094
0.3442207763078879
0.34449095974688526
0.34444001119854645
0.3440729144384948
0.34339518019477755
0.3424128371647833
0.3411324332707839
0.33956101621845397
0.33770612142852297
0.33557577598808586
0.3331784591726656
0.3305231062964028
0.32761910047308573
0.32447623457055397
0.321104702161111
0.3175150923009459
0.3137183421334692
0.3097257498794996
0.305548916810364
0.3011997617088247
0.2966904683697306
0.29203346334384184
0.28724142207646347
0.28232720671319117
0.277303848154377
0.2721845450495983
0.2669825949775792
0.26171139453521436
0.25638441395743794
0.2510151359664779
0.24561707977415556
0.24020371378249517
0.23478846857384789
0.22938468888386493
0.22400560832145414
0.21866432347036857
0.21337375285944313
0.20814662092453676
0.20299542214659458
0.1979323936426743
0.19296949339426123
0.18811836021552766
0.18339029872143975
0.178796243683157
0.17434674109957585
0.17005191402566228
0.16592145468704167
0.16196457723318794
0.1581900194576392
0.15460599978725784
0.1512202187548212
0.14803982162171345
0.1450713766675195
0.1423208765966365
0.13979371463323775
0.13749466416846945
0.135427861230957
0.1335968168909493
0.13200436562723772
0.13065269937730667
0.1295433240326929
0.1286770735175731
0.12805410631869352
0.12767387731188554
0.12753516436251122
0.12763605439911152
0.12797393143469193
0.12854550414274887
0.1293467953266319
0.1303731409288308
0.13161921110439892
0.13307901173436934
0.13474587911981162
0.13661252853471223
0.13867102631729497
0.14091281653230575
0.14332875691282518
0.14590909587173415
0.14864353525257182
0.15152120966022595
0.1545307198913149
0.15766017871209917
0.16089719211922324
0.1642289107413163
0.16764204303836305
0.17112288819194518
0.1746573613723231
0.17823101246822323
0.18182905711118982
0.18543642330039672
0.18903775498015557
0.1926174612949092
0.19615973458768685
0.19964859381205377
0.2030679084880353
0.20640143302692232
0.20963283357655604
0.21274573988215598
0.2157237626943473
0.21855050356247316
0.22120965968104087
0.2236849672314742
0.22596030599502948
0.22801969473633624
0.22984733333961643
0.23142763538518038
0.23274525878636193
0.2337851465834978
0.23453253555864162
0.23497301542895221
0.23509253480784997
0.23487744053785892
0.2343145093689554
0.23339096113364402
0.23209451248615903
0.23041335972125848
0.2283362633121288
0.22585250490043532
0.22295195583713473
0.2196250910070233
0.21586299699330297
0.21165739762684546
0.20700068101609193
0.20188589253234496
0.19630678557600964
0.1902577929177289
0.18373408448891984
0.17673154866300683
0.1692468085155854
0.16127721704418171
0.15282092646044232
0.14387679643704626
0.13444449107919204
0.1245244162451109
0.11411775523870653
0.10322646147224167
0.09185326147460773
0.08000163456502131
0.06767584053460628
0.0548808885690175
0.04162252977200409
0.027907274477767398
0.013742371052660811
-0.0008642391373123318
-0.0159038586511943
-0.031367120091073376
-0.04724395249134679
-0.06352361761337248
-0.0801947220844903
-0.09724523306105037
-0.11466249841881217
-0.1324332464878462
-0.15054364774264947
-0.1689792966017212
-0.18772523580088915
-0.20676600926072516
-0.22608565692326602
-0.24566774615273604
-0.26549538681149626
-0.28555128587135353
-0.30581773043045885
-0.32627665171129555
-0.3469096186221434
-0.3676978968165723
-0.3886224460109238
-0.4096639656517503
-0.4308029106090044
-0.45201952913949983
-0.4732938897413652
-0.4946058948791799
-0.5159353195189322
-0.5372618346775991
-0.5585650539691
-0.5798245180233585
-0.6010197660417879
-0.6221303500361993
-0.6431358316241454
-0.6640158387877918
-0.6847501040538658
-0.7053184670206295
-0.7257008871944565
-0.7458775015598711
-0.7658286246092199
-0.7855347867396025
-0.8049767526116011
-0.8241355533119528
-0.842992469016632
-0.861529121937894
-0.8797274235461049
-0.897569650997803
-0.9150384194578304
-0.9321167643735057
-0.9487880923959076
-0.9650362400448904
-0.9808454798500684
-0.9962005390508815
-1.0110866107875818
-1.0254893895220816
-1.0393950564618737
-1.0527903167382462
-1.0656623857000147
-1.077999043794846
-1.0897886026830441
-1.1010199650161907
-1.1116825765162839
-1.1217665039305333
-1.1312623761429281
-1.1401614439167926
-1.1484555666080793
-1.1561372204930052
-1.16319950577521
-1.169636162853065
-1.1754415596731809
-1.1806107201535743
-1.185139290560088
-1.1890235996662464
-1.1922605974167821
-1.1948479044447153
-1.1967838119460255
-1.198067243470211
-1.1986977886550934
-1.198675713590534
-1.1980019295278852
-1.1966779882396033
-1.1947061244809378
-1.1920892189319412
-1.1888307945693595
-1.184935026148851
-1.1804067343956888
-1.17525137065342
-1.1694750262074458
-1.1630844246768421
-1.1560868859133488
-1.1484903849340926
-1.140303474396487
-1.131535319462312
-1.1221956762288134
-1.112294877484458
-1.1018438438425855
-1.0908540448810784
-1.0793375267096916
-1.0673068471664735
-1.0547751360585655
-1.04175600223136
-1.0282636009338362
-1.014312565890137
-0.9999180143928812
-0.985095533637353
-0.9698611763124936
-0.9542314256824497
-0.9382232030321503
-0.9218538305988729
-0.9051410360596255
-0.888102925737146
-0.8707579633293862
-0.8531249742113937
-0.8352231036870772
-0.8170718093820096
-0.7986908504480207
-0.7801002633399835
-0.7613203387080879
-0.7423716187610361
-0.7232748530221779
-0.704050997085684
-0.6847212038614551
-0.6653067740379822
-0.6458291601190558
-0.6263099448473372
-0.6067707930684638
-0.587233483980286
-0.5677198325178676
-0.5482517200262395
-0.5288510344469071
-0.5095396714491576
-0.490339515721093
-0.47127240111629565
-0.4523601108165414
-0.43362434571259784
-0.4150866993009559
-0.3967686601895282
-0.3786915571962686
-0.36087657032560044
-0.3433446898249857
-0.3261167124881667
-0.30921320538214564
-0.29265450188950126
-0.2764606667066576
-0.26065148721686876
-0.24524645874303955
-0.23026474115750012
-0.21572517935397068
-0.20164625079994727
-0.1880460598920245
-0.17494232500227347
-0.16235234543781416
-0.15029301810366205
-0.13878077610117562
-0.12783159497944255
-0.11746099997551317
-0.10768399684093004
-0.09851510086111662
-0.08996830550847351
-0.0820570731673771
-0.07479430443441569
-0.06819235069469066
-0.06226298461883979
-0.05701738090403938
-0.05246612615998407
-0.04861918348211979
-0.04548589939058351
-0.04307497693290486
-0.04139447561767444
-0.04045180101585552
-0.040253685937261655
-0.040806192099000514
-0.042114692620361806
-0.04418387146647426
-0.04701771327721794
-0.050619479539634714
-0.05499173919718698
-0.06013632693705706
-0.06605434440145459
-0.07274617535648145
-0.0802114546212835
-0.0884490802436694
-0.09745720470427169
-0.10723322945723637
-0.11777380593472667
-0.12907483290407742
-0.1411314458672079
-0.1539380426594025
-0.16748824314929284
-0.18177493189565605
-0.1967902249705299
-0.21252548263167
-0.22897132047939894
-0.2461176081997549
-0.26395346662094554
-0.2824672673972356
-0.30164665305109234
-0.32147853703173707
-0.34194909952506614
-0.3630438088158503
-0.3847474153868224
-0.40704397855093355
-0.42991684553347453
-0.45334869356884583
-0.4773215158108289
-0.5018166543246849
-0.5268147848473262
-0.5522959548061431
-0.5782395873881168
-0.6046244799457742
-0.6314288478302206
-0.6586303231280395
-0.6862059621000595
-0.7141322922726291
-0.7423853025008443
-0.7709404573289405
-0.7997727514241747
-0.8288566965608152
-0.8581663597142064
-0.8876753683774145
-0.9173569599347088
-0.947183977126957
-0.977128905458557
-1.0071638972760633
-1.0372607919952068
-1.0673911481944744
-1.0975262663789487
-1.12763721506011
-1.1576948586060354
-1.187669887971949
-1.2175328535938008
-1.247254171001433
-1.2768041852578538
-1.306153174307218
-1.335271394144991
-1.3641291088389076
-1.3926965910934133
-1.4209442161996415
-1.4488424272825597
-1.4763618130921636
-1.5034731132200136
-1.530147259716278
-1.5563554237533739
-1.5820690104540298
-1.6072597345936976
-1.6318996342902978
-1.655961060267483
-1.6794168079060308
-1.7022400378709062
-1.7244043841590977
-1.7458839496338376
-1.766653344776981
-1.7866877219254391
-1.805962797554392
-1.824454887951896
-1.8421409287191814
-1.858998509402733
-1.8750059063974287
-1.8901420894296854
-1.9043867761571003
-1.9177204266818009
-1.9301242807901204
-1.941580395129977
-1.9520716418797925
-1.961581742744039
-1.9700952821281266
-1.9775977306217585
-1.9840754795142563
-1.9895158096866496
-1.9939069690194813
-1.9972381270217374
-1.9994994484314004
-2.0006820591986862
-2.000778063529054
-1.9997805697245803
-1.9976837046549945
-1.9944826012864643
-1.9901733776792954
-1.984753230460083
-1.9782203500612008
-1.9705739549927674
-1.9618142928916884
-1.9519426559381134
-1.9409613304175628
-1.9288736465646947
-1.9156839513797534
-1.9013976077844976
-1.8860209474905616
-1.8695613429294156
-1.8520271319577037
-1.833427612544633
-1.813773079731118
-1.793074738135193
-1.771344756076304
-1.7485962099782022
-1.724843073721195
-1.7001002100432336
-1.6743833499554028
-1.6477090688912182
-1.6200947625715454
-1.5915586313235597
-1.5621196602265375
-1.5317975877614716
-1.5006128845427131
-1.4685867340116159
-1.4357410033509195
-1.402098211972209
-1.3676815037269383
-1.3325146392739005
-1.29662194926744
-1.2600283023351442
-1.2227590904109644
-1.1848401863408258
-1.1462979441662102
-1.1071591131556187
-1.0674508695002505
-1.0272007476513565
-0.9864366096899639
-0.9451866467443811
-0.9034793019123425
-0.8613432863948358
-0.8188075153935284
-0.7759010823728097
-0.7326532628833301
-0.6890934200851097
-0.6452510317633668
-0.6011556419440047
-0.5568368167008125
-0.5123241349417054
-0.4676471459616973
-0.4228353527696922
-0.377918168551474
-0.33292489744214754
-0.2878847167140314
-0.24282662247800377
-0.1977794208518365
-0.15277171726196836
-0.10783186022798473
-0.06298792715878543
-0.018267708888034317
0.026301325800002336
0.0706920469302782
0.11487768723852572
0.15883187166786575
0.2025286140430874
0.24594237887569662
0.28904807436295826
0.33182105861311006
0.3742372017648738
0.41627286537944114
0.4579049281985712
0.49911082348203656
0.5398685264733724
0.5801565858654929
0.6199541415278004
0.6592409280311754
0.6979972857338388
0.7362041863657663
0.7738432423210808
0.8108966967756398
0.8473474668728807
0.8831791234864003
0.9183759113530711
0.9529227823727143
0.9868053413680175
1.0200099121011506
1.0525235198560048
1.08433389034683
1.1154294633846318
1.1457993875299206
1.1754335490508976
1.2043225170713758
1.2324576174249482
1.2598308767840634
1.286435046835095
1.3122636111295398
1.3373107504325066
1.3615713844745614
1.3850411304222714
1.4077163193749658
1.4295939962868678
1.450671891367083
1.4709484507443007
1.4904227844453628
1.5090947101735335
1.5269646975683322
1.544033899095158
1.5603041134532571
1.575777793102647
1.5904580227693512
1.6043485284380865
1.6174536341097834
1.6297782739390743
1.6413279726407242
1.6521088466987632
1.662127552761805
1.671391327690755
1.679907922018715
1.6876856152577016
1.694733203565553
1.7010599532314892
1.706675625737467
1.7115904264847455
1.7158150072795455
1.719360437192506
1.7222381955501103
1.724460152531345
1.726038526669917
1.726985911369435
1.7273152162842313
1.7270396639133438
1.7261727651317222
1.7247283092767094
1.7227203290177273
1.7201630977716786
1.7170710867039305
1.7134589751990426
1.709341592700609
1.7047339424360806
1.6996511378528638
1.694108403122032
1.6881210654252572
1.6817045036908287
1.6748741541738863
1.6676454775940828
1.660033943882583
1.652055007342935
1.6437241001011196
1.63505659184885
1.6260677899253833
1.6167729103590858
1.6071870597309554
1.5973252240375286
1.5872022422787935
1.576832790329462
1.5662313717966188
1.5554122960788768
1.54438965576063
1.5331773267966446
1.5217889376733424
1.5102378607500568
1.4985372012838145
1.4866997837334521
1.474738129902593
1.4626644664102288
1.4504906924753775
1.438228372091695
1.4258887397571813
1.4134826733365826
1.4010206932273723
1.3885129550394884
1.3759692391934633
1.363398942350514
1.3508110817952457
1.3382142782234345
1.3256167540410704
1.3130263342516504
1.3004504401304129
1.2878960955234708
1.2753699084128773
1.2628780828139965
1.25042641425783
1.2380203051980143
1.2256647359232928
1.213364300922345
1.2011231904236381
1.1889452008353651
1.1768337448211736
1.1647918369003527
1.1528221413741726
1.1409269277488083
1.1291081168940795
1.1173672701370418
1.1057056052955345
1.0941240091128481
1.082623041003367
1.071202936222569
1.0598636552357341
1.0486048457657098
1.037425879157254
1.0263258755134772
1.0153036967546112
1.0043579720444815
0.993487108962722
0.9826893085139259
0.9719625849771834
0.9613047716946054
0.9507135593108978
0.9401864713277636
0.9297209343088966
0.9193142504904652
0.9089636381213566
0.8986662469617945
0.8884191564414909
0.8782194324308917
0.8680640984594867
0.8579501956455199
0.8478747655553797
0.8378348966505162
0.8278277284541397
0.81785046089101
0.8079003863948296
0.7979749042066895
0.7880715301241115
0.7781879142274953
0.7683218770875567
0.7584713921169025
0.7486346306574181
0.7388099468863553
0.7289959360924922
0.7191914097084735
0.7093954144657912
0.6996072662381725
0.6898265564417787
0.680053130970952
0.6702871527665452
0.6605290789023505
0.6507796700798826
0.6410400211427868
0.6313115432614083
0.6215959838375844
0.6118954423526305
0.6022123620643358
0.592549524384553
0.5829100857754179
0.573297539989524
0.5637157531993172
0.5541689551854331
0.5446617160511703
0.5351989769916038
0.525786031810338
0.5164285259031804
0.5071324500066898
0.49790413268500017
0.4887502467036963
0.4796777796356614
0.47069404248767904
0.4618066555102331
0.45302353015146646
0.444352875520502
0.43580315985190743
0.4273831196804131
0.4191017277660918
0.4109681900599361
0.4029919270722841
0.39518254845093226
0.38754985208153153
0.3801037712260949
0.3728544017350611
0.36581194306624726
0.35898670350813905
0.352389040341607
0.3460293898519326
0.33991821706877035
0.3340659774206448
0.32848311887719733
0.32318005404706207
0.31816711731991454
0.3134545711118247
0.3090525465810275
0.30497103999968883
0.30121989645711317
0.29780875307810606
0.29474704053192
0.29204396028691487
0.289708439322208
0.28774911976713935
0.28617433402437303
0.2849920823258683
0.28421000366994065
0.2838353541014394
0.2838749882565596
0.28433534999829296
0.2852224174575798
0.28654171943016393
0.2882982919203222
0.29049667852159894
0.29314090047380986
0.29623443514274395
0.2997802250127569
0.30378063482487294
0.30823745628687266
0.31315189829140655
0.31852455451560774
0.32435541459829637
0.3306438480694696
0.337388613638834
0.34458783554175937
0.3522389692040492
0.3603388811395995
0.3688837681938387
0.3778691865574711
0.3872900766069949
0.3971407252166587
0.4074147874364308
0.41810530086072
0.42920467861305844
0.4407047232105632
0.4525966358594441
0.4648710321724686
0.47751794629463634
0.4905268442620741
0.5038866480581808
0.5175857508729245
0.5316120217447263
0.5459528239026866
0.5605950654464028
0.575525192022269
0.5907291985279346
0.6061926753909799
0.6219008283779136
0.6378384970077186
0.6539901837690691
0.6703400725088243
0.6868720585974811
0.7035697842441707
0.7204166698551773
0.7373959033538889
0.7544905255666069
0.77168342291843
0.7889573588860992
0.8062950238021384
0.8236790364872647
0.8410920027758508
0.8585165162945106
0.8759352091426337
0.8933307748819035
0.9106859910383945
0.9279837625004892
0.9452071388447206
0.9623393307761959
0.9793637677020954
0.9962640923534914
1.0130242268325358
1.029628345407175
1.0460609395738887
1.0623068282423973
1.078351182971763
1.0941795413647706
1.109777845544308
1.1251324419852873
1.1402301203888567
1.1550581072677284
1.1696041047232322
1.183856301264683
1.197803374720831
1.2114345112108058
1.2247394336966
1.2377083770651591
1.2503321301197818
1.2626020231825872
1.2745099568169633
1.2860483687376676
1.2972102922475206
1.3079892989853568
1.3183795552907325
1.328375776578411
1.3379732567430744
1.3471678610478848
1.3559560035237639
1.3643346664859501
1.3723013792960534
1.379854219504918
1.3869917992202998
1.3937132517828394
1.400018243533606
1.4059069313559223
1.4113799641973492
1.4164384809854884
1.4210840846487978
1.4253188206206358
1.4291451842395109
1.4325660710934043
1.4355847964623465
1.4382050500165644
1.440430891759435
1.442266723540886
1.4437172851267837
1.4447876142842482
1.445483048339221
1.4458091903150334
1.445771892938371
1.4453772304154464
1.4446314977649026
1.4435411726490597
1.4421128994530765
1.4403534684241022
1.4382698006733667
1.4358689314754998
1.4331579701138577
1.4301441023586932
1.426834567195157
1.4232366267118066
1.4193575631814601
1.415204659429947
1.4107851591443383
1.406106292333074
1.4011752173072902
1.3959990418933546
1.390584774054456
1.3849393377075174
1.3790695503457444
1.3729821018639814
1.366683560093952
1.3601803451285874
1.353478731745336
1.3465848265211067
1.3395045878619185
1.3322437880195264
1.3248080199703616
1.3172027077249122
1.3094330751057108
1.301504161468804
1.2934208230296813
1.2851877099989375
1.2768092931183268
