1025
0.6917812983134394
0.7146672758722397
0.7366928822649961
0.7578323070669198
0.7780607945086517
0.7973546888798676
0.8156914245702853
0.8330495868735186
0.8494089049531465
0.8647502940766087
0.8790558590129011
0.8923089192325349
0.9044940136811883
0.91559693325386
0.9256046966014235
0.9345055971314776
0.9422891971713447
0.9489463197294491
0.9544690619752272
0.9588508072916975
0.9620862102167347
0.964171214453076
0.9651030301172063
0.9648801303578385
0.9635022685851645
0.9609704259865707
0.9572868743268569
0.9524550898706444
0.9464797858912909
0.9393668776078936
0.9311234996293866
0.9217579630368019
0.9112797128847838
0.8996993878068034
0.8870287301941246
0.8732805888589569
0.8584689057148697
0.8426086853603808
0.8257159756128605
0.8078078412085637
0.7889023218082992
0.7690184604679562
0.7481761978803736
0.7263964231035343
0.7037008830442905
0.6801121940533074
0.6556537963176015
0.6303499253911393
0.6042255987120853
0.5773065498884867
0.549619224637207
0.5211907514388325
0.4920488988909307
0.462222045471718
0.4317391379545676
0.4006296867166459
0.36892371122760764
0.33665170070362316
0.3038446047922658
0.27053378495222113
0.23675098008099976
0.20252827824469136
0.16789807955266198
0.13289306442498053
0.09754616508457728
0.06189052347934666
0.02595946422462338
-0.010213543937231385
-0.04659492938481693
-0.08315102830140855
-0.11984812336016916
-0.15665251230738594
-0.19353048907187917
-0.23044842687602612
-0.26737274737864625
-0.3042700314995456
-0.3411069927180849
-0.37785053609383396
-0.41446778480834073
-0.45092610630100066
-0.4871931587382112
-0.5232368915419987
-0.5590256313207593
-0.5945280603084069
-0.6297132746264174
-0.6645508024174402
-0.6990106492998565
-0.7330632907131478
-0.766679770843395
-0.7998316632831882
-0.8324911196654452
-0.8646309298679132
-0.8962245052366067
-0.9272459284337302
-0.9576699888659923
-0.9874721532002761
-1.0166287003579038
-1.0451166323520409
-1.072913761079643
-1.0999987229022994
-1.1263509770580065
-1.151950871329093
-1.1767796180270933
-1.200819351738785
-1.2240531123483638
-1.2464649150437022
-1.268039704550989
-1.2887634338522826
-1.3086230157870085
-1.3276064179416331
-1.34570260798535
-1.3629015894691134
-1.379194424520091
-1.3945732340286006
-1.4090312014845257
-1.4225626174792676
-1.4351628004955004
-1.4468282380922166
-1.4575564567448136
-1.4673460995595236
-1.4761969190684454
-1.4841097774041327
-1.4910866154227993
-1.4971305124262162
-1.5022456045641506
-1.5064371576968316
-1.5097115194348236
-1.5120760980595047
-1.5135393934046573
-1.5141109762166358
-1.513801447310234
-1.5126224634885164
-1.5105866988947387
-1.5077078282576633
-1.5040005597873514
-1.4994805175529862
-1.4941643290874929
-1.488069524140435
-1.4812145694575698
-1.473618816923966
-1.465302474717576
-1.4562865866825117
-1.4465930243777212
-1.4362444244575288
-1.4252641978910978
-1.4136764922590734
-1.4015060964372763
-1.3887785173982785
-1.3755198567314324
-1.3617568211826991
-1.34751667393045
-1.33282722101794
-1.3177167153608542
-1.3022139122552985
-1.2863479411026175
-1.2701483199848091
-1.2536448924583705
-1.2368678140451494
-1.2198474885102295
-1.2026145487525592
-1.1851997618091143
-1.1676340940999976
-1.149948565110687
-1.132174246446946
-1.1143422450140001
-1.0964836406785823
-1.0786294296638548
-1.0608105008059245
-1.0430576094138222
-1.025401309511002
-1.007871942316207
-0.990499567236239
-0.9733139409256129
-0.9563444758612376
-0.939620215789339
-0.9231697552495713
-0.9070212678784864
-0.8912024250695166
-0.8757403529451506
-0.860661643279566
-0.845992285454059
-0.8317576358990174
-0.8179824186728728
-0.8046906357152723
-0.7919056069946471
-0.7796498829396558
-0.7679452612614344
-0.7568127404792306
-0.7462724838142387
-0.7363438219937118
-0.7270452277974214
-0.7183942541558497
-0.7104075903622296
-0.7031009774091672
-0.6964892004752434
-0.6905861336140577
-0.685404624328508
-0.6809565735556358
-0.677252874878507
-0.6743034187302313
-0.6721170746997572
-0.6707017028281866
-0.6700641381266155
-0.6702101767316958
-0.6711445845892239
-0.6728711012604555
-0.6753924163281515
-0.6787102043425108
-0.6828250955602123
-0.6877367017861568
-0.6934436138241241
-0.6999434146933623
-0.7072326681548244
-0.7153069627784334
-0.7241608842364683
-0.7337880642201134
-0.7441811558616243
-0.7553318749233975
-0.7672310210948878
-0.7798684712275145
-0.7932332045567995
-0.8073133310678787
-0.8220961173793102
-0.8375679566123145
-0.8537144943836615
-0.8705205363887722
-0.8879701458362107
-0.9060466434854682
-0.9247326253812125
-0.9440100216962583
-0.9638600810994705
-0.9842634353636838
-1.0052001144995233
-1.0266495570591958
-1.0485906712204178
-1.071001849518
-1.093860996705129
-1.1171455640117638
-1.14083259499852
-1.1648987145344136
-1.1893202136179517
-1.2140730734345846
-1.2391329314915593
-1.2644752236106322
-1.2900751141646534
-1.3159075922160721
-1.341947495948667
-1.3681695031525316
-1.3945482231252437
-1.4210581863700633
-1.447673897997042
-1.4743698599819226
-1.5011205968529762
-1.5279007041375183
-1.5546848840090801
-1.5814479228508518
-1.608164795352161
-1.6348106311134045
-1.6613607945878743
-1.687790869999194
-1.71407671152823
-1.7401944657118227
-1.7661206034554957
-1.7918319152597126
-1.8173055640443174
-1.842519139941733
-1.8674505742176517
-1.8920782997621004
-1.9163811559175934
-1.9403384622677493
-1.9639300435338263
-1.9871362186037407
-2.0099378283569123
-2.032316255067009
-2.0542534328517688
-2.075731858147135
-2.09673459558288
-2.117245309869807
-2.137248249961363
-2.1567282713750746
-2.175670825837707
-2.1940620156332034
-2.211888503239498
-2.2291376340960194
-2.2457973450079654
-2.2618562017519612
-2.2773033919988457
-2.2921287392201473
-2.306322661530121
-2.319876231863761
-2.3327810927388875
-2.3450295311016838
-2.3566143994425253
-2.3675291545161756
-2.3777678378269527
-2.3873250877098386
-2.3961960308654846
-2.404376433875315
-2.4118625238679963
-2.4186511029951325
-2.4247394631875734
-2.4301253981273936
-2.4348071699672813
-2.438783531340945
-2.4420536582609946
-2.444617163836775
-2.446474096813717
-2.4476248839252595
-2.448070320561649
-2.447811609265451
-2.446850244011253
-2.44518808392152
-2.4428272756013154
-2.439770255340405
-2.4360197338769605
-2.4315786884833015
-2.426450314290442
-2.420638014576142
-2.414145424635419
-2.406976344012766
-2.3991347179426357
-2.3906246775237228
-2.3814504737424285
-2.3716164769659662
-2.3611271408267207
-2.349987050051004
-2.3382008304370285
-2.32577319195163
-2.312708875732158
-2.2990126924853778
-2.2846894609143567
-2.269744023958859
-2.2541812442176057
-2.238005979747924
-2.221223097318038
-2.20383744310498
-2.1858538521061184
-2.167277129834509
-2.148112100796774
-2.1283635032101853
-2.10803609883773
-2.0871346236813553
-2.0656637443745174
-2.0436281178839986
-2.02103240809086
-1.9978812444109164
-1.9741792231677957
-1.9499309350998661
-1.9251409661553605
-1.8998139067188164
-1.8739543347443075
-1.847566882535116
-1.8206561381903947
-1.7932267799889112
-1.7652834851856847
-1.7368310051904934
-1.7078741072279429
-1.678417683009491
-1.648466659233791
-1.6180260717133492
-1.5871010467094147
-1.555696815139027
-1.5238187404354269
-1.4914723371799026
-1.4586632374969137
-1.4253972488346087
-1.3916803205419743
-1.3575186114312303
-1.3229184482262588
-1.2878863822209519
-1.2524291469609594
-1.2165537312119177
-1.180267311267783
-1.1435773316936917
-1.106491480681003
-1.0690176898777664
-1.0311641640252764
-0.9929393785928018
-0.9543520764492388
-0.9154112888587382
-0.8761263124119095
-0.8365067716426493
-0.7965625240797777
-0.756303760412909
-0.7157409815244498
-0.674884934035468
-0.633746672639533
-0.5923375792675681
-0.5506692927187239
-0.508753716560815
-0.46660308050551197
-0.42422988424427244
-0.381646869875923
-0.3388670664349538
-0.29590375420249826
-0.25277045293598727
-0.20948092006507502
-0.16604916424564467
-0.12248935413945607
-0.07881593058784622
-0.03504347933972804
0.008813224443796622
0.05273923155597647
0.09671946773774706
0.14073869844280393
0.18478157987706934
0.2288326683739254
0.2728764534555345
0.3168973033345644
0.3608796089981461
0.40480766603941837
0.4486657801355813
0.49243826394394075
0.5361094527848949
0.579663708903415
0.6230854599204578
0.6663592122675274
0.7094695735958441
0.7524012500253427
0.7951390895130637
0.8376681009138424
0.8799734308319428
0.9220404393129513
0.9638546761494429
1.005401915319133
1.0466681498965895
1.087639654875584
1.12830293158632
1.1686447923195904
1.2086523507723956
1.2483129835409976
1.2876144337198554
1.3265447532495276
1.3650923463597975
1.403245982329274
1.440994771885251
1.4783282190293046
1.5152362050256238
1.5517089951733964
1.587737269110676
1.6233120905049234
1.6584249339147095
1.6930677024802392
1.7272327020138172
1.7609126611449866
1.7941007217452778
1.8267904643876485
1.8589758809061798
1.8906513957084432
1.9218118460680624
1.952452488907719
1.9825689991584536
2.0121574735930436
2.0412144206409963
2.069736742377811
2.0977217575337996
2.12516716763333
2.152071063683455
2.178431936917305
2.2042486283030702
2.229520387208263
2.2542467755322844
2.278427738203279
2.302063566792244
2.325154856294413
2.3477025676216075
2.3697079407448265
2.391172555636695
2.4120982569932643
2.4324871935855557
2.45234178920233
2.4716647228620365
2.4904589428504518
2.5087276260645996
2.5264741996577857
2.5437022977624695
2.5604157856397123
2.5766187224970403
2.592315346677528
2.607510102847516
2.6222075989128824
2.6364126081998993
2.650130051445088
2.663364985927931
2.676122639981796
2.6884083188623413
2.7002274703594003
2.7115856454736345
2.722488506584624
2.7329417837022287
2.7429513154513288
2.752522988769439
2.7616627812635985
2.7703767192661237
2.778670886773072
2.7865514275764784
2.794024487605586
2.8010963008711944
2.807773081726061
2.8140610873690064
2.819966594007438
2.82549589003866
2.830655244531392
2.8354509560113366
2.839889305884087
2.8439765689040075
2.8477189998678307
2.85112283978799
2.8541942952562263
2.8569395641531634
2.8593647881473077
2.8614760951531983
2.863279559410072
2.8647812116650564
2.8659870263269798
2.866902942309204
2.867534827621054
2.8678884820184725
2.867969675633742
2.8677840685806584
2.867337257582471
2.8666347882054124
2.865682092562981
2.86448452127133
2.863047378995549
2.861375820769713
2.8594749420622247
2.857349716911999
2.855005038090971
2.852445675399682
2.8496762805641946
2.846701404590594
2.8435254712136486
2.840152789907168
2.8365875331424966
2.8328337463950852
2.8288953481871184
2.8247761135317377
2.8204796769832154
2.8160095248960366
2.811369025691699
2.806561358739346
2.8015895855732054
2.796456592902756
2.7911651028805378
2.7857177299242872
2.7801168575005284
2.774364760821753
2.7684635282171075
2.762415093196901
2.756221234980372
2.749883533930181
2.74340344893019
2.7367822407936595
2.7300210078823453
2.72312073564269
2.716082168122843
2.7089059681517496
2.7015925882818523
2.6941423592077425
2.686555443092155
2.678831862171931
2.67097149779777
2.6629740899549805
2.6548392430807533
2.6465664435686107
2.638155042517401
2.629604293155631
2.6209133134354268
2.6120811419624497
2.6031067253273195
2.5939888979183214
2.584726442952595
2.5753180559844275
2.565762380684995
2.556058027576866
2.5462035144785538
2.536197389466672
2.5260381322579364
2.51572425131227
2.5052542249697773
2.494626535785872
2.4838397352136456
2.472892381215408
2.461783058317062
2.450510412905507
2.439073224217355
2.4274702530514576
2.4157004123512342
2.403762702310658
2.3916562428951575
2.3793802613921207
2.3669341518776275
2.3543174342024913
2.3415297885336925
2.3285710387955714
2.3154412578917856
2.3021406288313075
2.2886695611042174
2.2750286945818035
2.2612188230905512
2.247241025503463
2.2330965649139207
2.218786957429979
2.204313961030482
2.189679577234545
2.1748860560471135
2.1599359014561004
2.144831882018038
2.1295770311149513
2.1141746328158852
2.098628252034619
2.08294170356469
2.0671190816374923
2.051164725640013
2.0350832576125772
2.0188795539979445
2.0025587311113715
1.9861261602477902
1.9695874749515492
1.9529485424399509
1.9362154625009502
1.919394541666383
1.9024923404670677
1.8855155951651914
1.8684712493577627
1.8513664570195103
1.8342085116564597
1.8170049134341602
1.799763274993487
1.7824913741540576
1.765197120877027
1.7478884926486533
1.7305736291918523
1.71326071307231
1.6959579883875084
1.6786737748862364
1.6614164109508502
1.6441942655047939
1.6270156810985301
1.6098890247321243
1.5928226109583838
1.5758246898793105
1.558903472912475
1.5420670939177021
1.5253235427862555
1.5086807256542905
1.4921464126840995
1.4757282179445255
1.4594335859471375
1.443269788125139
1.4272438837251502
1.4113627385832141
1.3956329520146757
1.3800609299926536
1.3646527953127707
1.3494143925308082
1.3343513132114613
1.319468834932634
1.3047719289187307
1.2902652727222872
1.2759531946514
1.2618397009863958
1.2479284649935263
1.234222808256095
1.2207256830760007
1.207439703086704
1.1943671153115145
1.1815097777961918
1.1688692148990407
1.156446553772843
1.1442425413610091
1.132257602574698
1.1204917357347532
1.1089445943898046
1.0976154725283829
1.0865033021083663
1.0756066481013435
1.0649237294540201
1.0544524470393444
1.044190306039839
1.034134550029828
1.024282069824953
1.0146294436166363
1.0051729824879343
0.9959086696077899
0.9868322503321385
0.9779391841992248
0.9692246879978493
0.9606837562240833
0.9523111382858915
0.944101404066155
0.9360489025037785
0.9281478450508499
0.92039223806429
0.9127759843504597
0.9052928286448905
0.8979364255468018
0.8907003106082892
0.8835779773869328
0.8765628227243795
0.869648201876055
0.8628274483557521
0.8560939030100513
0.8494408558547084
0.8428616746619765
0.8363497138356499
0.8298984031291189
0.8235012393490883
0.8171517626919125
0.8108436476221367
0.8045706551023792
0.7983266609188268
0.7921056750265678
0.7859018548117429
0.7797095157783901
0.7735231049172522
0.7673372940979065
0.7611469076638933
0.7549469636911352
0.7487326871345059
0.742499509309298
0.736243070089363
0.7299592323271581
0.7236440715580396
0.7172939206108858
0.7109053034357946
0.7044750169698465
0.6980000638313261
0.6914776954236707
0.6849054045243756
0.6782809110506085
0.6716021824828475
0.6648673996987289
0.6580749946339477
0.6512236188781849
0.6443121586210271
0.637339701382596
0.6303055651310926
0.6232092753546085
0.6160505569230336
0.6088293327725982
0.6015457301106958
0.5942000275374205
0.5867927130794416
0.5793244311260312
0.5717959761236071
0.5642083056115929
0.5565625077396446
0.5488598178623952
0.5411015725861303
0.5332892508375936
0.5254244036737996
0.5175087142608377
0.5095439209707618
0.5015318485452601
0.4934743958145086
0.48537351029742787
0.47723118866463027
0.46904945917006874
0.46083040338991815
0.4525760953291042
0.44428865038319876
0.4359701630725974
0.42762273842303733
0.4192484681898319
0.4108494225391536
0.4024276632570882
0.39398520053029196
0.38552401511441703
0.3770460344890041
0.36855316332856974
0.3600472311627232
0.3515300206268991
0.343003237094451
0.33446854668280135
0.32592753118716666
0.3173816831136516
0.30883247327593744
0.30028125098643244
0.2917293119029902
0.28317786747841217
0.2746280551914418
0.26608094322146697
0.2575375126901229
0.24899865446178002
0.24046522846915408
0.23193799718828342
0.22341763203680412
0.21490477132856667
0.20639996511152495
0.19790371793362102
0.1894164613776196
0.1809385589331116
0.1724703625315767
0.1640121262711234
0.1555641045975164
0.14712646819139377
0.13869938271409363
0.13028296234697334
0.12187730952688902
0.1134824947158566
0.10509855958922983
0.09672554812455553
0.08836348905998172
0.08001240452170495
0.07167230503080786
0.06334322609259004
0.05502519521790778
0.046718254775548536
0.038422457783802905
0.0301378763197877
0.021864615123084245
0.01360278977845028
0.0053525667535890865
-0.0028858789511059233
-0.011112326653626608
-0.019326530470995792
-0.027528183611353667
-0.0357169475640118
-0.04389245931081481
-0.052054296153295924
-0.060201966195110805
-0.06833498947203555
-0.07645278031727513
-0.08455473539356236
-0.09264021275472774
-0.10070849204990914
-0.1087588328345221
-0.11679044588034519
-0.12480247505079203
-0.13279403722224076
-0.1407642221522746
-0.14871202522708316
-0.15663646521988628
-0.16453647797371007
-0.172410965770128
-0.18025882827804626
-0.1880788986850947
-0.19586999381492554
-0.2036308936412407
-0.21136036197907782
-0.21905713877998537
-0.2267199247040622
-0.23434741949708868
-0.24193831602214427
-0.24949124496568786
-0.25700488663231047
-0.2644778562983143
-0.2719087862527873
-0.27929630142891565
-0.2866390116297404
-0.29393553616032475
-0.3011844721636253
-0.3083844287572132
-0.3155339964638865
-0.3226317963684313
-0.32967641424634736
-0.33666645785172056
-0.3436005119953977
-0.3504772033342943
-0.3572951146806862
-0.3640528279433113
-0.37074894814488946
-0.3773820576351416
-0.38395072322617463
-0.3904535311369293
-0.3968890128302007
-0.4032557219477586
-0.4095521917634049
-0.41577690425269637
-0.4219283501153699
-0.4280049916682835
-0.4340052336410408
-0.439927465868927
-0.4457700309556903
-0.4515312381085997
-0.4572093270803796
-0.46280250841415466
-0.46830892457254
-0.4737266520826678
-0.4790536944078156
-0.48428799850789045
-0.48942742116480537
-0.4944697437413657
-0.4994126599366448
-0.5042537517937412
-0.5089905442262146
-0.5136204105758315
-0.518140657077072
-0.5225484714845837
-0.5268408890902779
-0.5310148909007587
-0.5350672933324087
-0.5389948009725679
-0.5427939696740022
-0.546461227522239
-0.5499929192445233
-0.5533851810263907
-0.5566340464284802
-0.5597354368127889
-0.5626850721280776
-0.5654785757614531
-0.5681114328232028
-0.5705789737778416
-0.5728763898999115
-0.5749987540118451
-0.5769410018715275
-0.5786979210162305
-0.5802641835632317
-0.581634352450528
-0.5828028589387682
-0.5837640069646846
-0.5845120172070936
-0.5850410160216742
-0.5853450028048687
-0.5854178998708
-0.5852535737194159
-0.5848458017780273
-0.5841883036421124
-0.5832747420396549
-0.5820987381081718
-0.5806538868292469
-0.5789337654575898
-0.5769319377131701
-0.5746419471500371
-0.5720574010620659
-0.5691718892773198
-0.5659790579360267
-0.5624726172992974
-0.5586463224523976
-0.5544940217177629
-0.5500096481809545
-0.5451872550042417
-0.540021012998454
-0.5345052234815577
-0.5286343503316013
-0.5224030015974567
-0.5158059784667847
-0.5088382874921527
-0.5014951283296156
-0.4937719378223891
-0.4856643432503659
-0.47716828685741913
-0.4682799450731544
-0.4589957633264959
-0.4493124859220218
-0.43922717838171976
-0.4287371907019565
-0.417840228538638
-0.40653431203859214
-0.39481784137357373
-0.38268956290523154
-0.3701485893503708
-0.35719442961852094
-0.34382698751516033
-0.330046540585337
-0.31585380488971637
-0.30124989686308307
-0.2862363672450305
-0.2708151735203839
-0.2549887411820563
-0.23875989509823375
-0.22213194465608516
-0.20510860778131576
-0.1876940837180591
-0.1698930060800996
-0.15171046144684888
-0.13315200025691293
-0.11422361952364288
-0.09493177076555959
-0.07528334867859303
-0.055285706867231554
-0.034946644304209705
-0.014274382652133991
0.0067224016889729735
0.028034594054066476
0.04965267133684618
0.07156669264103918
0.09376628823258587
0.1162407090933536
0.1389787852620909
0.16196898919962568
0.1851993962772156
0.20865773001260446
0.23233135162717392
0.2562072937938776
0.2802722455060953
0.30451259142143483
0.3289144080826373
0.35346349265311267
0.3781453453005665
0.40294523134761057
0.4278481659910323
0.45283893048255447
0.47790208881717106
0.503022018728114
0.5281829348786352
0.5533688569854084
0.578563681247981
0.6037511752396478
0.6289149965609816
0.6540387135471043
0.6791058332021821
0.7040997841237772
0.7290039926300328
0.7538018474932319
0.7784767652069966
0.8030121561620949
0.8273914985831238
0.8515983297210745
0.8756162642556605
0.8994290228209365
0.9230204480915196
0.9463745263449502
0.9694753909944142
0.992307383689259
1.0148550239937615
1.037103052112672
1.0590364677178532
1.0806405041907041
1.101900680865541
1.1228028296274306
1.143333067208965
1.1634778685004712
