1025
-1.1262921135530557
-1.1334886387324885
-1.1405787958785358
-1.147560829775591
-1.1544334102407952
-1.1611956234474294
-1.1678469872584794
-1.1743874139278787
-1.1808172330923112
-1.1871371674589104
-1.1933483305508161
-1.1994522161780665
-1.2054506920654775
-1.2113459797061514
-1.2171406602218209
-1.2228376393442697
-1.2284401546752717
-1.2339517479795148
-1.2393762639970525
-1.24471782042493
-1.2499808084220498
-1.2551698559279336
-1.260289841254712
-1.265345848873636
-1.2703431614948797
-1.2752872600336136
-1.280183765194652
-1.2850384639321397
-1.2898572662644217
-1.2946462010944084
-1.299411374717689
-1.3041589755402405
-1.3088952599995372
-1.3136265105163887
-1.3183590325284573
-1.3230991377725068
-1.3278531236327484
-1.3326272519020266
-1.3374277368532723
-1.3422607276217235
-1.3471322937367727
-1.3520483954186715
-1.357014890758069
-1.3620374960639179
-1.3671217924330137
-1.3722731962034815
-1.3774969490867306
-1.382798106511245
-1.3881815168826854
-1.3936518238626765
-1.3992134443662383
-1.4048705494940807
-1.410627068350837
-1.4164866692546338
-1.4224527569649676
-1.428528447460969
-1.4347165779134066
-1.4410196873660952
-1.4474400130929894
-1.453979476109337
-1.4606396974624771
-1.4674219547212832
-1.474327214953972
-1.4813561074525934
-1.488508919483529
-1.49578560970834
-1.5031857760390026
-1.5107086912199645
-1.5183532736932106
-1.5261180817544635
-1.534001334308702
-1.5420008992487981
-1.5501142885504713
-1.5583386768592635
-1.5666708676584078
-1.5751073352896605
-1.5836442049495671
-1.5922772508006144
-1.6010019177618655
-1.6098133007079316
-1.618706172360583
-1.6276749591234476
-1.6367137763557593
-1.6458164193515474
-1.6549763540826743
-1.6641867455464763
-1.6734404544834707
-1.6827300288609481
-1.6920477443691202
-1.7013855812705865
-1.7107352327783012
-1.720088137574203
-1.729435460511549
-1.7387681070192815
-1.7480767483453539
-1.7573517984486757
-1.766583457222151
-1.7757616977748991
-1.7848762808405714
-1.7939167659567934
-1.8028725183201297
-1.8117327239289385
-1.8204863941659548
-1.829122383417308
-1.8376293865857973
-1.8459959747127368
-1.8542105739701658
-1.8622615108102827
-1.8701369860776762
-1.8778251339806507
-1.885313990995169
-1.8925915277021041
-1.8996456642972896
-1.9064642773307172
-1.9130352070651542
-1.9193462965465944
-1.9253853553987939
-1.931140235098567
-1.936598794217962
-1.9417489299671835
-1.9465785961276652
-1.9510758154790362
-1.9552286834542156
-1.9590253943648868
-1.9624542489460413
-1.9655036742613259
-1.9681622419758857
-1.9704186515299695
-1.9722617953882922
-1.973680735721404
-1.974664732045537
-1.975203254284805
-1.9752859933989588
-1.9749028779493485
-1.974044102228921
-1.9727001100801858
-1.9708616392977325
-1.9685197065679825
-1.9656656566642166
-1.9622911436742618
-1.9583881613876009
-1.953949039033377
-1.948966479075363
-1.9434335466073192
-1.9373437031277367
-1.9306908008890948
-1.9234690792308782
-1.9156732323901442
-1.9072983441753015
-1.898339963144039
-1.8887940727029313
-1.8786571219456574
-1.8679260025389448
-1.8565981168033667
-1.8446713116745548
-1.8321439355294165
-1.81901482887308
-1.8052833326481785
-1.7909492875298807
-1.7760130497007405
-1.7604754695991103
-1.7443379353187909
-1.7276023353926375
-1.710271081243432
-1.6923471029192574
-1.6738338626503375
-1.6547353202714676
-1.635055967482108
-1.6148008140432362
-1.5939753746948713
-1.5725856840292776
-1.550638268522825
-1.5281401711551696
-1.5050989227837521
-1.4815225418207516
-1.457419531642124
-1.432798874804657
-1.4076700068208567
-1.3820428301855208
-1.3559276944509406
-1.3293353771804235
-1.3022770897871923
-1.274764457813356
-1.2468094965568997
-1.2184246179816738
-1.1896226093623523
-1.1604166122585966
-1.130820119669076
-1.100846941160561
-1.070511218883208
-1.0398273826485842
-1.0088101414159303
-0.9774744750384878
-0.9458356073294444
-0.9139089835809379
-0.881710276845384
-0.8492553365424445
-0.816560187767921
-0.7836410185870871
-0.750514152326376
-0.7171960062972013
-0.683703125033853
-0.6500521171563628
-0.6162596485140246
-0.5823424188018937
-0.5483171545721465
-0.5142005718690837
-0.4800093837692449
-0.4457602378328064
-0.4114697441747182
-0.3771544250762807
-0.342830717196226
-0.3085149154651431
-0.27422321466725286
-0.23997163555908294
-0.2057760465551126
-0.1716521103208028
-0.13761530821910173
-0.10368088887430887
-0.0698638723912534
-0.03617902890350526
-0.0026408611607594305
0.03073639636001852
0.06393882334727707
0.09695277125007244
0.12976493632579061
0.16236232343371074
0.1947322876669407
0.22686253453792693
0.25874111941124456
0.29035647018446065
0.32169738483721805
0.3527530433976445
0.38351301954147066
0.41396727089866414
0.44410616327438496
0.47392045089919244
0.5034013113368336
0.5325403031522217
0.5613294145916307
0.589761025256629
0.6178279266047996
0.64552333192938
0.6728408336755758
0.6997744316894539
0.7263185335717067
0.7524679294495101
0.7782177914903833
0.8035636789985652
0.8285015297735109
0.853027631108844
0.877138628931663
0.9008315381237455
0.9241036760830167
0.9469527129333246
0.9693766255554946
0.9913736867781731
1.0129424731089873
1.0340818268139391
1.0547908531017882
1.0750689181039177
1.0949156117408745
1.1143307390542005
1.1333143339665845
1.1518665901920395
1.1699878875869079
1.1876787688324126
1.2049398889267644
1.2217720690404381
1.2381761960270223
1.2541532680628047
1.2697043456695387
1.2848305613081086
1.29953306629601
1.3138130441401814
1.3276716759483154
1.3411101541226087
1.3541296163644594
1.3667311761260525
1.3789158852153396
1.3906847165093241
1.4020385558498212
1.4129782068376129
1.4235043267875367
1.4336174684044198
1.4433180303184805
1.4526062722575845
1.461482278017252
1.4699459722426138
1.4779970772884434
1.4856351401363417
1.4928595009614414
1.499669291401703
1.5060634423412078
1.5120406567826672
1.5175994060929032
1.522737957890917
1.5274543306787798
1.5317463360850456
1.5356115329232458
1.539047266351656
1.5420506459046182
1.5446185630685072
1.546747683914528
1.5484344563609498
1.5496751203569799
1.5504657176033996
1.5508020771984823
1.550679863007508
1.5500945413807241
1.5490414280241551
1.547515664394704
1.5455122608948095
1.5430261033657575
1.5400519530701204
1.5365844663557127
1.532618221926857
1.528147734346144
1.5231674542741276
1.5176718059116148
1.5116552103123284
1.505112062895186
1.4980368042323
1.4904239136042015
1.4822679359780355
1.4735634923211633
1.4643053173106542
1.4544882617045725
1.4441073379411697
1.4331577108453912
1.4216347436581065
1.4095340229697078
1.3968513399136235
1.3835827720841525
1.3697246514189831
1.3552736103376208
1.3402266076928926
1.3245809335647472
1.308334230680486
1.2914845280955272
1.2740302453599721
1.2559702074854455
1.2373036887028561
1.2180304075934076
1.1981505362451048
1.1776647273958032
1.1565741456732452
1.134880449071371
1.1125858243619813
1.0896929835872904
1.0662052026480906
1.042126280384516
1.0174606121655836
0.9922131448169392
0.9663894119212191
0.9399955153987364
0.9130381795989296
0.8855246884591214
0.857462935407996
0.8288614022590648
0.7997291768941289
0.770075937045423
0.739911954682195
0.7092480794604404
0.6780957619197726
0.6464670185067048
0.6143744530981119
0.5818312204939775
0.5488510383386881
0.5154481574860886
0.48163738040998744
0.44743401317832276
0.41285389051258975
0.3779133269013329
0.34262912156373626
0.30701853832224835
0.27109928927989313
0.23488951126424115
0.19840775492853352
0.16167296926279523
0.12470446065402216
0.08752189744445196
0.05014528604173063
0.012594931342010295
-0.025108580482298613
-0.0629443812710657
-0.10089137346505463
-0.13892824288612146
-0.17703347966278343
-0.2151853884405453
-0.2533621526875427
-0.29154182539482215
-0.3297023558841647
-0.3678216295643712
-0.40587748720064665
-0.44384774195446947
-0.4817102082724193
-0.5194427402167721
-0.5570232275582562
-0.5944296582766236
-0.6316401049137987
-0.6686327680520744
-0.7053860134857217
-0.7418783553790227
-0.7780885260850058
-0.8139954751291121
-0.8495783817170761
-0.8848166985097089
-0.919690172005195
-0.9541788395543621
-0.9882630799323485
-1.0219236226013073
-1.055141553571136
-1.0878983515399936
-1.1201759089474403
-1.151956538350516
-1.1832229852548108
-1.2139584660036018
-1.2441466684894464
-1.2737717675513058
-1.3028184431308287
-1.3312718997324224
-1.3591178706725648
-1.386342631329092
-1.4129330195261587
-1.4388764439601949
-1.4641608810599676
-1.4887749106417292
-1.5127077032601373
-1.5359490266847315
-1.5584892857060542
-1.580319489736241
-1.6014312758957412
-1.6218169211253761
-1.6414693349811644
-1.6603820692180242
-1.6785493211091587
-1.6959659365925568
-1.7126274050105417
-1.7285298651608016
-1.7436701135935884
-1.7580455932614127
-1.7716543886773923
-1.7844952324719219
-1.7965675104562067
-1.807871234993268
-1.8184070656301043
-1.8281762779804505
-1.8371807853249316
-1.845423115537698
-1.852906403894527
-1.8596344004874736
-1.8656114406260287
-1.8708424462808604
-1.8753329178906544
-1.8790889277943525
-1.8821170888013963
-1.8844245758863134
-1.8860190806617338
-1.8869088222711943
-1.8871025128837096
-1.8866093594053976
-1.88543904953715
-1.8836017299629493
-1.8811079861611013
-1.8779688276361701
-1.8741956963502944
-1.8698004009575018
-1.8647951419053033
-1.8591924824077675
-1.8530053089977183
-1.8462468452403875
-1.8389306026256989
-1.831070382061264
-1.8226802438440977
-1.8137744937511462
-1.8043676473095593
-1.7944744374896164
-1.7841097695609272
-1.7732887088702962
-1.7620264505340453
-1.7503383225717544
-1.7382397360897908
-1.7257461886023049
-1.7128732230928545
-1.6996364217357718
-1.6860513830039203
-1.6721336938154927
-1.6578989035100369
-1.6433625350283876
-1.6285400283271483
-1.613446746339233
-1.5980979395571575
-1.5825087374726399
-1.5666941306649416
-1.5506689392479067
-1.5344478270848214
-1.5180452346554931
-1.5014754237362524
-1.4847524091870348
-1.4678899856790613
-1.4509016729457702
-1.4338007483944912
-1.4166001889908075
-1.399312690394632
-1.381950654980913
-1.3645261561162965
-1.347050957974133
-1.329536497258897
-1.3119938617192468
-1.2944338089401104
-1.276866740764118
-1.2593026968509784
-1.2417513693604334
-1.2242220879837198
-1.2067238159533737
-1.1892651398319858
-1.171854306420432
-1.1544991641820546
-1.1372072181735755
-1.119985611980131
-1.102841112407362
-1.0857801443254098
-1.0688087835317597
-1.051932732729538
-1.0351573888618704
-1.0184877805776318
-1.0019286384188593
-0.9854843505303206
-0.9691590026250166
-0.9529563730600038
-0.9368799506461216
-0.920932935163344
-0.9051182573634764
-0.8894385778337414
-0.8738963073110261
-0.8584936135795403
-0.8432324316475778
-0.8281144818748575
-0.8131412726139546
-0.7983141106713995
-0.7836341302090977
-0.7691022731716581
-0.7547193340258136
-0.7404859558812517
-0.7264026215482973
-0.7124697139974627
-0.6986874720632857
-0.6850560403279732
-0.6715754576731054
-0.6582456703639047
-0.6450665518226621
-0.6320378956494411
-0.6191594408165187
-0.606430865968426
-0.5938517819831093
-0.5814217878508776
-0.5691404201056155
-0.557007193298229
-0.5450215900173476
-0.5331830744672743
-0.521491078090969
-0.5099450214359885
-0.49854430505494157
-0.4872883220180412
-0.4761764407443445
-0.46520801149318636
-0.45438237647655405
-0.4436988592877142
-0.43315675504570017
-0.4227553495309814
-0.4124938966807348
-0.40237161544132366
-0.3923876999962515
-0.38254131118500406
-0.37283154357706977
-0.36325747446886986
-0.35381809995354674
-0.34451237881420166
-0.335339180936328
-0.3262973163122736
-0.31738552299967293
-0.3086024294412759
-0.29994658055928514
-0.29141642661916084
-0.28301031945448607
-0.27472645501314047
-0.2665629544235805
-0.2585177900275983
-0.25058880111897985
-0.24277368666613044
-0.23507000180589216
-0.227475153897468
-0.21998638312431426
-0.2126007839867233
-0.20531528280868952
-0.1981266276191538
-0.1910314097418013
-0.18402604923931307
-0.17710677320252438
-0.17026966801091134
-0.16351061162029304
-0.15682533133980078
-0.15020937568574189
-0.14365811773477116
-0.13716676963740823
-0.13073039126471042
-0.12434386311345913
-0.1180019335276927
-0.1116991935260312
-0.1054301006273028
-0.09918897788188695
-0.09297003076828482
-0.08676734589825456
-0.08057492049958145
-0.07438664986686655
-0.06819634722251713
-0.06199777304874009
-0.05578462429420707
-0.049550562011387196
-0.043289214786541706
-0.0369942052967903
-0.030659157258967284
-0.024277721326830305
-0.017843571855016012
-0.011350453957474242
-0.004792153964052942
0.0018374316614003878
0.008544321561413763
0.015334397444655435
0.022213425396612287
0.029187008428224356
0.03626056989860487
0.04343936931374918
0.05072844886021565
0.058132619331430505
0.06565648017435173
0.07330436781189269
0.08108035341575293
0.08898822302105762
0.09703148179746336
0.10521331800690785
0.1135365930586956
0.12200384736727272
0.13061728182238172
0.13937872390032802
0.1482896575953804
0.15735117955409372
0.16656402517135918
0.17592853024528332
0.1854446358167788
0.19511189905733603
0.2049294710815714
0.2148960893951679
0.22501011200549578
0.23526946777724242
0.24567169550841148
0.25621392746426774
0.2668928992374038
0.2777049462221271
0.28864602077330487
0.2997116784705682
0.31089711125647257
0.3221971345542142
0.33360621162711734
0.345118435749146
0.3567275868828019
0.3684270991711944
0.3802100964676092
0.3920694122640911
0.4039975729405891
0.4159868496306691
0.4280292592251275
0.4401165681377829
0.4522403232554225
0.4643918644402117
0.47656235457453455
0.4887427727616644
0.5009239565077989
0.5130966136854502
0.52525132592501
0.5373785968615037
0.5494688524190311
0.5615124518911515
0.5734997438426115
0.585421037747847
0.5972666463318452
0.6090269218190884
0.6206922469730903
0.6322530632872236
0.643699885470271
0.6550233343461825
0.6662141290888286
0.677263134616409
0.6881613318205841
0.6988998916288378
0.7094701376695277
0.7198635932470987
0.730071971601861
0.7400872258831147
0.7499015002403034
0.7595072006139599
0.768896959332932
0.7780636945619243
0.7870005558456138
0.7957009891352099
0.8041587042138312
0.8123676922633014
0.8203222575887911
0.8280169576362814
0.8354466807669092
0.842606601420567
0.8494921817260676
0.8560991899152348
0.8624237050225154
0.8684620804916569
0.8742109756885251
0.8796673466713767
0.8848284237762327
0.8896917260988289
0.8942550641348818
0.8985164896733187
0.9024743502616693
0.9061272309281857
0.9094739717463677
0.9125136629932834
0.9152456177653051
0.9176693679703151
0.9197846756157813
0.9215914954210561
0.9230899800667294
0.9242804586409958
0.9251634386934513
0.925739582200914
0.9260097060848088
0.9259747649264759
0.9256358384649294
0.9249941256377272
0.9240509256810963
0.9228076337669733
0.92126572413346
0.9194267447402188
0.9172923042959885
0.91486405843529
0.9121437075821324
0.9091329805381059
0.9058336192877666
0.9022473842551848
0.8983760343910251
0.8942213260561755
0.8897849905622883
0.8850687553944977
0.8800742946476927
0.8748032720145618
0.8692572907637883
0.8634379142157996
0.8573466480541135
0.8509849466110245
0.8443542019718397
0.8374557339162192
0.8302908051911264
0.8228605991571408
0.815166236481899
0.807208756898601
0.7989891307322265
0.7905082539777403
0.7817669438987455
0.77276595117641
0.763505948323741
0.7539875508950714
0.744211283087607
0.7341776243715274
0.7238869903391894
0.7133397234992325
0.7025361247835221
0.6914764410117507
0.6801608734698611
0.6685895673444775
0.656762661046634
0.6446802393745192
0.6323423626906686
0.6197490863424207
0.6069004337574835
0.593796439221875
0.5804371237409921
0.5668225140000965
0.5529526574186205
0.5388276246012911
0.5244474867115879
0.509812376227101
0.49492245450663147
0.47977792275039055
0.4643790457707803
0.44872614138903205
0.43281959509760437
0.4166598722495816
0.4002475170594893
0.3835831488105577
0.3666674952506476
0.34950137325074965
0.33208571382888036
0.3144215571115987
0.2965100537272868
0.27835249281505203
0.2599502814316329
0.24130496284452196
0.2224182278073082
0.20329190611451256
0.18392798335750482
0.16432860533598104
0.14449606187343872
0.12443282051793453
0.10414152217196324
0.08362497629792884
0.06288617637420378
0.04192829099780489
0.020754680594211063
-0.0006311061908875821
-0.022225324556807702
-0.04402402857860582
-0.06602307475596036
-0.08821812123576922
-0.11060459126701803
-0.13317774312455116
-0.155932574068507
-0.17886389198463837
-0.20196627704013395
-0.22523408447141488
-0.24866144889555605
-0.27224227344134705
-0.29597023785036203
-0.3198387742708396
-0.3438411054680648
-0.36797018876392584
-0.3922187675037023
-0.4165793337711503
-0.441044133384141
-0.4656051906204389
-0.4902542586729912
-0.5149828613913605
-0.5397822738584156
-0.5646435237586751
-0.5895573930372752
-0.6145144120847369
-0.6395048627164401
-0.6645187990864677
-0.6895459987868382
-0.7145760141847548
-0.7395981464263551
-0.7646014589536699
-0.7895747665165566
-0.8145066467360992
-0.8393854481532597
-0.8641992834949402
-0.8889360296595822
-0.9135833388280001
-0.9381286546603109
-0.9625591860277246
-0.9868619529293307
-1.0110237447136194
-1.0350311765482765
-1.0588706606739766
-1.082528422322564
-1.1059905181999916
-1.1292428356581752
-1.1522711053103603
-1.1750609160646386
-1.1975977046138682
-1.2198667985875753
-1.2418534098092957
-1.2635426377859817
-1.2849195017660309
-1.3059689539727217
-1.326675873951493
-1.34702510570781
-1.3670014515331257
-1.3865897219050651
-1.4057747049727793
-1.4245412290600656
-1.4428741566607446
-1.460758395714622
-1.478178942818755
-1.4951208824181468
-1.511569414002582
-1.52750987202361
-1.5429277455965928
-1.5578086885960571
-1.5721385717689234
-1.5859034553299118
-1.5990896596673374
-1.6116837555265038
-1.623672583575772
-1.6350433075278548
-1.6457834036255012
-1.6558806964888622
-1.6653233672883645
-1.6740999831701173
-1.6821995485325956
-1.6896114614703133
-1.6963255810300624
-1.7023322542003942
-1.707622281789399
-1.7121869971919117
-1.716018257785686
-1.7191084549459887
-1.7214505421659836
-1.723038061295545
-1.7238651356216113
-1.7239265003568622
-1.7232175078731098
-1.7217341599110065
-1.7194730866694616
-1.716431583828877
-1.712607617521748
-1.7079998378519585
-1.70260756149583
-1.69643081061433
-1.6894703028265463
-1.681727457220665
-1.673204396579844
-1.6639039545828644
-1.6538296666582952
-1.64298578459882
-1.631377254031775
-1.6190097360716624
-1.6058895772707933
-1.5920238317349558
-1.5774202260494221
-1.5620871656343571
-1.5460337348744995
-1.5292696667370917
-1.5118053387672359
-1.493651767605505
-1.4748205799356875
-1.455324014746724
-1.435174885784779
-1.4143865919531922
-1.3929730632888517
-1.3709487744095408
-1.3483287054559314
-1.3251283279545105
-1.3013635783852395
-1.2770508279401855
-1.2522068833231734
-1.2268489406953504
-1.2009945603043513
-1.1746616563830903
-1.1478684545154405
-1.120633475819245
-1.0929755067624076
-1.0649135655801634
-1.0364668894867808
-1.0076548961730298
-0.9784971519058391
-0.9490133544211878
-0.9192233111873871
-0.8891468767658082
-0.8588039740066191
-0.8282145280253345
-0.7973984634918211
-0.7663756581122466
-0.7351659376071535
-0.7037890264883477
-0.6722645469309078
-0.6406119702505122
-0.6088506184355037
-0.5769996176223212
-0.54507788429208
-0.5131041110902809
-0.481096734730029
-0.449073919941196
-0.41705353594955985
-0.3850531554353319
-0.3530900124857056
-0.32118099492814606
-0.2893426439439513
-0.25759112549610685
-0.22594221162159306
-0.19441128035440727
-0.16301330425930632
-0.13176282989910587
-0.10067398478295352
-0.06976044820199923
-0.03903547342804253
-0.00851185409512573
0.021798059605372327
0.051882382543980525
0.08172967794245171
0.1113289681750331
0.1406697381368122
0.16974192700831844
0.19853592557335656
0.22704258077290282
0.2552531902859736
0.28315948809239716
0.310753647193337
0.3380282701864297
0.3649763924713645
0.39159145033436676
0.4178672926853924
0.4437981630603969
0.4693786906097636
0.4946038780743603
0.519469099225292
0.5439700640348137
0.5681028326342974
0.591863787791763
0.615249627517591
0.6382573368770855
0.6608841983371536
0.6831277594771902
0.704985825146587
0.7264564431680434
0.747537885256105
0.7682286382095295
0.788527384187771
0.8084329947276425
0.8279445052765404
0.8470611036978639
0.8657821300077241
0.8841070395742798
0.9020354061106461
0.9195669048493731
0.9367012925589843
0.9534384083754452
