1025
0.506598176659641
0.5183217991715942
0.5298044447230745
0.5410333291558355
0.5519960470763953
0.5626806110957536
0.5730754849369596
0.5831696022796612
0.5929524122555376
0.6024138954688936
0.6115445862305796
0.6203356229814828
0.6287787525583333
0.6368663491914959
0.6445914749362632
0.6519478487901109
0.6589299069880491
0.6655328072574103
0.67175245792224
0.6775855034790803
0.683029373136772
0.6880822668104319
0.6927431815597379
0.6970119248796707
0.7008890846646738
0.7043761056489114
0.7074751904013118
0.7101893875745706
0.7125225600894646
0.7144793767884529
0.7160652917499962
0.7172865631266976
0.7181502482893564
0.7186641486820818
0.7188368398607085
0.7186776411531012
0.7181965731292117
0.7174043784672952
0.7163124563035743
0.7149328759080115
0.7132783320311161
0.7113620922160089
0.7091980291426699
0.706800510268107
0.7041844336126877
0.7013651478365172
0.698358435156274
0.695180464318329
0.6918477402776172
0.6883771089639447
0.6847856623524508
0.6810907082185809
0.6773097483671289
0.6734604140747632
0.6695604271014919
0.6656275474403747
0.6616795385244859
0.6577341149464865
0.653808883856255
0.6499213092388388
0.6460886814281761
0.6423280266565665
0.6386561162282461
0.6350893793038705
0.631643855992342
0.6283351933393014
0.625178550278995
0.6221886000548749
0.6193794711145801
0.6167646862697255
0.6143571495613674
0.6121691167851648
0.6102121238475438
0.6084969991894034
0.607033774865901
0.6058317079263019
0.604899230497414
0.6042439226312312
0.6038724863655225
0.6037907306319815
0.6040035486943551
0.6045148811637057
0.6053277515319155
0.6064442042599827
0.6078653162919592
0.6095911806481332
0.6116209057197631
0.6139526073940582
0.6165834353314313
0.6195095372196773
0.6227260729596047
0.6262272584426561
0.6300063197064506
0.6340555486179172
0.6383663135233687
0.642929006950916
0.647733208511792
0.6527675651845708
0.6580199009119703
0.6634771957435713
0.6691256401150182
0.6749506758078987
0.680936984043299
0.687068579438767
0.6933287765078063
0.6997003165560349
0.7061653024282947
0.7127053435197496
0.7193015011424713
0.7259344137627213
0.7325843024189804
0.7392310003853154
0.7458540381096038
0.7524326555120279
0.7589458771970136
0.7653725729709581
0.7716914088363866
0.7778810546751969
0.7839200959671639
0.7897871435640755
0.7954608756179299
0.8009200937248501
0.8061437329242436
0.8111109631207566
0.8158011904120639
0.8201941322843079
0.8242698596558358
0.8280087955009536
0.8313918318591601
0.8344003273405749
0.837016144348983
0.8392217162154894
0.8410000404491521
0.8423347540085113
0.8432101906821449
0.8436113157588654
0.8435238683356081
0.8429343144371066
0.841829926300551
0.8401987703850965
0.8380297467194577
0.8353126023177563
0.8320379626953163
0.8281973352311949
0.823783148281583
0.8187887600753844
0.8132083999304255
0.8070373038176447
0.8002716011809986
0.7929084026241884
0.7849457673389119
0.7763827100823343
0.76721917769747
0.7574561131034097
0.7470953588633543
0.7361397208248199
0.724592920101356
0.7124596155679962
0.6997453625199318
0.6864566116604167
0.6726006806432203
0.6581857673115227
0.6432209073681167
0.6277159359715033
0.6116815143474237
0.5951290925808559
0.5780708321030094
0.5605196616617091
0.5424892040910728
0.523993752425251
0.5050482550925063
0.4856682839209397
0.4658699950290109
0.44567011049983296
0.4250858833585194
0.4041350649977876
0.38283588378816846
0.3612070053010989
0.3392674880521618
0.31703677727512525
0.2945346623921288
0.2717812361748624
0.2487968822384214
0.22560220989612217
0.20221807263596242
0.17866548194934226
0.15496561705462886
0.13113979916767357
0.10720939535950491
0.08319587725246544
0.05912074617139028
0.03500548441168611
0.01087158474726695
-0.013259514598236655
-0.03736647078787148
-0.06142800307260537
-0.08542300047027647
-0.10933046298703056
-0.13312957713294954
-0.1567997171764676
-0.18032048760755043
-0.20367171353517025
-0.22683347707421814
-0.24978613496804936
-0.27251033858952306
-0.2949870449454231
-0.3171975419550698
-0.339123445119401
-0.36074674188494205
-0.38204977044840793
-0.4030152669131178
-0.42362632942708134
-0.4438665025818818
-0.4637197022965653
-0.48317029335165923
-0.502203049353544
-0.5208032144501704
-0.5389564546077394
-0.5566488830953548
-0.5738670835373347
-0.5905981101160318
-0.606829473763473
-0.6225491484650985
-0.6377456132589674
-0.6524077841220698
-0.6665250986810592
-0.6800874366971132
-0.693085188542587
-0.7055092404336912
-0.7173509327006372
-0.7286021165115718
-0.7392551305283498
-0.7493027745263616
-0.7587383665469665
-0.7675556967661878
-0.7757490394416665
-0.7833131598809702
-0.7902433172612349
-0.7965352186323365
-0.8021851055392631
-0.8071896576394137
-0.8115460442785134
-0.815251939853812
-0.8183054583859709
-0.8207052169531814
-0.8224502962608893
-0.823540245049004
-0.8239751051948575
-0.8237553690309676
-0.822882013107503
-0.8213564636109677
-0.8191806281488354
-0.8163568956219402
-0.8128880854773592
-0.8087774930765083
-0.8040288952054734
-0.7986465031023534
-0.79263500880302
-0.7859995453778421
-0.7787457117460483
-0.7708795635862717
-0.7624076078891999
-0.7533367880067522
-0.7436745315313761
-0.7334286950039782
-0.7226075508565801
-0.7112198818836873
-0.6992748346847933
-0.6867820594565222
-0.673751600255713
-0.6601939422822817
-0.6461199974009558
-0.6315411016681745
-0.616469014179952
-0.6009158870236455
-0.5848942990014373
-0.5684172295835629
-0.5514980351388772
-0.5341504806389912
-0.5163886925828924
-0.4982271904329401
-0.4796808231120148
-0.4607648531198648
-0.441494817757222
-0.4218866319047953
-0.4019565243708073
-0.38172103487909836
-0.36119699639301006
-0.340401546696712
-0.31935206776740416
-0.2980662273401141
-0.27656190940296266
-0.25485725299856044
-0.23297059979861554
-0.2109204833085132
-0.18872558031649717
-0.1664048010357363
-0.1439771240810607
-0.12146170550488912
-0.0988777569842961
-0.07624458959307548
-0.05358157095140616
-0.03090811486464271
-0.008243632293386711
0.014392453976627495
0.036980762296265464
0.059501964600248695
0.0819368097940006
0.10426612213419972
0.12647091191665277
0.1485322640616273
0.1704314962240292
0.19215009560310806
0.21366976713327968
0.23497248190312398
0.25604047736841606
0.2768562916229931
0.2974027548176704
0.3176630849770822
0.33762085054103746
0.35725998014076904
0.37656487339553424
0.3955203361619633
0.4141116389068322
0.43232452239647856
0.45014526190737697
0.4675606155176858
0.48455791821177263
0.5011250317892972
0.5172504298037139
0.5329231650786357
0.5481328973292782
0.5628699268804015
0.577125173835501
0.5908902457306706
0.604157391512028
0.6169195317253895
0.6291702840235669
0.6409039722643023
0.6521155922439058
0.662800868485632
0.6729562520605686
0.6825788669905052
0.6916665662753093
0.7002179445083487
0.7082323107280512
0.7157096566129811
0.7226507089298279
0.7290568927506385
0.7349303340950513
0.7402738418191463
0.745090945595395
0.7493857780581411
0.7531632102802113
0.7564286977576685
0.7591883797396718
0.7614489548020534
0.763217795600036
0.7645028099933302
0.765312485885753
0.7656558500152034
0.7655424669984329
0.7649823855479055
0.7639861658743797
0.7625647991963244
0.7607297326880398
0.7584927844181946
0.7558661939019733
0.7528625237608889
0.7494947140626905
0.7457759431903339
0.7417197271421925
0.7373397807704852
0.7326500574534818
0.7276647006348723
0.7223980121448678
0.7168644224132258
0.7110784773664456
0.7050547884092753
0.6988080240320608
0.6923528542739313
0.6857039701452704
0.6788759914590807
0.6718834924204322
0.6647409844133895
0.6574628134191275
0.6500632120329347
0.6425562615547169
0.634955841666364
0.6272755938661132
0.6195289663774057
0.6117291474495745
0.6038890345951266
0.5960212341337338
0.5881380557716729
0.5802514649217166
0.5723730816814112
0.5645141870768307
0.5566856458724783
0.5488979919414215
0.5411613225841829
0.5334853439656182
0.5258793492027098
0.5183521868356535
0.5109123068460564
0.5035677030972239
0.4963259511586939
0.4891941512449812
0.482179017528473
0.4752867594777169
0.4685231971432527
0.4618936984550778
0.4554031858811786
0.44905615467920024
0.44285669910760395
0.4368084757510872
0.43091474050083167
0.42517835129419485
0.41960178120100483
0.4141871185643119
0.40893608927973774
0.4038500743391162
0.3989301081250942
0.3941768924656903
0.3895908345758907
0.38517204052425363
0.38092033676078724
0.3768352963629355
0.3729162375024759
0.36916224292200084
0.3655722132219279
0.3621448410834005
0.3588786359152638
0.3557719869596953
0.35282310227165065
0.3500301066177256
0.3473909997032742
0.3449037317194283
0.3425661555331747
0.3403760936407715
0.33833135278763243
0.336429704345213
0.3346689512424984
0.3330468996839523
0.3315613967137778
0.3302103610079052
0.32899175549090937
0.3279036393559415
0.3269441572233511
0.32611158141806673
0.3254042808888321
0.3248207724881875
0.32435970882449416
0.32401988606350596
0.3238002780305286
0.32369999520398407
0.3237183499479511
0.3238548194298062
0.3241090720024826
0.324480948225818
0.32497048437911347
0.3255779198282693
0.32630366862028704
0.32714833460000897
0.32811274457138867
0.3291978637558184
0.3304048755569342
0.33173513196143395
0.3331901663844669
0.3347716703583763
0.3364815037436821
0.33832169089669006
0.3402943761639128
0.3424018610604058
0.34464656639969177
0.34703103106650834
0.34955788974143165
0.3522298775622138
0.35504980497472627
0.3580205434891311
0.3611450185890784
0.3644261952185087
0.36786705502953837
0.3714706017650847
0.37523980274211766
0.3791776313375571
0.38328701766246037
0.3875708143522772
0.3920318294155188
0.3966727680348213
0.4014962471420302
0.40650475736988456
0.41170065556707675
0.41708615054861065
0.42266329469326086
0.4284339455888412
0.43439979715945104
0.44056229999921076
0.44692272924910725
0.4534820893545703
0.46024115969055435
0.46720045721805115
0.4743602475296304
0.4817205041040639
0.48928091514069677
0.49704088288751214
0.5049995079206973
0.5131555712690034
0.5215075552041577
0.530053606643031
0.5387915706133622
0.5477189468206508
0.5568329109965183
0.5661303060883723
0.5756076696702701
0.5852611827845439
0.5950867088580102
0.60507980444299
0.6152356799618357
0.6255492478820925
0.6360151213609047
0.6466275826036905
0.6573806636164758
0.6682680919985103
0.6792832977623006
0.6904194923096173
0.70166960563181
0.7130263512533715
0.7244821909824044
0.7360294133477681
0.7476600719872157
0.7593660681828763
0.771139128321671
0.7829708407049553
0.7948526539192025
0.8067759128921547
0.8187318707823749
0.830711702284014
0.8427065308818712
0.854707455421526
0.8667055328873063
0.8786918544002584
0.8906575142050193
0.9025936681860336
0.9144915422350711
0.9263424054342391
0.9381376977050057
0.9498689268931204
0.9615277844286072
0.9731061040112847
0.9845958995251513
0.9959894134854862
1.0072790705622892
1.0184575681900288
1.0295178593467296
1.040453100135262
1.051256836264256
1.0619228359791082
1.072445221291265
1.0828184273155894
1.0930372414803666
1.1030967951876902
1.1129925943523138
1.1227205167210204
1.132276816706547
1.1416581463366378
1.150861561051778
1.1598845038488805
1.1687248559646108
1.1773808806857735
1.1858512719672312
1.1941351451322404
1.2022320287618768
1.2101418648403013
1.2178650205304884
1.2254022569522984
1.2327547822663156
1.2399241532367427
1.2469123829839233
1.2537218201136657
1.2603552462888612
1.266815794788218
1.2731069507418626
1.2792325550558874
1.285196809733837
1.2910042494541132
1.2966596478497845
1.3021681826714029
1.3075352609125102
1.312766552473036
1.3178679776901767
1.3228457278190606
1.3277061513368498
1.3324558271265576
1.3371015134690878
1.34165013127098
1.3461086802996778
1.3504843562229882
1.3547844118678654
1.3590161480384946
1.3631869864637975
1.367304300503732
1.371375536289417
1.3754081029883571
1.3794093607353228
1.3833866386651452
1.387347185305942
1.391298144183645
1.3952465399280578
1.39919926046647
1.4031630334576934
1.40714440636664
1.4111497176083148
1.4151850961938055
1.4192564397831469
1.4233693789458746
1.4275292636976222
1.4317411753755163
1.4360098817090654
1.4403398226354318
1.444735105843885
1.4491994798475727
1.4537363661944465
1.4583487639495978
1.463039327095416
1.4678103033658465
1.4726635171783273
1.4776004125529396
1.4826219821327187
1.4877288246961067
1.4929210884475688
1.49819848415919
1.503560324993148
1.509005424215321
1.514532197859463
1.5201386271278137
1.5258222310892402
1.5315801042546302
1.53740891707641
1.5433049134288392
1.549263905216954
1.5552812992201133
1.561352108031636
1.5674709248090408
1.5736319588108083
1.5798290712505738
1.586055732774515
1.5923050741634657
1.5985698762162825
1.6048426083534009
1.6111154309169953
1.6173802087692628
1.6236285271950437
1.6298517410198317
1.6360409286689992
1.6421869600903631
1.648280529377743
1.6543121090931758
1.6602720354664247
1.6661505061823147
1.671937583749934
1.6776232514062168
1.6831974066100373
1.6886498895545878
1.6939705091444366
1.6991490817614616
1.7041754181796378
1.7090393616805768
1.7137308336968082
1.7182398064214028
1.7225563809509015
1.7266707741134728
1.7305733089058812
1.7342545363978354
1.7377051551432865
1.7409160696617627
1.7438784203016877
1.7465835863685424
1.7490232240659653
1.7511892327493201
1.753073870065867
1.7546696519862026
1.7559694554113003
1.7569665009415232
1.7576543379791025
1.7580269363560617
1.758078614636913
1.757804100264238
1.757198527587261
1.7562574353010258
1.75497680695768
1.753353020956855
1.7513829382656538
1.7490638151579643
1.7463933906734694
1.743369822421116
1.7399917408790841
1.7362582102704518
1.7321687596943214
1.7277233320352068
1.7229223589685128
1.7177666878021955
1.7122576195175836
1.7063968491738108
1.7001865401191893
1.693629226990121
1.6867278828174674
1.6794858730079418
1.6719069120445933
1.66399514399135
1.655755019966701
1.6471913606112054
1.6383093195139575
1.6291143673800144
1.6196122622078382
1.6098090491492247
1.5997110671135018
1.5893248585871882
1.5786572288088023
1.5677151869380486
1.5565059308156524
1.5450368421364398
1.5333154483970557
1.5213494096245488
1.5091465159095747
1.496714624917332
1.484061699283796
1.4711957268671847
1.4581247449060322
1.4448568118881298
1.4313999523802843
1.4177621958567879
1.4039515117884602
1.3899758038514554
1.3758429023794627
1.3615605323109192
1.347136297678784
1.3325776716127131
1.3178919703126803
1.3030863508415829
1.288167785909473
1.2731430401131838
1.2580186812759655
1.242801047376878
1.2274962381318617
1.2121101053133823
1.196648251322295
1.1811159968525549
1.1655183966459364
1.14986022315557
1.1341459551359168
1.1183797676764036
1.1025655502794112
1.0867068600297698
1.0708069669492675
1.0548688306744713
1.0388950878082448
1.0228880706264234
1.006849792443194
0.9907819676816687
0.974685992113003
0.9585629702534456
0.9424136942254853
0.9262386658791519
0.9100381097509191
0.8938119576894096
0.8775598794397019
0.8612812631984293
0.8449752590824149
0.8286407616790648
0.8122764434705998
0.7958807312571627
0.7794518663470008
0.7629878724293431
0.7464865888611455
0.7299456954244222
0.7133626935710359
0.6967349731746272
0.6800597468097056
0.6633341516250753
0.6465552107666154
0.6297198623487081
0.6128249909314138
0.5958674077035777
0.578843901794563
0.5617512597170576
0.5445862193689621
0.5273455716559056
0.5100261428268894
0.49262477256241954
0.47513838499790606
0.45756398678683563
0.43989867006063477
0.4221396410132243
0.4042842431830559
0.38632994660820735
0.36827438233611653
0.35011538709962553
0.3318509329652297
0.3134792345225135
0.29499870705325043
0.27640799093797597
0.25770599947502587
0.23889185812221678
0.21996500555466003
0.200925131202657
0.1817722347027619
0.16250660722428142
0.1431288553435097
0.12363991827829766
0.10404107122703886
0.08433392320833583
0.06452043601338507
0.0446029471518409
0.02458412817028462
0.004467056471201776
-0.015744835105295146
-0.0360476942107116
-0.05643732102976902
-0.07690909961909292
-0.0974580036833764
-0.11807862191683119
-0.13876515798830194
-0.15951135219790222
-0.18031058956058538
-0.20115583523107572
-0.22203963195488685
-0.24295413449927292
-0.26389107687283575
-0.28484179117253366
-0.30579721596530496
-0.3267479069039065
-0.3476839877439073
-0.3685952297287499
-0.3894709960330712
-0.410300285307492
-0.43107173917682734
-0.4517735978262479
-0.47239378135295945
-0.4929198519089049
-0.5133390286061396
-0.5336382198269604
-0.5538039929043249
-0.5738226377372133
-0.5936801353316957
-0.6133621844952365
-0.6328542233423692
-0.6521414362096196
-0.6712087775803156
-0.6900409554159423
-0.7086224960907879
-0.726937714762054
-0.7449707620335405
-0.7627056256467624
-0.7801261617309027
-0.7972161128001722
-0.8139590843670489
-0.830338645527055
-0.846338270546585
-0.8619414201979498
-0.8771314892968496
-0.8918919114872728
-0.9062061428727621
-0.9200576608419091
-0.9334300162579005
-0.9463068600346713
-0.9586719326897174
-0.9705091385820778
-0.9818025060564828
-0.9925362564549781
-1.0026948336187802
-1.0122628789647268
-1.0212252894685279
-1.0295672615681941
-1.0372742586126542
-1.0443320771692934
-1.0507268553914209
-1.0564451060351479
-1.0614737189478456
-1.0657999956751574
-1.06941167700351
-1.0722969729194347
-1.0744445404482765
-1.075843556280281
-1.0764837037379942
-1.0763552148256101
-1.0754488819873478
-1.0737560479077612
-1.0712686868089885
-1.0679793571056497
-1.063881256337236
-1.0589682381878178
-1.0532347909911273
-1.046676086319382
-1.0392879771667891
-1.0310670461741658
-1.0220105792396186
-1.0121165234690008
-1.00138364301675
-0.989811386557034
-0.9773999517861753
-0.9641503295795621
-0.9500642312360458
-0.9351441352748748
-0.9193933007288299
-0.9028157426672048
-0.8854162462414685
-0.8672003644814531
-0.8481744229922447
-0.8283455027377131
-0.807721440412692
-0.7863108391072073
-0.7641230493148427
-0.7411681570667655
-0.7174569587059089
-0.6930010189757866
-0.6678125999389877
-0.6419046395635358
-0.6152907844044662
-0.5879853563520206
-0.5600033267085882
-0.5313603311104286
-0.502072607837424
-0.4721570173452965
-0.44163100897040924
-0.41051262614856476
-0.3788204161930087
-0.34657350359838535
-0.3137915115128224
-0.2804945353960915
-0.24670316263911832
-0.2124384058661654
-0.17772170854023625
-0.14257490319417068
-0.10702019378343033
-0.07108014074255861
-0.034777607386521976
0.0018642208063610426
0.03882189758594813
0.07607174894869091
0.11358985348221713
0.15135212011336363
0.18933425095327588
0.2275118436263392
0.26586036475721864
0.30435518205370504
0.3429716004924679
0.38168488418711066
0.4204702704973362
0.459303014262864
0.49815838235483684
0.5370117155524456
0.5758384221025383
0.6146139931629084
0.6533140597184113
0.6919144000287542
0.7303909140254509
0.7687197312499615
0.8068771563262919
0.8448397288149012
0.8825842003137875
0.9200876229265387
0.9573272699597974
0.9942807482650223
1.0309259333987952
1.067241051158412
1.103204644008232
1.1387955923313904
1.1739931573215212
1.208776954397732
1.2431269868838448
1.277023641186541
1.3104477216928887
1.3433804364509974
1.3758033944822607
1.4076986570807668
1.4390487180974332
1.4698364926038674
1.5000453540012697
1.5296591320360375
1.5586620933766566
1.587038995252167
1.6147750284480193
1.6418558724411498
1.6682676664813616
1.6939970360267735
1.7190310611866517
1.7433573230653212
1.7669638603365043
1.7898392000947352
1.8119723494158244
1.8333528101319754
1.853970542816705
1.8738160001721185
1.8928801215575992
1.9111543303041076
1.92863052555027
1.9453010801660893
1.9611588723982607
1.9761972459515031
1.9904100289114088
2.0037915378532456
2.016336564921503
2.028040371454605
2.038898731951638
2.048907866409591
2.058064503808137
2.066365826004457
2.0738095299978134
2.080393772272299
2.0861171891324215
2.090978914986132
2.0949785467863706
2.098116180765441
2.1003923900865407
2.1018082438584016
2.102365271325941
2.1020655074188115
2.1009114790142998
2.0989061722787765
2.0960530922167324
2.0923562177543222
2.0878200106670053
2.0824494432451184
2.0762499568446735
