1025
-0.15277521201916172
-0.16154354738960558
-0.17017098627983365
-0.17866267795439786
-0.18702376473933277
-0.19525939010884052
-0.2033746729120962
-0.2113747240488955
-0.2192646267079777
-0.22704943829791632
-0.23473417270493374
-0.24232381861321095
-0.2498233113796726
-0.2572375345275734
-0.2645713277980642
-0.27182946081810444
-0.27901664419209193
-0.2861375221014757
-0.29319666683515583
-0.3001985653976084
-0.30714762703824644
-0.3140481756871807
-0.32090443402539254
-0.3277205427174794
-0.3345005241470562
-0.3412483139385216
-0.3479677186191203
-0.354662434109779
-0.3613360461908705
-0.36799200437154256
-0.3746336305583798
-0.3812641137773408
-0.3878865021209139
-0.39450369412203823
-0.40111844801050434
-0.4077333680991972
-0.4143508840912865
-0.4209732829555092
-0.42760266399267105
-0.4342409688241254
-0.44088995460178165
-0.44755119064209303
-0.45422607687572525
-0.46091580198016185
-0.4676213746631878
-0.47434359834437245
-0.4810830800319259
-0.4878402160692153
-0.4946151908389752
-0.5014079931703557
-0.5082183829644276
-0.5150459053195471
-0.5218898940097074
-0.5287494590135094
-0.5356234861839263
-0.5425106465916789
-0.549409386362271
-0.5563179341356721
-0.5632342877395293
-0.5701562324555229
-0.5770813352674536
-0.5840069419327202
-0.5909301966429225
-0.5978480271807348
-0.6047571492599473
-0.6116540894995643
-0.6185351720011372
-0.6253965308380348
-0.6322341226682576
-0.6390437215430123
-0.645820934015541
-0.6525612126465359
-0.6592598519861753
-0.6659120119228152
-0.672512718142305
-0.6790568755124451
-0.6855392855042671
-0.691954654579744
-0.6982975996563747
-0.7045626791283278
-0.7107443871918038
-0.7168371782067655
-0.7228354889849682
-0.7287337384536512
-0.7345263599144508
-0.7402078016495557
-0.7457725477919419
-0.7512151510233623
-0.7565302314068725
-0.7617124988998248
-0.7667567725957515
-0.7716580063304671
-0.7764112872834457
-0.7810118782644245
-0.7854552249355033
-0.7897369427559247
-0.7938529117358182
-0.7977992121037928
-0.8015721982675972
-0.8051684765521012
-0.808584953353742
-0.811818841847418
-0.8148676608863947
-0.8177292838916741
-0.8204019129858705
-0.8228841418184168
-0.8251749157846334
-0.8272735952465409
-0.8291799297577239
-0.8308940838510002
-0.8324166636970884
-0.8337486899947786
-0.8348916410784617
-0.8358474303244239
-0.8366184469004837
-0.8372075404966278
-0.8376179999634228
-0.8378536179276613
-0.8379186346445949
-0.8378177672260908
-0.8375562005937697
-0.837139589571692
-0.8365740413282245
-0.835866133963924
-0.8350228885811689
-0.8340517717718046
-0.8329606874644738
-0.8317579516782438
-0.8304523016089544
-0.8290528730271726
-0.827569177697535
-0.8260111053567993
-0.8243888813843191
-0.8227130709604977
-0.820994565016247
-0.8192445172664029
-0.8174743726221095
-0.8156958151909319
-0.8139207513940763
-0.8121612850409694
-0.8104296894988102
-0.8087383861193133
-0.8070999077597092
-0.8055268752519886
-0.8040319728240086
-0.8026279231796531
-0.8013274248983604
-0.8001431631753987
-0.7990877513485926
-0.7981737145438307
-0.7974134562575494
-0.7968192158862478
-0.7964030516543349
-0.796176799575194
-0.7961520448575983
-0.796340094867226
-0.7967519374979005
-0.7973982273882588
-0.7982892463828786
-0.7994348646576707
-0.8008445372191043
-0.802527249231466
-0.804491517947013
-0.8067453300410273
-0.809296153733951
-0.8121509002068091
-0.81531588059162
-0.8187968261601536
-0.8225988315095621
-0.8267263533192304
-0.8311831848321575
-0.8359724581357896
-0.8410965968959291
-0.8465573332450671
-0.8523556813570524
-0.8584919337769911
-0.8649656462780917
-0.8717756468617149
-0.8789200054036796
-0.8863960482157907
-0.8942003635292358
-0.9023287824096201
-0.9107763897957797
-0.9195375286068561
-0.9286058133321912
-0.9379741121925661
-0.9476345831496537
-0.9575786845699302
-0.9677971497074814
-0.9782800435583859
-0.9890167622709907
-0.9999960370230586
-1.0112059745499395
-1.0226340688083266
-1.0342672071906303
-1.0460917182361786
-1.058093362378524
-1.0702574012443766
-1.0825685804420657
-1.0950111800081852
-1.1075690424204987
-1.1202255828950387
-1.132963839916586
-1.1457664994126142
-1.158615926053989
-1.1714941862698371
-1.1843830955475447
-1.1972642356256549
-1.2101190032813072
-1.2229286344032038
-1.2356742307763116
-1.248336820890933
-1.2608973622919908
-1.2733367942840832
-1.2856360673445788
-1.2977761798668912
-1.3097381997903255
-1.3215033111475396
-1.3330528548602179
-1.34436833740056
-1.3554314688157467
-1.3662242128876307
-1.3767288018466122
-1.3869277709808012
-1.3968039840503048
-1.4063406645908079
-1.4155214377161751
-1.4243303327703285
-1.4327518144138527
-1.4407708337093745
-1.4483728184283242
-1.455543707218297
-1.462269996068974
-1.468538717599595
-1.4743374892133931
-1.4796545316515477
-1.4844786657622595
-1.4887993512697792
-1.4926066972180667
-1.4958914546641204
-1.4986450651639456
-1.5008596469949596
-1.5025280100742238
-1.5036436709156156
-1.504200849591831
-1.5041944965006573
-1.5036202791552404
-1.5024745802997375
-1.5007545277306984
-1.4984579783271574
-1.495583522309963
-1.4921304741698214
-1.4880988814817626
-1.4834895228965315
-1.4783039079207407
-1.4725442470336525
-1.4662134774707447
-1.4593152356586907
-1.451853860825631
-1.4438343730127692
-1.4352624790411939
-1.4261445462319011
-1.4164876064579532
-1.406299327446477
-1.3955880010697803
-1.3843625603404792
-1.3726325024005492
-1.3604079365579138
-1.3476995289276574
-1.3345184921933673
-1.3208765817778425
-1.3067860572823657
-1.292259685225196
-1.2773106877808413
-1.2619527637202486
-1.2462000253211423
-1.2300670140584113
-1.2135686547093738
-1.1967202399493748
-1.1795374175917241
-1.162036144745573
-1.1442326968107779
-1.1261436059949634
-1.1077856825989176
-1.0891759486588992
-1.0703316353935617
-1.051270165232587
-1.0320091109924823
-1.0125661784423428
-0.9929591870289454
-0.9732060373458921
-0.9533247002406974
-0.9333331654484166
-0.9132494502891959
-0.8930915532268144
-0.8728774541522532
-0.8526250440826412
-0.8323521545793323
-0.8120764983821616
-0.7918156687061821
-0.7715871075265407
-0.7514080783119844
-0.731295648494384
-0.711266675587803
-0.6913377686131374
-0.6715252878506704
-0.6518453119713605
-0.6323136187475975
-0.612945663281327
-0.5937565919271248
-0.5747611601743907
-0.5559737792527469
-0.5374084641853111
-0.5190788231795336
-0.5009980572586733
-0.483178925438325
-0.465633749371996
-0.448374376961224
-0.43141220267194724
-0.4147581354420033
-0.3984225748455656
-0.38241543967344427
-0.36674612668340595
-0.35142351981929704
-0.33645596971810576
-0.3218513136293048
-0.3076168288258807
-0.29375927094255466
-0.28028483976147933
-0.26719919823839294
-0.25450745950849074
-0.24221419287545967
-0.2303234110722318
-0.21883858559804859
-0.20776265929751178
-0.19709801819899814
-0.18684651613960582
-0.17700948496564164
-0.16758773012777003
-0.15858153467737462
-0.14999067932679283
-0.14181444926212583
-0.1340516266626027
-0.12670051951023276
-0.11975896859948515
-0.11322436259022664
-0.1070936361452664
-0.10136329734903447
-0.09602944004025195
-0.09108774790573386
-0.086533526313909
-0.08236171366030816
-0.0785668701238622
-0.07514325676718484
-0.07208477556828519
-0.06938505043934394
-0.06703740302389226
-0.06503491522129333
-0.06337040049890308
-0.062036447315514845
-0.06102543660063685
-0.06032957079363851
-0.05994086446244182
-0.05985119672928215
-0.06005231121009369
-0.0605358482151111
-0.06129334198710569
-0.062316271425345016
-0.06359604787231414
-0.06512407395821665
-0.06689170810113086
-0.06889033971655537
-0.0711113724809566
-0.07354624505861668
-0.07618646483382294
-0.07902361261126124
-0.08204936037559742
-0.08525549328806899
-0.08863391828094376
-0.09217668864905967
-0.09587599776096074
-0.09972422496888204
-0.10371392238509831
-0.10783783273290516
-0.11208892071091707
-0.1164603449299046
-0.12094550665290056
-0.12553804327190554
-0.13023183393508073
-0.13502100615786816
-0.13989995149870274
-0.14486333475901478
-0.1499060851497033
-0.1550234030764109
-0.16021077918695842
-0.16546398084527913
-0.170779057587448
-0.17615235143863814
-0.1815804763261538
-0.1870603454893153
-0.19258914811613578
-0.19816436050656147
-0.20378372736392553
-0.20944527214332542
-0.21514729197451044
-0.220888336039764
-0.22666723342217426
-0.23248303637308473
-0.23833506961928702
-0.24422286896206175
-0.250146214527224
-0.2561050992088046
-0.26209972334181436
-0.2681304817276756
-0.2741979679359684
-0.28030293958416314
-0.28644632813674703
-0.29262921366510525
-0.2988528183083653
-0.30511848992091145
-0.31142769850697655
-0.3177820107334728
-0.3241830874525704
-0.33063265852027673
-0.3371325281938819
-0.3436845396315845
-0.35029058762635296
-0.3569525774163412
-0.36367243063768373
-0.3704520655035368
-0.37729338328905215
-0.3841982670294419
-0.3911685428048927
-0.39820601213814927
-0.40531238371993006
-0.4124893074468644
-0.4197383385403934
-0.42706095097414043
-0.43445849224184896
-0.4419322055299781
-0.4494832095759344
-0.4571124707560914
-0.4648208418186707
-0.47260900197874645
-0.4804774714968801
-0.48842662593179603
-0.49645664756260666
-0.5045675612299506
-0.5127591930251368
-0.521031204090367
-0.5293830506282476
-0.5378139989566836
-0.5463231308583584
-0.5549093200753122
-0.5635712597454887
-0.5723074167558873
-0.5811160904622682
-0.5899953595071923
-0.5989431265206127
-0.6079570730897059
-0.6170347104198493
-0.6261733557722508
-0.6353701284291504
-0.6446219644803702
-0.6539256444997027
-0.663277745475124
-0.6726746788270397
-0.6821127077277724
-0.6915879239831498
-0.7010962607902516
-0.7106335145455871
-0.7201953402339283
-0.7297772497663845
-0.7393746340665911
-0.74898276698806
-0.7585968033021513
-0.7682117998467013
-0.7778227079908665
-0.7874243908749633
-0.7970116271266483
-0.8065791284842209
-0.8161215292959215
-0.8256334064472878
-0.8351092909037175
-0.8445436521779301
-0.8539309360467413
-0.8632655561394098
-0.872541885635853
-0.8817543073875079
-0.8908971630442833
-0.8999648151842345
-0.9089516105314477
-0.9178519077028742
-0.9266600770563417
-0.9353705086106954
-0.9439776123067184
-0.9524758257590376
-0.9608596187939029
-0.9691235034202476
-0.9772620165776773
-0.9852697436688013
-0.9931413237950419
-1.0008714369532261
-1.008454818735526
-1.01588625659331
-1.0231605889202815
-1.0302727267441874
-1.037217620182502
-1.0439902951061273
-1.0505858322708004
-1.0569993805840996
-1.0632261474118645
-1.0692614071191398
-1.0751004894729976
-1.0807388088851124
-1.0861718261133249
-1.0913950772642629
-1.0964041594889207
-1.101194743792196
-1.1057625555938995
-1.1101033959318742
-1.1142131208959536
-1.1180876769309775
-1.1217230552684918
-1.1251153230645654
-1.128260617914438
-1.1311551521003498
-1.133795201544601
-1.136177114151678
-1.1382973330585082
-1.1401523466051635
-1.1417387474256495
-1.1430532007841359
-1.1440924634936254
-1.1448533732895487
-1.1453328651539996
-1.1455279743229354
-1.1454358342175595
-1.1450536813325025
-1.1443788763138556
-1.143408884101377
-1.1421413030290735
-1.1405738605353353
-1.1387044251453213
-1.1365310097737913
-1.1340517732916529
-1.1312650555663277
-1.1281693469645233
-1.1247633357983173
-1.1210458898416498
-1.1170160734449324
-1.1126731760645936
-1.1080166851181434
-1.103046337450364
-1.0977621119105385
-1.0921642084755785
-1.0862531351751132
-1.0800296430544991
-1.073494782560717
-1.0666498937413895
-1.05949662807753
-1.0520369565278367
-1.0442731849299398
-1.0362079563386117
-1.0278442560567538
-1.0191854453774958
-1.0102352602224056
-1.000997803155573
-0.9914775876993795
-0.9816795124463668
-0.9716088900863495
-0.9612714497588037
-0.9506733533922719
-0.9398211774589158
-0.9287219438223333
-0.9173831176534749
-0.9058126103461469
-0.8940187670622318
-0.8820104067300998
-0.8697967807942127
-0.8573876170068249
-0.8447930740134364
-0.8320237766226358
-0.8190907889651987
-0.8060056294119797
-0.7927802565740267
-0.7794270437325631
-0.7659588266920254
-0.7523888418501727
-0.7387307298337097
-0.724998528874535
-0.7112066933434225
-0.6973700074918827
-0.6835036474381148
-0.6696231242225787
-0.6557442810992388
-0.6418832430724837
-0.6280564683185985
-0.6142806566599855
-0.600572754632475
-0.5869499551175349
-0.5734296251190288
-0.5600293357461045
-0.5467667973324596
-0.5336598392816274
-0.5207264048013552
-0.5079844931410978
-0.4954521577245625
-0.48314744839115964
-0.47108840703925625
-0.4592930204604264
-0.447779199913651
-0.4365647293326024
-0.4256672607055357
-0.4151042629644593
-0.4048929952663079
-0.3950504686319898
-0.3855934168340818
-0.376538268127884
-0.3679010998407408
-0.35969762029366387
-0.3519431142530775
-0.34465245290345214
-0.3378399957147207
-0.33151963057981865
-0.325704687773413
-0.32040793956243785
-0.3156415596614544
-0.31141709377453597
-0.30774543530139076
-0.30463680132962456
-0.3021006930462691
-0.30014589389054774
-0.2987804110046026
-0.2980114892362134
-0.2978455628927411
-0.29828825097777895
-0.2993443235509109
-0.3010177041892976
-0.30331143235397723
-0.30622766391363104
-0.309767651934733
-0.3139317334888295
-0.31871931873240206
-0.3241288899340151
-0.33015798949869707
-0.3368032148883739
-0.34406021130828846
-0.3519236760415886
-0.36038735487796925
-0.3694440414202453
-0.3790855874986764
-0.38930289892010184
-0.4000859524181684
-0.4114237934314433
-0.4233045370106022
-0.4357154207689481
-0.4486427580967649
-0.46207199984037545
-0.4759877313932721
-0.4903736881156328
-0.5052127791375315
-0.5204871104229025
-0.5361779953713737
-0.5522659907189916
-0.5687309096305211
-0.5855518623748159
-0.602707256511259
-0.6201748541185726
-0.6379317809965172
-0.6559545655495201
-0.674219171656753
-0.6927010039066979
-0.7113749945433607
-0.7302155810047216
-0.7491967584759566
-0.768292137330868
-0.7874749414993598
-0.8067180778644624
-0.8259941348333204
-0.8452754658441796
-0.8645341780944119
-0.8837422087698662
-0.902871333683802
-0.9218932155425541
-0.9407794574955443
-0.9595016013751183
-0.9780312092211689
-0.9963398743389964
-1.0143992574146588
-1.032181140872346
-1.0496574383562838
-1.066800271832746
-1.0835819644515545
-1.0999750957186105
-1.115952542817503
-1.1314875061994687
-1.146553541080901
-1.1611245989896746
-1.1751750520169695
-1.1886797333567838
-1.2016139639558279
-1.2139535850804948
-1.2256749815559882
-1.2367551203818343
-1.247171567738381
-1.2569025310424125
-1.2659268753391784
-1.2742241437615358
-1.2817745969886367
-1.2885592213538848
-1.2945597661006067
-1.2997587479390156
-1.3041394881629063
-1.3076861257277148
-1.3103836198639334
-1.3122178082845126
-1.313175371957768
-1.3132438867561136
-1.312411824610182
-1.3106685756446594
-1.30800443877778
-1.304410661024755
-1.2998794170772585
-1.294403847773753
-1.2879780427657386
-1.2805970674742024
-1.2722569389799427
-1.2629546682494481
-1.25268824245972
-1.2414566116511365
-1.229259722447929
-1.2160984968528807
-1.2019748232214036
-1.1868915826082185
-1.1708526197993525
-1.1538627460568904
-1.1359277357614295
-1.1170543123178398
-1.0972501543910747
-1.076523873397372
-1.054885001730343
-1.0323440000345296
-1.008912222884515
-0.9846019217676251
-0.9594262235466628
-0.933399114333331
-0.9065354269286153
-0.8788508230209598
-0.8503617833589465
-0.8210855699574678
-0.7910402262205966
-0.7602445414596045
-0.7287180369247482
-0.6964809444964289
-0.6635541875676302
-0.62995934140301
-0.595718629750675
-0.5608548807206988
-0.5253915139111291
-0.489352509358784
-0.45276238112312994
-0.4156461475147541
-0.37802929931484924
-0.33993779059701684
-0.30139798132698237
-0.2624366287465091
-0.22308084234328052
-0.18335806645444264
-0.143296044580806
-0.10292277916652243
-0.062266508529284094
-0.021355689393259547
0.01978107401932942
0.061115029647866186
0.10261731042574909
0.14425898934428807
0.18601108980638972
0.22784463254996914
0.2697306573267451
0.31164026914870396
0.3535446524920945
0.39541511662979056
0.43722312704306826
0.4789403359955515
0.5205386010273084
0.5619900531051256
0.6032670724060136
0.644342365243314
0.685188978849288
0.7257803244522778
0.7660902111685477
0.8060928774304398
0.845763021460743
0.8850758087430668
0.924006931459451
0.9625326044623397
1.0006295951774837
1.0382752798073538
1.0754476212905888
1.1121252170943388
1.1482873246608407
1.1839138595384107
1.2189854494038568
1.253483414299024
1.2873898235392587
1.3206874789188057
1.3533599591338397
1.3853916169723233
1.4167675909653754
1.4474738367754254
1.477497126399223
1.5068250578269176
1.5354460588432308
1.5633494264948544
1.590525295223334
1.6169646767027428
1.6426594253902218
1.6676022965007318
1.6917869023121586
1.7152077288080345
1.7378601533989217
1.759740424088945
1.7808456616256267
1.8011738570601348
1.8207238897692386
1.839495486539679
1.857489242758312
1.8747066034095508
1.891149856708067
1.9068221349327594
1.9217274023842477
1.935870427514667
1.9492567836339025
1.9618928460045573
1.973785761791745
1.9849434505379444
1.9953745703395056
2.0050885171065223
2.014095405523647
2.0224060391851677
2.0300319179061197
2.0369851807942188
2.043278623333706
2.048925649987593
2.0539402772425768
2.058337072130785
2.062131178530427
2.06533826499062
2.0679744937899818
2.0700565233023065
2.0716014541464793
2.0726268314341953
2.073150595108587
2.0731910689800674
2.072766931815545
2.0718971722402872
2.070601096529262
2.0688982727256855
2.0668085103293334
2.0643518233408367
2.061548425213832
2.058418687460762
2.0549830977799366
2.051262249626573
2.0472768113208657
2.043047486769776
2.038594998396016
2.033940042967154
2.029103281885257
2.0241053044139594
2.018966583508305
2.013707471948256
2.008348169508173
2.002908674466475
1.9974087704409784
1.9918680136283218
1.986305673760998
1.9807407313542909
1.9751918396081354
1.9696772976867927
1.9642150452827034
1.9588225993440966
1.9535170637871637
1.9483150858854974
1.943232846653055
1.9382860229309735
1.9334897714980475
1.9288587111372442
1.924406897119349
1.920147802820013
1.9160942935419512
1.9122586206002956
1.9086523869075602
1.9052865389097953
1.9021713631985655
1.8993164512071927
1.896730674245596
1.8944222148466923
1.8923984982535051
1.8906662292547507
1.8892313565722931
1.8880990629995735
1.8872737650896791
1.886759103554954
1.8865579292867702
1.8866723163800938
1.8871035389390798
1.8878520810876842
1.8889176213076855
1.8902990528100325
1.8919944656434795
1.8940011586035375
1.896315639173309
1.8989336185782848
1.9018500411818837
1.905059078845763
1.9085541185776165
1.9123278027177533
1.916372028531515
1.920677948038856
1.9252360070329202
1.9300359266436617
1.9350667397298273
1.9403168046747123
1.9457738256154813
1.951424845650994
1.9572563050335487
1.9632540352263412
1.9694032853571666
1.9756887572675963
1.9820946060872031
1.988604490654749
1.9952015761282236
2.0018685755768124
2.0085877704138912
2.015341037876149
2.0221098848334007
2.028875476319482
2.0356186475871163
2.042319970443089
2.048959745314413
2.0555180668299293
2.0619748328004133
2.0683097830021047
2.074502535160849
2.080532618257982
2.086379500491773
2.0920226299620954
2.0974414618114876
2.1026154973359223
2.1075243122453555
2.1121475946796346
2.1164651847624727
2.1204570904155746
2.1241035328583853
2.1273849934715154
2.130282211094222
2.1327762454909043
2.1348484950783377
2.136480742806313
2.1376551541523106
2.138354354763982
2.1385614161714597
2.1382599161037525
2.1374339453005664
2.1360681475088032
2.134147747684608
2.131658563070113
2.1285870471488177
2.124920298250026
2.1206460919278887
2.115752896437914
2.110229895164601
2.1040670151954184
2.0972549296218896
2.0897850839561474
2.0816497174655963
2.0728418645907696
2.063355379148555
2.053184948439585
2.0423260864535244
2.030775167706383
2.01852942074928
2.005586937887785
1.9919466775038241
1.9776084788882884
1.9625730483899078
1.9468419855854937
1.9304177575320405
1.9133037114259706
1.895504062633009
1.877023910119394
1.8578692089414832
1.838046773936055
1.8175642702769652
1.7964302074642071
1.7746539232095688
1.7522455703380464
1.7292161129845647
1.705577304069054
1.6813416678788748
1.6565224930387172
1.6311338083885127
1.6051903578787192
1.5787075991264237
1.5517016553895964
1.5241893246359783
1.496188027208524
1.4677157983891531
1.4387912672246992
1.409433611280236
1.379662557033543
1.3494983296639391
1.3189616352192879
1.2880736286154302
1.2568558961058873
1.2253304098519797
1.193519502202358
1.1614458483894963
1.1291324120089083
1.096602435483727
1.0638794002675351
1.030986988316089
0.9979490643271853
