1025
-0.036315513149363564
-0.036222572829274324
-0.03605588512855633
-0.0358156425964609
-0.03550205809026106
-0.035115335701601635
-0.03465570075400357
-0.03412337017063186
-0.033518562064937474
-0.03284149365393759
-0.03209239959064122
-0.03127148337457131
-0.0303789634952297
-0.02941506809995379
-0.02837998917519259
-0.027273951058462125
-0.026097155460310172
-0.024849801529203467
-0.02353207499866765
-0.022144181077890138
-0.02068630529220717
-0.019158633215705077
-0.017561356775208422
-0.015894640525382347
-0.014158685680593952
-0.012353637527146615
-0.010479698968758772
-0.008537049161851478
-0.006525846243748293
-0.004446274069155596
-0.0022985224426265143
-8.277495009492251e-5
0.0022007840789582778
0.004551943890597442
0.006970509075379708
0.009456278500402229
0.012009006168268553
0.014628479439471653
0.01731442993964066
0.020066612625963053
0.022884750505875576
0.025768531237793903
0.028717668791618182
0.031731804542551464
0.03481059415416984
0.037953651292632146
0.04116057711609036
0.044430934208179715
0.047764243536133885
0.051160036081205056
0.054617778908798875
0.05813689783079674
0.06171680492129395
0.06535686475219053
0.06905639405815553
0.07281467877028401
0.07663096210957404
0.08050444708945198
0.08443427099069498
0.08841953292728424
0.09245929702049842
0.09655254612313416
0.10069825302492952
0.10489531470913127
0.10914255718887787
0.11343878611278119
0.11778272383442201
0.12217305035133826
0.12660839419540232
0.13108730881738362
0.135608293955287
0.14016980712099295
0.14477022477131968
0.14940789080423794
0.15408106624531728
0.15878796477039483
0.16352674882219523
0.16829552483919671
0.17309233160750176
0.17791517215433933
0.18276198433299348
0.18763064480623842
0.1925190115811763
0.1974248725881798
0.20234598897596756
0.20728006166843504
0.21222474828320942
0.21717768631302245
0.2221364785947177
0.2270986863958888
0.23206183915586245
0.23702346961330817
0.24198105612610424
0.24693208793519755
0.2518740509322319
0.2568043419066005
0.26172047615717253
0.26661988106943596
0.2715000391283555
0.2763584047548464
0.28119246876031345
0.2859997589373723
0.2907777848199356
0.2955241406422894
0.300236396223266
0.30491223498269837
0.30954931356288923
0.31414540600726465
0.31869829793070087
0.3232058495177926
0.3276660216568066
0.3320768015837849
0.33643628973870554
0.3407426354089805
0.344994120035762
0.3491891246272372
0.3533260493634568
0.3574035008743574
0.3614201313589565
0.36537472316458486
0.369266173512953
0.3730935105403789
0.3768558614205845
0.38055251050004474
0.3841828566260818
0.3877464385071796
0.39124294248377306
0.3946721557058912
0.39803404036577855
0.4013286995105881
0.40455636053306643
0.40771742103059916
0.41081238391985514
0.41384191824073535
0.4168068775161239
0.4197081767086295
0.4225469365929915
0.4253243900665162
0.42804192205987884
0.43070104859137
0.43330341757682606
0.4358508057589843
0.43834511735733667
0.4407883708619876
0.44318271931498837
0.4455304460926919
0.447833876650458
0.4500955010846232
0.452317858862596
0.4545036074035025
0.4566554851980039
0.4587762908217956
0.46086889264797903
0.4629362331064345
0.46498128143954254
0.4670070667237975
0.4690166311710802
0.47101306075464217
0.4729994533977436
0.47497889052019604
0.4769544686533619
0.47892925330892144
0.4809063108968566
0.48288862382957093
0.4848791681208606
0.48688086886314363
0.4888965291340737
0.49092893048517144
0.49298073937424564
0.49505451846458476
0.4971527211565502
0.4992777006589239
0.5014316471820156
0.5036166255061718
0.5058345436595857
0.5080871525730627
0.5103760237226842
0.5127025690319704
0.5150679757617754
0.5174732468602574
0.5199191928067601
0.5224063934506965
0.52493520796835
0.5275057547465369
0.5301179441386751
0.5327714037195446
0.5354655327887576
0.5381995057791058
0.5409721676364315
0.5437821522069438
0.5466278192569027
0.5495072275782411
0.5524181975258741
0.5553582736686834
0.5583246941450004
0.5613144613502111
0.5643242476098472
0.5673505085692837
0.5703893893638335
0.5734367774650252
0.5764882883698231
0.5795392643593965
0.5825847964781221
0.5856197245867993
0.5886386358690159
0.5916358688668549
0.5946055344071678
0.5975415093043066
0.6004374526300635
0.603286821868203
0.6060828474630692
0.6088186216077811
0.6114870061756346
0.6140807308353576
0.6165923576184815
0.6190143258266362
0.6213389137784497
0.623558309479864
0.6256646246760172
0.6276498628748957
0.629505945989774
0.631224772887511
0.6327982066455425
0.6342180765732405
0.6354762299373
0.636564504815115
0.6374748228117496
0.6381991190160575
0.6387293858501392
0.6390577528105753
0.6391764218797581
0.6390777121463422
0.6387541374213894
0.6381983209655027
0.6374030879953835
0.6363614733178689
0.6350667045472888
0.6335122520394676
0.6316918650312653
0.6295995034118445
0.6272294698402426
0.624576348456432
0.6216350249467775
0.6184007452211184
0.6148690808021069
0.6110359893021826
0.6068977971250998
0.6024511970459384
0.5976933137711166
0.5926216743695345
0.587234247498773
0.5815294112329583
0.5755059867265064
0.5691632732883807
0.5625010359428874
0.5555194661903639
0.5482192684910363
0.540601602973041
0.5326681261587445
0.5244209677438415
0.5158627513409679
0.5069965791985269
0.4978260632687114
0.4883552695210202
0.47858874945551877
0.46853159043560644
0.45818926204950755
0.4475677889880391
0.4366736009721626
0.42551360444775527
0.41409515832762916
0.402426041531299
0.3905144753736106
0.3783690629749378
0.36599884841816105
0.35341322344715237
0.3406219686846068
0.32763522401529227
0.3144634491634206
0.30111745058126255
0.2876083010874311
0.2739474007632882
0.260146346595282
0.24621705754462145
0.23217161385667817
0.2180223102552851
0.20378162569165387
0.18946218822670835
0.17507674012713878
0.1606381513497387
0.14615935542361166
0.13165336752058773
0.1171331932064716
0.1026118734500948
0.08810242064960895
0.07361784997775954
0.05917102056419428
0.044774770968482515
0.030441770565155162
0.016184587006483515
0.002015608317858444
-0.012052975664515443
-0.026009195065252448
-0.039841298677677085
-0.05353782140648116
-0.06708756050531169
-0.08047962485418302
-0.09370344919232797
-0.10674884108204494
-0.11960589458089357
-0.1322651880221325
-0.1447176283298354
-0.1569545677865478
-0.16896780640392234
-0.1807495620714247
-0.1922925356606839
-0.2035898852770854
-0.2146352967731176
-0.22542290172762075
-0.23594735324210814
-0.24620386538009775
-0.25618810636520317
-0.2658963086023049
-0.27532522569862083
-0.2844721632724135
-0.2933349182514601
-0.3019118858986553
-0.31020194649047494
-0.31820455671202513
-0.32591967307696174
-0.3333477881109513
-0.3404899219504885
-0.34734760882264776
-0.3539229055860333
-0.36021831952112554
-0.3662368899295186
-0.3719821330200837
-0.37745800814677877
-0.38266892840143496
-0.3876197656133471
-0.39231579487564494
-0.3967626798072346
-0.400966517885843
-0.4049337587856479
-0.408671192952826
-0.4121859369119468
-0.4154854521410432
-0.4185774748973757
-0.42147001132925627
-0.4241713325763665
-0.42668993294906626
-0.42903448182302156
-0.43121391096579276
-0.4332372107467125
-0.4351136097916371
-0.4368523837480734
-0.43846296342319246
-0.43995477277006784
-0.44133734114354256
-0.4426202135041339
-0.4438129392454878
-0.4449250222927049
-0.4459659678087271
-0.4469451794371664
-0.44787199798486443
-0.44875563593538603
-0.4496052262336069
-0.450429711013291
-0.4512379124345565
-0.4520384062127978
-0.45283965309915497
-0.4536498227207559
-0.45447689100511063
-0.45532858689494743
-0.45621236299789136
-0.4571353991274399
-0.45810459463929265
-0.4591265354356275
-0.4602075046832549
-0.4613534514378616
-0.46257002252873197
-0.4638624867755933
-0.46523579495364387
-0.46669454427050344
-0.468242933856129
-0.46988486338519964
-0.4716238267025829
-0.4734629450019537
-0.47540498065649417
-0.4774523445665189
-0.4796070563095023
-0.4818707528746885
-0.4842447245265223
-0.48672990818807566
-0.4893268492001832
-0.4920357590746063
-0.49485650215329013
-0.4977885756406156
-0.5008311818122525
-0.5039831466867135
-0.5072430065793737
-0.510608963986005
-0.5140789380700859
-0.5176505587192597
-0.5213211512184591
-0.525087799800467
-0.5289472919969794
-0.5328962250802619
-0.5369308930272682
-0.5410474400895353
-0.5452417527041615
-0.5495095350650179
-0.5538463236818156
-0.5582474929122974
-0.5627082339889413
-0.5672236345373288
-0.5717886424421141
-0.576398099044715
-0.5810467527325384
-0.5857292804473027
-0.5904402797020759
-0.5951743084315774
-0.599925882988872
-0.6046895158682544
-0.6094596870583123
-0.6142309068793068
-0.6189976819937247
-0.623754574067645
-0.6284961849420269
-0.6332171881445092
-0.6379123208267727
-0.6425763959304966
-0.6472043652736453
-0.6517912222898328
-0.6563321556654892
-0.6608224485354388
-0.6652575483919823
-0.669633016276718
-0.673944631112746
-0.6781883139550751
-0.6823601630846995
-0.6864565057038263
-0.6904738077794549
-0.6944087909233819
-0.698258389585486
-0.7020197152442884
-0.7056901563562107
-0.7092672953118594
-0.7127489853116827
-0.7161332749660747
-0.7194185011818695
-0.722603232361053
-0.7256862748834935
-0.7286667139557735
-0.7315438511108296
-0.7343173049277144
-0.7369868879306753
-0.7395527132713298
-0.7420151091618914
-0.744374717874533
-0.7466323876983479
-0.7487892255919735
-0.7508466116090957
-0.752806172715692
-0.7546697254135704
-0.7564393985923422
-0.7581175284407561
-0.7597066637769591
-0.7612095936528113
-0.762629341014664
-0.7639691219360172
-0.7652323545131946
-0.7664226869209095
-0.7675439371338986
-0.7686001073393841
-0.7695953848881596
-0.7705341166557826
-0.7714208152135805
-0.7722601460381365
-0.7730569142704785
-0.773816046056903
-0.774542598710704
-0.775241742633878
-0.775918726988012
-0.7765789313488197
-0.7772277786490353
-0.7778707573019574
-0.7785134551514599
-0.7791614464884089
-0.7798203964824507
-0.7804959417992259
-0.7811937651714732
-0.7819195384405805
-0.7826789251686318
-0.7834775546245792
-0.7843210372354084
-0.7852149201826133
-0.7861647122412009
-0.7871758198223769
-0.7882536146195317
-0.7894033542198055
-0.7906301912842914
-0.7919391707386486
-0.7933352169487854
-0.7948231260183605
-0.7964075548774202
-0.7980929886928187
-0.7998837869173969
-0.8017841137721191
-0.8037979717323126
-0.8059291605751739
-0.8081813040452922
-0.8105578239037259
-0.8130619492002453
-0.8156966535385752
-0.8184647377567371
-0.8213687606600049
-0.8244110516988844
-0.8275937073478772
-0.8309186029422789
-0.8343873521276768
-0.8380013638503658
-0.8417617433250919
-0.8456693972459867
-0.849724987091287
-0.8539289025727321
-0.8582812970049101
-0.8627820771135561
-0.8674309218889643
-0.8722272139164577
-0.8771701718559878
-0.8822587156441117
-0.8874915569281119
-0.892867157853229
-0.8983837782925123
-0.9040394415213844
-0.9098319499993751
-0.9157589063731769
-0.9218177089044223
-0.9280055390135644
-0.9343194199745928
-0.9407561660498197
-0.9473124303477505
-0.9539846869766018
-0.9607692512323396
-0.967662325201069
-0.9746599059618977
-0.9817579259891885
-0.9889521419117667
-0.9962382350481341
-1.0036117843466281
-1.0110682456579485
-1.0186030416823342
-1.026211481526575
-1.0338888100934651
-1.0416303078733167
-1.049431091834996
-1.0572863390233151
-1.0651911686669426
-1.073140712355709
-1.0811300892896236
-1.0891544420209063
-1.0972089156341396
-1.1052886973265887
-1.1133890342432884
-1.12150519658018
-1.129632507094636
-1.1377663886166762
-1.145902291742918
-1.1540357911396824
-1.1621625306732628
-1.1702782522514539
-1.1783787856070265
-1.1864600968152164
-1.1945182410176611
-1.2025494036308062
-1.210549867488349
-1.2185160942963291
-1.2264446084885658
-1.2343321266696654
-1.2421754367133686
-1.249971508803492
-1.2577174276049958
-1.2654104311466547
-1.2730478695422016
-1.280627217128213
-1.28814616004437
-1.2956023982877196
-1.3029938201834186
-1.310318451700654
-1.3175744385389248
-1.3247599754016335
-1.3318734724529806
-1.338913371834851
-1.3458782318258236
-1.352766691259173
-1.3595775500361222
-1.3663095741103006
-1.3729616709213557
-1.3795328235322784
-1.3860220021853291
-1.3924283138979492
-1.3987508211174564
-1.404988654057234
-1.4111409803117372
-1.4172069340971738
-1.4231856796480835
-1.4290763517869525
-1.4348780896987012
-1.44058998156842
-1.4462110872672667
-1.451740407016496
-1.457176910612303
-1.462519471507114
-1.4677668899886696
-1.4729178859356258
-1.4779710922390938
-1.4829250274974675
-1.487778098559317
-1.4925286031879297
-1.4971747040445758
-1.5017144578229273
-1.506145718974351
-1.510466285138832
-1.5146737281691935
-1.5187655082130196
-1.522738922525014
-1.5265910984463094
-1.5303190180137702
-1.5339194831739997
-1.5373891351498754
-1.540724464413716
-1.543921753523693
-1.546977190062967
-1.5498867479970961
-1.5526462579999956
-1.5552514026665658
-1.5576977259556586
-1.55998060169504
-1.5620952862243507
-1.5640369042862419
-1.565800453334287
-1.5673808150345605
-1.5687727856786664
-1.5699710566159875
-1.5709702224429867
-1.5717648243598523
-1.5723493364562682
-1.5727182007486142
-1.5728658096184411
-1.5727865481161334
-1.5724747895321343
-1.5719249272713798
-1.5711313569584309
-1.5700885397604512
-1.568791007947295
-1.5672333080911913
-1.5654101482057203
-1.5633162997374719
-1.560946663045153
-1.5582962902945676
-1.5553603779589025
-1.552134299228884
-1.5486136242679984
-1.5447941232470088
-1.5406717836043151
-1.5362428265043602
-1.5315037499800992
-1.5264512886250394
-1.521082483677392
-1.515394649187646
-1.5093854067589683
-1.5030527503905617
-1.4963949201453992
-1.4894105554112742
-1.4820986528924969
-1.474458537469486
-1.4664899378588434
-1.4581929203475543
-1.449567995483979
-1.440615988662139
-1.4313381833073073
-1.4217362163624419
-1.411812144538637
-1.401568440675554
-1.3910079270090778
-1.380133878748785
-1.368949933041674
-1.3574601222738356
-1.3456688865865074
-1.3335810192714934
-1.321201730109126
-1.3085365376250992
-1.2955913669946637
-1.2823724726490364
-1.2688864476069928
-1.2551401992521378
-1.2411409607789925
-1.2268962454291348
-1.21241387595428
-1.1977019065060313
-1.1827686570335696
-1.1676226648161845
-1.1522727068980745
-1.1367277266194487
-1.1209968682896154
-1.1050894066842063
-1.089014749594018
-1.0727824545062807
-1.0564021196345448
-1.0398834579298244
-1.0232362110783577
-1.0064701539858547
-0.9895950608420592
-0.972620698041882
-0.9555568126072576
-0.9384130405867938
-0.9211990065012698
-0.9039241937331014
-0.8865979798147786
-0.8692295930910143
-0.8518281143091936
-0.8344024345670595
-0.8169612723223421
-0.7995131025513851
-0.7820661993670296
-0.7646285624515227
-0.7472079724667486
-0.729811901513353
-0.7124475313536515
-0.695121785624615
-0.6778412357408651
-0.6606121491772015
-0.6434404865980958
-0.626331836488646
-0.6092914663079037
-0.5923242943564802
-0.5754348849985026
-0.5586274586250187
-0.5419058607739388
-0.52527358922262
-0.5087338031242222
-0.49228927823521795
-0.47594246338428414
-0.4596954506655123
-0.4435499938020623
-0.42750751188150243
-0.4115691074888295
-0.3957355554671342
-0.38000730965059326
-0.3643845489134456
-0.34886715193188855
-0.33345473115031476
-0.31814664652712693
-0.30294199934250104
-0.28783965370439085
-0.27283827705135605
-0.2579363192213429
-0.24313206432651804
-0.22842361825017274
-0.21380894549986365
-0.19928587481837107
-0.18485213122295824
-0.17050535620892826
-0.15624308711775597
-0.1420628357580127
-0.12796205835221783
-0.11393821506504244
-0.09998875133779597
-0.08611113636737061
-0.07230288278970512
-0.058561572432529574
-0.044884824800807376
-0.0312703987711257
-0.0177161529322149
-0.00422004249592449
0.009219790183692365
0.022605081817210552
0.03593735783329619
0.049217983399569204
0.062448102024957805
0.0756286534204456
0.08876035672450915
0.10184367394173195
0.11487882164106798
0.12786579083021968
0.14080423724114705
0.15369361268697265
0.16653306654671274
0.17932143623439142
0.1920572928708212
0.2047389169892699
0.21736427893790067
0.22993104459026226
0.24243661314426873
0.25487803995540215
0.267252112843062
0.27955534782929464
0.29178390088467626
0.30393370029700467
0.31600037296077016
0.32797925828600505
0.33986546728810746
0.3516537949604392
0.36333884316558895
0.3749149261819646
0.3863761572574557
0.39771640629064536
0.40892934393075153
0.4200084594951366
0.4309470464544232
0.44173822900320897
0.4523749782351078
0.4628501552133818
0.4731564451321501
0.4832864665129629
0.4932327164577284
0.502987667021593
0.5125436668844744
0.5218930610653649
0.5310281827882166
0.539941324027172
0.5486247918064687
0.5570709571320236
0.5652722132727298
0.5732209921953451
0.5809098453236248
0.588331397466349
0.5954784001494197
0.6023437414398589
0.6089204410546379
0.6152016666939707
0.6211808037350706
0.6268514180405408
0.632207278680594
0.6372423856667094
0.6419509564793164
0.6463274982610127
0.6503667557038764
0.6540637513958585
0.657413818475123
0.6604125482178086
0.663055895700357
0.6653400908983774
0.6672617168661019
0.6688176772719889
0.6700052557865219
0.6708220456328344
0.6712660089584374
0.6713354996758966
0.6710291995620788
0.6703462010136961
0.6692859389029652
0.6678482501548201
0.6660333339559611
0.6638417641176552
0.6612745346836826
0.6583329659206432
0.6550187845257031
0.6513340786668183
0.647281348158393
0.6428634186626174
0.6380834843000256
0.6329451210927913
0.6274522543557405
0.6216091398081245
0.6154203984652475
0.6088909618076618
0.602026119307362
0.5948314578825834
0.587312862506302
0.579476555619278
0.5713290310971175
0.5628770392791511
0.5541276437660884
0.5450881577017668
0.5357661180966992
0.5261693256941845
0.5163057991465474
0.5061837782785019
0.4958117108127018
0.48519819991109087
0.47435208389710265
0.4632823341516168
0.4519980936032756
0.44050863527007605
0.4288233695337503
0.4169518478588887
0.40490370192277836
0.3926886798115387
0.38031660741713497
0.36779738828379094
0.3551409942891526
0.3423574586488851
0.3294568630177443
0.3164492834053974
0.3033448354364109
0.2901537105578734
0.27688601454954287
0.26355192675412653
0.2501615780854472
0.23672507125760164
0.223252509402535
0.2097539562820492
0.19623942453914534
0.18271890132233706
0.16920230072831924
0.15569949484079018
0.14222028051748523
0.1287744077904359
0.11537154061182438
0.10202127060768505
0.0887331112966325
0.0755164919497578
0.06238079157891399
0.04933525149398209
0.03638902978111129
0.0235512395748572
0.0108308621237052
-0.0017632077673871988
-0.014222154369313095
-0.026537295996638
-0.0387000085579591
-0.05070177940980849
-0.06253419975244773
-0.07418898119370501
-0.08565787704729846
-0.09693279738923569
-0.10800573557769447
-0.11886877518281187
-0.12951413293306668
-0.1399341020162246
-0.15012110141814713
-0.16006764740849616
-0.16976636731028685
-0.17921000838295592
-0.1883914141115388
-0.19730356528997048
-0.20593956241416583
-0.21429259169994763
-0.22235601519979795
-0.2301232817281795
-0.2375880185081392
-0.24474396120552772
-0.25158499343654755
-0.2581051581667599
-0.2642986522832722
-0.27015983364087265
-0.2756832384538996
-0.28086356823410735
-0.28569572919964953
-0.2901748032738497
-0.2942960824593108
-0.29805509136389313
-0.30144754969527743
-0.30446941024951485
-0.3071169144883111
-0.3093865032518317
-0.3112749126973064
-0.3127791443183113
-0.3138965206703805
-0.3146246078508239
-0.3149613528462876
-0.3149049789353934
-0.31445408239326456
-0.3136075837287364
-0.3123647829164797
-0.3107253655443136
-0.3086893847022063
-0.3062573137219123
-0.3034300314517785
-0.30020885398796177
-0.2965955172340059
-0.29259221277123365
-0.28820161233252894
-0.2834268315140593
-0.27827146753386167
-0.2727396293459759
-0.26683590083017217
-0.26056537800419055
-0.2539336871117479
-0.24694693889018826
-0.23961180038128663
-0.23193545359225118
-0.22392561615121326
-0.21559052787511826
-0.20693898816153156
-0.19798030105767142
-0.18872434252879094
-0.17918149966540223
-0.16936269119641822
-0.15927934535273494
-0.14894344236128548
-0.13836745268232759
-0.12756434962937754
-0.11654759680054871
-0.10533114886247859
-0.09392942831743095
-0.08235729385764479
-0.0706300608706796
-0.058763457952385224
-0.046773609724066426
-0.034677031541347
-0.022490609343382397
-0.010231538882304221
0.0020826323282842228
0.014434104663403849
0.026804772562128
0.03917633601016232
0.0515302670021015
0.0638478481181307
0.07611024393521569
0.08829846787820766
0.10039347449112337
0.11237616063816247
0.12422741846913365
0.13592812967112114
0.1474592515667526
0.15880183787747526
0.16993703492474505
0.1808461901950344
0.19151082577166736
0.20191269757410824
0.21203385525692367
0.22185663336702943
