1025
0.30389115948333884
0.2904513221402208
0.27647031221606405
0.261962750183663
0.24694369855166945
0.23142863886924891
0.21543347494140305
0.19897448201252024
0.18206831774062565
0.16473197830212535
0.14698278137388604
0.12883835498056642
0.11031660632795158
0.09143568246718811
0.07221399146272907
0.052670121178791315
0.03282284919632485
0.012691111949433427
-0.007706014724603988
-0.028349368464558766
-0.049219695179885836
-0.07029770510066524
-0.09156407285417281
-0.11299946870475214
-0.134584614361296
-0.15630024419387759
-0.17812723243827697
-0.20004652220381153
-0.22203919571639408
-0.24408648920504836
-0.2661698490178776
-0.2882709177378932
-0.3103715470267795
-0.33245388510467355
-0.35450033856451135
-0.37649361310538915
-0.39841675357262024
-0.42025313567318906
-0.44198651501817404
-0.46360101865816794
-0.48508116887883174
-0.5064119416808027
-0.5275787009584751
-0.5485673079121934
-0.5693640542660424
-0.5899557255294758
-0.610329592966535
-0.6304734301182551
-0.6503755362691354
-0.6700246997046869
-0.6894102499718114
-0.708522061369991
-0.7273505330451839
-0.7458866096920852
-0.7641217730809605
-0.7820480632557698
-0.7996580631327981
-0.8169448897768564
-0.8339022200591245
-0.8505242707922446
-0.8668057784327693
-0.8827420336309282
-0.8983288302035779
-0.9135624875871403
-0.9284398481623825
-0.9429582358526019
-0.9571154864006327
-0.970909896707991
-0.9843402290736146
-0.9974057248118876
-1.0101060604210228
-1.022441325443958
-1.0344120472108755
-1.0460191241522117
-1.0572638833769978
-1.0681479824965074
-1.078673447012981
-1.0888426377832308
-1.0986582337077382
-1.108123218844739
-1.1172408561355123
-1.126014702786108
-1.1344485292010986
-1.1425463550683188
-1.1503124183028295
-1.1577511539714598
-1.1648671767713423
-1.1716652841072501
-1.178150382435521
-1.184327536863972
-1.1902019369586405
-1.195778838871376
-1.2010636105832715
-1.206061679180957
-1.2107785116358698
-1.215219674777639
-1.2193906791441056
-1.223297106633232
-1.226944520556313
-1.2303384825091868
-1.233484540971312
-1.2363881933852017
-1.2390549230270274
-1.241490139709254
-1.2436992299213647
-1.2456874679710948
-1.24746011177247
-1.2490222923135996
-1.2503791114120764
-1.2515355330604865
-1.25249645171761
-1.2532666822680507
-1.253850923346923
-1.2542537875497568
-1.2544797881415188
-1.2545333059740398
-1.2544187013357737
-1.2541401398575909
-1.2537017537740174
-1.2531075666620533
-1.252361500290902
-1.2514673801466822
-1.2504289709756504
-1.2492499226768758
-1.2479338358532062
-1.2464842144398156
-1.2449044873863688
-1.2431980608545379
-1.2413682436166928
-1.2394182947246317
-1.2373514442987192
-1.2351708637383603
-1.232879708466547
-1.230481106927669
-1.227978121121609
-1.2253738675807406
-1.2226714017316538
-1.219873811718678
-1.216984160232583
-1.2140055347692715
-1.2109410404166878
-1.2077938146605542
-1.204567007212673
-1.2012638230546
-1.1978874817932286
-1.1944412397493118
-1.1909284652633552
-1.187352508041964
-1.1837168316636661
-1.180024933211967
-1.1762803844442329
-1.1724868119836684
-1.1686479543667854
-1.1647675642668103
-1.1608495215669667
-1.1568977638162419
-1.1529163168454488
-1.1489092693441203
-1.1448807997363406
-1.140835158536658
-1.1367767032491738
-1.132709822538487
-1.128639007536068
-1.1245688354451606
-1.1205039302403108
-1.1164489727527722
-1.112408750130995
-1.1083880791487324
-1.1043918369792514
-1.100424959399448
-1.0964924184407223
-1.092599235304749
-1.0887504659594567
-1.0849511936864722
-1.0812065209685526
-1.0775215780508507
-1.0739014857857918
-1.070351373711165
-1.0668763783143445
-1.0634816049239215
-1.0601721426033748
-1.0569530527832265
-1.0538293435258224
-1.0508060046290373
-1.0478879365489273
-1.04508000250132
-1.0423869724591046
-1.0398135264903867
-1.0373642895298725
-1.0350437478623835
-1.0328562821012375
-1.0308061822647898
-1.0288975694676097
-1.0271344399657967
-1.0255206656394358
-1.0240599142380846
-1.0227557412467088
-1.0216114929260338
-1.0206303395573784
-1.0198152577307298
-1.0191690439348606
-1.0186942589814283
-1.0183932568585783
-1.0182681685021855
-1.0183208941390212
-1.0185530885813032
-1.0189661712478673
-1.019561288121724
-1.0203393485051704
-1.0213009768766357
-1.0224465389758375
-1.023776095106196
-1.0252894647847415
-1.026986133385485
-1.0288653225247906
-1.030925930189712
-1.033166585072225
-1.0355855848040334
-1.0381809148944947
-1.040950257115945
-1.0438909862029977
-1.0470001488986034
-1.0502744635704468
-1.0537103681240882
-1.0573039176268766
-1.0610509030080473
-1.0649467525081246
-1.0689865963054903
-1.0731652554942392
-1.0774772021484071
-1.0819166193031866
-1.086477365456421
-1.0911529751699591
-1.095936706133472
-1.1008214902315268
-1.1057999680828263
-1.110864487484622
-1.11600712096196
-1.1212196260264942
-1.1264935366792366
-1.1318200768951763
-1.1371902144375936
-1.142594710688778
-1.1480240290410193
-1.15346843684857
-1.158917971021633
-1.1643624457455783
-1.1697915003042523
-1.175194562120045
-1.1805609027929558
-1.1858796096661601
-1.1911396323423862
-1.1963298070749406
-1.2014388115574242
-1.2064552274134523
-1.2113675756026572
-1.2161642658215606
-1.2208336830530655
-1.2253641415143792
-1.2297439512345025
-1.233961415882625
-1.238004849193922
-1.2418625818212352
-1.245523033790316
-1.2489746714500005
-1.2522060208876873
-1.2552057905044918
-1.2579627328066654
-1.2604658245269562
-1.2627041740809564
-1.264667082493549
-1.2663440703798359
-1.2677248941682342
-1.2687995610982872
-1.2695583423206727
-1.2699918147162523
-1.2700908817264744
-1.2698467547624437
-1.2692510260698957
-1.2682956526386273
-1.2669730004592323
-1.2652758168412375
-1.2631973519083097
-1.2607312288853045
-1.257871594513935
-1.254613069862974
-1.2509507873295753
-1.2468803909718167
-1.2423980884017791
-1.237500601886566
-1.2321852593297238
-1.2264499371490798
-1.2202931341086924
-1.2137139449605108
-1.2067120778641909
-1.1992878298196743
-1.191442213996854
-1.1831768003217336
-1.1744938770268105
-1.165396330542938
-1.1558877288939875
-1.1459722928737894
-1.1356549169403283
-1.1249411344328797
-1.1138371570987762
-1.1023498481780558
-1.0904867184770524
-1.0782559256915683
-1.065666299140207
-1.0527272385594824
-1.0394488403017326
-1.0258417527766515
-1.0119172555624525
-0.9976872223080689
-0.9831640796425328
-0.968360804696445
-0.953290922508568
-0.9379684954500317
-0.9224080414360206
-0.9066245714946228
-0.8906335858780488
-0.8744509496436513
-0.8580929652500564
-0.8415763041556027
-0.8249180016848914
-0.8081353723664898
-0.7912460613412856
-0.7742679396963846
-0.7572191374746203
-0.7401179391933891
-0.7229828115062636
-0.7058323520668999
-0.688685227522758
-0.6715601889760634
-0.6544759712363251
-0.6374513152921418
-0.62050491317572
-0.6036553609153662
-0.5869211029057023
-0.5703204664905114
-0.5538715388419553
-0.537592159595153
-0.5214999403038365
-0.5056121660948871
-0.4899457427700663
-0.47451720054151486
-0.45934267772234755
-0.44443784312073975
-0.42981787512990144
-0.4154974317157739
-0.4014906374980562
-0.3878109757447751
-0.3744714021577443
-0.36148414533537876
-0.34886082250748013
-0.3366123047774291
-0.32474880695753827
-0.31327971783943376
-0.3022137093832359
-0.29155864388128716
-0.28132158803661983
-0.27150877498004505
-0.2621256037920156
-0.2531765892721743
-0.2446654119442839
-0.23659484623776
-0.22896681929095083
-0.22178232826556746
-0.21504150079945758
-0.20874352374491414
-0.20288674058964207
-0.19746853936085867
-0.1924854628066152
-0.18793313967058414
-0.18380631802522804
-0.18009888354732462
-0.17680385603593082
-0.17391340581676812
-0.17141887837695788
-0.1693108030984738
-0.1675789264523824
-0.1662121937417001
-0.16519884921240208
-0.1645263816352787
-0.16418155719746974
-0.16415053372658292
-0.16441879863507203
-0.1649712109827563
-0.1657920788053424
-0.16686519652439008
-0.1681738058083799
-0.16970068590453363
-0.17142821387230417
-0.17333835970806566
-0.17541273504922247
-0.17763265185429197
-0.179979161305024
-0.18243305437609733
-0.1849749972316178
-0.18758545009659366
-0.1902448200387789
-0.19293345239837728
-0.19563167016309063
-0.19831986800968338
-0.2009784827625044
-0.2035880925506647
-0.20612944390314386
-0.20858351752466225
-0.21093149243062861
-0.2131549230127402
-0.21523564409766877
-0.21715588973682695
-0.21889833044753754
-0.22044609781683808
-0.22178280270991751
-0.22289261026837268
-0.22376026544517236
-0.22437111629490414
-0.2247111493011415
-0.22476703951225174
-0.22452616779085294
-0.2239766346744821
-0.2231073246767557
-0.22190791084407818
-0.22036887480562226
-0.2184815308280888
-0.21623807207660015
-0.21363154207404442
-0.21065589796033907
-0.20730602291651207
-0.20357767605624455
-0.1994675867366585
-0.19497342663334874
-0.19009379544824803
-0.18482828134452
-0.1791774056410626
-0.17314266731335956
-0.1667265089030181
-0.15993234486095173
-0.15276454483039179
-0.14522840244162463
-0.13733016777719712
-0.1290770082042189
-0.12047701266223675
-0.11153916288618576
-0.10227331533800474
-0.09269020914580425
-0.08280141883921847
-0.0726193505574992
-0.06215719548156504
-0.05142893440965636
-0.04044928865693649
-0.029233705602039847
-0.017798333020074244
-0.006159962103632932
0.005663962827184239
0.017655417679180156
0.029795814105171382
0.042066031698624454
0.05444645930465956
0.06691702022893892
0.07945724475093555
0.09204626987924085
0.10466288987204495
0.11728563449142601
0.12989272643969393
0.14246221954553506
0.15497196057170004
0.16739968857872392
0.1797230432097387
0.19191961155204168
0.20396699678920144
0.21584281367884045
0.22752477791148915
0.2389907221041676
0.2502186492161688
0.2611867586654
0.2718735114665854
0.2822576642787039
0.2923182880928705
0.3020348334816252
0.3113871638163613
0.3203555896550513
0.32892092621603347
0.3370644769420219
0.34476814794476335
0.35201443277427297
0.35878644374849594
0.36506796438405614
0.37084348573166676
0.3760982216011771
0.3808181561047574
0.3849900479368314
0.38860148056754323
0.3916408832782359
0.39409753740554043
0.39596165022523305
0.397224290450453
0.39787751867906496
0.39791430551436513
0.3973286120064174
0.39611537049103107
0.3942705446306992
0.39179107615115555
0.38867494838773403
0.3849211753517082
0.38052981403322184
0.37550195898288974
0.3698397744680872
0.36354645195955576
0.3566262634726991
0.3490845145637548
0.3409275600239163
0.3321628017930777
0.32279869869253003
0.31284471028635374
0.3023113248890963
0.2912100583578229
0.279553379837284
0.2673547689126934
0.254628669876521
0.24139043194165022
0.22765637423576893
0.21344369958098397
0.19877044663049842
0.18365556867733948
0.16811879676674818
0.1521806888979109
0.13586253594800496
0.11918639630156432
0.10217500395156794
0.08485177660349685
0.06724075640009491
0.04936658579774641
0.031254459580401
0.012930096101271916
-0.005580309645942945
-0.024250122585283758
-0.04305231267062294
-0.061959484171003096
-0.08094396497970142
-0.09997777315077613
-0.11903274351934373
-0.138080509662453
-0.15709256837184826
-0.1760403857991197
-0.19489531130744545
-0.21362876926729252
-0.23221220288084826
-0.2506171730307173
-0.2688154041604089
-0.2867787762582605
-0.30447946243938034
-0.32188988213851394
-0.33898279251822666
-0.35573139712032376
-0.37210921944194064
-0.3880903398743013
-0.4036493000594803
-0.41876122617290795
-0.43340181887520435
-0.44754743234401667
-0.461175087464821
-0.47426252247381423
-0.4867882273028813
-0.49873148241163634
-0.510072381024917
-0.5207918906049556
-0.5308718304165738
-0.5402949698692382
-0.5490450083800791
-0.5571066053061962
-0.5644654285881432
-0.5711081576279458
-0.5770225018747774
-0.5821972596558259
-0.586622244833694
-0.5902884291208302
-0.5931878226571862
-0.595313605158141
-0.5966600334305224
-0.5972224962753219
-0.5969975518015183
-0.5959828775708081
-0.5941772643982898
-0.5915806338179368
-0.5881941249402222
-0.5840198830938178
-0.5790612365778824
-0.5733226167066774
-0.5668095581042798
-0.5595286432754454
-0.5514875706651514
-0.5426950634344033
-0.5331608718083556
-0.5228957401027392
-0.5119114738897317
-0.500220753595038
-0.48783723236157495
-0.47477550864851326
-0.46105098169991837
-0.4466799892124522
-0.4316796244276849
-0.41606779049144044
-0.3998631569554575
-0.3830850903037337
-0.3657536394343895
-0.34788950622287723
-0.32951399683977456
-0.31064898868953955
-0.2913168826712076
-0.2715405770291615
-0.25134341860494847
-0.23074916896362685
-0.2097819412296821
-0.18846619907512
-0.16682669490576912
-0.1448884101353248
-0.1226765385088479
-0.10021645351389204
-0.07753365302391946
-0.054653724243128324
-0.03160227757100096
-0.008404974363464702
0.014912586414337884
0.03832486504231109
0.06180639603792318
0.08533189080861579
0.10887619288906855
0.1324143903338023
0.1559217834567048
0.17937393944266908
0.202746768905905
0.22601644126489318
0.2491595316419999
0.2721530056895423
0.29497420559336185
0.31760092272880514
0.34001140600818525
0.36218439289386756
0.3840990878909667
0.4057352311412178
0.4270731061737189
0.4480935179945168
0.4687778306083349
0.48910802250317076
0.5090666220721639
0.5286367643530834
0.5478021757072761
0.5665472061648426
0.5848568145762545
0.6027165813460392
0.6201126973423946
0.6370320122200505
0.6534619481827936
0.669390576169854
0.6848066000101112
0.6996993055255012
0.7140586141487703
0.7278750516553172
0.7411397267862854
0.7538443610874493
0.7659812468532294
0.7775432432146405
0.788523775001519
0.7989168380937615
0.8087169443684473
0.8179191361011695
0.8265189938140336
0.8345125617951396
0.8418964055145414
0.848667563698413
0.8548234829900117
0.8603621242684735
0.8652818430063315
0.8695814049065143
0.8732599807118523
0.8763171311267122
0.878752787671057
0.8805672011515595
0.881761028706276
0.8823351822020756
0.8822909177089167
0.8816297938502085
0.8803536054530295
0.8784644761734595
0.8759647410709255
0.8728569935217236
0.8691440546866809
0.8648289552821209
0.8599149553042128
0.8544054748363885
0.8483041686218685
0.8416148162526427
0.8343414165055586
0.8264880860823437
0.8180591306548165
0.8090589774382838
0.7994922201304405
0.7893635451307427
0.7786778213273928
0.7674400228803782
0.7556552625659386
0.7433287368886176
0.7304658259823165
0.7170719696920456
0.7031527775422206
0.6887139639356126
0.6737613384024415
0.6583008980120089
0.642338703662252
0.6258809741764175
0.6089340679611794
0.5915044773972429
0.5735988250038675
0.5552238848950356
0.5363866159948055
0.5170940815231128
0.4973535454988639
0.47717244096886385
0.45655836397133737
0.43551911327497767
0.41406266761012267
0.3921972099074303
0.36993114012790124
0.3472730406505141
0.3242317573405386
0.30081632962733057
0.2770360518152439
0.25290046279504047
0.22841933115348945
0.2036027065145467
0.17846088507444036
0.15300444162309507
0.12724421955497853
0.10119134204979681
0.07485721499839583
0.048253536365002965
0.02139228964071191
-0.005714237904298895
-0.0330534643089724
-0.060612514466712425
-0.08837821165973977
-0.11633706496110242
-0.14447530312795664
-0.17277884974653654
-0.20123332238031533
-0.229824057059369
-0.2585360899020224
-0.2873541797119943
-0.31626278824604886
-0.34524613018001105
-0.3742881180206045
-0.40337244963025853
-0.43248253619567706
-0.4616015590376156
-0.4907124784089509
-0.5197980281094519
-0.5488407465501768
-0.5778229600563071
-0.6067268496489315
-0.6355344031753556
-0.6642274891251171
-0.6927878312585694
-0.7211970420588282
-0.7494366482485689
-0.7774880912595514
-0.8053327805115876
-0.8329520675002324
-0.8603273052998833
-0.8874398388484656
-0.9142710704568626
-0.9408024329660459
-0.9670154474070005
-0.9928917261267836
-1.0184130128004214
-1.0435611989746758
-1.0683183172988062
-1.092666653010108
-1.1165886643281322
-1.1400670692828276
-1.1630848575866581
-1.185625297967832
-1.207672001401944
-1.2292088974648316
-1.250220270377251
-1.270690838016615
-1.2906056963427497
-1.309950356601972
-1.3287108285343594
-1.3468735729870422
-1.364425554345666
-1.3813542561131027
-1.3976476904875306
-1.4132944407201689
-1.4282836526476415
-1.4426050797347354
-1.4562490413072389
-1.4692065296712222
-1.4814691362244348
-1.493029119949268
-1.503879399029982
-1.5140135395801457
-1.5234258235816662
-1.5321111942238228
-1.5400653046661656
-1.5472844976608449
-1.5537658390264537
-1.5595070942300249
-1.564506741830219
-1.5687639615190951
-1.5722786534334745
-1.5750514329768524
-1.5770836017565935
-1.5783771944300116
-1.578934904222156
-1.5787601399610893
-1.5778569570861212
-1.5762301180136256
-1.5738850261604864
-1.5708277147479133
-1.5670648608527593
-1.5626037917241642
-1.5574523594791618
-1.551619070403387
-1.5451129691601093
-1.5379436355799052
-1.5301212018770536
-1.521656282521839
-1.5125599805508185
-1.5028438670541435
-1.4925199608456958
-1.481600650555191
-1.4700987695575771
-1.4580274618441396
-1.4454002373662815
-1.4322309240539797
-1.4185335877980394
-1.4043225965650568
-1.3896125236461632
-1.3744181438276906
-1.358754412504322
-1.342636407445797
-1.3260793508097843
-1.3090985346351212
-1.29170929715829
-1.2739270440508954
-1.2557671464672997
-1.237244989378413
-1.218375876250603
-1.1991750526540124
-1.1796576570333832
-1.159838694051398
-1.1397330225726616
-1.1193553278494643
-1.0987201035755234
-1.0778415843763272
-1.0567338100499881
-1.0354105181510547
-1.0138851969963436
-0.9921709793158294
-0.970280719291268
-0.9482269386452296
-0.9260217737656414
-0.9036770071871075
-0.8812040500812057
-0.8586138917948809
-0.8359171608979097
-0.8131240253786258
-0.7902442431023071
-0.767287168488561
-0.7442616855376352
-0.7211762328677432
-0.6980388403693217
-0.6748570578300369
-0.6516380000489954
-0.6283883223410025
-0.6051142553662067
-0.5818215577477633
-0.5585155577677454
-0.5352011564730559
-0.511882827785571
-0.4885646070174761
-0.46525013069931964
-0.4419426242563422
-0.41864492508118173
-0.39535950637141043
-0.37208843051768276
-0.34883346214278216
-0.3255959857097855
-0.3023770725136776
-0.2791775184172784
-0.2559977759325576
-0.2328380577570944
-0.2096983113894903
-0.18657828029180096
-0.16347748879502866
-0.14039520389953908
-0.11733061068345395
-0.09428269302450851
-0.07125028793834762
-0.04823219037657041
-0.025227055603743213
-0.0022334809150691914
0.020749960103216624
0.04372471708874439
0.0666922465941613
0.08965397576719336
0.1126112714986018
0.1355654433884273
0.1585177177904905
0.18146919474049447
0.20442083451294715
0.22737346155670926
0.2503277424825538
0.2732841059240937
0.2962427882172345
0.31920381861179375
0.3421669603172304
0.36513171163612335
0.3880973023079631
0.41106264814393956
0.4340263830482866
0.45698680348440185
0.47994188241567337
0.5028892191525021
0.5258261134145871
0.5487494515767675
0.5716557625061787
0.5945412158614052
0.6174015693778284
0.6402322054687918
0.6630281083302095
0.6857838727296702
0.7084936985609235
0.731151378817297
0.7537503331260473
0.7762835555238276
0.7987436728126165
0.8211229383594219
0.8434132073157746
0.8656059849511968
0.8876923668884149
0.9096631537154547
0.9315087815179613
0.9532193439576996
0.974784627250914
0.9961941210973922
1.0174370064394196
1.0385022098777998
1.0593783784308193
1.0800539463199161
1.1005171161831304
1.1207558711809518
1.140758037683367
1.1605112877864887
1.1800031079984235
1.199220920580576
1.218152025511488
1.236783667413995
1.2551030148902569
1.2730972592833256
1.2907535416572924
1.3080590753968382
1.3250010844683138
1.3415669051348376
1.3577439572277317
1.373519781789077
1.3888820927945158
1.403818767308625
1.418317892189547
1.4323677724520683
1.4459569870731899
1.4590743809198663
1.4717090857911619
1.4838505845410148
1.4954887107243218
1.5066136499277107
1.517215990266629
1.5272867461696276
1.5368173460517787
1.5457997078859609
1.5542261891385154
1.5620896719934492
1.569383532894002
1.5761016917574624
1.5822385931868477
1.5877892627971657
1.592749279918044
1.5971148185473025
1.60088264058049
1.6040501374817826
1.6066152876637039
1.608576701053785
1.6099336250969567
1.6106859444725192
1.6108341737562315
1.6103794556936448
1.6093236099391888
1.6076690755742544
1.6054189404363763
1.6025769349284817
1.5991474237836736
1.5951353892487106
1.5905464723461156
1.5853868949098373
1.579663514728699
1.5733837609740888
1.5665556875473325
1.5591878974872848
1.5512895571336174
1.5428703935898518
1.533940650735874
1.5245110984549612
1.5145930012998197
1.5041981142791947
1.4933386259354198
1.4820271863026029
1.4702768677914537
1.4581011096607592
1.445513759609059
1.4325289999180477
1.4191613287779095
1.405425573951018
1.3913368143716063
