1025
-0.8700791189043694
-0.8836630655300843
-0.897268213904433
-0.9108947521311627
-0.9245429217941026
-0.9382130198647535
-0.951905385025185
-0.9656204124571086
-0.9793585357608325
-0.9931202336528678
-1.0069060225140645
-1.0207164546045528
-1.0345521122231942
-1.0484136107676607
-1.0623015804763805
-1.0762166796009436
-1.0901595777546274
-1.104130956529359
-1.118131499782559
-1.1321618958247763
-1.1462228236755687
-1.1603149606724863
-1.1744389584772443
-1.1885954513046466
-1.202785047695612
-1.2170083130113387
-1.2312657886471432
-1.2455579580359675
-1.2598852535707559
-1.2742480461009194
-1.2886466491349233
-1.3030812997719756
-1.3175521464432107
-1.332059264512253
-1.3466026315344521
-1.3611821240077326
-1.3757975135103997
-1.3904484592791861
-1.405134502612747
-1.419855056063054
-1.434609398430147
-1.4493966805467011
-1.46421589394088
-1.4790658943240556
-1.4939453707578205
-1.5088528568823047
-1.5237867172030741
-1.5387451467395812
-1.5537261673843057
-1.568727615715233
-1.5837471443252353
-1.5987822230453144
-1.6138301276145286
-1.6288879411243697
-1.643952546544433
-1.6590206346678904
-1.6740886939371726
-1.6891530098621892
-1.7042096693614397
-1.7192545577552607
-1.7342833534129873
-1.749291543503364
-1.7642744043345189
-1.7792270204325837
-1.794144282918776
-1.8090208834570893
-1.8238513335337287
-1.8386299495567668
-1.8533508676687893
-1.8680080542565851
-1.882595299936565
-1.8971062275239972
-1.9115343047735225
-1.9258728374863505
-1.9401150037269073
-1.9542538268237832
-1.968282205080262
-1.982192922013679
-1.9959786373568227
-2.00963191752249
-2.0231452268779893
-2.036510956950324
-2.049721415351304
-2.062768845988192
-2.0756454482071125
-2.0883433738621173
-2.1008547442036236
-2.1131716685721185
-2.125286237058726
-2.1371905480585203
-2.148876723389907
-2.160336897321016
-2.171563250110202
-2.1825480171518645
-2.193283481939717
-2.203762018567674
-2.213976067948918
-2.2239181765824667
-2.233580995683708
-2.2429572923963317
-2.2520399632675354
-2.2608220415189266
-2.2692967100564485
-2.2774573059744156
-2.2852973421049825
-2.292810493044827
-2.2999906310633844
-2.306831811668737
-2.3133283000499545
-2.3194745578639036
-2.3252652654270607
-2.3306953275988596
-2.3357598684758902
-2.340454247262589
-2.34477405992923
-2.3487151327186866
-2.352273556423679
-2.3554456419639265
-2.3582279685230816
-2.3606173620568915
-2.362610896886841
-2.364205901854816
-2.3653999641678283
-2.3661909161032733
-2.3665768537762313
-2.366556114463376
-2.3661272847023165
-2.3652892137883126
-2.3640409783267993
-2.3623819021812884
-2.360311550022113
-2.3578297194321167
-2.354936434921091
-2.351631953176649
-2.3479167368663596
-2.3437914795900956
-2.3392570691364445
-2.334314609419534
-2.328965389547098
-2.32321089099454
-2.317052778574154
-2.3104929016520668
-2.3035332664143398
-2.2961760537388916
-2.288423586701046
-2.280278339979916
-2.2717429433998175
-2.262820136025001
-2.253512807426155
-2.2438239486129468
-2.2337566734535743
-2.2233141920358412
-2.2124998268669653
-2.2013169721940504
-2.189769124720302
-2.1778598533897946
-2.1655928022402264
-2.1529716806264534
-2.140000258325854
-2.1266823606407157
-2.1130218760117723
-2.0990227203355722
-2.0846888655187006
-2.070024318721942
-2.055033120161944
-2.039719334338575
-2.0240870665277
-2.0081404402911245
-1.9918835977941611
-1.9753207106408284
-1.9584559587009274
-1.9412935498321031
-1.9238377031077087
-1.9060926528400777
-1.8880626499386217
-1.8697519634823472
-1.851164871346127
-1.8323056749792803
-1.8131786919647441
-1.793788255216892
-1.77413872109655
-1.754234463754781
-1.7340798815147556
-1.7136794058710167
-1.6930374882643908
-1.6721586129498054
-1.6510473000188417
-1.6297081023369362
-1.6081456192166637
-1.5863644858416444
-1.5643693857119794
-1.5421650549288892
-1.51975627457998
-1.4971478874461688
-1.474344800708469
-1.4513519677852669
-1.4281744285246496
-1.4048172799364247
-1.381285694838572
-1.3575849201858292
-1.3337202905959935
-1.3096972106055969
-1.2855211739872052
-1.2611977643447825
-1.2367326534271907
-1.212131603704965
-1.1874004741671147
-1.162545211885045
-1.1375718737457994
-1.11248660221354
-1.0872956472684274
-1.0620053496125612
-1.036622164299543
-1.0111526310777317
-0.9856034004615173
-0.9599812114882693
-0.9342929155283671
-0.9085454491228393
-0.8827458478821083
-0.8569012407110536
-0.8310188491548703
-0.8051059804752801
-0.779170024016095
-0.7532184652172381
-0.7272588445896222
-0.7012987953382438
-0.6753460103515706
-0.6494082501209312
-0.6234933405322642
-0.5976091496474762
-0.5717636045658636
-0.5459646674125043
-0.5202203373190697
-0.49453864980785756
-0.4689276539910542
-0.4433954197372554
-0.41795002162511063
-0.3925995399349104
-0.3673520402338924
-0.3422155819529734
-0.3171981933331763
-0.2923078675230871
-0.26755257624514983
-0.24294022265673454
-0.21847865950252132
-0.19417567727865714
-0.17003898924663766
-0.14607622262638015
-0.1222949167943264
-0.09870250991977815
-0.07530632685061754
-0.05211357364684053
-0.029131341499312496
-0.00636657007474445
0.016173937953393763
0.038483524298533085
0.0605557029054252
0.08238414312364216
0.10396270019510771
0.12528540681279418
0.14634648244623152
0.16714034806806596
0.18766162981994114
0.20790514957509068
0.2278659571670302
0.24753932320786398
0.26692073131199534
0.28600591730445724
0.3047908282255781
0.3232716651044457
0.3414448699694798
0.35930712868892234
0.3768553708028045
0.3940867862375748
0.4109988118065508
0.42758914361142647
0.4438557210417892
0.4597967537773706
0.4754106987923076
0.49069626741405686
0.5056524296828232
0.5202784095255595
0.5345736682824085
0.5485379386225095
0.5621711771880225
0.5754735967525151
0.5884456406751951
0.6010879943258692
0.6134015610222966
0.6253874866616503
0.637047121546025
0.6483820379929041
0.6593940129423421
0.670085022085893
0.6804572385712548
0.6905130314198511
0.7002549308840035
0.7096856574690936
0.7188080777965632
0.7276252301314937
0.7361402909097298
0.7443565789028503
0.7522775380689207
0.7599067369660543
0.7672478552273226
0.7743046731712031
0.7810810601955934
0.7875809790864593
0.7938084520400883
0.7997675785552284
0.8054625018503392
0.8108974207706473
0.8160765651592727
0.8210041839154381
0.8256845514591962
0.8301219529706806
0.8343206644328841
0.8382849519410226
0.8420190707699752
0.8455272451627383
0.8488136531173405
0.851882451529198
0.8547377281304892
0.8573835212978416
0.8598237938716822
0.8620624510131796
0.8641033050538732
0.8659500915142085
0.8676064476547264
0.8690759225251924
0.8703619591961057
0.8714678890441939
0.8723969465823254
0.8731522329924628
0.8737367470291305
0.8741533594035912
0.8744048135577431
0.8744937289315535
0.8744226027937536
0.8741937883905582
0.8738095185358954
0.8732718975731716
0.8725828828287823
0.8717443069565616
0.8707578733360417
0.8696251576509105
0.8683475955982173
0.866926500649968
0.8653630596871627
0.8636583398673936
0.8618132737662436
0.8598287001039452
0.8577053172943446
0.8554437307081666
0.8530444305636586
0.8505078138181149
0.8478341592270454
0.8450236756096015
0.8420764707655168
0.8389925760510392
0.835771938777921
0.8324144374042678
0.8289198841843133
0.8252880393337059
0.8215185989216475
0.8176112208405374
0.8135655113427963
0.8093810525045759
0.8050573949289167
0.8005940729300335
0.7959906021823393
0.7912464952610884
0.7863612601987474
0.7813344140820226
0.7761654910566809
0.770854040785022
0.7653996427147591
0.7598019125900433
0.75406050706172
0.7481751220033168
0.7421455225413605
0.7359715251200328
0.7296530092401381
0.7231899348251544
0.7165823479633286
0.7098303624435038
0.7029341959136659
0.695894164987739
0.6887106827589892
0.6813842647853422
0.6739155504473852
0.6663052992296017
0.658554379266598
0.6506637965247724
0.6426346881000687
0.6344683228650112
0.6261661078848353
0.6177296031852988
0.6091605003787962
0.6004606562258593
0.5916320708508713
0.5826768999815337
0.5735974645932984
0.5643962332306722
0.5550758473924389
0.5456391138055876
0.5360889927366985
0.5264286181794885
0.5166612981585389
0.5067904958354373
0.49681985046174504
0.4867531739245793
0.47659443916103145
0.46634778863532494
0.4560175398249884
0.44560817541130876
0.43512433678614615
0.42457083977754145
0.41395266297177746
0.4032749436506082
0.3925429804511472
0.38176223240885
0.37093831275704653
0.3600769869723608
0.34918417268833285
0.3382659371304515
0.3273284841036925
0.3163781678487599
0.30542147414738946
0.2944650152317892
0.28351554869900963
0.2725799455101916
0.2616651973333698
0.2507784147405155
0.23992681880147965
0.22911773088058446
0.21835858184496335
0.20765688917737338
0.19702026376029153
0.18645639498354966
0.17597305429139498
0.16557808508593005
0.15527938919622317
0.14508492728157524
0.13500271778878326
0.12504081603512224
0.11520731944480553
0.10551034894986847
0.09595804832382643
0.08655858082253487
0.07732011156431957
0.06825080589395102
0.05935882119847488
0.05065228689222835
0.042139315867496675
0.03382798364646782
0.025726314294221862
0.017842289901838077
0.010183821890729491
0.0027587546846163393
-0.004425156779122191
-0.011360240722927278
-0.018038927199357447
-0.024453756958967558
-0.030597390797953664
-0.03646262434652335
-0.04204238157625372
-0.04732975296116155
-0.052317978152282736
-0.057000464633258315
-0.061370814465309835
-0.06542280845872198
-0.06915043716069062
-0.07254790035748741
-0.07560962141895988
-0.07833025371464217
-0.08070470090485646
-0.08272811207805798
-0.08439590209603692
-0.085703760752991
-0.08664766601905372
-0.087223881021336
-0.0874289797106489
-0.08725983735756221
-0.0867136678137364
-0.08578800184967768
-0.08448071209606961
-0.08279001979303467
-0.08071451301857185
-0.07825312766602695
-0.07540518356285489
-0.07217036784853681
-0.0685487656200089
-0.06454084500927698
-0.06014747347553633
-0.05536992832649706
-0.05020987901752254
-0.044669430369963965
-0.038751080257430355
-0.032457761813528434
-0.02579281739696562
-0.018760027164220653
-0.011363579394181228
-0.0036081058683347118
0.004501349100358787
0.012959312767887206
0.021759886274547287
0.030896749917890116
0.04036317580495173
0.05015200587627451
0.060255686519075397
0.07066625418224835
0.08137534374904068
0.092374205053673
0.10365370694583759
0.11520434063861197
0.12701622690475176
0.13907914761127887
0.1513825236058634
0.16391545811371178
0.17666673799904659
0.18962482997257815
0.20277792893512464
0.21611395213018256
0.22962054206418853
0.243285125082982
0.2570948826992804
0.27103680633390087
0.2850976901435884
0.2992641651068244
0.31352271494685785
0.3278596998746918
0.34226137205557916
0.35671390406984976
0.3712034044106874
0.38571594625839034
0.40023758718224034
0.4147543946641115
0.4292524696331012
0.4437179689766834
0.45813712602456264
0.4724962909769401
0.4867819273504729
0.5009806675848039
0.5150793174707635
0.529064874922818
0.5429245870711965
0.5566459309656928
0.5702166708159707
0.5836248639084355
0.5968588829787745
0.6099074567502788
0.6227596669163845
0.635404992421386
0.6478333173355995
0.6600349395997599
0.6720006282501253
0.6837215973106539
0.6951895580985304
0.7063967133435445
0.7173357898301714
0.7280000384586091
0.7383832616941979
0.7484798141632576
0.7582846282824617
0.7677932109867134
0.7770016591054781
0.7859066690309621
0.7945055450524869
0.8027961947021588
0.8107771482815801
0.8184475501647395
0.8258071626608026
0.8328563698709102
0.839596180160839
0.8460282006959402
0.8521546755324305
0.8579784339859284
0.8635029215552257
0.8687321651217559
0.873670780901537
0.8783239651855889
0.8826974583514132
0.8867975567681865
0.8906310948797626
0.8942054297584608
0.8975283892524898
0.9006083217957659
0.9034540177571789
0.9060747163760245
0.9084800760939297
0.9106801594960909
0.9126854028800147
0.9145065941931803
0.9161548518326976
0.9176416000621199
0.9189785238931949
0.9201775746585416
0.9212509193455017
0.9222109075855452
0.9230700768654665
0.9238410762957352
0.9245366790183108
0.9251697280288051
0.925753115183008
0.9262997542703085
0.9268225473085628
0.9273343544353376
0.9278479704400404
0.9283760862042632
0.9289312704473447
0.9295259321648655
0.9301723005237998
0.9308823859860307
0.9316679730325773
0.9325405721752861
0.9335114045556996
0.934591380458377
0.9357910697707618
0.937120678845424
0.9385900284388657
0.9402085328162788
0.9419851840262915
0.9439285255810845
0.946046636996632
0.9483471228466943
0.9508370786434432
0.9535231004027382
0.9564112518867874
0.9595070689581318
0.9628155293113226
0.966341057596418
0.9700875224197313
0.9740582018955771
0.97825580958784
0.9826824791764406
0.9873397518736955
0.9922285841357098
0.9973493496197099
1.0027018409861335
1.0082852564210778
1.0140982255919522
1.0201388067253134
1.0264044859051633
1.0328921856336513
1.0395982936392256
1.0465186454973334
1.0536485554912618
1.0609828138832986
1.068515716699805
1.0762410698409888
1.084152205025754
1.092241998831134
1.1005028995248527
1.1089269172545568
1.1175056773285612
1.1262304205039855
1.135092025610075
1.1440810341375285
1.1531876750413608
1.1624018770814182
1.1717133088795129
1.1811113831796445
1.1905852934236494
1.2001240317387394
1.20971642530872
1.2193511416801144
1.2290167329263526
1.238701649385094
1.2483942629692995
1.2580829091684393
1.2677558949294936
1.2774015212565268
1.2870081298566853
1.2965641116868203
1.3060579314572822
1.3154781533986686
1.3248134756244958
1.3340527374104851
1.3431849504914102
1.3521993322252135
1.3610853022298977
1.369832527024058
1.3784309360260332
1.386870727862955
1.395142414815469
1.4032368236894863
1.4111451148342837
1.4188588097543906
1.426369797572584
1.4336703623960967
1.440753183193264
1.4476113664321102
1.4542384377673931
1.4606283838392056
1.466775628971186
1.4726750784761105
1.4783221007120395
1.4837125638397544
1.4888428079051361
1.4937096922063848
1.4983105706999702
1.5026433152559102
1.5067062934133253
1.5104984116444544
1.5140190765496193
1.517268224547163
1.520246306008434
1.522954282376388
1.5253936451717303
1.5275663806042694
1.5294749861938035
1.5311224663020033
1.532512314742016
1.533648509831453
1.5345355150250783
1.5351782642979956
1.5355821394704536
1.5357529829744299
1.5356970675186066
1.5354210831047168
1.534932142315198
1.5342377381286176
1.5333457498786351
1.5322644196637687
1.531002326595288
1.5295683848306538
1.527971815507369
1.5262221273466268
1.524329097627649
1.5223027542622203
1.5201533537289948
1.517891355167634
1.5155274048033724
1.513072309071142
1.51053701048816
1.5079325667690604
1.505270128247433
1.502560909960921
1.499816167695276
1.4970471778866556
1.494265209515361
1.4914814942257137
1.488707214923116
1.485953463520609
1.4832312282259215
1.4805513666319214
1.4779245789375253
1.4753613824712575
1.4728720861449864
1.4704667788495878
1.4681552798219482
1.4659471488968467
1.4638516281721263
1.461877650913856
1.460033799088241
1.4583282904023382
1.456768955946486
1.4553632194398043
1.4541180837605825
1.453040098796293
1.452135361713438
1.4514094809972813
1.4508675799107278
1.450514268824786
1.4503536312575198
1.4503892200891504
1.4506240359498042
1.4510605240229795
1.4517005548334818
1.4525454353715488
1.4535958753107516
1.4548519973234588
1.4563133364636498
1.4579788258702973
1.4598467929527599
1.4619149712246484
1.4641804992990586
1.466639898177056
1.4692891099610748
1.4721234790910416
1.4751377624524034
1.4783261437498545
1.4816822289892653
1.4851990667568693
1.4888691616624778
1.4926844676392725
1.496636414687256
1.5007159397746044
1.5049134646170894
1.5092189416343786
1.5136218628454932
1.518111277634694
1.5226758185062155
1.5273037106231397
1.5319828042875943
1.536700591131582
1.5414442374944
1.5462005940358294
1.5509562347341288
1.5556974702167015
1.5604103829299165
1.5650808548955801
1.5696945870243368
1.574237129151732
1.5786939167594296
1.5830502881032291
1.587291515073997
1.5914028382437249
1.595369485041466
1.5991767136263724
1.6028098276705232
1.606254202382569
1.6094953298029093
1.6125188271407807
1.6153104802396436
1.617856261648365
1.6201423595906965
1.6221552018854644
1.6238814810241593
1.625308186423852
1.6264226224548337
1.6272124165216721
1.627665584863038
1.6277704981975356
1.6275159413569518
1.6268911222222011
1.6258856823647279
1.624489723615244
1.622693820669199
1.6204890345545757
1.6178669237441317
1.6148195742451432
1.6113395763662188
1.607420075072237
1.6030547476125618
1.5982378212739823
1.5929640957668665
1.587228913406564
1.581028193471425
1.5743584212175712
1.567216650420704
1.559600505738693
1.5515081741380377
1.5429384097995344
1.5338905379826362
1.5243644184619818
1.5143604813591183
1.5038796860136676
1.4929235315775147
1.481494041132757
1.4695937488750708
1.4572256979111344
1.4443934197642585
1.431100922643388
1.4173526764703108
1.4031536121502728
1.3885090814084469
1.3734248682473629
1.357907147622111
1.3419624950995876
1.325597845604947
1.3088204841229514
1.2916380397874379
1.2740584500110799
1.2560899543405444
1.2377410770625108
1.2190205930303315
1.199937532863058
1.180501152103177
1.1607209051053484
1.140606448155392
1.1201676097881628
1.0994143689214209
1.0783568507368368
1.057005296740362
1.0353700691428884
1.0134616086380883
0.9912904466039278
0.9688671751304542
0.9462024320873138
0.923306901648503
0.9001912900213075
0.8768663212004871
0.8533427234800695
0.8296312230797022
0.8057425232413898
0.7816873228216751
0.7574762712388413
0.7331199993919304
0.7086290909115962
0.6840140751639538
0.6592854477057207
0.6344536414607155
0.6095290370573144
0.5845219502747302
0.5594426384034744
0.5343013171020145
0.5091081218981904
0.4838731372579083
0.4586064035533851
0.43331788432386353
0.4080175077029959
0.38271515198630923
0.3574206452799595
0.3321437733636942
0.30689429363297155
0.28168192405078957
0.2565163542304387
0.23140725240473806
0.20636427631250606
0.18139706032865835
0.15651523321153288
0.13172842588958347
0.10704627502281548
0.08247841541188666
0.0580344963083175
0.03372419007275956
0.009557184351168395
-0.014456807274666026
-0.038308041758042456
-0.06198674990037092
-0.08548312293759353
-0.10878732301943829
-0.13188946872391766
-0.15477965078672717
-0.1774479098887822
-0.19988426204748505
-0.22207868323473992
-0.24402111050697634
-0.26570145688415103
-0.2871096065698756
-0.30823541993849246
-0.32906874035660105
-0.3495993956551199
-0.36981721405490153
-0.38971201806683353
-0.4092736507761693
-0.42849196588926947
-0.4473568484265221
-0.46585822263909443
-0.48398606239758407
-0.501730414515856
-0.5190813866525104
-0.5360291791204076
-0.5525641027370177
-0.5686765766706743
-0.5843571539702569
-0.5995965377292627
-0.6143855926477294
-0.6287153660355026
-0.6425770967548176
-0.655962239321912
-0.6688624821529198
-0.6812697583465004
-0.6931762585347928
-0.7045744764392322
-0.7154571867456313
-0.725817493116883
-0.7356488271484689
-0.7449449813492929
-0.7537001080370908
-0.7619087546384183
-0.7695658618481741
-0.7766667967554535
-0.7832073502277017
-0.7891837678665455
-0.7945927547003541
-0.7994314883818614
-0.8036976362323449
-0.8073893641414323
-0.8105053512204563
-0.8130447895331175
-0.8150074063610936
-0.8163934698960517
-0.8172037857959707
-0.8174397105482671
-0.8171031615155068
-0.8161966139650849
-0.8147231026588571
-0.8126862312684281
-0.8100901618848716
-0.8069396287256264
-0.8032399162946691
-0.7989968761834483
-0.7942169073903862
-0.7889069639330007
-0.7830745343817899
-0.7767276440508479
-0.7698748405964643
-0.7625251874740052
-0.7546882424246799
-0.7463740589254392
-0.737593165848488
-0.7283565470789518
-0.7186756312462409
-0.7085622739478565
-0.6980287473900204
-0.6870877012042139
-0.6757521634694397
-0.6640355087299701
-0.6519514411036692
-0.6395139708057511
-0.6267373931952829
-0.6136362590637477
-0.600225360353789
-0.5865196987607219
-0.5725344679748152
-0.5582850142359785
-0.5437868287848361
-0.5290555122937721
-0.5141067509757327
-0.49895629006561704
-0.4836199103293575
-0.46811339894797926
-0.4524525249700979
-0.4366530182750645
-0.4207305368937986
-0.4047006449223247
-0.3885787957028239
-0.37238029153308727
-0.3561202745631895
-0.3398136994988128
-0.323475303911082
-0.3071195996588943
