1025
1.0219270929467412
1.0256605566596124
1.028926206653321
1.03172769961806
1.0340691524633154
1.0359551345384186
1.0373906377502096
1.0383810812763097
1.0389322766905822
1.0390504231571736
1.0387420840099453
1.0380141731197092
1.0368739326910072
1.0353289246853685
1.033386995059817
1.031056275619493
1.0283451540830673
1.0252622579101134
1.0218164341056541
1.0180167345868163
1.0138723921602841
1.009392815107174
1.0045875479757334
0.9994662708274109
0.9940387747133811
0.9883149380940691
0.9823047298556844
0.9760181668529361
0.9694653091079021
0.9626562401752601
0.9556010621790832
0.9483098651038906
0.9407927065392666
0.9330596211351174
0.9251205854140543
0.916985508064642
0.9086642173631561
0.9001664498626586
0.8915018366667665
0.8826798866555489
0.8737099768767038
0.8646013543784615
0.855363095971227
0.8460041339620108
0.836533215969545
0.8269589153623378
0.817289613384565
0.8075334968425069
0.7976985513339951
0.787792548108891
0.7778230399149386
0.7677973651423509
0.7577226320013949
0.7476057203912483
0.7374532703843067
0.7272716926613979
0.7170671599621571
0.7068455961315797
0.6966126908979023
0.6863738903927598
0.6761343935232327
0.6658991664581622
0.6556729249450455
0.6454601502161642
0.6352650883987941
0.6250917475535337
0.6149439121402246
0.6048251303141995
0.5947387278962458
0.5846878211559432
0.5746753058799204
0.564703870094791
0.5547760020408304
0.5448939847607985
0.5350599335292653
0.5252757578736195
0.5155432024194087
0.5058638514235029
0.49623911477393023
0.4866702636217001
0.47715841696882083
0.46770457228183543
0.458309592098405
0.44897421876426413
0.4396991004488197
0.4304847788615122
0.4213317079798817
0.41224027278436287
0.4032107742538424
0.39424346179461683
0.38533854293106884
0.37649617009844233
0.3677164722866463
0.3589995652451966
0.3503455371872621
0.3417544924303561
0.3332265253232662
0.32476175586451095
0.3163603288154599
0.30802241776766554
0.2997482412145861
0.2915380673738408
0.2833922214200702
0.2753110913112198
0.26729514511127056
0.2593449153571801
0.25146103410691273
0.24364421463313052
0.23589527717996012
0.2282151298831573
0.22060479460536406
0.21306540908148744
0.20559821411519816
0.19820457371359465
0.19088597272925106
0.18364400852851293
0.1764804220342342
0.16939704922299745
0.1623958748009692
0.15547900089273076
0.14864864700531413
0.14190716027281808
0.13525700885182493
0.12870077126991142
0.12224115400274493
0.11588096175159357
0.10962310462517247
0.10347061223833405
0.09742659206462433
0.09149424543085101
0.08567686368818123
0.07997781426020491
0.07440052590952577
0.06894850263768983
0.06362528461782078
0.058434473121036175
0.05337968931070342
0.04846459500527338
0.04369285505018808
0.03906814036077132
0.03459411746539723
0.030274445538849233
0.026112737920439326
0.02211258826186177
0.018277519725216917
0.01461099958902894
0.011116432875281631
0.007797114696659034
0.004656265810944169
0.0016969782012822203
-0.0010777659466784835
-0.0036651320297123873
-0.006062413547645746
-0.008267081291229912
-0.010276761417959308
-0.012089260745665558
-0.013702579002090595
-0.015114915011388978
-0.016324683551917005
-0.01733051687460604
-0.018131264454556793
-0.01872603732061457
-0.019114174340537433
-0.019295273675050455
-0.019269194574999926
-0.01903607192054171
-0.0185962987175262
-0.017950554436214083
-0.017099803447569048
-0.016045289814074045
-0.014788557966909055
-0.013331430499609784
-0.011676030002229887
-0.009824774145802727
-0.007780371764708872
-0.005545821782373774
-0.0031244205455443603
-0.0005197453353001797
0.002264339972764929
0.0052236889880891086
0.008353884514483186
0.0116502320941351
0.01510777981225278
0.01872132555529212
0.022485413609582117
0.026394350680135698
0.030442216605174138
0.03462287434255841
0.03892998385463702
0.04335700367709903
0.047897214720800364
0.05254373047890119
0.05728950154956926
0.062127341796300944
0.06704994667072152
0.07204987900831904
0.07711962789473438
0.08225159118508828
0.08743810242653358
0.09267144619128789
0.09794388672816447
0.10324765714494787
0.1085750016475466
0.11391818478521545
0.11926950578951752
0.12462131646102839
0.12996603977764198
0.13529617857666923
0.1406043521356006
0.14588328597213654
0.15112584991446432
0.15632505343428965
0.16147408787771347
0.1665663100730352
0.1715952816301665
0.17655476248811197
0.18143874922913966
0.18624146007365797
0.19095736493104065
0.19558118953893328
0.20010793096782112
0.2045328595717855
0.2088515314888228
0.21305981235156857
0.21715384494842577
0.2211301009673905
0.22498535785283047
0.2287167148840446
0.23232160023873732
0.2357977555148188
0.2391432638976152
0.24235652591572954
0.24543627698043868
0.24838159132043564
0.25119185480544676
0.2538667897690624
0.2564064358406438
0.2588111551284101
0.26108161945603836
0.2632188149249949
0.2652240201232821
0.267098805039702
0.26884504934925435
0.2704648857567539
0.2719607223807764
0.2733352328939729
0.2745913364552911
0.2757321855827979
0.2767611641941605
0.2776818712968354
0.2784981033702363
0.27921384571008984
0.27983327601621716
0.28036071568163984
0.2808006431216379
0.28115768597550056
0.2814365767973336
0.2816421769113603
0.2817794260981085
0.28185335712079845
0.2818690721630115
0.28183172582511057
0.28174651169631026
0.2816186687838533
0.2814534374579888
0.2812560651896859
0.2810318020255318
0.28078585891061597
0.28052343848684047
0.28024969169480524
0.27996971208466825
0.27968853995272014
0.2794111480255932
0.27914241718032023
0.2788871501178196
0.27865004461043075
0.2784357129362947
0.2782486388820913
0.2780932007960629
0.27797366252766026
0.27789415212315394
0.2778586726137538
0.27787110834188716
0.27793518344641704
0.2780545152305406
0.27823256292566945
0.27847265926332787
0.27877799067396924
0.27915161998235305
0.27959645255975263
0.2801152755208429
0.2807107360653352
0.28138535336290565
0.2821415202272925
0.2829815050423624
0.28390744626045566
0.2849213833642015
0.28602522916886225
0.2872208066984235
0.2885098215944575
0.28989389362189133
0.29137454687116865
0.2929532272792044
0.2946312976012435
0.2964100461134378
0.2982906980681433
0.3002744244113482
0.30236232493655835
0.30455547037571806
0.3068548761638803
0.30926152950577607
0.3117763768472845
0.3144003430130261
0.31713434413669284
0.3199792702397042
0.32293599522049504
0.32600540225511365
0.32918836709899796
0.33248576361723503
0.33589847206420403
0.3394273977551526
0.343073430736491
0.3468374974395754
0.350720528046312
0.35472348371076684
0.3588473255010239
0.36309305073429243
0.3674616682302743
0.37195421255352606
0.3765717275259508
0.381315279709254
0.38618595842292414
0.3911848483959264
0.39631307154253154
0.4015717372310448
0.40696196838574583
0.4124848932621727
0.4181416340123456
0.42393330019173725
0.4298610061655369
0.43592583470678403
0.44212884626032
0.448471087738336
0.45495356383448293
0.4615772393191127
0.46834302922260557
0.4752518025789609
0.48230437035285234
0.4895014693045727
0.49684376320852747
0.5043318529045528
0.5119662180813768
0.5197472761618849
0.5276753224173364
0.5357505499151051
0.5439730251069218
0.5523427140298411
0.5608594266449738
0.5695228466754937
0.5783325055409798
0.5872877935800047
0.5963879388599074
0.6056320048822823
0.6150188780343567
0.6245472814035357
0.6342157452961021
0.6440226250999291
0.6539660780532559
0.6640440652423524
0.6742543474643448
0.684594482300245
0.6950618229222866
0.7056535101408598
0.7163664750657175
0.7271974267469544
0.738142866693811
0.7491990706272139
0.7603620983417825
0.7716277866824752
0.7829917675974587
0.7944494307509538
0.8059959637728911
0.8176263403879686
0.8293353113672026
0.8411174076260656
0.8529669731608356
0.8648781273387729
0.8768447876272711
0.8888606803552915
0.9009193410079088
0.9130141066797243
0.9251381257380586
0.9372843887176151
0.9494456995137497
0.9616146999687325
0.973783874860416
0.9859455670435375
0.9980919588350035
1.010215117642441
1.0223069716651818
1.0343593365179815
1.0463639249963983
1.0583123389265638
1.0701961089051695
1.0820066736518483
1.0937353974932886
1.1053736084333843
1.116912570670376
1.1283435070640695
1.1396576290475806
1.1508461269944126
1.1619001809387033
1.1728109876747956
1.1835697638408953
1.1941677488072813
1.2045962231700382
1.214846536005914
1.22491008665524
1.2347783535226147
1.2444429092340643
1.2538954218977871
1.263127669696386
1.272131555297353
1.2808991138367372
1.289422524762501
1.2976941182860764
1.3057064007506567
1.3134520434656427
1.3209239064596496
1.3281150588059152
1.3350187530661446
1.3416284697319059
1.3479379158682592
1.3539410264227747
1.3596319727324493
1.365005190616227
1.3700553510377735
1.374777408797916
1.3791665751054927
1.3832183504586195
1.3869285094992156
1.3902931133758234
1.3933085245068586
1.3959714028870833
1.3982786979253248
1.4002276772941449
1.401815906907419
1.4030412713485019
1.4039019669305175
1.404396497415485
1.404523681928399
1.4042826579760745
1.4036728695085154
1.4026940877728515
1.4013463819513585
1.3996301320606601
1.3975460360385483
1.3950950792514563
1.3922785561436735
1.3890980520299583
1.3855554511185004
1.38165291684312
1.3773928890279965
1.3727780819527782
1.3678114774080874
1.3624963189224175
1.356836085057604
1.3508345187373916
1.344495580127799
1.3378234455477767
1.3308225284233766
1.3234974252599876
1.3158529349711774
1.3078940386636617
1.299625884897138
1.2910537828677715
1.2821831944904398
1.2730197099804883
1.263569041694225
1.2538370202214861
1.2438295754829833
1.2335527162338167
1.2230125323679908
1.2122151587248597
1.201166800155995
1.1898736781738664
1.1783420375264801
1.166578130099063
1.154588222132899
1.1423785370100767
1.1299552869013598
1.1173246255376659
1.104492669941422
1.0914654587974097
1.0782489568400075
1.0648490445257814
1.0512714882250798
1.0375219687598678
1.0236060195070473
1.0095290623110318
0.9952963630595003
0.980913057379106
0.966384101699632
0.9517143136060168
0.936908314162289
0.9219705576139517
0.9069053123323508
0.8917166576645507
0.8764084624652699
0.86098441746638
0.8454479942141131
0.8298024585378688
0.8140508780309645
0.7981960991466496
0.7822407550005257
0.7661872707970504
0.7500378679643878
0.7337945388548204
0.7174590874549718
0.7010330966270847
0.6845179437348781
0.6679148268656094
0.651224726673883
0.6344484388564204
0.6175865945528066
0.6006396165489458
0.5836077826264948
0.5664911895154318
0.5492897912950185
0.5320033924442772
0.5146316605729613
0.4971741325254244
0.479630233818856
0.4619992794318471
0.44428049431688715
0.4264730179071077
0.40857591873789606
0.39058820316332454
0.37250883347671365
0.3543367364063296
0.3360708239717543
0.317709983617012
0.299253131529803
0.28069918245781567
0.26204709002871224
0.24329586429605085
0.22444454936197414
0.2054922848172309
0.1864382827417483
0.1672818547432393
0.14802243574251592
0.12865956362800388
0.10919293098210532
0.08962236391481351
0.06994785472841294
0.050169576035631026
0.0302878619841826
0.0103032580257287
-0.009783504136601668
-0.029971467043427832
-0.05025946755485905
-0.07064610271304257
-0.09112974298500331
-0.11170850805020276
-0.13238028039378272
-0.15314268166635225
-0.17399307473043327
-0.19492856201291575
-0.21594598595651687
-0.23704191241762665
-0.2582126492009159
-0.27945422868852515
-0.3007624144528657
-0.3221327040015821
-0.3435603379458399
-0.36504027048270515
-0.3865672273180842
-0.4081356552750619
-0.42973976904878575
-0.4513735303413138
-0.47303066633143326
-0.4947046925065213
-0.51638888239758
-0.5380763110552738
-0.5597598592592758
-0.5814322275757987
-0.6030859079948151
-0.6247132685323693
-0.6463065048575681
-0.6678576849235267
-0.6893587476233026
-0.7108015318120553
-0.7321777837024276
-0.7534791702179507
-0.7746973009257838
-0.7958237514034479
-0.8168500519037114
-0.837767745182796
-0.8585683769931942
-0.879243509022736
-0.8997847731413112
-0.9201838394491308
-0.9404324758535733
-0.9605225418316632
-0.9804460150817065
-1.0001950133572883
-1.01976180418571
-1.039138825660689
-1.0583187081502332
-1.0772942805156305
-1.0960585990710048
-1.114604953134873
-1.1329268907595036
-1.1510182166489105
-1.1688730356171406
-1.1864857367246973
-1.2038510239842013
-1.2209639234927303
-1.2378197993957432
-1.2544143585338565
-1.2707436638999803
-1.2868041457950818
-1.3025926102141008
-1.3181062471850307
-1.333342633017455
-1.3482997475927823
-1.3629759590025654
-1.3773700508407514
-1.3914812103013066
-1.4053090421677947
-1.4188535539433185
-1.432115170594156
-1.4450947357559225
-1.4577934859569048
-1.4702130804952853
-1.4823555832400495
-1.4942234517080277
-1.505819537441562
-1.5171470860483494
-1.52820973056881
-1.5390114596561837
-1.5495566434153878
-1.5598500055381672
-1.5698966125463405
-1.5797018590400704
-1.5892714800099903
-1.5986115083043877
-1.6077282828441801
-1.616628418397094
-1.6253188117114201
-1.6338066111045746
-1.6420992085153192
-1.650204222086667
-1.658129492387038
-1.6658830361223524
-1.6734730695867266
-1.680907966090157
-1.6881962479029045
-1.6953465700851391
-1.7023677052739266
-1.7092685223473187
-1.7160579833994691
-1.7227451100201656
-1.7293389786774518
-1.735848700389568
-1.7422834157765605
-1.7486522617653677
-1.7549643765633556
-1.7612288713220126
-1.7674548146773006
-1.7736512384676126
-1.7798271084688975
-1.7859913032413302
-1.792152627908974
-1.798319789858875
-1.8045013798749345
-1.8107058692706979
-1.8169416113086934
-1.823216810057334
-1.8295395266170293
-1.835917678941004
-1.8423590076736056
-1.8488710952667637
-1.8554613574250376
-1.8621370160756918
-1.8689051294238148
-1.8757725618994618
-1.8827459860875562
-1.8898318870483586
-1.8970365534552351
-1.9043660845643662
-1.9118263750146156
-1.9194231344471386
-1.9271618620312532
-1.935047879435998
-1.9430862952047179
-1.9512820418072732
-1.9596398429517745
-1.9681642529588403
-1.976859614921491
-1.9857301084427053
-1.9947797221878671
-2.004012273650041
-2.0134313852837114
-2.023040533383661
-2.032843004525817
-2.0428419340621957
-2.05304028606122
-2.063440863068033
-2.0740463279223436
-2.0848591714141724
-2.095881740294952
-2.1071162397343466
-2.1185647231397633
-2.130229099559501
-2.1421111415523697
-2.15421248563588
-2.166534614425425
-2.1790788864612916
-2.191846519351614
-2.2048385832437725
-2.218056026315861
-2.2314996418571775
-2.245170092788256
-2.259067896314725
-2.273193415765159
-2.2875468761887214
-2.302128348632734
-2.316937745723863
-2.3319748173608494
-2.3472391529825583
-2.362730168768361
-2.378447101775603
-2.3943890103269405
-2.410554760098213
-2.4269430163604686
-2.44355224330642
-2.460380691092849
-2.477426386735816
-2.4946871272878646
-2.5121604722072934
-2.5298437342208437
-2.5477339588290557
-2.565827939307585
-2.584122176940859
-2.6026128932266626
-2.6212960115043904
-2.6401671522660166
-2.6592216152076102
-2.6784543687899802
-2.697860063396123
-2.717432979807756
-2.7371670702100293
-2.7570558994936945
-2.777092681948048
-2.7972702393721853
-2.817581010720335
-2.8380170414806214
-2.858569972962651
-2.8792310515740898
-2.899991092884412
-2.920840514248026
-2.9417692966440367
-2.962767011484129
-2.9838227992285566
-3.0049253679041277
-3.026063007075982
-3.047223571709676
-3.0683944975276347
-3.0895627879060337
-3.110715041392401
-3.1318374279499857
-3.1529157084263506
-3.1739352494687774
-3.1948810217863506
-3.2157375966863535
-3.2364891843473207
-3.25711963229794
-3.2776124184903384
-3.297950697849699
-3.318117296330815
-3.3380947304358926
-3.3578652311818944
-3.3774107482745013
-3.3967129847282536
-3.415753414567966
-3.4345132879112317
-3.452973664791384
-3.471115460411454
-3.4889194251679805
-3.5063662034317966
-3.52343634670545
-3.5401103444212594
-3.5563686568063524
-3.572191723449588
-3.587560015077066
-3.6024540505482645
-3.6168544363017894
-3.630741885579768
-3.6440972613466514
-3.6569015947852828
-3.669136129943895
-3.6807823503141694
-3.691822013113435
-3.702237167640548
-3.712010215349665
-3.7211239173938653
-3.729561431549952
-3.7373063568622262
-3.74434274400238
-3.750655150310671
-3.756228653910035
-3.7610488763048076
-3.7651020362412106
-3.768374953979578
-3.7708550983573708
-3.7725305998729084
-3.773390281842326
-3.773423685135143
-3.7726210876235227
-3.7709735352490363
-3.7684728621091845
-3.765111686397151
-3.760883482254622
-3.755782534399072
-3.7498039967351366
-3.742943895664698
-3.735199132785901
-3.726567508957243
-3.7170477270347697
-3.706639400879272
-3.695343055790289
-3.6831601555372133
-3.6700930610131155
-3.6561450819828907
-3.6413204377075243
-3.6256242676544503
-3.609062643459023
-3.591642521649172
-3.573371774922512
-3.554259163798976
-3.5343143251012097
-3.5135477653120777
-3.491970833889903
-3.4695957150152656
-3.4464354207553765
-3.4225037279955197
-3.397815215747066
-3.372385189555732
-3.346229687563245
-3.3193654458747117
-3.2918098603161523
-3.2635809788173655
-3.2346974536665147
-3.205178512741927
-3.175043929110417
-3.144313998639216
-3.1130094789698837
-3.081151585470559
-3.048761927186224
-3.0158624960952807
-2.982475608379967
-2.948623869474335
-2.9143301550391825
-2.879617546793557
-2.8445093122586194
-2.8090288641912418
-2.773199701730686
-2.7370454031478983
-2.700589568230211
-2.6638557723332577
-2.6268675511433943
-2.589648353406153
-2.552221491831329
-2.514610125060511
-2.4768372061334185
-2.4389254702140537
-2.400897369598751
-2.3627750750639884
-2.324580418545339
-2.286334864994545
-2.2480595033204764
-2.2097749914620706
-2.171501549669829
-2.1332589241914155
-2.0950663724030547
-2.056942619389026
-2.0189058760041867
-1.980973768114967
-1.9431633675615974
-1.9054911488164616
-1.8679729662223297
-1.8306240789640043
-1.793459100675196
-1.7564920113231637
-1.7197361372364122
-1.6832041512536653
-1.646908083566147
-1.6108592866960063
-1.5750684557013304
-1.5395456413281106
-1.504300208664761
-1.469340889536948
-1.4346757650365605
-1.400312270580886
-1.366257204544809
-1.3325167552001438
-1.2990964920120354
-1.2660013835337003
-1.2332358182237986
-1.2008036213379787
-1.1687080562576693
-1.1369518506024834
-1.1055372241595216
-1.0744658992883624
-1.0437391152474558
-1.0133576582902533
-0.9833218864662729
-0.9536317416859987
-0.9242867793555756
-0.8952861953481578
-0.8666288360396466
-0.8383132423036043
-0.8103376520985857
-0.7827000493464358
-0.7553981627608808
-0.7284295163093982
-0.7017914287235782
-0.6754810550952975
-0.6494954112872776
-0.6238313855522647
-0.5984857673709408
-0.5734552754067058
-0.5487365722276475
-0.5243262949582008
-0.5002210639565504
-0.4764175186479969
-0.4529123149920524
-0.42970217020554435
-0.4067838622687745
-0.3841542551483188
-0.36181031103877886
-0.3397490945555557
-0.3179678154320316
-0.29646381938742544
-0.275234592310101
-0.2542777940766685
-0.23359125575560907
-0.21317298278120325
-0.19302117070270297
-0.17313420522339001
-0.15351067406490368
-0.13414936485352522
-0.11504926373735672
-0.09620956775288063
-0.07762968793645068
-0.059309214833389516
-0.04124796535893168
-0.02344594382871007
-0.005903357775481163
0.011379403223569588
0.02840175496106357
0.045162942560751256
0.0616620337489482
0.07789794134722022
0.0938694161778659
0.109575072123219
0.125013386241943
0.14018271302911098
0.1550812976019131
0.16970728485077113
0.18405873753663496
0.1981336342500374
0.21192990347960575
0.2254454256875367
0.23867804213472685
0.25162557360640564
0.26428583869885763
0.27665666145137896
0.2887358848957155
0.3005213899015584
0.31201109981744174
0.3232030087413433
0.3340951700515657
0.3446857351984921
0.35497294737323837
0.3649551660266967
0.3746308675144613
0.3839986642257978
0.3930573086596733
0.4018057126094999
0.4102429387818021
0.41836823048237565
0.4261810105555575
0.43368088139343997
0.4408676401276832
0.4477412831755987
0.4543020191660895
0.4605502507598596
0.4664866039249677
0.4721119133397689
0.47742723632196316
0.48243384688600244
0.48713323971240985
0.49152712756701145
0.49561744456908396
0.4994063425762891
0.5028961928341266
0.5060895703368452
0.5089892682809005
0.511598283222763
0.513919813549105
0.5159572517823178
0.5177141843653589
0.5191943770247994
0.5204017744994227
0.5213404929550264
0.5220148082869944
0.5224291499638167
0.522588100237784
0.5224963672507529
0.522158794239398
0.5215803441520206
0.5207660821450366
0.5197211812308942
