1025
1.5523507569062835
1.553359097265299
1.5539146311486118
1.5540277205810045
1.5537092299363995
1.5529705166686496
1.5518233827200691
1.5502800781348125
1.54835325564863
1.54605595433565
1.543401563642989
1.5404038094432284
1.5370767108319625
1.5334345603587278
1.5294918912616542
1.5252634479747231
1.5207641622180845
1.5160091162047125
1.511013515564533
1.505792657102131
1.5003618997455812
1.4947366445766113
1.4889322844480561
1.4829641932849296
1.4768476848300203
1.47059798965677
1.4642302313648115
1.4577593821176917
1.451200256848356
1.4445674619595212
1.437875393136339
1.4311381967614618
1.4243697326503064
1.4175835778662385
1.4107929852021546
1.4040108626091048
1.3972497458373982
1.3905217944544284
1.3838387514661383
1.3772119417486364
1.3706522349128258
1.3641700513689383
1.3577753227394305
1.351477494280367
1.3452854966566614
1.3392077423476494
1.333252111568859
1.3274259376694482
1.3217360006659515
1.3161885187147542
1.3107891328890708
1.3055429062269392
1.3004543218295668
1.2955272709844872
1.2907650416730438
1.2861703369552162
1.281745260425199
1.2774913106964558
1.2734093881423338
1.269499794739127
1.265762237383213
1.2621958253113539
1.2587990816542693
1.2555699409807526
1.2525057557739017
1.249603307967492
1.2468588125068643
1.2442679222624777
1.2418257373635715
1.2395268226592486
1.2373652086738989
1.235334403240263
1.2334274058682193
1.2316367145049505
1.2299543572030904
1.2283718709887224
1.2268803444495602
1.2254704282810258
1.2241323300088356
1.222855858702771
1.2216304145420953
1.220445026812844
1.2192883554214793
1.218148707484025
1.2170140758825452
1.2158721290819006
1.2147102424569372
1.2135155325177616
1.2122748433016128
1.2109747889538185
1.2096017765510858
1.2081420066722686
1.2065815059202807
1.2049061582052645
1.2031017010587597
1.2011537604953362
1.199047878575514
1.1967695199070125
1.194304111067196
1.1916370410707744
1.1887537032137876
1.1856395118166103
1.182279910148248
1.1786604184323544
1.1747666353537938
1.1705842703001528
1.166099162110688
1.1612973084662384
1.1561648873215091
1.1506882593238212
1.144854028955519
1.1386490364045052
1.1320603908883253
1.1250754871109867
1.117682049942311
1.1098681252214262
1.1016221250572278
1.0929328327904406
1.0837894446705345
1.074181579575177
1.06409929418023
1.0535331147401168
1.0424740580772693
1.0309136386561395
1.0188439141954613
1.006257472930653
0.9931474723399948
0.97950766191316
0.9653323812861531
0.9506165940202829
0.9353558990885132
0.9195465507560852
0.9031854554332617
0.8862702177558094
0.8687991276263896
0.8507711834465258
0.8321861005706674
0.8130443337171053
0.7933470677967243
0.7730962397450485
0.7522945448246996
0.7309454487972101
0.7090531771357564
0.6866227421293808
0.663659924668261
0.6401712923085777
0.6161642017854226
0.5916467773271716
0.5666279399457016
0.5411173812665038
0.5151255787360054
0.4886637633924327
0.4617439529467736
0.43437889833966076
0.40658211364853714
0.378367847341976
0.34975107163752106
0.32074747090845646
0.2913734299581912
0.2616460057484181
0.2315829459755645
0.20120261047045965
0.17052401555745855
0.13956676758166028
0.10835106447633537
0.07689765948664301
0.04522784301601446
0.013363423958664916
-0.0186733159357384
-0.050859634073904356
-0.08317236999636703
-0.11558795069698859
-0.14808244950057478
-0.1806316051782716
-0.21321085632386583
-0.24579536418988282
-0.2783600735493277
-0.31087971389127134
-0.3433288617486983
-0.37568196741541643
-0.40791338389194876
-0.43999741511654955
-0.47190835217592864
-0.5036204981326696
-0.535108218647257
-0.5663459801793855
-0.5973083800002627
-0.6279701804928371
-0.6583063647954651
-0.6882921544180305
-0.7179030578014811
-0.7471149040595122
-0.7759038819302874
-0.8042465657957524
-0.8321199591415716
-0.8595015405947324
-0.8863692708354656
-0.9127016439537509
-0.9384777202482445
-0.9636771513810558
-0.9882802075359424
-1.0122678244198215
-1.0356216147242037
-1.0583238939440114
-1.0803577187556153
-1.10170690584259
-1.122356050204
-1.1422905632062068
-1.1614966690516506
-1.1799614475445945
-1.1976728432562993
-1.2146196738676638
-1.230791654994662
-1.2461794171477418
-1.2607745036103624
-1.274569396381583
-1.2875575122457095
-1.2997332217259716
-1.3110918407045693
-1.321629648602739
-1.331343887439862
-1.3402327564244978
-1.3482954201278634
-1.3555319888811803
-1.3619435533408644
-1.367532138767532
-1.3723007100001217
-1.3762531801603186
-1.3793943836490672
-1.3817300742710157
-1.3832669043079695
-1.384012431547
-1.3839750731944271
-1.3831641135136332
-1.3815896851777958
-1.3792627383790146
-1.37619503809907
-1.3723991282189218
-1.3678883167553784
-1.3626766594072615
-1.3567789232789143
-1.350210584193796
-1.3429877658020482
-1.3351272562996757
-1.3266464539656635
-1.3175633429057425
-1.3078964771954695
-1.2976649480922737
-1.2868883480291642
-1.2755867485918988
-1.2637806673556862
-1.2514910508442374
-1.2387392203776189
-1.2255468659972122
-1.211936000674252
-1.1979289336648575
-1.1835482465068536
-1.168816747997315
-1.1537574647136073
-1.138393589726308
-1.1227484603021727
-1.1068455341965384
-1.0907083495733847
-1.0743604917124174
-1.057825582712203
-1.0411272301310937
-1.024289009064155
-1.0073344393730548
-0.9902869378811039
-0.9731698066996792
-0.9560062032765001
-0.938819109524767
-0.9216312989141942
-0.9044653327085188
-0.8873435057245028
-0.8702878470546568
-0.8533200699360608
-0.8364615730053937
-0.819733403254778
-0.8031562257440455
-0.7867503249900232
-0.7705355633885796
-0.7545313642092151
-0.7387567008871251
-0.7232300624133771
-0.7079694504850854
-0.6929923461792222
-0.6783157065623107
-0.6639559320858565
-0.6499288765498455
-0.6362497967856392
-0.6229333650722758
-0.6099936494834887
-0.5974440900654995
-0.585297499827991
-0.5735660468330388
-0.5622612396134482
-0.5513939326441818
-0.5409742920458313
-0.531011810288354
-0.5215152818183462
-0.5124928091186937
-0.5039517851771151
-0.49589889543110177
-0.4883401130067525
-0.4812806857730394
-0.47472514138914107
-0.4686772888624086
-0.4631402046996316
-0.45811623435595933
-0.4536070057182809
-0.449613416587024
-0.44613563843603526
-0.44317311832998335
-0.4407245824148323
-0.43878805268580945
-0.4373608226828341
-0.43643949157637724
-0.43601995650741077
-0.4360974199046401
-0.43666639896812454
-0.43772074199529626
-0.43925362066828566
-0.4412575583568146
-0.4437244226891169
-0.4466454562578283
-0.4500112782098218
-0.45381189454880894
-0.4580367203485713
-0.4626745939421951
-0.46771378156492127
-0.4731420028143949
-0.4789464539779669
-0.4851138072925311
-0.49163023967984293
-0.4984814553650648
-0.5056526985732452
-0.513128769691182
-0.5208940656851127
-0.5289325686955787
-0.537227900756042
-0.5457633283956419
-0.5545217815119013
-0.5634858863709503
-0.5726379903951435
-0.5819601812328052
-0.5914343074726311
-0.6010420090046916
-0.6107647396968815
-0.6205838020799872
-0.6304803488288103
-0.6404354424041817
-0.650430050562907
-0.6604450828485088
-0.6704614330958779
-0.680459983251939
-0.6904216293572202
-0.7003273276990944
-0.7101581042350017
-0.7198950941875024
-0.729519552008887
-0.7390128784642124
-0.7483566670210627
-0.757532714496511
-0.7665230375250222
-0.7753099115853564
-0.7838758879815028
-0.7922038214799197
-0.8002768978465286
-0.8080786401881791
-0.8155929586533419
-0.8228041435520306
-0.8296969005511642
-0.8362563764963236
-0.8424681737854609
-0.8483183617710987
-0.8537935114007723
-0.8588807028537522
-0.8635675461514892
-0.86784218575203
-0.8716933457234185
-0.8751103127918974
-0.8780829560874515
-0.8806017599095937
-0.8826578206852689
-0.8842428509550116
-0.8853492027677647
-0.8859698783630172
-0.8860985232759931
-0.8857294392168203
-0.8848576068138371
-0.8834786741818459
-0.8815889503730598
-0.8791854432120366
-0.8762658276437298
-0.8728284645554465
-0.8688723957130532
-0.8643973512180232
-0.8594037284946553
-0.8538926162980852
-0.8478657699703899
-0.8413256071828725
-0.8342752259976203
-0.8267183660090908
-0.8186594250809712
-0.8101034501671521
-0.8010561022101762
-0.7915236815322501
-0.7815130985409572
-0.7710318599615089
-0.7600880651108114
-0.7486903909430319
-0.7368480743124207
-0.7245709011989434
-0.7118691904215546
-0.6987537859268365
-0.6852360204376217
-0.6713277189542203
-0.6570411767568815
-0.6423891360313978
-0.6273847644913007
-0.6120416539874144
-0.5963737807882629
-0.5803955012355915
-0.5641215194829672
-0.5475668850595556
-0.5307469405831081
-0.513677343343889
-0.49637400828318484
-0.4788530967866368
-0.4611310192561934
-0.44322436983201907
-0.425149945887995
-0.40692468796790027
-0.388565698378868
-0.37009018780366015
-0.3515154746510441
-0.33285893329337707
-0.31413801525641977
-0.2953701855008409
-0.2765729277262334
-0.2577637228816454
-0.238959995303117
-0.2201791320783839
-0.20143845064933638
-0.1827551539428273
-0.16414634541955547
-0.1456289766957345
-0.12721985015636753
-0.10893558399827197
-0.09079260926798612
-0.0728071347058187
-0.05499513244559103
-0.03737231781900021
-0.01995413539935277
-0.002755752081660183
0.014207994857325712
0.030922569230311066
0.047373799639579814
0.06354784396416417
0.07943126352564184
0.09501098886932066
0.1102743541323844
0.12520911161845028
0.13980345336260022
0.15404600526173254
0.16792584220587284
0.18143253118813407
0.19455610005868912
0.2072870620491694
0.21961645125711146
0.2315357992748015
0.24303715779815044
0.25411310874010135
0.2647567724256536
0.27496180590742725
0.28472242709694656
0.29403339965626457
0.30289004514355483
0.311288258936785
0.31922450857649115
0.32669582698727534
0.3336998260290283
0.34023468995766787
0.3462991932509648
0.35189267576423244
0.3570150661665996
0.3616668566780062
0.3658491451487165
0.3695635685843229
0.37281236595423534
0.3755983162921232
0.3779247832859629
0.3797956742395754
0.3812154561458975
0.38218914389410735
0.38272227599482217
0.3828209458255825
0.3824917482723286
0.38174179754240584
0.3805787065864176
0.37901059360045697
0.3770460362655731
0.3746941040732658
0.37196430481364295
0.3688665961694397
0.36541136963843873
0.3616094267052435
0.35747195978887547
0.35301056475390424
0.34823719159101074
0.34316414761022535
0.3378040750998052
0.33216992693224373
0.32627496182899707
0.320132713845021
0.3137569862457806
0.3071618091277445
0.30036145891502
0.29337038942815963
0.2862032437098999
0.27887483506278155
0.27140010940961073
0.2637941248853712
0.2560720576192963
0.24824913392932454
0.24034065614711317
0.23236194328069326
0.22432833199445354
0.21625515724971853
0.20815769769599754
0.2000511946634454
0.1919508065676037
0.18387159782726026
0.17582850575930264
0.1678363301313393
0.15990971103887106
0.1520630983285309
0.14431074047858988
0.13666666347335407
0.129144651362324
0.1217582117117525
0.11452058832588594
0.10744470799002885
0.10054318391904565
0.09382829831334823
0.08731196612827404
0.08100574114765903
0.07492079346888042
0.06906788381579937
0.06345737027325286
0.058099168203841214
0.05300276283496685
0.04817717846280282
0.043630980322989454
0.03937225722546086
0.03540861160481824
0.03174716278737222
0.028394518215480266
0.025356786710426692
0.022639561046171226
0.020247918035513793
0.018186416814781385
0.016459095126150045
0.015069451479055017
0.01402047448177357
0.013314625543695675
0.0129538360864331
0.012939520870073636
0.01327257567966029
0.013953382150860713
0.0149818120754801
0.01635724474419527
0.018078553965703643
0.020144130888628792
0.022551905298511168
0.02529931726670522
0.028383368597892332
0.03180061523212476
0.03554718408319913
0.03961879366388914
0.04401074086466207
0.048717968997782905
0.05373503420233721
0.059056139311805346
0.06467515675004261
0.0705856574198072
0.07678089862426443
0.08325387461076704
0.08999731058469979
0.09700370242959608
0.1042653422665805
0.11177430655820837
0.1195225196410751
0.12750174882298054
0.1357036303194455
0.14411970025721754
0.1527414158345426
0.16156016169095774
0.17056729860672493
0.1797541582995093
0.18911208625200435
0.19863246021994194
0.20830670468993773
0.21812631082609618
0.22808287404248542
0.23816809417808818
0.2483738116042618
0.25869201166982053
0.2691148658949763
0.2796347253779233
0.290244160572432
0.30093595450039096
0.31170315128085163
0.3225390368554878
0.3334371804031997
0.34439143481775325
0.35539595020688713
0.3664451868156701
0.37753393137975577
0.3886573020233235
0.3998107514393978
0.41099009023904737
0.4221914679278055
0.4334114097450849
0.4446467882014744
0.4558948595386422
0.4671532327368077
0.4784198947087904
0.48969319048998416
0.5009718415603629
0.5122549272253017
0.5235418815568205
0.5348324983708252
0.5461269152522024
0.5574256025847978
0.5687293679394674
0.5800393321157495
0.5913569317772248
0.6026838858715268
0.6140222136223416
0.6253741929330933
0.6367423533304754
0.6481294646386383
0.6595385275727118
0.6709727295850957
0.6824354526166745
0.693930244793762
0.7054607972454274
0.717030930157724
0.7286445665145631
0.7403057162642469
0.7520184518902129
0.763786877979837
0.7756151374261918
0.7875073468270023
0.7994676152895523
0.8114999892036571
0.8236084541199531
0.835796894721928
0.8480690875759076
0.8604286620854154
0.8728790946234185
0.8854236800597644
0.8980655116085794
0.9108074545170328
0.9236521422908178
0.9366019344896469
0.949658917518025
0.9628248823331068
0.9761012975402884
0.9894893018614294
1.0029896906472064
1.016602898829157
1.0303289772280397
1.0441675943738749
1.0581180280433615
1.0721791268635146
1.0863493452218251
1.1006266939423124
1.115008752989878
1.1294926712256335
1.1440751528948068
1.1587524465786858
1.1735203643123584
1.1883742635495802
1.2033090517710052
1.2183191965064304
1.2333987202333816
1.2485412067680972
1.2637398052295452
1.2789872424010382
1.2942758258453324
1.3095974628813205
1.324943643464268
1.3403054943470263
1.355673752422377
1.3710388079137887
1.3863906923364566
1.4017191244015617
1.4170134981718217
1.432262916925878
1.4474562055332039
1.4625819453221334
1.4776284559586248
1.4925838632032327
1.5074360822944506
1.5221728665200298
1.5367818091961059
1.5512503740720032
1.565565925445282
1.579715740774403
1.5936870363352842
1.6074669967181383
1.6210427941095766
1.6344016053280692
1.6475306481592114
1.6604171984003877
1.6730486114796541
1.6854123457592485
1.697495995961603
1.7092872937544588
1.720774153969058
1.731944673169138
1.7427871671034891
1.753290191097705
1.7634425462634091
1.7732333050899023
1.7826518334619357
1.7916878103364162
1.8003312265280622
1.8085724208657183
1.8164020873927065
1.8238112748189244
1.8307914274950141
1.8373343738165433
1.8434323474610774
1.8490779891235591
1.8542643611146985
1.8589849592124816
1.8632337069286902
1.8670049608695447
1.8702935378670553
1.8730946781314268
1.8754040870861346
1.8772179124100148
1.8785327475063254
1.8793456282845076
1.8796540402728363
1.8794559166903033
1.8787496046166066
1.877533908625996
1.8758080290025998
1.8735716067273516
1.8708246753874616
1.8675676765363034
1.8638014382445016
1.8595271692499855
1.8547464441947827
1.8494611905348899
1.8436736910961273
1.8373865463837524
1.8306026881166682
1.8233253348982827
1.8155580085108105
1.8073045014601137
1.7985688661628172
1.7893554014915838
1.7796686335147092
1.7695133107519232
1.7588943672987734
1.7478169344678731
1.736286317947919
1.7243079616970236
1.711887450856366
1.6990305201180815
1.6857429876065266
1.6720307756069153
1.6578999039610016
1.6433564486106493
1.6284065491664768
1.6130563929674178
1.5973122022825883
1.5811802250190357
1.5646667181188652
1.5477779475159248
1.530520172178183
1.5128996550800422
1.4949226152909068
1.4765952607467836
1.4579237661530349
1.438914275217394
1.4195728844281037
1.399905640510594
1.3799185682959256
1.359617618198959
1.3390087152580141
1.3180977271686753
1.296890467819856
1.2753927156459002
1.2536102065924346
1.231548632267944
1.2092136545846788
1.1866108942402582
1.1637459664682057
1.1406244466365645
1.1172519066408761
1.0936339144590785
1.0697760354886372
1.0456838548735174
1.0213629651944207
0.9968189921801784
0.9720576054393582
0.947084520506801
0.9219055093618733
0.8965264102744626
0.8709531413536546
0.8451917171198501
0.8192482426240285
0.7931289434381403
0.7668401630634848
0.7403883681430903
0.7137801899147447
0.6870223863804823
0.6601219057310118
0.633085846225508
0.6059214961125509
0.5786363377173794
0.5512380477085616
0.5237345131800952
0.49613383368830793
0.4684443279908367
0.4406745334808803
0.41283324697257223
0.3849294694142415
0.3569724621881133
0.32897172509517686
0.3009369940803165
0.2728782689531721
0.24480578239387288
0.2167300252905105
0.18866171842196142
0.16061184082871593
0.13259160359689867
0.10461245370165269
0.0766860542559433
0.048824326802668475
0.02103936512254396
-0.006656500800576744
-0.03425074756605623
-0.06173067574883128
-0.08908339066125547
-0.11629585357750863
-0.14335485961135344
-0.17024707480168005
-0.1969590371306038
-0.22347718441658215
-0.24978785774915624
-0.27587733519119906
-0.3017318294518864
-0.3273375272102895
-0.3526805949983328
-0.37774719685360847
-0.4025235362206663
-0.42699584692893033
-0.4511504416447894
-0.4749737228862833
-0.4984521940240891
-0.5215725026941139
-0.5443214574792972
-0.5666860372139259
-0.5886534317874755
-0.6102110625024361
-0.6313465997085407
-0.6520479835919823
-0.6723034490890427
-0.6921015732656928
-0.7114312515359683
-0.7302817652965842
-0.7486427773901411
-0.7665043544034831
-0.7838570143421786
-0.8006917068971974
-0.8169998684436209
-0.8327734241418301
-0.84800481603909
-0.8626870059109891
-0.8768135175354616
-0.8903784212419935
-0.9033763836148364
-0.9158026617619733
-0.927653108168489
-0.9389242183270518
-0.9496131056339336
-0.9597175302220485
-0.9692359079068271
-0.9781673122605384
-0.9865114919139474
-0.9942688668241972
-1.0014405254150547
-1.0080282680663366
-1.0140345504156736
-1.0194625313956078
-1.0243160567165608
-1.0285996551657408
-1.032318529661223
-1.0354785800216961
-1.0380863675881042
-1.0401491231841375
-1.041674735410866
-1.0426717555966538
-1.043149365461775
-1.043117373776842
-1.0425862200743117
-1.0415669382463772
-1.0400711555300237
-1.0381110742663515
-1.035699450015479
-1.0328495858606788
-1.0295752993471763
-1.0258909097783155
-1.021811223142327
-1.0173515018192134
-1.012527441855378
-1.0073551642797363
-1.0018511739372165
-0.9960323459035024
-0.9899158944534245
-0.9835193527041534
-0.9768605482955571
-0.9699575720253866
-0.9628287495825092
-0.955492617766935
-0.9479679009198296
-0.940273478120104
-0.9324283557840628
-0.9244516419337294
-0.9163625105730886
-0.9081801916785318
-0.8999239187772974
-0.8916129266666507
-0.8832664020542158
-0.8749034589182447
-0.8665431327527376
-0.8582043297853862
-0.8499058022068061
-0.8416661350074122
-0.8335037147125212
-0.8254366958200992
-0.8174829820471515
-0.8096602044876593
-0.8019856963149979
-0.7944764658507747
-0.7871491774843516
-0.7800201271793097
-0.7731052317299362
-0.7664199867995205
-0.7599794714805659
-0.7537983114118434
-0.7478906743754341
-0.7422702435451878
-0.736950203803207
-0.7319432304888753
-0.7272614744145507
-0.722916538910012
-0.7189194827248947
-0.7152807955874181
-0.7120103953797238
-0.7091176164321482
-0.706611198948636
-0.7044992847247542
-0.7027894082370335
-0.7014884926057429
-0.7006028423949697
-0.7001381405912618
-0.7000994493416551
-0.7004912062844864
-0.701317223675969
-0.7025806801416344
-0.7042841381038613
-0.7064295327668146
-0.7090181798612725
-0.7120507722403391
-0.7155274026158004
-0.7194475450178075
-0.7238100765849766
-0.728613279050495
-0.7338548447300668
-0.7395318923150698
-0.7456409678206041
-0.7521780509739483
-0.7591385793523542
-0.7665174493188848
-0.7743090232562475
-0.782507153626104
-0.7911051874527021
-0.8000959833041656
-0.8094719118492433
-0.8192248931985296
-0.8293463917119925
-0.8398274374312418
-0.8506586397333208
-0.8618302033887506
-0.8733319462435927
-0.8851533115305152
-0.8972833858708376
-0.9097109102835769
-0.9224243049034095
-0.9354116821833562
-0.9486608591168753
-0.9621593813915326
-0.9758945289509804
-0.9898533502237503
-1.0040226590531556
-1.0183890658225112
-1.0329389870942884
-1.0476586656294784
-1.0625341853888512
-1.0775514866324156
-1.0926963834468688
-1.1079545808612865
-1.1233116907916232
-1.1387532432012384
-1.1542647096114331
-1.169831510937525
