1025
1.3603938256546262
1.3608203327493387
1.3612464465668166
1.3616721666243292
1.362097497622243
1.362522447958807
1.362947014873455
1.3633712074984727
1.363795028892277
1.3642184774769788
1.3646415684730784
1.3650642974293365
1.3654866709461793
1.3659086913923846
1.3663303631242618
1.3667516906129464
1.3671726812443505
1.367593333319207
1.368013653423247
1.3684336453545314
1.3688533104908487
1.3692726570769147
1.369691685706078
1.3701104026475668
1.370528807540454
1.3709469092383144
1.3713647085968563
1.371782210648174
1.3721994178070867
1.3726163357116201
1.373032967282878
1.373449316161421
1.373865388000185
1.3742811800562051
1.374696704221154
1.3751119588847114
1.3755269469288038
1.3759416779759779
1.3763561534075903
1.376770371869903
1.3771843434561906
1.3775980674799797
1.3780115481466508
1.3784247928841658
1.3788378004681945
1.379250576963714
1.3796631252209894
1.380075447620394
1.3804875499284646
1.3808994356763395
1.3813111056722163
1.3817225669231001
1.3821338223886541
1.3825448681813073
1.3829557215408492
1.3833663744655216
1.3837768360261473
1.3841871023812315
1.3845971858325383
1.3850070859254018
1.385416806009086
1.3858263509149977
1.3862357196234563
1.3866449199965012
1.3870539532425978
1.3874628223882535
1.3878715335011091
1.3882800859764537
1.3886884851043115
1.3890967360943007
1.3895048395968588
1.3899127969822096
1.390320615571069
1.3907282975347826
1.3911358424711238
1.3915432539705006
1.391950541268298
1.3923577027668195
1.3927647401771506
1.3931716607739828
1.3935784639648365
1.3939851553677152
1.3943917359014215
1.3947982106310997
1.395204582339028
1.3956108499966347
1.3960170209962988
1.3964230995668667
1.3968290830587693
1.3972349773606325
1.3976407882727941
1.3980465109668967
1.398452157924909
1.3988577244346736
1.3992632169107817
1.3996686340490052
1.4000739855462117
1.4004792718250463
1.4008844911766358
1.4012896512494482
1.4016947522865226
1.4020997949715737
1.4025047886482798
1.402909732032548
1.40331462504182
1.403719474807122
1.4041242822732791
1.4045290475425092
1.4049337795965802
1.4053384742784747
1.4057431398724864
1.406147774465363
1.4065523796775106
1.4069569636747639
1.4073615216711188
1.4077660658666022
1.4081705886103522
1.408575097082664
1.408979595065254
1.4093840823706827
1.4097885623151607
1.4101930344271065
1.410597506538023
1.4110019796920152
1.4114064520919978
1.4118109298357284
1.4122154119492252
1.4126199015916714
1.4130244055863115
1.4134289220989933
1.41383345188542
1.4142380018338045
1.4146425684331612
1.4150471571955185
1.4154517706743905
1.4158564080650988
1.4162610752121885
1.416665774934647
1.417070504155558
1.4174752637427768
1.417880063798365
1.4182849000389655
1.418689777295448
1.4190946956599024
1.4194996600649143
1.4199046670854207
1.4203097255609147
1.4207148306151811
1.4211199859055743
1.4215251960647974
1.4219304625829217
1.42233578521996
1.422741164275877
1.4231466080125796
1.4235521102760909
1.4239576765419457
1.4243633061470407
1.4247690047856056
1.4251747712949963
1.4255806105666282
1.4259865218313172
1.4263925022571222
1.4267985619999441
1.427204699537161
1.4276109111381545
1.4280172037868337
1.4284235807191432
1.4288300356558603
1.4292365769789657
1.429643204252892
1.4300499131876951
1.430456716644806
1.4308636080136015
1.4312705922770987
1.4316776661036457
1.4320848337954195
1.432492097207885
1.4328994549704468
1.4333069092676773
1.4337144666797117
1.434122124068283
1.4345298757942642
1.4349377360460864
1.43534569740926
1.4357537599922001
1.4361619328670963
1.4365702113550047
1.4369785972056501
1.4373870911149524
1.4377956924488609
1.4382044066231519
1.4386132340209519
1.4390221724878753
1.4394312226996693
1.4398403892154885
1.4402496682219743
1.4406590662058656
1.4410685807452792
1.4414782116309268
1.4418879626422743
1.4422978345368203
1.4427078207824728
1.4431179321536982
1.4435281633937767
1.4439385162792864
1.4443489938455953
1.4447595915576241
1.4451703147643946
1.4455811651389694
1.4459921379984593
1.4464032380085128
1.446814464996313
1.4472258169479655
1.4476372981115548
1.4480489000456698
1.4484606377041498
1.4488725013568007
1.449284496645856
1.4496966185021016
1.4501088687526933
1.4505212522942459
1.45093376280014
1.4513464079674117
1.4517591826280731
1.4521720845406758
1.452585122993066
1.45299828856903
1.453411589119112
1.4538250211350414
1.454238583453954
1.454652280217038
1.45506610400584
1.4554800638330208
1.4558941558060123
1.4563083782488535
1.4567227351675214
1.457137222969729
1.4575518439703814
1.4579665951028955
1.4583814799384336
1.4587964973900867
1.4592116438992957
1.4596269216726814
1.460042334577086
1.4604578741444845
1.4608735457171222
1.4612893490748606
1.4617052856588915
1.4621213426592936
1.4625375343613867
1.4629538588761868
1.4633703095272632
1.463786888556915
1.4642035947989118
1.4646204279588608
1.4650373900077316
1.4654544777069494
1.465871691778478
1.4662890331067326
1.4667064963729808
1.467124085485752
1.467541798236102
1.467959634800037
1.4683775908048626
1.4687956714905523
1.46921387451963
1.4696321942998107
1.4700506349023736
1.4704691960752887
1.470887873674077
1.47130666962964
1.4717255792803
1.4721446067157098
1.4725637471339688
1.4729829990688672
1.4734023641561644
1.47382184876521
1.4742414339137373
1.474661135303104
1.475080940200775
1.4755008579173854
1.4759208814518672
1.4763410080829893
1.4767612364688274
1.477181573774805
1.4776020090862174
1.4780225452394802
1.4784431799485873
1.4788639181767942
1.4792847464433547
1.479705673997432
1.4801266939746047
1.4805478114892763
1.4809690152560653
1.481390311906973
1.4818116920206228
1.4822331669113145
1.4826547264668433
1.4830763690822357
1.4834980924081578
1.4839198952902743
1.4843417825746994
1.4847637456385203
1.4851857850212546
1.4856078997130406
1.4860300878524957
1.4864523463456334
1.4868746755206148
1.4872970716610499
1.4877195360693676
1.4881420646293895
1.4885646528245269
1.4889873035610441
1.4894100134263015
1.4898327823253386
1.4902556053809506
1.4906784794677375
1.491101407058887
1.491524383900547
1.4919474078221475
1.492370476942515
1.4927935890447646
1.4932167433586847
1.4936399343403324
1.4940631625484988
1.4944864288811932
1.4949097271614373
1.4953330514774268
1.4957564112549915
1.49617979141792
1.4966031969776934
1.4970266248806825
1.4974500686373209
1.497873530547797
1.4982970083418983
1.498720499954875
1.4991439987155568
1.4995675029781896
1.4999910174395663
1.500414530694982
1.5008380412353763
1.5012615518669892
1.501685056491737
1.502108554242238
1.5025320420475992
1.502955515920004
1.5033789721162252
1.5038024120516846
1.5042258322497957
1.5046492268233909
1.5050725942114074
1.5054959316645684
1.505919239087487
1.5063425123759524
1.5067657440863007
1.5071889386564408
1.5076120873856462
1.5080351916016774
1.5084582427848363
1.50888124620764
1.5093041926124553
1.5097270777804297
1.510149908770445
1.510572670763515
1.5109953637417528
1.511417988278626
1.5118405388581675
1.5122630132667838
1.5126854071396993
1.513107717213888
1.5135299410275567
1.5139520749945723
1.5143741193484566
1.514796062879478
1.5152179092215365
1.5156396519401896
1.5160612882567783
1.5164828149765166
1.5169042279155973
1.5173255271655164
1.5177467071503843
1.5181677598140453
1.5185886894660965
1.5190094864601604
1.5194301486311348
1.519850676863494
1.520271061397363
1.5206912992836215
1.5211113923290498
1.5215313334483294
1.521951115783202
1.522370743381926
1.5227902000160376
1.5232095005308879
1.523628624587149
1.52404757457683
1.524466346271168
1.5248849390074777
1.5253033405286667
1.5257215553001104
1.5261395787672813
1.5265574001057347
1.5269750227990464
1.5273924353122266
1.5278096449787002
1.52822663562321
1.5286434133092814
1.5290599651592165
1.5294762927010286
1.5298923918964962
1.5303082550527727
1.5307238823538127
1.5311392639266315
1.5315543993083611
1.531969287247044
1.5323839167093283
1.5327982910786786
1.5332123962560005
1.5336262395228872
1.5340398061096536
1.5344530993984171
1.534866104553016
1.5352788336080305
1.5356912683567587
1.5361034096951727
1.536515250747993
1.5369267914226186
1.537338025273023
1.5377489405686102
1.538159545454109
1.5385698223582807
1.5389797808690533
1.5393894085863016
1.5397986982642793
1.5402076481671998
1.5406162555183198
1.5410245102762605
1.5414324125447203
1.5418399558197224
1.5422471368330246
1.5426539505042536
1.5430603876136637
1.5434664504822553
1.5438721306499892
1.5442774232777827
1.5446823202767246
1.545086822877363
1.5454909205361271
1.5458946161344964
1.5462978926898414
1.546700758232453
1.547103198792316
1.547505214247372
1.547906797609889
1.5483079414264644
1.548708645182329
1.5491089016103627
1.5495087004766537
1.549908044996539
1.5503069295774432
1.5507053427020083
1.551103284079902
1.551500744700358
1.5518977225121409
1.5522942114901916
1.5526902066838248
1.5530857026225546
1.5534806926071922
1.5538751739825623
1.5542691379868934
1.5546625836001016
1.5550554995531192
1.555447884834547
1.5558397361065932
1.5562310380364477
1.5566217977460566
1.557012001459069
1.5574016456399373
1.5577907293309845
1.5581792377502688
1.5585671700132013
1.5589545239050162
1.5593412915087492
1.5597274638594296
1.5601130372233754
1.5604980071234842
1.5608823728177117
1.5612661170718969
1.5616492419474866
1.5620317423114147
1.5624136067387155
1.5627948361124264
1.563175421735471
1.5635553565484654
1.5639346367438802
1.564313252384429
1.564691204825912
1.565068481724347
1.5654450787748706
1.5658209935811245
1.5661962188298484
1.5665707476041977
1.5669445679605087
1.5673176830099549
1.5676900865684462
1.5680617652706366
1.5684327180359516
1.5688029378560098
1.569172422087796
1.5695411590974893
1.5699091469889987
1.570276376217537
1.570642845762836
1.571008539131745
1.5713734655469607
1.5717376073957263
1.5721009628074198
1.5724635206239255
1.572825283822636
1.573186236860403
1.573546379040325
1.5739057037571327
1.5742642029235236
1.5746218679078314
1.5749786992271566
1.5753346869931513
1.5756898257495193
1.5760441043055096
1.5763975226762579
1.5767500745245424
1.577101745299445
1.577452534470082
1.5778024405203472
1.5781514495361457
1.5784995591619895
1.5788467586926394
1.579193046167023
1.5795384131215506
1.5798828537087508
1.5802263589698884
1.5805689260278715
1.5809105477078729
1.5812512164980472
1.581590922938794
1.5819296684604311
1.5822674385266127
1.5826042285668709
1.5829400350568645
1.5832748503672305
1.5836086633960242
1.5839414745605256
1.5842732726376512
1.5846040497060936
1.5849338056850302
1.5852625240357985
1.5855902085187934
1.5859168469374207
1.5862424341391936
1.5865669574496166
1.5868904192953759
1.587212808223301
1.5875341166529742
1.587854343055958
1.5881734760585882
1.5884915078719695
1.5888084318735651
1.5891242492352045
1.5894389422124175
1.5897525115273214
1.5900649445679231
1.5903762414539129
1.5906863893022365
1.5909953828035936
1.5913032162823517
1.5916098833022416
1.5919153744672463
1.5922196868261353
1.5925228060762509
1.5928247337901715
1.5931254609478513
1.593424980300673
1.5937232816826734
1.5940203571207654
1.5943162078448145
1.594610822278188
1.594904189021674
1.5951963108781
1.595487170131038
1.595776768145239
1.5960650941533443
1.5963521409551373
1.5966378998910535
1.5969223730185769
1.5972055424990679
1.5974874049717627
1.597767956390997
1.5980471873456648
1.5983250904603816
1.5986016584997151
1.5988768850689372
1.599150763200868
1.5994232876186831
1.599694449006201
1.599964239442291
1.6002326490101184
1.6004996810487393
1.6007653219759794
1.6010295631888185
1.6012923999316835
1.6015538244152905
1.6018138328419547
1.6020724062359328
1.60232955204572
1.6025852556229572
1.6028395111225788
1.6030923154302252
1.6033436547703213
1.6035935251872895
1.6038419210049821
1.6040888346463182
1.6043342562201572
1.6045781821946237
1.6048205984562929
1.6050615069202026
1.6053008989390303
1.6055387605605074
1.6057750907804171
1.606009880678903
1.6062431233279055
1.6064748096673054
1.6067049359138295
1.606933494906914
1.607160475231527
1.6073858746499907
1.6076096844329053
1.6078318936859164
1.6080524993738625
1.6082714952049106
1.6084888740697072
1.6087046216561316
1.608918737941042
1.609131217045772
1.6093420473677924
1.6095512219907917
1.6097587369446906
1.6099645790640644
1.6101687472093487
1.6103712342102214
1.6105720276999216
1.6107711265730418
1.610968521284285
1.6111642052801272
1.611358168722751
1.6115504063972221
1.611740909333148
1.6119296759553867
1.6121166935770617
1.6123019552554876
1.612485459069147
1.6126671961471788
1.612847152901459
1.6130253269691752
1.6132017156339566
1.613376301836779
1.6135490842250908
1.613720059381858
1.6138892182203286
1.61405654847385
1.6142220466751618
1.6143857048493602
1.6145475196773096
1.6147074784302058
1.6148655747970557
1.6150218102863874
1.6151761676927678
1.6153286453426199
1.6154792315159288
1.6156279216732325
1.6157747123681896
1.6159195918897191
1.61606255587116
1.6162035970742894
1.6163427101132217
1.6164798777256821
1.6166151040727275
1.6167483813724617
1.616879698937057
1.617009050556908
1.6171364307518972
1.6172618318866148
1.617385247674067
1.6175066723185991
1.617626094193417
1.6177435081950915
1.6178589131017012
1.6179722929526927
1.6180836515198953
1.6181929687418017
1.6183002474033323
1.6184054788476196
1.6185086539284983
1.6186097704613591
1.6187088160090868
1.618805788618132
1.6189006805533583
1.618993479828944
1.6190841851281488
1.6191727895591024
1.6192592858575834
1.6193436661681182
1.6194259238891375
1.6195060523590326
1.6195840428218464
1.6196598952710202
1.6197335939321866
1.6198051435240548
1.6198745252668678
1.6199417398956786
1.6200067793858357
1.6200696355140771
1.6201303070993525
1.6201887773210728
1.6202450516046896
1.620299113485281
1.6203509606228403
1.620400589799353
1.6204479893474417
1.6204931537668037
1.6205360795587425
1.6205767539300717
1.6206151766138852
1.6206513420048667
1.6206852392506679
1.6207168626039512
1.6207462082810664
1.620773267220864
1.6207980362150063
1.6208205069464008
1.62084066995501
1.620858523572293
1.6208740620186235
1.6208872731225676
1.6208981601709542
1.6209067071170864
1.6209129157315127
1.6209167749524327
1.6209182767069172
1.620917419588343
1.6209141974655341
1.6209086006420788
1.6209006276363327
1.6208902653509134
1.6208775189816653
1.620862370789157
1.6208448234050128
1.6208248622686048
1.6208024866954753
1.620777694082033
1.6207504733751754
1.6207208186096818
1.6206887271056916
1.6206541895503939
1.6206172030670667
1.620577761500394
1.6205358549353315
1.6204914831837025
1.6204446351444235
1.6203953097998585
1.6203434989920427
1.6202891990894717
1.6202324033768614
1.620173102477472
1.620111297850374
1.6200469791968597
1.619980136850215
1.619910775278236
1.6198388835363653
1.6197644538037175
1.6196874885865937
1.6196079718622258
1.6195259069544732
1.6194412806604463
1.6193540957776007
1.6192643415333345
1.6191720165163679
1.6190771083922804
1.6189796207180351
1.6188795425223774
1.6187768693949283
1.618671597816914
1.6185637196575373
1.618453233283392
1.618340131312721
1.6182244084883544
1.6181060615867142
1.6179850840609922
1.6178614720751772
1.6177352182833264
1.6176063196055301
1.617474770605577
1.6173405678979778
1.6172037046609917
1.617064176136295
1.6169219785353024
1.6167771054482944
1.6166295533119053
1.616479317219475
1.6163263922401618
1.6161707745841816
1.6160124568677559
1.6158514367045793
1.6156877107949676
1.6155212681962077
1.6153521157403066
1.61518024071058
1.6150056405456332
1.6148283067106792
1.6146482407452531
1.6144654382038675
1.6142798903437767
1.6140915935779152
1.6139005473998143
1.6137067422758393
1.613510179012291
1.6133108520953365
1.613108755303373
1.612903884840448
1.6126962417398387
1.6124858121704455
1.6122725996813263
1.6120565995145695
1.61183780477814
1.611616212778396
1.6113918197455162
1.611164623156072
1.6109346166933658
1.610701800301766
1.610466164586712
1.6102277115500603
1.609986432270585
1.6097423266676008
1.6094953893072204
1.6092456191663869
1.6089930082642385
1.6087375553623955
1.6084792580978768
1.6082181147787522
1.6079541164554696
1.607687262331339
1.6074175514683253
1.6071449759065015
1.6068695332082787
1.6065912267260545
1.6063100447150063
1.6060259879738399
1.6057390540564502
1.6054492360530355
1.6051565356339412
1.6048609472738493
1.6045624695465426
1.6042610921639657
1.6039568233505344
1.603649654768556
1.603339583010383
1.6030266063374767
1.602710720598501
1.6023919221985479
1.6020702155328022
1.6017455898044588
1.6014180463082488
1.6010875799987099
1.6007541926941522
1.6004178787869716
1.6000786349228928
1.5997364590340395
1.5993913497060754
1.599043307042757
1.598692321536511
1.5983383978134071
1.5979815290305117
1.5976217193360076
1.5972589568120226
1.5968932508710243
1.5965245912270882
1.5961529813700057
1.5957784096678365
1.5954008865432987
1.5950203989451273
1.5946369521142487
1.5942505428173865
1.5938611690431086
1.59346883017027
1.5930735204823272
1.5926752406679212
1.5922739897996154
1.5918697659968282
1.5914625704641383
1.5910523927397242
1.5906392424710005
1.5902231101072646
1.5898039987346182
1.5893819054792342
1.5889568316129625
1.5885287659585432
1.5880977214663092
1.5876636903356771
1.587226671148519
1.5867866591074096
1.586343660856722
1.585897668603094
1.5854486870365667
1.5849967111317962
1.584541745263554
1.5840837818182234
1.5836228259175031
1.5831588718951
1.582691922300606
1.5822219757472293
1.581749030602252
1.581273085539527
1.580794142932871
1.580312204375844
1.579827264093779
1.5793393202881099
1.5788483798063306
1.5783544387703958
1.5778574977649429
1.5773575516933636
1.5768546066617863
1.5763486610171729
1.5758397155485173
1.5753277654437148
1.5748128161550512
1.5742948650341415
1.5737739111453384
1.573249960055891
1.5727230045581184
1.5721930507641098
1.5716600973939903
1.571124143525263
1.5705851916102342
1.5700432406582745
1.5694982903812191
1.5689503432654124
1.5683994001200363
1.567845457570468
1.5672885198968394
1.5667285884118973
1.5661656672494773
1.5655997447123047
1.5650308335690812
1.5644589274047216
1.5638840374664287
1.563306154907317
1.5627252827847622
1.5621414241509384
1.5615545764914411
1.560964746657721
1.5603719324281982
1.55977613832607
1.5591773608020978
1.5585756032482845
1.5579708692034107
1.5573631580066802
1.5567524720613404
1.5561388119249353
1.5555221802816985
1.5549025794912346
1.5542800104899295
1.5536544744450769
1.553025973457985
1.552394510726189
1.5517600866950731
1.551122705236843
1.550482366941185
1.549839072136722
1.5491928254488687
1.5485436279186702
1.5478914814289553
1.5472363925511594
1.5465783608549588
1.5459173839375733
1.5452534723485947
1.544586621322282
1.5439168413019217
1.543244127376879
1.5425684853348378
1.5418899187534036
1.5412084299613675
1.5405240187054248
1.5398366924469957
1.5391464530897951
1.5384532986642092
1.537757236752786
1.537058272446652
1.5363564044257
1.5356516377339389
1.5349439758961887
1.534233419382576
1.533519975690477
1.5328036447994473
1.5320844350713285
1.5313623427858443
1.5306373753617657
1.529909535140219
1.5291788275273612
1.5284452557105381
1.5277088216698849
1.526969530517053
1.5262273864658982
1.5254823961456379
1.5247345540603958
1.5239838717881655
1.5232303529624538
1.5224740018187763
1.5217148207762923
1.5209528131230803
1.520187984821015
1.519420337688358
1.5186498819438277
1.5178766119827722
1.5171005428470137
1.516321674251066
1.5155400107482102
1.5147555553926295
