1025
-1.3629731537925136
-1.3614959337961867
-1.3600105573980372
-1.3585170444672097
-1.3570153942013221
-1.3555055913562897
-1.3539876648286502
-1.352461596270577
-1.3509273911800466
-1.3493850745368587
-1.3478346036656212
-1.3462760142894559
-1.3447092983600886
-1.3431344645491352
-1.3415515135486036
-1.3399604463462405
-1.338361251180455
-1.3367539534115642
-1.3351385450369075
-1.3335150293655562
-1.3318834188793809
-1.330243699676392
-1.328595887366995
-1.3269399754436098
-1.3252759841582322
-1.32360389617445
-1.3219237268808444
-1.3202354747270506
-1.3185391484926314
-1.3168347445295199
-1.315122269304995
-1.3134017274734842
-1.311673114796903
-1.3099364607455062
-1.3081917371485057
-1.3064389685057467
-1.304678162197421
-1.3029092988096314
-1.3011323915464412
-1.2993474643962686
-1.297554495897952
-1.2957535078620188
-1.293944502240487
-1.2921274681770947
-1.290302429307356
-1.2884693809510404
-1.2866283300144443
-1.2847792861602791
-1.2829222453715228
-1.2810572125365138
-1.2791842035266496
-1.2773032091308678
-1.2754142367357535
-1.2735173210438533
-1.2716124121070091
-1.2696995611294604
-1.2677787507505514
-1.2658500157370682
-1.2639133261253925
-1.261968702667812
-1.2600161512741528
-1.2580556718802844
-1.2560872876492908
-1.254110986732397
-1.2521267830953564
-1.250134684411044
-1.248134685448811
-1.2461268079598773
-1.2441110500458261
-1.2420874104055772
-1.2400559057695473
-1.238016549763207
-1.235969332993018
-1.2339142657985698
-1.2318513691905157
-1.2297806484273943
-1.2277020859742094
-1.2256157076603895
-1.2235215262443588
-1.22141953185794
-1.2193097465651157
-1.2171921672944264
-1.2150668101188
-1.2129336741297658
-1.2107927676915122
-1.2086441144635498
-1.2064877047991747
-1.2043235410217017
-1.202151653561406
-1.1999720384750354
-1.1977846917720172
-1.1955896529460783
-1.193386891454669
-1.1911764457114817
-1.1889583100528305
-1.1867325089945266
-1.1844990235181314
-1.182257872000337
-1.180009080565272
-1.1777526383188206
-1.1754885644196438
-1.1732168755736607
-1.170937554062406
-1.1686506251605981
-1.1663561083643064
-1.1640539955231557
-1.161744302377539
-1.1594270479897841
-1.1571022170615561
-1.154769845148198
-1.1524299194279253
-1.1500824671376166
-1.1477275016759572
-1.1453650103788169
-1.142995031864103
-1.1406175375537844
-1.1382325778070423
-1.1358401436878627
-1.1334402398695826
-1.131032887042502
-1.1286180915904078
-1.1261958757230632
-1.123766227741536
-1.121329163459311
-1.1188847097207881
-1.116432862183811
-1.113973644688578
-1.1115070644208813
-1.109033114102022
-1.1065518208318548
-1.1040632016932699
-1.1015672488668886
-1.0990639961301232
-1.096553441955805
-1.0940355956645582
-1.0915104803559987
-1.0889780927013861
-1.0864384415083177
-1.083891558579258
-1.0813374605803217
-1.0787761273818075
-1.0762075956606587
-1.0736318660005781
-1.071048958347788
-1.0684588723769768
-1.065861642298906
-1.063257252369608
-1.0606457417339512
-1.0580271163560866
-1.055401377054702
-1.0527685383921925
-1.0501286208014085
-1.0474816429691267
-1.044827592231691
-1.0421665127683999
-1.039498402678006
-1.0368232844616725
-1.0341411552546325
-1.0314520399205118
-1.028755938642503
-1.0260528742359727
-1.0233428782740237
-1.0206259297137366
-1.017902054590162
-1.0151712878441375
-1.0124336215412884
-1.0096890623846113
-1.0069376552981897
-1.004179386941138
-1.0014142788856322
-0.9986423677050713
-0.9958636224602401
-0.9930780892366744
-0.99028576756018
-0.9874866908589226
-0.9846808620061877
-0.9818682932700195
-0.9790490097045652
-0.9762230223840997
-0.9733903251114893
-0.9705509503719566
-0.9677049398722545
-0.9648522571717856
-0.9619929514359485
-0.9591270419864772
-0.9562545124006526
-0.953375401248169
-0.9504897211285062
-0.9475974887525739
-0.9446987267223286
-0.9417934330628448
-0.9388816256299288
-0.9359633331792007
-0.9330385720325906
-0.9301073441978973
-0.9271696843346335
-0.924225586163762
-0.9212750790650819
-0.9183181833413118
-0.9153549035852145
-0.912385256299976
-0.9094092870237894
-0.9064269724905067
-0.9034383534837992
-0.9004434416875096
-0.8974422451582275
-0.8944348010189537
-0.8914211077347369
-0.8884011782409852
-0.8853750502136957
-0.8823427247913426
-0.8793042218483893
-0.8762595690601342
-0.8732087688768897
-0.8701518739568485
-0.8670888445960881
-0.8640197384511146
-0.8609445524440852
-0.8578633264033159
-0.8547760719345208
-0.8516827890272062
-0.8485835219890118
-0.8454782594493875
-0.8423670414698754
-0.8392498957801456
-0.8361268046891837
-0.8329978249969542
-0.8298629443113869
-0.82672219611442
-0.8235756037491843
-0.820423169850312
-0.8172649432964745
-0.8141009071029494
-0.8109310955244786
-0.807755534547014
-0.8045742271224209
-0.8013872062493504
-0.7981944821132615
-0.7949960854896281
-0.7917920212695733
-0.7885823123367819
-0.7853669918151608
-0.782146069939549
-0.7789195498011932
-0.7756874840991155
-0.7724498704158302
-0.7692067281072569
-0.7659580700891799
-0.7627039663358125
-0.7594443780592535
-0.7561793321898944
-0.7529088732520681
-0.7496330111669228
-0.7463517690599519
-0.7430651665878841
-0.7397732144902954
-0.7364759439956637
-0.7331733708507595
-0.7298655097526698
-0.7265524003787607
-0.7232340455458529
-0.7199104721219137
-0.7165816978708385
-0.7132477586089647
-0.7099086514648986
-0.7065644040700115
-0.7032150571193685
-0.6998606119659709
-0.6965010880926087
-0.6931365200705497
-0.6897669184209574
-0.6863923192069524
-0.6830127247356971
-0.6796281717786703
-0.6762386841253205
-0.6728442733209641
-0.6694449316781451
-0.6660407525765
-0.6626316916874787
-0.659217816913793
-0.6557991092595058
-0.6523756143744438
-0.6489473604986983
-0.6455143706329427
-0.6420766341942431
-0.638634211753624
-0.635187109841005
-0.6317353548001879
-0.6282789447604423
-0.6248179502834285
-0.6213523524826595
-0.6178821953995784
-0.614407476607371
-0.6109282579009903
-0.6074445301974953
-0.6039563482446417
-0.6004636843996995
-0.5969665954031742
-0.5934651054460517
-0.5899592406014323
-0.5864490225067944
-0.5829344489665064
-0.5794155707206529
-0.5758924032154396
-0.5723649669770315
-0.568833286179474
-0.5652973900807612
-0.5617572940884143
-0.5582130294751472
-0.5546646080531148
-0.5511120624261476
-0.5475554275621632
-0.5439947080256119
-0.5404299341553215
-0.5368611226342048
-0.5332883092694943
-0.5297115231167856
-0.5261307702722073
-0.5225460840120655
-0.5189574893905476
-0.5153650101012818
-0.5117686706010025
-0.5081684908739117
-0.5045645082804764
-0.5009567372044149
-0.49734518946467765
-0.49372990599849803
-0.4901109259443173
-0.4864882279279185
-0.48286188732898794
-0.47923190014200917
-0.475598294152568
-0.471961110823635
-0.4683203565507209
-0.4646760559857995
-0.46102823323710557
-0.4573769293825181
-0.45372216714331287
-0.4500639428977722
-0.44640231740023806
-0.44273731169074243
-0.43906893000522923
-0.43539721173355067
-0.43172217535417823
-0.42804384853352034
-0.42436226156249535
-0.42067744448371336
-0.4169894069184866
-0.41329817708304534
-0.4096037933343104
-0.4059062769948194
-0.40220565306342837
-0.398501937053799
-0.3947951596457083
-0.39108536536364674
-0.3873725506682337
-0.3836567644903935
-0.3799380163525775
-0.37621635429202993
-0.3724917716607779
-0.368764319443035
-0.365034028504953
-0.3613008851100734
-0.3575649621008056
-0.3538262732930859
-0.35008483128830337
-0.3463406710481093
-0.3425938152644867
-0.33884429560858526
-0.3350921384569977
-0.3313373670096585
-0.3275800098522246
-0.32382007899395904
-0.32005763278705607
-0.3162926701591861
-0.312525230145754
-0.30875533702157554
-0.3049830170198999
-0.30120829974186963
-0.29743119805243384
-0.29365174746407147
-0.28986999281370973
-0.2860859301205056
-0.2822996103950267
-0.2785110553367743
-0.2747202738560661
-0.2709273180791501
-0.2671322121643419
-0.2633349617915189
-0.2595356073600974
-0.2557341887306535
-0.2519307024415009
-0.24812522525370148
-0.24431771046980036
-0.24050825125951272
-0.23669685031804702
-0.23288353667833606
-0.22906832479572656
-0.2252512757843651
-0.22143238385159802
-0.21761167861349187
-0.21378921519200011
-0.20996499164623328
-0.20613906534735266
-0.20231141864534452
-0.19848212769142481
-0.19465117991717032
-0.1908186378165057
-0.18698450683770126
-0.18314881418821996
-0.17931160200205692
-0.1754728804143409
-0.1716327000531977
-0.16779107374789864
-0.16394801733866562
-0.16010358591041882
-0.15625777682662653
-0.15241065669291226
-0.1485622076447181
-0.14471249890904442
-0.14086152753275
-0.13700936321836582
-0.1331559686008604
-0.12930142633736702
-0.12544574330336417
-0.12158895711283231
-0.11773107846767591
-0.1138721426723593
-0.11001220724167023
-0.10615124909706278
-0.10228934793434963
-0.09842647655392686
-0.09456269301132789
-0.09069803615091529
-0.08683252266915516
-0.08296617302472378
-0.07909903681673673
-0.0752311230839351
-0.07136246687794416
-0.06749309083950954
-0.06362302435284214
-0.059752312958395074
-0.05588095686636387
-0.05200899863188739
-0.048136466602922826
-0.044263401599780566
-0.040389807699426315
-0.03651573551964314
-0.03264118263264636
-0.02876622476882475
-0.024890838677107556
-0.02101508835349841
-0.017138982788152287
-0.013262558294933233
-0.009385852326338873
-0.0055088754026820196
-0.0016316644674484158
0.0022457314776431424
0.00612331762236029
0.010001063738023362
0.013878915780275215
0.01775686520786277
0.021634868698593046
0.02551290978977653
0.029390957685433868
0.033268984737299924
0.03714696185282545
0.04102485535237012
0.04490264711204218
0.048780295155476834
0.052657788412331916
0.056535075040427436
0.06041214410901205
0.06428897500933412
0.06816550008486118
0.07204174130666527
0.07591763694225231
0.07979316635776777
0.08366831924850382
0.08754303022460404
0.09141728978856313
0.09529108185868455
0.09916436972803307
0.10303711136660944
0.1069092854138001
0.11078086850177359
0.1146518515173185
0.11852216004827168
0.12239179637504131
0.12626073486596906
0.13012892379375232
0.1339963614892564
0.1378630077482003
0.1417288290673912
0.14559380507344577
0.14945789086980701
0.15332108652771423
0.1571833382637994
0.16104462321118987
0.1649049273489549
0.1687642166014412
0.17262245857434766
0.17647960108249652
0.18033565165450105
0.1841905815165423
0.1880443324352107
0.19189689595598944
0.1957482397524635
0.19959834895995052
0.20344717330583928
0.20729470063635952
0.21114088932497482
0.21498573121445821
0.21882915654292273
0.22267119844206132
0.22651178305250136
0.23035089880257137
0.2341884981627883
0.23802458914548472
0.24185910673170016
0.245692044359716
0.24952337250010792
0.25335305622507015
0.2571810571450493
0.26100737505734867
0.2648319668018828
0.26865480828368943
0.27247585197884294
0.2762950948896334
0.28011250960087014
0.2839280351774417
0.28774166658455047
0.29155339588317947
0.2953631650777911
0.2991709619981868
0.30297674269475755
0.3067804965269143
0.31058218758248396
0.314381790738413
0.3181792684646055
0.32197460697131275
0.3257677764267756
0.3295587447133715
0.33334747295887335
0.33713396465295276
0.3409181606950714
0.34470004157507034
0.3484795916322258
0.35225677908974484
0.35603155888668236
0.3598039311748131
0.3635738505053706
0.36734128394073007
0.37110623039381324
0.37486862305399715
0.37862847626039564
0.3823857405845653
0.38614039502164155
0.38989238818543537
0.39364172940329106
0.3973883725472209
0.40113228756063135
0.4048734672156571
0.4086118668596052
0.4123474544870569
0.4160802043414798
0.41981012050994987
0.4235371328906552
0.42726124416322614
0.43098240473875143
0.4347006148101717
0.43841582354625563
0.4421280103865632
0.4458371533078451
0.44954322700628413
0.4532461948826377
0.45694604556638585
0.460642723143115
0.4643362346603762
0.4680265451239681
0.4717136265513469
0.47539743968914455
0.4790779535872576
0.4827551746404045
0.486429057821301
0.4900995591828108
0.4937666909165867
0.49743038429438174
0.5010906463150384
0.5047474355104591
0.5084007248403045
0.5120504816953261
0.5156967159996836
0.5193393584812305
0.5229783977534093
0.5266138197026559
0.5302455890067709
0.5338736781136924
0.537498060840152
0.5411187138409197
0.5447356115795584
0.548348735060703
0.5519580504800657
0.5555635280504457
0.5591651316162634
0.5627628765397279
0.5663567114219903
0.5699466050432045
0.5735325412992942
0.5771144919439288
0.5806924449985745
0.5842663277682336
0.5878361730723465
0.5914019256037178
0.5949635656822188
0.598521083705344
0.6020744284473803
0.6056235876043681
0.6091685416404254
0.6127092644406805
0.6162457200002207
0.6197778977467284
0.6233057454950739
0.626829274360604
0.6303484538038515
0.6338632321914476
0.6373736094439398
0.6408795540526359
0.6443810427391657
0.6478780432843749
0.651370544845063
0.6548585228144206
0.6583419366310056
0.661820781721354
0.665295027136575
0.6687646345952812
0.6722295962519487
0.6756898915718081
0.679145497140407
0.6825963602283182
0.6860424859053433
0.6894838554309615
0.6929204274480154
0.6963521794045243
0.6997791002103351
0.7032011429061482
0.7066183074995296
0.710030571053966
0.7134378891648774
0.716840262828194
0.7202376591935165
0.7236300576125831
0.7270174242489053
0.7303997439722093
0.7337769861322696
0.7371491504255275
0.7405161917952127
0.7438780879481676
0.7472348372176757
0.7505864101162913
0.7539327581786732
0.7572738776206338
0.7606097638694328
0.7639403545817338
0.7672656508254969
0.7705856445030521
0.7739003058287901
0.7772095921026094
0.7805134950001985
0.783811990269114
0.7871050698664298
0.7903926898524437
0.7936748312042077
0.7969515064838923
0.800222654012682
0.803488272640569
0.8067483228677953
0.8100027931219842
0.8132516760229133
0.8164949321481435
0.8197325502229751
0.8229645084749214
0.8261907918666472
0.829411339000927
0.8326261726850812
0.8358352692971819
0.839038592826003
0.8422361259331987
0.8454278535643643
0.8486137522995342
0.8517938041252645
0.8549679933285559
0.8581362805529374
0.8612986526306755
0.8644551122325939
0.8676056025933323
0.8707501465068344
0.8738886711124447
0.8770211949377028
0.8801476907096246
0.8832681296759013
0.886382510363196
0.8894907913521914
0.8925929714027477
0.8956890278892982
0.8987789206577295
0.901862651847064
0.9049402019625441
0.9080115493933747
0.9110766707744936
0.9141355472113641
0.9171881606051718
0.9202344831590842
0.9232745232823685
0.9263082254000432
0.929335616550659
0.9323566298345566
0.935371275745771
0.9383795307206685
0.9413813696811343
0.9443767960902335
0.9473657508200731
0.9503482635051996
0.9533242767446617
0.9562937892672244
0.9592567962081012
0.9622132595172707
0.9651631651383569
0.9681065074646147
0.9710432436152964
0.9739733809343532
0.9768969048288753
0.9798137811356632
0.9827239944127354
0.9856275381437676
0.9885243848598534
0.9914145295338211
0.9942979476671738
0.997174609896247
1.000044517645615
1.0029076566343433
1.0057639868953125
1.0086135293558542
1.011456228988722
1.0142921009255865
1.017121109336656
1.0199432311799663
1.0227584690675968
1.0255668067254868
1.028368214092588
1.0311626938754688
1.0339502022991502
1.0367307686518608
1.0395043308426726
1.0422709072951735
1.0450304493478542
1.04778296221257
1.0505284441777518
1.0532668599110775
1.0559981936560265
1.058722444041091
1.0614395820211777
1.0641496047352113
1.0668524962583212
1.0695482254102593
1.0722368003697795
1.0749181852963159
1.0775923845489237
1.0802593743850841
1.0829191484761866
1.0855716890840341
1.0882169673161823
1.0908549974240935
1.0934857467616346
1.0961091853778389
1.0987253398406656
1.1013341747448255
1.1039356677059156
1.106529837220379
1.1091166275343856
1.11169606088482
1.1142680930851034
1.1168327434418686
1.1193899774440332
1.1219397986565833
1.1244821654354276
1.1270171010143681
1.1295445699210125
1.1320645629101027
1.1345770744399708
1.1370820805285993
1.1395795832154147
1.1420695609172586
1.1445520014232298
1.1470269003636666
1.1494942393687233
1.1519540120201228
1.1544061971201856
1.156850790493823
1.1592877791343676
1.161717157401468
1.1641389064525023
1.1665530154094486
1.1689594773652632
1.1713582752675147
1.1737494025644835
1.1761328479067887
1.1785085999581277
1.1808766515016809
1.1832369808953893
1.1855895873401348
1.1879344647216679
1.190271578243269
1.1926009626014087
1.1949225750563208
1.1972364133749576
1.1995424512968254
1.2018407029364881
1.2041311582085426
1.2064137899445935
1.2086885918395922
1.2109555692416474
1.2132146921060147
1.215465971350581
1.2177093920713142
1.2199449378514013
1.2221726004666749
1.2243923916736532
1.2266042637111068
1.228808238653225
1.2310043042065317
1.2331924409286872
1.235372644775174
1.2375449085996424
1.239709229066519
1.2418655886292933
1.2440139939839385
1.2461544148707813
1.2482868663764908
1.2504113200130804
1.25252778216808
1.254636238562765
1.2567366918437726
1.2588291170246304
1.2609135160877714
1.262989886366155
1.2650582276330824
1.2671185110973264
1.269170740650663
1.2712149183671264
1.2732510195537599
1.2752790409846946
1.2772990022253223
1.2793108631145333
1.2813146329719758
1.2833103083084565
1.285297868207064
1.287277325020453
1.2892486634699634
1.2912118834005915
1.2931669500865894
1.2951139022703861
1.2970527125842723
1.2989833735344931
1.3009058836664114
1.3028202325418634
1.3047264114320087
1.3066244433702237
1.3085142910530296
1.3103959650141228
1.3122694506622292
1.3141347607501155
1.3159918783168996
1.3178407950717528
1.3196815081340494
1.321514016948007
1.3233383272468568
1.325154406024008
1.3269622768031148
1.3287619168938778
1.330553347875996
1.332336527225239
1.334111497058784
1.3358782205046722
1.3376367169603827
1.339386944042006
1.3411289475754915
1.342862680671111
1.3445881676054992
1.3463054002832757
1.348014374742981
1.3497150926201553
1.3514075350041221
1.3530917086161285
1.3547676141325793
1.356435247000132
1.3580946164505352
1.359745684181877
1.3613884921711012
1.3630230060828405
1.3646492413573525
1.366267190156238
1.3678768606620764
1.3694782117667252
1.3710712978262196
1.372656091007139
1.3742325886583477
1.3758007747531733
1.3773606780354486
1.3789122705874426
1.3804555734684596
1.3819905696573433
1.3835172786484369
1.385035672684025
1.3865457744218543
1.3880475632978069
1.389541052088465
1.3910262370979054
1.3925031139205657
1.393971678922366
1.395431943445532
1.396883915710811
1.3983275740712455
1.399762913141292
1.4011899616663117
1.402608705418631
1.404019148106687
1.4054212705473421
1.4068150981042782
1.4082006252315318
1.4095778562145453
1.4109467723775533
1.4123073964713986
1.413659718467433
1.4150037352739175
1.4163394690909095
1.4176668921231557
1.4189860285784588
1.4202968737966388
1.4215994241124466
1.4228936889295904
1.4241796649051348
1.4254573500102692
1.4267267542521385
1.4279878800168757
1.4292407139770908
1.4304852720613637
1.4317215589072922
1.4329495902221643
1.4341693186841633
1.4353807936271026
1.4365839890307042
1.4377789483032961
1.4389656344975197
1.4401440587032022
1.4413142315505145
1.442476141462264
1.4436298140036694
1.4447752381558217
1.4459124305135402
1.4470413746918207
1.448162081824322
1.449274564332196
1.450378816521092
1.4514748461771454
1.4525626523770232
1.4536422435867502
1.4547136263201292
1.4557768012721186
1.4568317702168405
1.4578785385116795
1.458917115260652
1.4599474993925288
1.4609697026906217
1.4619837240064313
1.4629895610926913
1.4639872284518674
1.4649767261720374
1.4659580582551255
1.4669312464692768
1.4678962848838026
1.4688531596186027
1.4698019083709013
1.4707425074595217
1.4716749937237468
1.4725993430328024
1.473515573512527
1.4744236947618021
1.4753237101099441
1.4762156137678617
1.4770994302389402
1.4779751612131289
1.478842793652655
1.4797023518637997
1.4805538503762818
1.4813972778158546
1.482232648600414
1.483059969852721
1.4838792379739316
1.484690475973096
1.485493677109584
1.4862888684187405
1.4870760279610793
1.4878551786381444
1.4886263227888055
1.4893894742879414
1.4901446391750184
1.4908918177303505
1.491631022859916
1.4923622635046603
1.493085558169424
1.4938008778721352
1.494508260107934
1.4952077113891755
1.4958992403654132
1.496582848067697
1.4972585395233815
1.4979263296877146
1.498586216793198
1.4992382330360032
1.4998823469263114
1.5005186093570155
1.50114700973061
1.5017675570849829
1.5023802542688718
