1025
-0.3930617387192229
-0.3925949350415131
-0.39212685803634434
-0.39165750920910897
-0.39118689139013796
-0.3907150025202147
-0.3902418484054527
-0.3897674261064019
-0.3892917395737462
-0.3888147913038081
-0.38833657905078167
-0.3878571076761254
-0.38737637713762785
-0.3868943890332362
-0.3864111457212581
-0.3859266483540982
-0.3854408982931798
-0.384953896493475
-0.38446564556999463
-0.3839761474788055
-0.3834854040086865
-0.38299341516022345
-0.3825001842452199
-0.3820057126251765
-0.38151000294785925
-0.3810130552187759
-0.38051487249305166
-0.380015455728365
-0.379514808321126
-0.37901293013160825
-0.37850982320447196
-0.37800549222109103
-0.37749993479953114
-0.37699315713602227
-0.3764851587928343
-0.3759759425640731
-0.3754655112041563
-0.3749538641596667
-0.3744410058587384
-0.3739269382755349
-0.3734116616206893
-0.37289518046004627
-0.3723774966372958
-0.3718586104294466
-0.37133852447411314
-0.3708172428520748
-0.3702947669536713
-0.36977109780933576
-0.36924623948184476
-0.3687201924313116
-0.36819296150463066
-0.36766454512767255
-0.3671349491211242
-0.36660417609480705
-0.36607222454431676
-0.36553910127850825
-0.36500480549944
-0.3644693434010259
-0.36393271495811447
-0.3633949220579504
-0.362855968175248
-0.36231585545863687
-0.36177458779955074
-0.36123216612731374
-0.36068859424559835
-0.3601438751496681
-0.3595980092465368
-0.3590510018274824
-0.3585028541872979
-0.35795356802894995
-0.3574031478040864
-0.35685159634299085
-0.35629891597504365
-0.3557451079254501
-0.3551901791499833
-0.3546341282955839
-0.35407696008660244
-0.3535186763577373
-0.3529592829180273
-0.35239877806760084
-0.35183716911439944
-0.35127445581993655
-0.35071064410550484
-0.35014573359853085
-0.3495797294684087
-0.34901263472286603
-0.3484444517950961
-0.3478751834224856
-0.3473048337942941
-0.34673340677514136
-0.34616090223536655
-0.3455873278570597
-0.3450126818231535
-0.3444369709905863
-0.34386019781541527
-0.3432823656176095
-0.3427034761400989
-0.34212353333259643
-0.3415425411718361
-0.3409605032433896
-0.3403774214004655
-0.33979330228164845
-0.3392081453944543
-0.3386219549944477
-0.33803473580889454
-0.3374464907207599
-0.33685722246494737
-0.33626693600996427
-0.33567563340245116
-0.3350833197056323
-0.3344899949914446
-0.3338956669463941
-0.33330033778494317
-0.33270400944958944
-0.33210668833339635
-0.3315083748181259
-0.3309090755370532
-0.3303087937264223
-0.3297075304592903
-0.32910529144104944
-0.32850207976095175
-0.3278979007646623
-0.32729275629743687
-0.3266866507375897
-0.32607958684150706
-0.32547157048652026
-0.32486260518417737
-0.3242526938457421
-0.3236418387931957
-0.3230300455521662
-0.3224173203818046
-0.3218036619021632
-0.32118907879641106
-0.3205735736357391
-0.3199571480330873
-0.31933980997753564
-0.3187215601843189
-0.3181024035544512
-0.31748234379828366
-0.31686138774860584
-0.3162395354673894
-0.31561679420653055
-0.3149931646025316
-0.31436865363084954
-0.31374326492185645
-0.31311700185702707
-0.31248986892124364
-0.31186187003413973
-0.31123301044382456
-0.3106032925923759
-0.3099727224419093
-0.3093413033928366
-0.3087090400989189
-0.3080759342812185
-0.3074419940709498
-0.3068072232515946
-0.30617162458177444
-0.30553520150879837
-0.3048979604550552
-0.30425990563800875
-0.30362103850365235
-0.30298136862437763
-0.30234089661334107
-0.30169962665954775
-0.30105756446617465
-0.3004147160571162
-0.2997710823983856
-0.2991266701625383
-0.2984814830791245
-0.29783552689197174
-0.29718880496014916
-0.2965413219924552
-0.29589308239753265
-0.29524408976690875
-0.29459435127516737
-0.2939438698989631
-0.29329265117780506
-0.2926406986225337
-0.2919880171275093
-0.29133460975605086
-0.29068048471042746
-0.2900256449774568
-0.28937009382641665
-0.2887138374410668
-0.28805688251077277
-0.2873992279410074
-0.28674088378605656
-0.28608185404103775
-0.28542213984666337
-0.28476175109321705
-0.2841006897434438
-0.2834389600318679
-0.2827765685445781
-0.28211351870273904
-0.28144981623730414
-0.2807854653868298
-0.28012047118035616
-0.27945483874102217
-0.2787885740877544
-0.27812167865168674
-0.2774541589393172
-0.2767860236476379
-0.2761172722370757
-0.27544791316916845
-0.2747779496927516
-0.27410738646231547
-0.27343623026833713
-0.27276448494141703
-0.2720921553325125
-0.27141924622236124
-0.27074576348728446
-0.27007171119757467
-0.2693970952730345
-0.268721921109004
-0.2680461943375795
-0.2673699174233008
-0.26669309611499165
-0.26601573584552585
-0.26533784376943803
-0.2646594234701234
-0.2639804794729473
-0.26330101641930187
-0.2626210399412456
-0.26194055709048863
-0.2612595716726742
-0.26057808785127057
-0.25989611295553106
-0.25921364921936435
-0.2585307049331598
-0.25784728331593476
-0.2571633896246361
-0.2564790311074615
-0.25579421115796946
-0.25510893448920413
-0.25442320841475086
-0.2537370365479664
-0.25305042330843824
-0.2523633761206207
-0.25167590027628584
-0.25098799881438744
-0.2502996787979606
-0.24961094448634052
-0.24892180322386268
-0.248232256758473
-0.24754231475976585
-0.24685197989762733
-0.24616125773265507
-0.24547015246048556
-0.24477867430326555
-0.2440868227460162
-0.24339460497941576
-0.2427020282422059
-0.24200909403868845
-0.24131581370716823
-0.24062218702080104
-0.23992822316010795
-0.2392339246334289
-0.23853929973955085
-0.23784434952845576
-0.23714908491279596
-0.23645350685842517
-0.23575762237378317
-0.23506143733409426
-0.23436495786063793
-0.23366818702837472
-0.23297113191095542
-0.23227379968049158
-0.23157619147170977
-0.23087831551607568
-0.23018017722747822
-0.22948178054002372
-0.22878313245051546
-0.22808423843330922
-0.22738510426925532
-0.22668573447877857
-0.22598613599295417
-0.22528630912730382
-0.22458626668047985
-0.22388601021346136
-0.2231855463365057
-0.22248487895066157
-0.2217840145203938
-0.22108295965872285
-0.22038171772471427
-0.21968029673248007
-0.21897870002224815
-0.21827693421647953
-0.21757500525432125
-0.21687291616405285
-0.21617067713593185
-0.21546828928794526
-0.21476575934375303
-0.2140630941944947
-0.21336029834974812
-0.212657375109816
-0.21195433635179353
-0.2112511808528594
-0.21054791579757276
-0.20984454914797654
-0.20914108569386541
-0.20843753090872408
-0.207733888065858
-0.2070301648821086
-0.20632636723945846
-0.2056224996120406
-0.20491856773659964
-0.20421457679590202
-0.20351053349487494
-0.20280644180224552
-0.2021023078157707
-0.20139813753053348
-0.20069393869050975
-0.1999897118335331
-0.19928546548445167
-0.19858120562626944
-0.19787693582487437
-0.197172664315845
-0.19646839441564448
-0.19576413128316172
-0.19505988291526952
-0.19435565365204782
-0.19365144723998726
-0.19294727215694538
-0.1922431330071711
-0.1915390351763157
-0.19083498108941424
-0.19013097947945706
-0.1894270380964786
-0.18872315791456745
-0.18801934718713434
-0.18731560979062314
-0.18661195157004143
-0.1859083810842522
-0.1852048989837833
-0.1845015119674386
-0.18379822867890627
-0.18309505099118692
-0.1823919872434352
-0.18168904023731752
-0.18098621778556784
-0.18028352476977338
-0.17958096523020478
-0.17887854569451273
-0.17817627068445466
-0.17747414766885866
-0.17677218128216135
-0.17607037563357547
-0.17536873897436514
-0.17466727358963102
-0.17396598494484736
-0.17326488219871686
-0.17256396785247896
-0.1718632474900411
-0.1711627253373118
-0.1704624119790194
-0.1697623066653108
-0.16906241797667465
-0.16836275085242608
-0.16766331054641626
-0.16696410196342792
-0.16626513083506317
-0.1655664034874795
-0.16486792256958438
-0.16416969650941854
-0.16347172822194267
-0.1627740265862937
-0.1620765930178433
-0.16137943429943175
-0.16068255582106022
-0.1599859635781561
-0.15928966210385404
-0.1585936567744506
-0.15789795187827838
-0.15720255568057875
-0.1565074691962938
-0.15581270105155243
-0.15511825534485413
-0.15442413708242506
-0.15373035318444261
-0.15303690630920064
-0.15234380343456624
-0.15165104894740405
-0.15095864872550635
-0.1502666079339024
-0.14957493166853475
-0.14888362214606748
-0.1481926894252275
-0.14750213822697605
-0.14681196955944664
-0.14612219153151015
-0.14543280885855975
-0.14474382648103343
-0.144055251880284
-0.14336708429154635
-0.14267933414004635
-0.14199200366318743
-0.1413051005030185
-0.14061862632073283
-0.1399325899226751
-0.1392469943554754
-0.13856184355616272
-0.13787714440049573
-0.13719290206986132
-0.13650912221565303
-0.13582580496122287
-0.13514296141857238
-0.13446059174979896
-0.13377870546974985
-0.13309730337738168
-0.13241639239018907
-0.13173597802168374
-0.1310560618704873
-0.13037665439337517
-0.12969775678671766
-0.1290193727180081
-0.12834150957903204
-0.12766417255792786
-0.12698736399598146
-0.12631109102537222
-0.1256353574872212
-0.1249601680985372
-0.1242855284482701
-0.12361144125592868
-0.12293791513856489
-0.12226494866830243
-0.12159255340186609
-0.12092072951773
-0.1202494835337032
-0.11957882103364663
-0.1189087434159511
-0.11823925978433189
-0.11757036984741384
-0.11690208082622852
-0.11623439930438977
-0.11556732633425407
-0.11490086838207432
-0.11423503003620245
-0.11356981462580513
-0.11290522901055453
-0.11224127602244188
-0.1115779595290796
-0.11091528575892502
-0.11025325759422754
-0.10959188226041722
-0.10893116030159049
-0.10827109983826931
-0.10761170234475118
-0.10695297476114143
-0.10629491962128446
-0.10563754179368594
-0.10498084625809989
-0.10432483647240419
-0.10366951652147424
-0.10301489321521777
-0.10236096803601175
-0.1017077463650607
-0.10105523185615813
-0.10040343141036183
-0.09975234596756148
-0.0991019805701939
-0.09845234096378065
-0.09780342997428627
-0.09715525087875855
-0.09650781014768998
-0.09586111091139357
-0.09521515770079793
-0.09456995233587306
-0.0939255016503124
-0.0932818082198984
-0.0926388777467856
-0.0919967117208842
-0.09135531720928172
-0.09071469433551589
-0.09007485168670279
-0.08943579160261432
-0.08879751521609329
-0.08816002943996919
-0.08752333727959602
-0.086887441786924
-0.08625234852716496
-0.08561806068964616
-0.08498458306990399
-0.08435191644720264
-0.08372006727310873
-0.0830890408309088
-0.08245883736084565
-0.08182946020039747
-0.08120091655318969
-0.08057320921599194
-0.07994633994054272
-0.0793203153718161
-0.07869513498944249
-0.07807080583821004
-0.0774473305347693
-0.07682471269403846
-0.07620295711833007
-0.07558206466114695
-0.07496204037469381
-0.07434288856077971
-0.07372461245952056
-0.07310721376379044
-0.07249069655836543
-0.07187506757825163
-0.07126032684039671
-0.07064647638590228
-0.07003352316768133
-0.06942147059965444
-0.06881031905578862
-0.06820007276891517
-0.06759073681309326
-0.06698231260999861
-0.06637480482605178
-0.06576821601378884
-0.06516254974569083
-0.06455780759632142
-0.0639539936966334
-0.0633511122513114
-0.06274916713327437
-0.06214815885322282
-0.0615480916792748
-0.06094896796349912
-0.060350792664248365
-0.05975356708685661
-0.059157296549907284
-0.05856197924721774
-0.0579676234310135
-0.057374228173934234
-0.05678179887558563
-0.056190339649611926
-0.055599848581593836
-0.055010331637361555
-0.05442179483357653
-0.053834233861123126
-0.05324765596701433
-0.052662063752332226
-0.052077459935512375
-0.05149384347767823
-0.05091122406300031
-0.05032959894642562
-0.04974897279803021
-0.04916934791924105
-0.04859072713362057
-0.04801311386656564
-0.04743650807950461
-0.04686091476744488
-0.04628633615275232
-0.045712773979458755
-0.045140230665923355
-0.044568709664866944
-0.04399821289819348
-0.04342874165083893
-0.04286029941221157
-0.0422928903951512
-0.041726513399196086
-0.04116117415033292
-0.04059687236749283
-0.04003361162796156
-0.039471392111346086
-0.038910220885701695
-0.038350095413094774
-0.03779102032667528
-0.037232997109023155
-0.036676026842874035
-0.03612011255980136
-0.03556525753050966
-0.035011463786346245
-0.03445873050323667
-0.03390706333049029
-0.03335646094107462
-0.032806927581405854
-0.03225846382834899
-0.03171107408370075
-0.031164758549314386
-0.030619518060042084
-0.030075356591900103
-0.029532274441146093
-0.028990274320571434
-0.02844935877472386
-0.02790952799622382
-0.027370784513528312
-0.02683312869560615
-0.026296563599081297
-0.02576109224787069
-0.025226713699360945
-0.02469342956429252
-0.024161245417252897
-0.023630158218160235
-0.02310017325384927
-0.022571288210581093
-0.02204350741780435
-0.021516831800210287
-0.020991263677741935
-0.020466800660951856
-0.0199434486999377
-0.0194212079678313
-0.018900078914744597
-0.018380062634642133
-0.017861162542090834
-0.017343377553840033
-0.016826709635727116
-0.0163111602988869
-0.01579673268776735
-0.01528342439221103
-0.014771240036387131
-0.014260178757268581
-0.013750241114123296
-0.013241429226383676
-0.012733745614568219
-0.012227189753671704
-0.01172176109349225
-0.01121746219205196
-0.01071429795518705
-0.010212262241991435
-0.009711361869857684
-0.009211594362090288
-0.00871296156759881
-0.008215464293737085
-0.007719104106086856
-0.0072238803827801516
-0.006729795091506701
-0.006236849528807694
-0.005745042418056118
-0.005254377754921575
-0.0047648526531285165
-0.004276468196380487
-0.003789227986767005
-0.0033031320618411076
-0.0028181777922191126
-0.002334369073031344
-0.0018517052162693847
-0.0013701864583553472
-0.0008898135097637628
-0.0004105870535072458
6.749259608762239e-5
0.0005444238660394191
0.0010202079837046305
0.001494843567182955
0.001968330037824778
0.0024406708238375544
0.002911858660250659
0.0033818973315661942
0.003850788279084656
0.004318528244312303
0.00478511723158138
0.005250555228648646
0.005714843512424414
0.006177979861108171
0.006639966838193671
0.007100799837335405
0.007560484669379017
0.008019015928753887
0.00847639867243038
0.008932628117088934
0.009387706147362626
0.009841632652335142
0.01029440979784847
0.01074603506690177
0.011196507707644656
0.01164583002078424
0.012094003256045078
0.012541024713619701
0.012986895219506744
0.013431616819298964
0.013875186846550197
0.014317607460856962
0.014758880159103586
0.015199003930978672
0.015637978289442276
0.01607580231359163
0.016512480882356736
0.016948012504254508
0.017382395870740135
0.01781563141240824
0.018247723659490473
0.018678668602175978
0.019108470017015128
0.01953712417048962
0.019964635099577053
0.020391003278178447
0.020816229330868727
0.021240313130052906
0.02166325659954746
0.022085057700937983
0.022505718334634252
0.02292524075648365
0.023343625206001178
0.023760869511354366
0.02417697957273721
0.024591952435727416
0.025005790986513392
0.02541849396584312
0.025830065656063474
0.026240503688775632
0.026649808206099097
0.027057985709115568
0.027465031522697105
0.02787095076962426
0.028275739762602777
0.028679404418098874
0.02908194319940937
0.029483356445766544
0.029883647406460018
0.030282817392070956
0.030680866248122225
0.031077796128907317
0.03147360613933633
0.03186829988955379
0.032261877814836575
0.03265434156462467
0.033045693634068764
0.03343592995224762
0.03382505915797722
0.03421307693792066
0.03459998860471285
0.034985792170049594
0.03537049406546199
0.035754090565079034
0.03613658417096707
0.03651797960794145
0.036898273794054234
0.03727747438835005
0.03765557601136087
0.03803258467225987
0.03840850074592563
0.03878332540267313
0.03915706184853475
0.039529711027033385
0.03990127326875871
0.04027175238669822
0.040641148628255096
0.04100946602321402
0.04137670206905935
0.04174286330642084
0.04210794927097741
0.042471960563069885
0.04283490227675557
0.04319677431338653
0.043557578675818366
0.043917316328553425
0.044275991749561636
0.044633605808804724
0.04499015904665219
0.04534565631629987
0.04570009626056285
0.04605348493300207
0.04640582007317957
0.04675710689355869
0.047107346935066755
0.047456540920712664
0.04780469361510622
0.0481518045462842
0.04849787720193954
0.04884291511496855
0.0491869181324566
0.049529890431130395
0.04987183095305898
0.050212746017884786
0.05055263692883882
0.05089150606224438
0.05122935272293586
0.05156618336138191
0.051901999471967
0.052236801873890105
0.05257059575474199
0.052903378827968105
0.05323515907152817
0.05356593492743378
0.05389571135043996
0.05422448919629182
0.054552273114631386
0.05487906388194008
0.055204864820010933
0.05552967848820634
0.05585350780349279
0.056176353611662025
0.056498221440191405
0.05681911207618378
0.05713902824221599
0.057457975095914215
0.057775951086620404
0.058092962850906586
0.05840901116067916
0.05872410097256108
0.05903823053304599
0.05935140938908557
0.059663632927445094
0.059974910060726624
0.06028524184143151
0.06059462901292069
0.060903077843958445
0.06121058927230264
0.06151716788362763
0.06182281273739714
0.0621275313319639
0.06243132557520282
0.0627341954820945
0.06303614885878342
0.06333718648632111
0.06363730954676274
0.0639365249169254
0.06423483392450596
0.06453223827531314
0.0648287431374061
0.06512435142153464
0.06541906576188891
0.06571288884504667
0.0660058247606641
0.06629787748173642
0.06658904895222736
0.06687934142562188
0.06716876140092339
0.06745730992317696
0.06774498974692733
0.06803180726959034
0.06831776347135633
0.06860286222223616
0.06888710527874926
0.06917049844713428
0.06945304607644058
0.0697347479982961
0.07001560922203555
0.07029563401327034
0.07057482408795271
0.07085318579054074
0.07113072008372316
0.0714074321668984
0.07168332456965515
0.07195840237510587
0.07223266531877963
0.0725061206102484
0.07277877210830949
0.07305062173137868
0.07332167213013023
0.07359192934690975
0.07386139583197444
0.07413007503090364
0.07439797205030046
0.07466508801753498
0.07493143098304443
0.07519699928704156
0.07546180026633398
0.0757258364734588
0.07598911201475497
0.07625162995816137
0.07651339519248092
0.07677441088407624
0.07703468265497751
0.0772942109146979
0.0775530019865792
0.07781105926117865
0.07806838615591064
0.07832498532810171
0.0785808648792074
0.07883602530863247
0.07909047009196314
0.07934420549386836
0.07959723402500356
0.07984955868897636
0.08010118657495871
0.08035212086667083
0.08060236090490686
0.08085191681742963
0.0811007897081952
0.0813489840020708
0.08159650352005302
0.0818433524206414
0.08208953476408971
0.08233505611580229
0.0825799186209415
0.08282412678631461
0.08306768480218535
0.08331059691594161
0.08355286931968667
0.08379450282903844
0.08403550267187344
0.08427587368618633
0.08451561946240721
0.08475474408447252
0.08499325352922842
0.08523114855950922
0.08546843764387324
0.08570512104516355
0.08594120674902045
0.08617669460638688
0.08641159345425214
0.08664590363935722
0.08687963308372108
0.08711278248147114
0.08734535851779636
0.08757736544453833
0.08780880688549896
0.08803968741613676
0.08827001085524905
0.08849978228686643
0.0887290069268677
0.08895768626855942
0.08918582753629244
0.08941343342488496
0.08964050861693831
0.08986705979555798
0.09009308809227504
0.0903185990075294
0.09054359864040241
0.0907680873708855
0.0909920745226559
0.09121556173498394
0.09143855489972014
0.0916610569987399
0.09188307325480695
0.0921046076084109
0.09232566523091001
0.09254625056360251
0.09276636959582135
0.09298602303140999
0.09320522052867125
0.09342396070283487
0.09364225247174195
0.09386009925293154
0.09407750500768108
0.09429447422634647
0.09451101304757474
0.09472712530855237
0.09494281449517342
0.09515808430099776
0.09537294316365647
0.0955873940032337
0.09580144046840765
0.09601508629856319
0.09622833867017412
0.09644119973433511
0.09665367683496189
0.0968657732293194
0.0970774921707595
0.09728884071663724
0.09749982260082575
0.09771044327066888
0.09792070491813049
0.09813061307665498
0.09834017530035803
0.09854939346236871
0.09875827222771714
0.09896681847534818
0.09917503412699726
0.09938292568410197
0.09959049697309062
0.09979775357695012
0.10000469936589981
0.10021133934787113
0.10041768030096526
0.10062372303229616
0.10082947396365428
0.10103493810440163
0.10124012225352448
0.10144502900022874
0.10164966128174573
0.10185402716659574
0.10205812879762045
0.10226197334755036
0.10246556362082795
0.1026689067859294
0.10287200522834195
0.10307486353766056
0.10327748895635191
0.10347988330296386
0.10368205442151043
0.1038840057042542
0.1040857411453359
0.10428726601063695
0.10448858620368388
0.10468970553932155
0.10489062885897975
0.10509136035527332
0.10529190671515719
0.10549227063097562
0.105692459654009
0.10589247527988817
0.10609232351599751
0.1062920095325028
0.10649153871393253
0.10669091585882214
0.10689014510735279
0.10708923074850751
0.10728817919678632
0.10748699361663347
0.10768568014845
0.10788424386904734
0.10808268732340733
0.10828101891275331
0.10847923990967341
0.10867735699343288
0.1088753745891513
0.1090732989154691
0.10927113145006026
0.10946888026197671
0.10966655002846866
0.10986414325741259
0.11006166775005974
0.11025912524312942
0.11045652306654234
0.11065386580394929
0.11085115535672875
0.11104840191676159
0.11124560525137489
0.1114427732287228
0.11163990948559148
0.11183701869106587
0.11203410638263957
0.11223117685660557
0.11242823572241879
0.11262528718427368
0.11282233616981972
0.11301938721473649
0.11321644574983647
0.11341351662249516
0.1136106046396135
0.1138077150970739
0.11400485092992119
0.1142020194524442
0.11439922254108796
0.11459646890148951
0.11479375838995787
0.11499110124637432
0.11518849930054947
0.11538595801323681
0.11558348214720461
