1025
-1.0265483868861853
-1.0279357785539749
-1.0293236462267803
-1.03071195800077
-1.0321006964565553
-1.0334898715684264
-1.0348794309390457
-1.036269390605588
-1.0376597257307318
-1.039050395577837
-1.0404414376724074
-1.0418327961777412
-1.043224469683111
-1.044616436750908
-1.0460086812446856
-1.047401190583293
-1.048793964030334
-1.0501869652563842
-1.0515801873239468
-1.0529736132646332
-1.0543672178145433
-1.0557610061021316
-1.0571549467006491
-1.0585490338537664
-1.0599432334777823
-1.061337554018222
-1.0627319654608725
-1.0641264585251857
-1.0655210089556877
-1.0669156121453545
-1.0683102502722261
-1.0697048987844342
-1.0710995607871732
-1.0724941852221623
-1.0738887924090346
-1.0752833459182385
-1.0766778236971724
-1.078072239862458
-1.0794665629595852
-1.0808607585919627
-1.0822548406735568
-1.083648770286646
-1.085042534066211
-1.0864361362411505
-1.0878295407873864
-1.0892227357255675
-1.0906157056098233
-1.0920084325415207
-1.0934009044046589
-1.0947931096920553
-1.0961850153036283
-1.0975766291337237
-1.0989679240348895
-1.1003588543956506
-1.1017494673937966
-1.1031396915742622
-1.1045295409291702
-1.105918961533535
-1.1073079775875416
-1.1086965599356549
-1.1100846899435113
-1.1114723573789729
-1.1128595267676833
-1.1142462022938266
-1.1156323575433038
-1.1170179730234733
-1.1184030494896053
-1.1197875491145106
-1.1211714668760169
-1.1225547958362385
-1.1239375057340826
-1.1253195733821857
-1.1267009984111975
-1.1280817645506234
-1.1294618321155376
-1.1308411960878602
-1.132219858431242
-1.1335977879484371
-1.1349749543666805
-1.1363513702737884
-1.137726992776129
-1.1391018239856128
-1.1404758311275878
-1.1418490142026207
-1.1432213509092024
-1.1445928087223205
-1.1459633895857302
-1.147333082480503
-1.1487018467023447
-1.150069674835116
-1.1514365706449083
-1.1528024749963843
-1.1541674212130935
-1.1555313543779333
-1.1568942736533288
-1.158256145787594
-1.159616985072948
-1.1609767630569479
-1.1623354446376417
-1.163693031305876
-1.1650494996593808
-1.1664048176144242
-1.1677590034200984
-1.1691120228597003
-1.1704638452754579
-1.1718144721003547
-1.1731638825804653
-1.1745120463226342
-1.1758589738575889
-1.1772046198746775
-1.178548996930583
-1.1798920615307191
-1.1812337960712584
-1.1825742103069903
-1.1839132522614138
-1.1852509499397494
-1.1865872407628675
-1.1879221267313795
-1.189255603681976
-1.1905876384263165
-1.191918220675919
-1.1932473174524296
-1.1945749383864301
-1.1959010596258577
-1.1972256520070428
-1.1985487072629573
-1.199870197168174
-1.2011901105253413
-1.2025084521101141
-1.2038251855062923
-1.2051402816083783
-1.2064537555849608
-1.2077655572947377
-1.2090756852041755
-1.2103841304815737
-1.2116908550570717
-1.2129958648225811
-1.2142991434132726
-1.215600655649665
-1.216900372701494
-1.2181983184499179
-1.2194944447184073
-1.2207887545537288
-1.222081216175807
-1.2233718260560806
-1.2246605481519448
-1.2259473923450033
-1.227232316202816
-1.2285153071044328
-1.2297963633457547
-1.2310754628704101
-1.2323525829938111
-1.2336277005752052
-1.2349008300724356
-1.236171914575592
-1.2374409536130766
-1.2387079250789643
-1.2399728295994916
-1.24123563513637
-1.2424963368104887
-1.2437549173534166
-1.2450113290175062
-1.2462655985043396
-1.2475176977903373
-1.248767586259846
-1.2500152645432843
-1.2512607320958293
-1.2525039364265083
-1.2537448899246495
-1.2549835649124448
-1.2562199268283798
-1.2574540023106453
-1.2586857442619084
-1.2599151534515043
-1.2611421884076042
-1.2623668478395482
-1.2635891153810705
-1.2648089673455458
-1.2660263905675053
-1.267241392389969
-1.2684539311846166
-1.2696639687601796
-1.2708715420866996
-1.2720765981750515
-1.2732791122974276
-1.2744791133617162
-1.2756765481677586
-1.2768714068134646
-1.2780636799481364
-1.279253332515744
-1.2804403717296775
-1.2816247812257795
-1.2828065279861292
-1.2839855985495283
-1.2851619887611476
-1.2863356651182647
-1.2875066340412566
-1.2886748652408748
-1.2898403359165709
-1.2910030504316352
-1.292162988436905
-1.2933200969094956
-1.2944744117377578
-1.2956258848941933
-1.29677450967072
-1.2979202793988134
-1.2990631543704494
-1.3002031391120081
-1.3013402218046966
-1.3024743682104394
-1.3036055751623568
-1.304733827438927
-1.3058590965286463
-1.3069813801349177
-1.3081006281582497
-1.3092168857552764
-1.310330097599723
-1.3114402668378327
-1.3125473511143846
-1.3136513457422383
-1.3147522531830775
-1.3158500340429236
-1.3169446997828325
-1.3180362089826771
-1.3191245411243715
-1.320209716772988
-1.3212916788942768
-1.3223704492522341
-1.3234459900142053
-1.3245182861514966
-1.3255873380216874
-1.3266530960251726
-1.3277155840013695
-1.3287747732449384
-1.3298306365820143
-1.3308831785041082
-1.3319323726375842
-1.3329782067710216
-1.3340206550405516
-1.3350597218224942
-1.3360953843244623
-1.337127616971789
-1.3381564081752428
-1.3391817686401863
-1.3402036401550455
-1.341222036103332
-1.3422369416156268
-1.3432483510380469
-1.3442561893342935
-1.3452605133545164
-1.3462612970009111
-1.347258497775656
-1.348252119779401
-1.349242131549885
-1.350228533005226
-1.3512113092837224
-1.3521904430325662
-1.3531659168636803
-1.3541377330062514
-1.3551058452541431
-1.3560702673997347
-1.3570309757483316
-1.3579879574812082
-1.3589411818295285
-1.3598906644627307
-1.3608363802766754
-1.3617782921917352
-1.3627164159982639
-1.3636507320812032
-1.364581214370467
-1.3655078624965586
-1.366430645276616
-1.3673495669778413
-1.368264598252255
-1.369175725957608
-1.3700829420910317
-1.3709862745307768
-1.3718856219875257
-1.3727810447888686
-1.3736724824621103
-1.3745599645677968
-1.3754434520649645
-1.3763229236909145
-1.3771983701197326
-1.3780698033109124
-1.378937178580638
-1.3798004953753826
-1.3806597350960919
-1.3815149140718468
-1.3823659620574695
-1.3832129160186237
-1.3840557400687739
-1.384894441326202
-1.3857289719378145
-1.3865593554177287
-1.3873855322305373
-1.3882075551942883
-1.3890253748126544
-1.3898389710779497
-1.3906483300508092
-1.3914534412088644
-1.3922543217612169
-1.3930509278071868
-1.3938432525989337
-1.3946312896311321
-1.395415025503329
-1.3961944424568498
-1.3969695334085253
-1.397740283019231
-1.398506688509238
-1.3992687284525946
-1.4000263744023245
-1.4007796444740466
-1.4015285136590234
-1.4022729760642978
-1.4030130125350437
-1.4037486000640464
-1.4044797495998504
-1.405206441200952
-1.405928656724652
-1.4066463871615937
-1.4073596261730854
-1.4080683577891309
-1.4087725612806894
-1.4094722342693413
-1.4101673864832172
-1.4108579815051094
-1.4115439889513492
-1.4122254532814613
-1.4129023074344165
-1.4135745717258263
-1.4142422319193708
-1.4149052526009862
-1.4155636531586016
-1.4162174199233528
-1.4168665339667792
-1.4175109797859167
-1.4181507400202027
-1.4187858390916102
-1.419416226149126
-1.4200418961474288
-1.4206628618028228
-1.4212790968563598
-1.4218905996338806
-1.4224973523664488
-1.4230993424714586
-1.423696558011136
-1.4242889972540138
-1.4248766554924404
-1.4254595098406357
-1.4260375455148349
-1.4266107602288798
-1.4271791538925094
-1.4277427139858347
-1.4283013999218699
-1.428855246320563
-1.42940421256843
-1.4299483060578455
-1.4304874966892271
-1.4310218066363052
-1.4315512022912078
-1.432075666938546
-1.4325952364862347
-1.4331098484983351
-1.4336195125759899
-1.4341242227073407
-1.4346239719260345
-1.43511875115253
-1.4356085454990475
-1.4360933447859463
-1.436573144850481
-1.437047934541107
-1.4375177216530868
-1.4379824596332647
-1.4384421764516753
-1.4388968436161205
-1.4393464578416533
-1.439791011426304
-1.4402304887131285
-1.4406649017980322
-1.4410942291031077
-1.4415184472289497
-1.4419375761110493
-1.4423515841752088
-1.4427604691917468
-1.4431642473395603
-1.4435628747412215
-1.443956347022723
-1.4443446874496528
-1.4447278676187667
-1.445105869508713
-1.4454787145598489
-1.4458463419492809
-1.446208829958071
-1.4465660943030894
-1.446918158510546
-1.4472650066569857
-1.4476066530461713
-1.4479430482177365
-1.448274221639174
-1.4486001674846372
-1.4489208476588633
-1.4492362822063156
-1.4495464342348487
-1.4498513529708026
-1.4501509688317418
-1.45044532634615
-1.450734373684255
-1.451018135727208
-1.451296602430797
-1.4515697505513148
-1.4518375997369395
-1.4521001076600295
-1.4523572913399696
-1.4526091592642028
-1.4528556731306501
-1.4530968547551848
-1.453332667211884
-1.4535631428438618
-1.4537882383972418
-1.4540079783219033
-1.454222313892299
-1.4544313084515472
-1.4546348934719753
-1.4548330990085605
-1.4550258939315206
-1.455213300157474
-1.4553953014079293
-1.4555718615129234
-1.455743032671965
-1.4559087495351748
-1.4560690716326132
-1.4562239592606523
-1.456373392468126
-1.4565173860634046
-1.456655938075917
-1.456789023016409
-1.456916657933345
-1.457038825787085
-1.4571555315607305
-1.4572667716236285
-1.4573725205968733
-1.4574728043605694
-1.4575675993638715
-1.4576569101403887
-1.4577407122100583
-1.4578190314737844
-1.4578918364814861
-1.4579591577021673
-1.4580209437285534
-1.4580772398831432
-1.4581280103199814
-1.4581732700012056
-1.4582130018269852
-1.4582472008161929
-1.458275878129101
-1.4582990234191555
-1.4583166064421813
-1.458328665541759
-1.458335193450233
-1.4583361580401113
-1.4583315797112788
-1.4583214428713147
-1.4583057505557562
-1.4582844999466318
-1.4582576884193492
-1.458225318130389
-1.4581873745985343
-1.4581438694038573
-1.4580947823322734
-1.4580401344666536
-1.4579798934218662
-1.4579140834316873
-1.4578426977530272
-1.457765701722118
-1.4576831479267556
-1.4575949953655116
-1.4575012516474204
-1.4574019352376726
-1.4572970037118675
-1.4571864758978557
-1.4570703592819187
-1.4569486522541977
-1.4568213334301274
-1.4566884045741118
-1.4565498782906328
-1.4564057725890822
-1.456256033109495
-1.4561006907326064
-1.4559397527297615
-1.4557731867780472
-1.455601029308291
-1.4554232590876106
-1.4552398728530205
-1.455050877765174
-1.45485625445199
-1.4546560358382192
-1.4544501935163079
-1.4542387306036368
-1.454021660080249
-1.4537989822163921
-1.4535706901354357
-1.4533367531251993
-1.453097213508436
-1.4528520748177747
-1.452601299060972
-1.452344905026521
-1.4520828966283712
-1.451815284885826
-1.4515420444859801
-1.4512631954553172
-1.4509787225211366
-1.4506886465682647
-1.4503929281861978
-1.4500916301393287
-1.4497847071466845
-1.4494721735278384
-1.4491540098823599
-1.4488302578420615
-1.4485008797359156
-1.4481659005240153
-1.4478253134164587
-1.4474791187076383
-1.4471273008055787
-1.4467699011643962
-1.4464068922311792
-1.4460382894885513
-1.4456640694010192
-1.4452842545337903
-1.444898859727393
-1.4445078455838896
-1.4441112293252363
-1.4437090495992202
-1.4433012680031212
-1.4428879023380217
-1.4424689389021024
-1.4420444058872002
-1.4416142804451946
-1.4411785808828117
-1.4407372952313684
-1.4402904398957588
-1.4398380148653722
-1.439380016274776
-1.4389164428976484
-1.4384473209075639
-1.4379726232220282
-1.4374923628330938
-1.4370065541667196
-1.436515193404511
-1.4360182681988582
-1.4355158109569244
-1.4350078045446304
-1.4344942425136737
-1.4339751622341645
-1.4334505204188852
-1.432920367522445
-1.4323846823182764
-1.4318434793163282
-1.4312967270791448
-1.4307444761245762
-1.4301867061893283
-1.4296234198334634
-1.429054642364101
-1.4284803594639717
-1.427900566482036
-1.4273152695031799
-1.4267245091245635
-1.4261282392652168
-1.425526501566709
-1.4249192721727313
-1.4243065854580015
-1.423688415969412
-1.423064779232991
-1.422435686479162
-1.4218011389672844
-1.4211611353500093
-1.420515693146271
-1.419864786714315
-1.4192084577993673
-1.4185467011176982
-1.4178795233351857
-1.417206914351811
-1.4165288709881318
-1.4158454373550637
-1.4151566006345915
-1.4144623385293544
-1.4137627058440585
-1.4130576575765867
-1.4123472407945479
-1.4116314395844463
-1.4109102595385599
-1.4101836988067398
-1.4094518067875415
-1.4087145361728133
-1.4079719102131836
-1.407223948793561
-1.4064706492486467
-1.4057120106543979
-1.404948044981569
-1.40417875847111
-1.4034041577213523
-1.402624250292352
-1.4018390434470949
-1.4010485314830932
-1.4002527152109463
-1.399451642334152
-1.3986452918210075
-1.3978336612679172
-1.3970167697710456
-1.3961946258936326
-1.3953672449517645
-1.3945345785331593
-1.3936967075211273
-1.3928535945704423
-1.3920052610926599
-1.3911517258838648
-1.3902929718273402
-1.3894290159975031
-1.3885598743565744
-1.3876855506530474
-1.3868060395676483
-1.3859213680738933
-1.3850315083780917
-1.3841365118464837
-1.3832363786932416
-1.3823310839687706
-1.3814206596810956
-1.380505115681946
-1.3795844521221432
-1.378658672678855
-1.3777277984835636
-1.376791837084507
-1.3758507803435083
-1.3749046556492779
-1.3739534611286486
-1.3729971960917426
-1.3720358816657166
-1.3710695285174876
-1.3700981552535194
-1.3691217250565328
-1.368140284218715
-1.3671538504385674
-1.3661624075686782
-1.3651659662622209
-1.3641645471673154
-1.3631581401895392
-1.3621467717001705
-1.3611304574046141
-1.3601091745823781
-1.3590829704666996
-1.3580518313311964
-1.357015781093989
-1.3559748072826256
-1.3549289302034677
-1.3538781519591638
-1.35282250894491
-1.3517619821277407
-1.3506965792942314
-1.3496263358655538
-1.3485512568266493
-1.3474713199731725
-1.3463865539270778
-1.3452969910781336
-1.3442025939675672
-1.3431034007662015
-1.3419994368803185
-1.3408907024085586
-1.3397771845386885
-1.3386589033868475
-1.3375358781840252
-1.3364081272481527
-1.335275635046125
-1.3341384144284762
-1.33299651861187
-1.3318499080385215
-1.3306986203382625
-1.3295426382641429
-1.3283819899971232
-1.3272166992575847
-1.326046758994209
-1.3248721871702138
-1.3236929973654108
-1.3225091983184911
-1.3213207658831592
-1.3201277554343935
-1.3189301746808426
-1.317728012010292
-1.316521294353928
-1.3153100283640669
-1.3140942275363805
-1.31287389955929
-1.3116490686911766
-1.3104197196092735
-1.309185867706181
-1.3079475607643862
-1.3067047594480883
-1.3054575281251575
-1.3042058141173076
-1.302949678383882
-1.3016891182811587
-1.3004241350148062
-1.299154762568738
-1.2978809925915966
-1.296602850063968
-1.2953203458354212
-1.2940334671260285
-1.2927422514837903
-1.2914467090418211
-1.2901468493356205
-1.2888426832222248
-1.2875342092384743
-1.286221458463926
-1.2849044200357926
-1.2835831415332675
-1.282257590858404
-1.2809278368729766
-1.2795938319202795
-1.278255618837365
-1.2769132122846196
-1.2755666068261855
-1.274215850670261
-1.2728608996543467
-1.2715018227530122
-1.2701385910944198
-1.2687712322815738
-1.2673997750180415
-1.2660242102298565
-1.2646445506075965
-1.2632608252555388
-1.2618730185111453
-1.2604811733579804
-1.2590852934415946
-1.2576853873286915
-1.2562814635595703
-1.2548735421564197
-1.2534616340621267
-1.2520457581252336
-1.2506259204845414
-1.2492021187087734
-1.247774390513804
-1.2463427475990243
-1.2449071775599
-1.2434677358367123
-1.2420243895550636
-1.2405771927127347
-1.2391261283106771
-1.2376712108416341
-1.2362124697951073
-1.2347499144807612
-1.2332835509611981
-1.2318134038547206
-1.230339462660953
-1.2288617871106386
-1.2273803400630034
-1.225895171764867
-1.22440625593077
-1.2229136349429612
-1.2214173336542498
-1.219917345089754
-1.2184136755034818
-1.21690636109906
-1.215395399628705
-1.2138808124948834
-1.212362618720756
-1.2108408040159802
-1.2093154183939485
-1.2077864443121797
-1.2062539193278836
-1.2047178443580193
-1.2031782455711098
-1.2016351291657577
-1.2000884967517385
-1.1985383884268694
-1.196984801395275
-1.1954277288630537
-1.1938672309520686
-1.1923032960702167
-1.1907359293646613
-1.1891651817118087
-1.1875910158353005
-1.186013489416749
-1.1844325812261154
-1.182848342635844
-1.1812607547242715
-1.1796698652256798
-1.1780756412919808
-1.1764781470676207
-1.1748773699284836
-1.1732733218953846
-1.1716660324022996
-1.1700554992711345
-1.1684417549580217
-1.166824794554072
-1.1652046438421917
-1.163581321491087
-1.161954828180004
-1.1603251955238825
-1.1586924225602764
-1.1570565271449882
-1.1554175308239252
-1.1537754498314432
-1.1521302875224007
-1.1504820636535846
-1.14883079646179
-1.147176493685995
-1.145519172529805
-1.1438588493372275
-1.1421955400478236
-1.1405292595160514
-1.1388600088640148
-1.1371878201395273
-1.1355127074699387
-1.133834659647756
-1.1321537426486588
-1.1304699338579343
-1.1287832566333162
-1.1270937062658821
-1.1254013269206848
-1.1237061343891337
-1.1220081187533526
-1.1203073013903546
-1.118603713605308
-1.1168973459139289
-1.115188239799889
-1.1134763981576057
-1.1117618337006256
-1.1100445587604812
-1.1083246123507913
-1.1066019625419676
-1.1048766630870788
-1.1031487252255214
-1.1014181507014484
-1.0996849548929737
-1.0979491609249517
-1.0962107852676168
-1.0944698329266704
-1.092726337631793
-1.0909802857635615
-1.0892317258700874
-1.0874806391114578
-1.0857270640083503
-1.0839710054436817
-1.0822124892868148
-1.080451512427612
-1.078688100846396
-1.076922273177493
-1.0751540552896581
-1.0733834331409022
-1.0716104385492584
-1.0698350938212524
-1.0680573957894013
-1.0662773599808477
-1.064495037235552
-1.0627104016735334
-1.0609234824783265
-1.059134303358449
-1.057342862071928
-1.0555491886028634
-1.0537532978264317
-1.0519552074737166
-1.050154893968269
-1.0483524305168093
-1.0465478041730547
-1.0447410294256028
-1.0429321244053982
-1.0411210996611981
-1.0393079673104004
-1.037492773778621
-1.0356754980476026
-1.0338561710871
-1.0320347992777401
-1.0302114149999135
-1.0283860270553926
-1.0265586379328873
-1.0247292683709543
-1.022897937990058
-1.0210646707610966
-1.019229454337602
-1.017392333896964
-1.0155532992977403
-1.01371239991704
-1.0118696047575746
-1.0100249824771537
-1.0081785045913614
-1.0063302206493154
-1.0044800983671636
-1.0026282091829886
-1.0007745181288006
-0.9989190720698996
-0.9970618815481518
-0.9952029593051708
-0.9933423256243469
-0.9914799781110316
-0.9896159443457462
-0.9877502437907791
-0.9858828827305302
-0.9840138951274132
-0.9821432571392985
-0.9802710270813818
-0.9783971951223465
-0.9765217848551919
-0.9746448090668023
-0.9727662963474663
-0.9708862141211289
-0.9690046435333203
-0.9671215677043515
-0.96523700401354
-0.9633509505415979
-0.9614634520286303
-0.9595744977123271
-0.9576841249195487
-0.9557923342329722
-0.953899163181867
-0.952004592487996
-0.9501086718160663
-0.9482113821729402
-0.9463127635385375
-0.9444128245153742
-0.9425115747057132
-0.9406090258503611
-0.9387052084048877
-0.9368001432887639
-0.9348938223096812
-0.9329862527036926
-0.9310774870924186
-0.9291675216395822
-0.9272563729361608
-0.9253440347050318
-0.9234305520434991
-0.9215159285835473
-0.9196001881355654
-0.9176833248589511
-0.9157653707878604
-0.9138463360868855
-0.9119262294440349
-0.9100050883474096
-0.9080828933232034
-0.9061596834925295
-0.904235474783756
-0.902310270883572
-0.9003840930368177
-0.8984569577212201
-0.8965288682876884
-0.8945998528305334
-0.892669923269009
-0.8907390830073064
-0.8888073569996638
-0.8868747633861512
-0.8849413347369861
-0.8830070284855921
-0.8810719087931258
-0.879135962907393
-0.8771992507745795
-0.8752617423773472
-0.8733234564426399
-0.8713844233219976
-0.8694446369517178
-0.8675041393828052
-0.8655629271171319
-0.8636210330871306
-0.8616784471505977
-0.8597351909203883
-0.8577912933961037
-0.8558467523506595
-0.853901594631898
-0.8519558262088746
-0.8500094642686129
-0.8480625264564685
-0.8461150270489871
-0.8441669759184925
-0.8422183878242169
-0.8402692813191792
-0.8383196694911551
-0.8363695685078608
-0.8344189944899857
-0.8324679460848854
-0.8305164503926378
-0.8285645182109959
-0.8266121634435184
-0.8246594174877943
-0.8227062814338707
-0.8207527503302926
-0.8187988735820808
-0.8168446328883713
-0.8148900760321018
-0.8129351892764727
-0.8109799926557999
-0.8090245140315218
-0.8070687554177192
-0.8051127240192737
-0.8031564516155959
-0.8011999507660883
-0.7992432085797853
-0.7972862651919768
-0.7953291416152317
-0.7933718291384424
-0.791414356637597
-0.7894567307861444
-0.7874989620938448
-0.7855410788601405
-0.7835830753199239
-0.7816249978588955
-0.7796668197611644
-0.7777085773937331
-0.7757502775029973
-0.7737919391610796
-0.7718335772978904
-0.7698751970035328
-0.7679168190959141
-0.7659584575021159
-0.7640001359913181
-0.7620418328990654
-0.7600835911449952
-0.7581254232270623
-0.7561673439132583
-0.7542093603946006
-0.7522514789670276
-0.7502937260241148
-0.7483360975404869
-0.7463786396710694
-0.7444213153492407
-0.7424641924039191
-0.7405072577954076
-0.7385505272529075
-0.7365940080684621
