1025
2.1309112802265746
2.131170829600265
2.131426841210703
2.1316793334756543
2.1319283009760275
2.132173705789198
2.132415589586485
2.132653907085634
2.1328886624550063
2.1331198849390796
2.133347496744313
2.1335715460278513
2.1337920085798476
2.13400888706311
2.1342221751111117
2.1344318632776056
2.134637924376427
2.1348403834862797
2.135039220909233
2.135234432218506
2.1354260252620345
2.1356139664301623
2.135798270577078
2.1359789177599477
2.1361559277767057
2.136329261913096
2.1364989335461724
2.136664928425244
2.1368272510246533
2.1369858817985974
2.1371408179794145
2.1372920622773264
2.1374395875145185
2.1375834331965042
2.137723543998232
2.137859943321249
2.1379926329223604
2.1381215672997387
2.1382467596133052
2.1383682312572567
2.138485935744383
2.1385998973454066
2.1387101067315313
2.1388165316332737
2.1389191946734494
2.139018081592334
2.139113187172625
2.1392045101365937
2.1392920364826993
2.13937575649791
2.13945568569185
2.139531789157703
2.1396040723992225
2.139672572331115
2.1397371967054744
2.1397980143318653
2.1398549803050786
2.139908138796024
2.139957428930763
2.1400028649730656
2.140044443697918
2.1400821512396635
2.1401160085875017
2.140145982616288
2.1401720811512863
2.140194302767766
2.140212620582019
2.1402270569172606
2.140237591928578
2.140244207897277
2.1402469175106758
2.140245725416685
2.140240603571618
2.140231548689275
2.140218583973076
2.1402016934348644
2.140180842292603
2.1401560487663027
2.1401273234304763
2.1400946258440907
2.140057982889744
2.140017367234205
2.139972793306406
2.1399242368868645
2.1398716985942223
2.1398151966984753
2.1397547004285924
2.139690197127159
2.1396217158362343
2.1395492372308857
2.1394727317398203
2.1393922499951996
2.1393077216472
2.139219192677287
2.1391266367515747
2.1390300730339584
2.138929454285931
2.13882479206519
2.138716107803745
2.138603370166485
2.1384865865552465
2.1383657704677073
2.138240871925661
2.1381119111053097
2.137978901861159
2.137841814373092
2.1377006514429846
2.137555426428038
2.1374060975259552
2.13725270010021
2.137095191979015
2.136933602384742
2.1367679302041984
2.136598135420107
2.1364242611966033
2.13624624280075
2.1360641390679938
2.13587791910434
2.1356875646762767
2.1354930925616484
2.1352944908011366
2.135091776743245
2.134884910940081
2.134673898986809
2.1344587569747895
2.134239465639909
2.1340160386697473
2.133788465577925
2.1335567136670517
2.133320805717387
2.133080752673114
2.132836512188703
2.1325881228298065
2.132335560844954
2.13207881464819
2.1318179062774307
2.1315528041658762
2.131283503240173
2.131010027624798
2.130732387692916
2.1304505267433655
2.130164483086814
2.129874229786523
2.1295797816293724
2.129281116980385
2.1289782622216613
2.128671175274897
2.128359890877434
2.128044398994485
2.1277246771078024
2.127400728200625
2.1270725591684405
2.1267401762493785
2.1264035351396315
2.1260626861838796
2.1257176041313
2.1253682964899316
2.1250147366707557
2.124656942126647
2.124294892982992
2.1239285923529616
2.123558075677581
2.123183283015508
2.12280422906658
2.1224209446983706
2.122033400466259
2.1216415759270197
2.121245518002724
2.120845183788006
2.120440585400603
2.1200317489667215
2.119618609446021
2.119201209570316
2.1187795237848417
2.1183535829402667
2.117923365382095
2.1174888679109505
2.1170501008838487
2.1166070576039973
2.116159703880378
2.1157080700712303
2.1152521885917577
2.1147919822618086
2.1143275007938205
2.1138587523293504
2.1133856778165936
2.1129083216476587
2.112426674871099
2.111940730825298
2.111450508704165
2.110955976854475
2.110457135227248
2.1099540047615215
2.10944658212913
2.108934847841751
2.1084188266493364
2.107898484951496
2.1073738418000425
2.1068449044285575
2.1063116472731913
2.1057740733934294
2.1052322307009104
2.104686050512132
2.1041355738593346
2.1035807889292184
2.1030216821230945
2.102458284968438
2.101890568708901
2.1013185270414985
2.1007421868768765
2.1001615278907915
2.099576550427614
2.098987271258649
2.098393669915481
2.097795795714208
2.097193563156745
2.0965870290444313
2.095976165190535
2.095361007435588
2.094741542295943
2.094117744041408
2.093489648205983
2.092857214737427
2.0922204788199497
2.0915794500713707
2.0909340771621197
2.090284418222388
2.089630423516533
2.0889721216232005
2.0883095151613498
2.087642581731186
2.086971368854822
2.0862958225954076
2.0856159638155303
2.084931807607781
2.0842433282442445
2.083550543904081
2.0828534478961966
2.082152056712828
2.0814463459779544
2.08073632525984
2.080022012313804
2.079303400052211
2.078580457354143
2.0778532419414724
2.0771217175228367
2.0763858848739596
2.075645733207025
2.0749013446612055
2.0741526244077315
2.073399587695266
2.0726422737087655
2.0718806616439633
2.071114769216386
2.070344584575244
2.069570104167596
2.0687913377991163
2.0680082870146936
2.067220935256696
2.0664293227595
2.0656334163412957
2.064833229185611
2.0640287600821834
2.0632200337151585
2.062407011986111
2.061589710139684
2.060768161142532
2.059942329356214
2.0591122207965835
2.0582778552864553
2.0574392169325297
2.056596330912874
2.0557491727900117
2.0548977667539976
2.0540421154773543
2.053182210558142
2.0523180010145525
2.0514496062686782
2.0505769265713742
2.049700030994837
2.048818861237305
2.0479334554167474
2.0470438260515333
2.0461499725282466
2.045251856903584
2.044349530490081
2.043442975871674
2.042532202648083
2.04161717398156
2.0406979693945817
2.0397745246334464
2.0388468742293275
2.0379149895372586
2.0369789256992368
2.036038635703849
2.0350941814255035
2.03414547976456
2.033192584751486
2.032235506622934
2.0312742511701884
2.0303088186749445
2.029339171926779
2.028365356829917
2.027387367443791
2.0264051999986727
2.0254188590101134
2.024428355915387
2.0234336848942553
2.022434856163839
2.021431858432906
2.020424708117757
2.019413429437247
2.018397988649369
2.0173784043147616
2.0163546706062725
2.0153268042241113
2.014294821447456
2.0132586958596748
2.012218443549791
2.011174074403016
2.010125589744003
2.009072988561189
2.0080162766315595
2.006955472877696
2.0058905679470125
2.004821539784655
2.0037484239857517
2.0026712494051346
2.00158994544372
2.0005045936455392
1.9994151545500705
1.998321636675404
1.9972240751747226
1.9961224371001272
1.9950167290466467
1.993906962287665
1.9927931536801002
1.9916753126509925
1.9905533964728477
1.9894274648716666
1.9882975150878297
1.9871635195983237
1.9860255046215187
1.984883463236832
1.9837374079908743
1.9825873480634189
1.9814332922936282
1.9802752291854757
1.9791131600269933
1.9779471080714892
1.9767770799747457
1.9756030733357834
1.9744250787040596
1.973243106187843
1.9720571983770632
1.970867304522613
1.9696734698861096
1.9684756754333925
1.9672739564764663
1.9660682722496508
1.9648586628702207
1.963645142676522
1.9624276548315094
1.9612062774657937
1.9599809921286502
1.9587517942021098
1.9575186916041065
1.9562816877197673
1.955040796295184
1.9537960237214738
1.952547369524301
1.9512948425590548
1.9500384255821155
1.9487781752236477
1.9475140495012804
1.9462460784605122
1.9449742617731118
1.94369860429408
1.9424191197831973
1.9411357880999385
1.9398486317551196
1.9385576798614408
1.9372628964005298
1.9359643213460278
1.9346619524970703
1.9333557644907764
1.9320458090186865
1.930732087439221
1.9294145664689761
1.9280932778569544
1.9267682437063458
1.92543942773369
1.9241069104977562
1.9227705814559817
1.9214305512553556
1.9200867851839059
1.9187392982253815
1.9173880703027357
1.9160331639402346
1.9146745348570406
1.9133121893659009
1.9119461766859411
1.9105764633588223
1.9092030987999218
1.907826014854848
1.9064453007003308
1.9050608952725452
1.9036728644697627
1.90228117487703
1.9008858358265737
1.8994868771597504
1.898084272609691
1.8966780735135924
1.895268257818171
1.8938548126716996
1.8924377883999535
1.8910171504824078
1.8895929544463947
1.8881651481580033
1.8867337943900035
1.8852988562087674
1.8838604018483747
1.8824183409881547
1.8809727666328437
1.8795236426644952
1.878071004092397
1.876614824382042
1.8751551241646063
1.87369195435097
1.872225242953158
1.8707550788108218
1.8692813817547063
1.8678042059784428
1.8663235779414924
1.864839481209733
1.8633519162830956
1.861860920694528
1.8603664719407043
1.8588685921624954
1.8573672772869227
1.8558625345255158
1.8543543993757676
1.8528428372587873
1.8513278803240008
1.8498095285381058
1.848287814140642
1.8467627049124933
1.845234244941522
1.8437023943959048
1.8421672291556388
1.8406286847357187
1.8390868168367556
1.8375416060779604
1.8359930764435761
1.834441241770859
1.8328860869963466
1.8313276307526194
1.8297659161278563
1.8282008952541078
1.8266325806010122
1.8250610199484225
1.8234861891480048
1.821908115472021
1.8203267949910642
1.8187422367826447
1.8171544481576212
1.8155634330893546
1.8139692128376652
1.8123717770617735
1.8107711569746658
1.8091673300296414
1.8075603436871839
1.8059501727706073
1.8043368251926435
1.8027203591119547
1.801100706472338
1.799477928163192
1.7978520195291954
1.7962229604881468
1.7945908156690011
1.7929555643469635
1.7913171999620987
1.7896757349820351
1.7880312027291323
1.7863836046695356
1.7847329336550375
1.7830791702171747
1.7814223950024959
1.77976257090007
1.778099696938894
1.7764338223233782
1.7747649071308915
1.7730929842866106
1.7714180670458575
1.769740152216891
1.768059273727487
1.7663753946419363
1.7646885618410846
1.762998777520878
1.7613060304195478
1.7596103312025293
1.7579116965758557
1.7562101749809136
1.754505717583046
1.752798329674181
1.7510880699878506
1.7493749194676744
1.7476588853962622
1.7459399592598102
1.744218184303451
1.742493542863419
1.7407660645190675
1.7390357287933025
1.7373026023457494
1.7355666050133798
1.7338278111503265
1.7320862081864017
1.7303418331493605
1.7285946387478446
1.7268446881070252
1.7250919565294627
1.7233364607391453
1.7215782135253526
1.719817244467182
1.7180535108583233
1.7162870556711427
1.7145178727232928
1.7127460036542668
1.7109714248250383
1.7091941326638396
1.7074141908283005
1.7056315815228742
1.703846269748832
1.702058316605643
1.7002677081536686
1.6984744758543622
1.6966785959119088
1.6948801037202343
1.6930789922725789
1.691275288321938
1.6894689806266476
1.687660081193453
1.6858486069631384
1.6840345760744526
1.682217959493241
1.6803988097431173
1.6785771219897643
1.6767528882561602
1.6749261256956942
1.673096866247498
1.671265077544461
1.6694307962425634
1.6675940427397022
1.665754781096809
1.6639130832085849
1.6620688931002057
1.6602222536976878
1.65837316064339
1.6565216671132523
1.6546677202653357
1.652811360568358
1.650952599488351
1.6490914160803258
1.647227844699625
1.6453619048773145
1.643493602707585
1.6416228977776455
1.639749867110404
1.6378744700259265
1.6359967529052175
1.6341166830949607
1.6322343092660205
1.6303496268912585
1.6284626363964452
1.6265733487852867
1.624681783759905
1.622787930452964
1.620891840893317
1.6189934726521713
1.6170928483447118
1.6151899762454318
1.6132848855860384
1.6113775952601619
1.6094680613689494
1.607556319137655
1.6056424117690586
1.603726283015041
1.6018080098630758
1.5998875460480926
1.5979649278963808
1.5960401649295486
1.5941132761101104
1.5921842119226948
1.5902530522123763
1.5883197823516169
1.5863843922918126
1.5844469038019364
1.5825073329666468
1.580565683548392
1.578621963164971
1.5766761801243077
1.5747283386449218
1.5727784511946379
1.5708265397287287
1.568872623951919
1.566916653754961
1.5649586768038914
1.562998713135267
1.5610367556256317
1.5590728130422613
1.5571068794757863
1.5551390389381048
1.5531692027040518
1.5511974357206617
1.549223730935516
1.5472480785845881
1.545270523285681
1.5432910583030575
1.5413096819127594
1.5393264066612729
1.5373412589872564
1.5353542224802312
1.5333653525058195
1.5313745993292027
1.5293819817446848
1.527387552260507
1.5253912848871847
1.5233931903323819
1.5213932836994322
1.5193915818627002
1.5173880746452755
1.5153827714393504
1.513375704323928
1.5113668542391598
1.5093562428789042
1.5073438945404354
1.5053297978355884
1.5033139577021144
1.5012963734832636
1.499277110101373
1.4972561268983633
1.4952334217885572
1.4932090352690095
1.4911829736503286
1.4891552283812668
1.4871258377425316
1.4850947820661715
1.4830620637518286
1.4810277312706488
1.4789917459801176
1.4769541421353607
1.4749149139225013
1.472874095004647
1.4708316800464112
1.4687876882206925
1.4667420916317744
1.464694936446996
1.4626462325063978
1.460595953721584
1.4585441165936932
1.4564907720983062
1.4544359018084594
1.452379484069492
1.4503215916040046
1.448262194607703
1.4462012802929431
1.4441388698276094
1.4420750033775551
1.4400096729861187
1.4379428799808738
1.4358746181434927
1.43380493079829
1.4317338225297307
1.4296612447853674
1.427587272172518
1.4255118778824294
1.423435104555341
1.4213569394791878
1.4192773716135387
1.4171964348197592
1.4151141255591964
1.4130304497503503
1.410945414349917
1.4088590805059171
1.4067713932298294
1.4046823648346665
1.4025920320438894
1.4005003869415922
1.3984074386046332
1.3963131945769902
1.3942176647834865
1.3921208430617684
1.3900227715501454
1.3879234509052234
1.3858228440748714
1.3837210245593075
1.3816179294808404
1.379513653158549
1.3774081384940489
1.3753014102824148
1.3731934905813086
1.3710843576274818
1.3689740489173072
1.3668625509122783
1.3647498740331874
1.3626360592821343
1.3605210801533727
1.3584049460691163
1.3562876685999503
1.3541692588897518
1.352049736758113
1.3499290925550302
1.347807359525365
1.3456844990657546
1.3435605786531237
1.3414355305825936
1.3393094424323835
1.337182278947883
1.3350540486949987
1.3329247789202276
1.330794433651741
1.328663093328506
1.3265306893533997
1.3243972878269354
1.3222628738641173
1.320127433738564
1.3179910055005717
1.315853594798538
1.3137151881192726
1.3115758322485789
1.3094354941510886
1.3072941882953946
1.30515193512015
1.303008745222031
1.3008646139374367
1.298719556212651
1.2965735679870871
1.2944266669290225
1.2922788813315451
1.2901301866761186
1.28798059048106
1.2858301355668937
1.2836787715252584
1.2815265678885226
1.2793734785332906
1.2772195486137914
1.2750647881005164
1.2729091798450125
1.270752735033932
1.2685954752892024
1.2664373877943775
1.2642785165486612
1.2621188031372934
1.2599583253118363
1.2577970393426132
1.2556350058997374
1.2534721956614387
1.2513085982845926
1.2491442505935924
1.2469791666681056
1.2448133262650014
1.2426467586026446
1.24047945745599
1.2383114260519938
1.2361427056577183
1.2339732586121004
1.231803131805691
1.2296323011251098
1.2274607902903545
1.2252885913469158
1.2231157201180738
1.2209422027770325
1.2187680078984975
1.2165931676683748
1.2144177166305483
1.2122415987187132
1.2100648557394784
1.2078875075488804
1.2057095109707794
1.2035309419575588
1.2013517493194683
1.1991719885969054
1.1969916158658847
1.1948106795093598
1.1926291473674862
1.1904470842935193
1.1882644330243772
1.1860812369792322
1.183897503286314
1.1817132215611101
1.1795284197706577
1.1773430807536758
1.1751572338010918
1.172970875571008
1.1707840049477918
1.1685966445769222
1.1664087829231904
1.1642204458054919
1.1620316327357083
1.1598423451244062
1.1576525849311954
1.155462372967003
1.1532717111508206
1.1510806005240704
1.1488890570140398
1.1466970826776643
1.1445046828627654
1.1423118632996485
1.1401186285115417
1.137925003294449
1.1357309733675665
1.1335365434095634
1.1313417564813248
1.1291465489456782
1.1269509784054585
1.1247550394609331
1.1225587648222333
1.1203621216352382
1.1181651158822714
1.1159677853889651
1.1137701290322517
1.111572130485884
1.1093738290764903
1.1071751964444614
1.1049762528480744
1.1027770103418124
1.1005774773787842
1.0983776274481902
1.096177529834789
1.0939771393642934
1.0917764678984159
1.0895755390457778
1.0873743566531204
1.0851729187888979
1.0829712277980026
1.0807693039404986
1.078567128542003
1.0763647456028766
1.0741621188008825
1.0719592958503779
1.06975625417847
1.067553012704043
1.0653495623700053
1.0631459349827963
1.0609421219891668
1.0587381236719755
1.0565339328422778
1.0543295932814807
1.0521250901569341
1.0499204183688189
1.047715609923071
1.0455106685482485
1.0433055541949998
1.041100327732838
1.0388949740598266
1.0366894899763508
1.0344839048194694
1.0322782013966834
1.0300723906985683
1.027866473457184
1.0256605056625019
1.0234544172444051
1.0212482509609981
1.019042014270284
1.0168357083124793
1.0146293457635207
1.0124229370204678
1.0102164446067436
1.0080099241974627
1.0058033590937856
1.0035967681361952
1.0013901321677001
0.9991834692743539
0.9969767986856174
0.9947701200242273
0.9925634331434697
0.9903567302762981
0.9881500572986912
0.9859433782576417
0.9837367313612546
0.9815300780379392
0.979323485959422
0.9771168880992815
0.9749103473034272
0.9727038257412209
0.9704973926388207
0.9682909766563559
0.9660846515601464
0.9638783799551277
0.9616721740889808
0.9594660421440563
0.9572599825749185
0.9550540254824184
0.9528481598568708
0.950642385661583
0.9484367174391981
0.9462311373355864
0.9440257052296964
0.9418203639708776
0.9396151587204947
0.9374100778592565
0.935205131925432
0.9330003089259853
0.9307956780928419
0.9285911554566982
0.926386789094065
0.9241825829869954
0.9219785654202985
0.9197746991878288
0.9175710269062307
0.9153675221331008
0.9131642115234484
0.9109610694225618
0.9087581461216754
0.9065554034290404
0.904352887797927
0.9021505746766659
0.8999484768943461
0.8977466066740952
0.8955449739630885
0.8933435637983447
0.8911423715497987
0.8889414348092413
0.8867407686197138
0.884540328890222
0.8823401455490043
0.880140220250989
0.8779405877640829
0.8757412128027049
0.8735421137108017
0.8713432859261078
0.8691447634010595
0.866946524022439
0.8647485831121687
0.8625509534573914
0.8603536084324571
0.8581565994438023
0.8559598974230901
0.8537635097427014
0.8515674539704697
0.8493717253393807
0.8471763297790652
0.8449812847633936
0.84278657869369
0.8405922190750392
0.838398229013441
0.8362045970524151
0.8340113236612995
0.8318183905589766
0.8296258806888593
0.8274337293381986
0.8252419814497983
0.8230505791622401
0.8208595890560166
0.8186690076414916
0.8164788215513197
0.8142890619976085
0.8120996971242297
0.8099107555533932
0.8077222184752086
0.8055341234357261
0.8033464647259212
0.8011592293456924
0.7989724422203791
0.7967860946401846
0.7946002016839808
0.7924147630322418
0.7902297792815952
0.7880452570948885
0.7858612064685113
0.7836776313150876
0.7814945298537773
0.7793119109780874
0.777129773768073
0.7749481243515589
0.7727669852326737
0.7705863442814013
0.7684062118329115
0.7662265934478301
0.7640474691661027
0.7618688614900626
0.7596908024090981
0.7575132474356053
0.7553362460388995
0.7531597557011402
0.7509838219915068
0.7488084374522586
0.7466335920156382
0.7444593025899949
0.7422855861862422
0.7401124212205377
0.7379398161157847
0.7357678097565199
0.7335963734042739
0.7314255008698173
0.7292552265022882
0.7270855371121653
0.7249164434170404
0.7227479583315882
0.7205800647550702
0.7184127918721687
0.7162461041393153
0.714080057919489
0.7119146289042277
0.709749830273503
0.7075856582715246
0.705422116715705
0.7032592216788649
0.7010969682383307
0.6989353597232361
0.6967743856909192
0.6946141017248714
0.6924544700981582
0.6902954968184045
0.6881371846673465
0.6859795476533017
0.6838225980698127
0.6816663250736218
0.6795107541754175
0.6773558474937824
0.6752016760649744
0.6730481725633516
0.6708953754165187
0.6687432864952849
0.6665919187112342
