1025
1.4238638332620057
1.42330076737133
1.4227369395015437
1.4221723530213453
1.4216070074505696
1.4210408992300316
1.4204740337314985
1.4199064063779652
1.4193380171546295
1.4187688718239055
1.4181989599563374
1.4176282886566824
1.417056855610656
1.4164846621402825
1.4159117078122536
1.4153379919769524
1.4147635108998693
1.4141882707784934
1.4136122681116503
1.4130355030350048
1.4124579780438968
1.4118796891792218
1.4113006389227623
1.4107208252347672
1.4101402518721777
1.4095589144235596
1.4089768151669604
1.4083939535247214
1.4078103300496678
1.4072259441359962
1.4066407957163285
1.4060548848897945
1.4054682106747483
1.4048807782237152
1.4042925808394675
1.4037036226195732
1.4031139050679498
1.4025234225024328
1.4019321772693851
1.40134017420356
1.40074740733473
1.4001538804181117
1.3995595934653078
1.398964542835878
1.3983687336802644
1.3977721634273441
1.3971748326418612
1.3965767431718124
1.39597789256999
1.3953782815662272
1.3947779124622164
1.3941767827087281
1.3935748922045366
1.3929722487581366
1.3923688397715257
1.3917646756645479
1.3911597518998364
1.3905540750222902
1.3899476372698742
1.3893404427959821
1.388732491510051
1.388123782815769
1.3875143203453335
1.3869041010414627
1.3862931264945737
1.3856813978111102
1.3850689127941573
1.384455674859562
1.3838416827841251
1.3832269356638272
1.3826114356798123
1.381995184799475
1.3813781798914408
1.3807604229326726
1.3801419160466355
1.3795226608600486
1.3789026515599936
1.378281892924577
1.3776603867246684
1.3770381296888492
1.3764151255506718
1.375791372647616
1.3751668731269657
1.374541626344579
1.3739156320700037
1.373288895233194
1.3726614119979454
1.37203318207974
1.37140421098108
1.3707744963772441
1.3701440363393909
1.3695128385504303
1.3688808953215927
1.368248213710354
1.3676147906837879
1.3669806315021793
1.3663457298642419
1.3657100890587228
1.3650737137921918
1.364436599790797
1.3637987509563014
1.3631601686956372
1.3625208484694906
1.3618807944540963
1.361240010068543
1.3605984917303222
1.3599562416496387
1.3593132629586286
1.3586695506695778
1.358025111298119
1.357379941640148
1.356734045223556
1.3560874246034105
1.355440074851196
1.354792003509822
1.3541432030495282
1.3534936830017879
1.3528434400647853
1.3521924738408555
1.3515407881586996
1.3508883822397677
1.3502352599408285
1.3495814169860438
1.3489268557337653
1.3482715809019525
1.347615589643838
1.3469588859120445
1.346301470198201
1.345643339217179
1.34498449743932
1.3443249470698204
1.3436646855860923
1.343003718017552
1.3423420429064772
1.3416796614049704
1.3410165762999824
1.3403527857519961
1.3396882898888771
1.3390230947478303
1.338357202065694
1.3376906062206522
1.3370233132837672
1.3363553223976363
1.335686635964734
1.3350172522506447
1.3343471780021967
1.3336764070449627
1.3330049476858337
1.3323327987302034
1.3316599595427514
1.3309864305572425
1.3303122156430698
1.3296373171666362
1.328961730555292
1.3282854640859119
1.3276085150335164
1.3269308876248105
1.3262525796774296
1.325573593941086
1.3248939294625508
1.324213589866747
1.3235325799714954
1.3228508932585628
1.3221685342193814
1.3214855093594187
1.3208018140111406
1.3201174484903038
1.31943242165879
1.3187467277932128
1.3180603704068365
1.3173733563532921
1.3166856756732814
1.3159973379753995
1.3153083409564446
1.3146186901490156
1.3139283846340748
1.313237424918826
1.312545815424538
1.3118535563749494
1.3111606448335367
1.3104670852169897
1.3097728864302955
1.3090780374665416
1.3083825480144688
1.307686419689662
1.3069896477739185
1.306292238987431
1.3055941931251531
1.3048955138879594
1.3041962025545404
1.303496257652642
1.302795681172192
1.3020944773319043
1.301392648652605
1.3006901924132122
1.2999871158146654
1.2992834138915546
1.2985790921656681
1.2978741530205697
1.2971685959020653
1.2964624222717134
1.2957556396628478
1.2950482416085631
1.2943402347983457
1.2936316202084324
1.292922397393822
1.2922125724904447
1.2915021432077394
1.2907911105360663
1.2900794808406812
1.289367252169242
1.2886544267535867
1.2879410091315258
1.2872269973972907
1.2865124012782796
1.2857972097238406
1.28508143394876
1.2843650708289949
1.2836481273476192
1.2829306035158259
1.2822124974651885
1.2814938175741917
1.2807745584169972
1.2800547268132887
1.2793343269267154
1.2786133529293435
1.2778918150734995
1.2771697084883524
1.276447038147669
1.2757238078798376
1.2750000154180536
1.2742756697743118
1.2735507645962323
1.272825305873369
1.2720992967664866
1.2713727357410414
1.27064562851749
1.269917974519403
1.2691897784233583
1.2684610394047469
1.2677317599141082
1.2670019457284565
1.2662715963970532
1.265540710372556
1.2648092971607852
1.264077353944378
1.263344882640295
1.2626118843179435
1.2618783720255788
1.2611443348851046
1.2604097763188438
1.259674703853546
1.2589391188469676
1.258203021920665
1.2574664168963037
1.256729302624089
1.2559916846485053
1.2552535634035944
1.2545149409009102
1.253775822347762
1.2530362070384566
1.2522960980218385
1.25155549698153
1.250814410061976
1.25007283362554
1.2493307715486932
1.2485882303388216
1.2478452087426546
1.2471017080838256
1.2463577335826055
1.2456132858559332
1.2448683700424523
1.2441229839431425
1.2433771337541966
1.242630822422029
1.2418840497153425
1.241136812012777
1.2403891277192447
1.239640983654921
1.238892393286023
1.2381433495923948
1.2373938609132769
1.2366439303033778
1.2358935614218456
1.235142747874413
1.2343915022732308
1.233639822648457
1.2328877127917373
1.232135169964428
1.2313822067018962
1.2306288171284343
1.229875008245654
1.2291207764157468
1.2283661341038536
1.2276110764994224
1.2268556123368157
1.2260997335415893
1.2253434507493977
1.2245867661388072
1.2238296835191893
1.2230722047731288
1.2223143271194004
1.221556059031913
1.220797401760694
1.2200383572036726
1.2192789279998655
1.218519118900958
1.2177589300104699
1.216998366115626
1.2162374272097864
1.2154761177888302
1.214714442693304
1.213952402004596
1.2131899986424108
1.2124272332767176
1.2116641127404826
1.21090063989458
1.210136813799919
1.209372639833883
1.2086081198315708
1.207843257424039
1.2070780552867912
1.2063125151253842
1.2055466425974948
1.2047804387173173
1.2040139032328512
1.2032470430052264
1.2024798635062566
1.2017123574022948
1.2009445395442053
1.2001764063424072
1.1994079608917083
1.1986392098791334
1.1978701526715019
1.1971007917611545
1.1963311296597603
1.1955611731102047
1.1947909248547035
1.1940203809366878
1.1932495525165228
1.1924784416730325
1.1917070469632998
1.190935374208077
1.1901634251205533
1.1893912027573823
1.188618711352722
1.1878459558661196
1.1870729343894457
1.1862996514708288
1.1855261136093624
1.1847523213447853
1.1839782786759447
1.1832039857067072
1.1824294477706727
1.1816546709070757
1.1808796522039426
1.1801044001399597
1.1793289137580936
1.1785532013895217
1.1777772588980453
1.1770010949081424
1.176224713718447
1.175448109261568
1.1746712957889223
1.1738942734956428
1.1731170418963666
1.1723396070006813
1.171561970587947
1.1707841375340324
1.1700061105316357
1.1692278924965733
1.1684494871363804
1.1676708943721623
1.166892124257168
1.1661131749162328
1.1653340513664756
1.16455475658256
1.1637752939870083
1.162995667321619
1.16221587669619
1.1614359274157096
1.160655827454275
1.1598755721919698
1.1590951712326725
1.1583146261957697
1.157533937309815
1.1567531123303423
1.1559721543489931
1.15519106249085
1.1544098429459393
1.153628501703802
1.1528470352520421
1.1520654583272298
1.15128375773115
1.1505019517384776
1.1497200383916588
1.1489380212089861
1.1481559009543731
1.1473736886153614
1.146591380258354
1.1458089797822726
1.1450264968237935
1.1442439281864258
1.1434612843190506
1.1426785586441093
1.1418957654579989
1.141112899277422
1.1403299711457484
1.139546980474691
1.1387639293911924
1.1379808258911817
1.1371976695309467
1.1364144679787362
1.1356312224172238
1.1348479337006132
1.1340646111070458
1.1332812510508363
1.1324978673693784
1.131714451626989
1.1309310179939411
1.1301475622367463
1.1293640986731712
1.1285806145802304
1.1277971265513047
1.1270136348947772
1.1262301432101944
1.1254466526984583
1.124663167927706
1.1238796997754437
1.1230962403112332
1.1223128043387836
1.1215293839057296
1.1207459890881495
1.1199626255266018
1.1191792952945603
1.1183959996337145
1.1176127476635478
1.1168295386072562
1.1160463773392388
1.1152632667826106
1.1144802109600884
1.1136972174992568
1.112914284275036
1.1121314168452994
1.111348620888128
1.1105659016177167
1.1097832582496174
1.109000699173617
1.1082182209994824
1.1074358397648927
1.1066535455958666
1.1058713514844956
1.1050892570522053
1.1043072671196945
1.103525388518148
1.1027436202445826
1.1019619686995952
1.1011804424638494
1.1003990373531962
1.0996177577059323
1.098836613668472
1.0980556040055574
1.0972747370126328
1.0964940127631697
1.0957134363320564
1.0949330109982682
1.0941527417129697
1.0933726329538855
1.0925926861677806
1.0918129086581854
1.0910333005318602
1.0902538706203377
1.0894746197394976
1.0886955489928583
1.0879166717219493
1.0871379809869515
1.086359487794224
1.0855811946810026
1.0848031008490748
1.0840252196333922
1.0832475501295042
1.0824700932131617
1.0816928557307854
1.0809158444445792
1.0801390610720902
1.0793625092808286
1.0785861886648034
1.077810113831787
1.0770342813471836
1.076258694592493
1.0754833635734673
1.0747082860956358
1.0739334685319584
1.0731589165657802
1.0723846321483825
1.0716106229217424
1.0708368871792275
1.0700634346764317
1.069290267678848
1.0685173877084635
1.0677447995770328
1.0669725091168285
1.066200524934172
1.0654288436892827
1.064657469617852
1.0638864134013892
1.063115674512434
1.0623452587793492
1.061575166662659
1.0608054072979012
1.060035981714699
1.0592668965306886
1.0584981516433996
1.0577297607280094
1.0569617140277747
1.056194026508218
1.0554266977787257
1.054659736506631
1.0538931391192738
1.0531269188234795
1.052361073647891
1.051595608964858
1.050830530217726
1.0500658442886235
1.0493015489941842
1.0485376515960534
1.047774156129731
1.0470110710197775
1.0462483939953227
1.0454861301300145
1.0447242921354711
1.0439628766537536
1.0432018853179001
1.042441328742073
1.0416812071056332
1.0409215290830864
1.0401622956391268
1.039403510918532
1.038645180213717
1.0378873096028087
1.0371299001952539
1.0363729567761675
1.0356164845231222
1.0348604910213197
1.0341049723757603
1.0333499410571407
1.0325953992516885
1.0318413483968385
1.0310877937365273
1.030334743972908
1.0295821969688865
1.0288301614213278
1.0280786422838069
1.0273276385335135
1.0265771634233505
1.0258272114182785
1.0250777921079814
1.0243289091252015
1.023580571189206
1.02283277518281
1.022085529207815
1.021338838748908
1.0205927037517837
1.0198471321025966
1.0191021297056406
1.0183577002267319
1.0176138416166685
1.0168705677529526
1.0161278762209536
1.0153857769573105
1.014644267652933
1.0139033584414199
1.0131630521729507
1.0124233528146904
1.0116842634202585
1.0109457916255755
1.010207937579167
1.0094707131008098
1.008734114342929
1.0079981477428153
1.007262818736426
1.006528134187934
1.00579409970212
1.0050607117626382
1.0043279795575315
1.0035959113498756
1.002864502740365
1.0021337678715185
1.0014037041249222
1.000674318713327
0.9999456169318078
0.9992176039839408
0.9984902769554732
0.9977636498366459
0.9970377236439959
0.9963124999864673
0.99558798593058
0.9948641858268904
0.99414110479332
0.9934187469131324
0.9926971159077183
0.9919762143029371
0.9912560499499827
0.9905366269028405
0.9898179533200663
0.9891000233786666
0.988382847793317
0.9876664320307142
0.9869507791169786
0.9862358942314068
0.9855217784976175
0.9848084468860884
0.9840958913299537
0.983384122555144
0.9826731442483827
0.9819629573563318
0.9812535723241286
0.9805449907193291
0.9798372161601417
0.9791302527755971
0.9784241081500965
0.9777187832303953
0.9770142889451854
0.9763106216344125
0.9756077876845817
0.9749057968546166
0.974204648315658
0.9735043486688726
0.9728049016010106
0.9721063137090645
0.97140858665812
0.9707117246458532
0.9700157362215975
0.9693206210328807
0.9686263853483797
0.967933037220882
0.9672405770006641
0.966549008587864
0.9658583372211433
0.965168572567569
0.9644797133214627
0.9637917631705276
0.9631047302677594
0.9624186186013584
0.9617334300020224
0.9610491751651483
0.9603658519951034
0.9596834659353713
0.9590020254294837
0.9583215305301379
0.9576419866353606
0.9569633992885377
0.9562857737464705
0.9556091139594793
0.9549334257303853
0.9542587085210487
0.9535849719053504
0.9529122198863399
0.9522404521553723
0.9515696756969014
0.9508999002705476
0.9502311262737622
0.9495633535736617
0.9488965967008608
0.9482308540235466
0.9475661275477071
0.9469024225952556
0.9462397490997216
0.9455781075411543
0.9449175042219522
0.9442579397310215
0.9435994235315119
0.9429419592627926
0.9422855441249581
0.9416301912014569
0.9409759010269176
0.94032268099399
0.9396705343538239
0.9390194619057928
0.9383694726968499
0.9377205685709935
0.9370727541490814
0.9364260322001887
0.9357804167194309
0.9351359026041911
0.9344924941735142
0.9338501990108756
0.9332090221383591
0.9325689655911782
0.9319300349112863
0.9312922335327519
0.9306555655301965
0.9300200389505534
0.9293856566314759
0.9287524183547556
0.9281203367539467
0.9274894056426713
0.926859642074553
0.9262310419605785
0.9256036109966026
0.9249773553368384
0.9243522756709526
0.9237283813490303
0.9231056723674793
0.9224841542953699
0.9218638353937683
0.9212447158886395
0.9206267994515787
0.9200100916883129
0.9193945982213723
0.9187803217055812
0.9181672683174549
0.917555442857028
0.916944844382024
0.9163354853685796
0.915727360015648
0.9151204832954546
0.91451485237749
0.9139104742554247
0.9133073532483624
0.9127054901946754
0.9121048972309648
0.9115055683349308
0.9109075173474142
0.9103107440144285
0.9097152498874025
0.909121044204778
0.9085281298098135
0.9079365087571828
0.9073461911987778
0.9067571752722509
0.9061694639512138
0.9055830668774515
0.9049979871894834
0.9044142260187571
0.9038317910234427
0.9032506831771215
0.9026709083409153
0.9020924741460042
0.9015153802054116
0.9009396304289408
0.9003652337911737
0.8997921864625429
0.8992205014424737
0.8986501757248492
0.8980812173402771
0.8975136329719591
0.8969474221067872
0.896382588565786
0.8958191407852749
0.8952570774454824
0.8946964099796162
0.8941371318657654
0.8935792578400726
0.8930227845243675
0.8924677228792317
0.891914073650198
0.8913618366073329
0.890811021705761
0.8902616314652341
0.8897136683110022
0.8891671394395975
0.8886220452701616
0.8880783911813827
0.8875361840418255
0.8869954233532475
0.8864561176591966
0.8859182672557635
0.8853818777011065
0.8848469519332457
0.884313494117708
0.8837815119301413
0.8832510029367536
0.8827219753132498
0.8821944369864818
0.8816683825905498
0.8811438207543232
0.88062075791102
0.880099190752504
0.8795791322387204
0.8790605788477546
0.8785435419079968
0.8780280173656696
0.8775140138061105
0.8770015323414909
0.8764905821842828
0.8759811599377099
0.8754732747705759
0.8749669290807116
0.8744621258530048
0.8739588714330458
0.8734571663535778
0.872957015875911
0.8724584249638503
0.8719613954415962
0.8714659317353625
0.8709720376391459
0.8704797190321447
0.8699889765316778
0.8694998161256208
0.8690122390906765
0.8685262509235028
0.8680418559687834
0.8675590566649388
0.867077857859124
0.8665982622435935
0.8661202738877124
0.8656438968686012
0.8651691335197206
0.8646959902122638
0.8642244692309858
0.8637545717110436
0.8632863080173826
0.8628196712445572
0.8623546724523852
0.8618913136360108
0.8614296017485474
0.8609695349737184
0.860511118018499
0.8600543569329786
0.8595992553546216
0.859145813245719
0.8586940388626725
0.858243931559579
0.8577954956054408
0.8573487364329642
0.8569036576210008
0.8564602577526357
0.8560185487180254
0.855578527418042
0.8551401988868726
0.854703567759013
0.8542686371209436
0.8538354101549525
0.8534038888883915
0.8529740793741125
0.8525459810651607
0.8521196027490961
0.8516949429784176
0.8512720091135251
0.8508508013620093
0.8504313250338786
0.850013580922928
0.8495975761455883
0.8491833126738548
0.8487707919625594
0.8483600164094721
0.847950993485746
0.8475437245181131
0.8471382105337393
0.846734459104558
0.8463324721756873
0.8459322476889581
0.8455337963331159
0.8451371172761163
0.8447422136889899
0.84434909177686
0.8439577502616296
0.843568194961857
0.8431804280708564
0.8427944580625188
0.8424102788981853
0.8420278981913428
0.841647319543624
0.8412685452391082
0.840891579708221
0.8405164266873625
0.8401430824097786
0.8397715576262008
0.8394018517881086
0.8390339701199381
0.8386679113810626
0.8383036820195102
0.8379412856163139
0.8375807241148131
0.8372220004634515
0.8368651145899836
0.8365100762121386
0.8361568827837722
0.8358055399037798
0.8354560461922831
0.8351084123016846
0.8347626308897034
0.8344187122820341
0.8340766544759803
0.8337364689487909
0.8333981475628505
0.8330617024039496
0.8327271306195266
0.8323944360781909
0.8320636214397542
0.8317346883548586
0.8314076440098528
0.8310824879324356
0.8307592231425858
0.8304378517665452
0.8301183742124815
0.8298008017002422
0.8294851261704264
0.8291713587263561
0.8288594968982191
0.8285495446945161
0.8282415030384565
0.8279353829484625
0.8276311746275795
0.8273288861757678
0.8270285210460074
0.8267300844571378
0.82643357257278
0.8261389935369234
0.8258463451843726
0.8255556332540265
0.8252668562683804
0.8249800215062891
0.8246951277079615
0.8244121806273864
0.8241311798801909
0.8238521287472632
0.8235750305675764
0.8232998884563277
0.8230267021249107
0.8227554719024601
0.8224862049068289
0.8222189048158516
0.8219535676177077
0.8216901992346058
0.8214288002970377
0.8211693778188914
0.8209119287872053
0.820656455670825
0.8204029616627416
0.8201514522958459
0.8199019243607953
0.8196543835827582
0.8194088328516395
0.8191652690158232
0.8189237009329275
0.8186841252132563
0.8184465465425353
0.8182109668521088
0.8179773870392438
0.817745810351662
0.8175162395568284
0.8172886745231056
0.8170631176739678
0.816839574210284
0.816618043133791
0.8163985256510272
0.8161810211510825
0.8159655424960433
0.8157520803339668
0.8155406442627648
0.815331225976966
0.8151238373349278
0.8149184771742906
0.8147151463832003
0.8145138497348896
0.8143145843363597
0.8141173545375917
0.8139221599318859
0.8137290062523037
0.8135378931777787
0.8133488212027933
0.813161793695019
0.8129768117220438
0.8127938780421745
0.8126129927927289
0.8124341574446778
0.812257374548686
0.8120826458992908
0.8119099734692324
0.8117393566309998
0.8115707994404358
0.8114043009643634
0.8112398646211022
0.8110774932521151
0.8109171859617315
0.810758945344017
0.8106027740094066
0.8104486684180463
0.8102966331734788
0.8101466738756347
0.8099987843813037
0.8098529730585752
0.8097092337972261
0.8095675753639381
0.8094279956733075
0.8092904953486556
0.8091550758108853
0.8090217420240292
0.8088904899080406
0.8087613227201749
0.8086342455843456
0.8085092556825495
0.8083863525343645
0.808265540859926
0.8081468208702726
0.8080301926539768
0.8079156605361087
0.8078032219647697
0.807692879991845
0.8075846324972671
0.8074784862498479
0.8073744394977487
0.8072724937024557
0.8071726486488102
0.8070749054569395
0.8069792670404233
0.8068857333021625
0.8067943043030802
0.8067049787539585
0.806617766105502
0.8065326606163485
0.806449663415269
0.8063687747709188
0.8062899979860411
0.8062133338270313
0.8061387820238677
0.8060663453657775
0.8059960198717929
0.8059278145124437
0.8058617210774272
0.8057977445575771
0.8057358855069839
0.8056761462979742
