1025
-0.01252707849575651
-0.010865987732265112
-0.009205677135694902
-0.007546147144684167
-0.005887405193004195
-0.004229467549274458
-0.0025723286215913886
-0.0009160066580353232
0.0007394935713576479
0.0023941738456393297
0.004048006797238559
0.005700999541246773
0.007353139238810101
0.009004420384410792
0.010654834855106292
0.01230437374906811
0.013953023289331073
0.015600783670193998
0.017247643165111418
0.018893593936530558
0.020538631445034917
0.022182739817408238
0.02382591647407695
0.025468149081287667
0.0271094362640198
0.028749760461948392
0.030389118503455815
0.03202749933825569
0.033664897281617256
0.03530129963645436
0.036936698730724825
0.0385710879575548
0.04020445259415816
0.04183679623410609
0.0434680961592548
0.04509835161218562
0.04672755537182115
0.04835568758410688
0.0499827441220093
0.05160872323606444
0.05323360456003981
0.054857387017393525
0.05648006013770272
0.058101607346178544
0.05972202680953614
0.061341306664068396
0.06295943758448501
0.06457641107753924
0.06619221522275553
0.06780683914036308
0.06942027886113007
0.07103251658149784
0.07264354553707647
0.07425336731380368
0.07586194827580156
0.07746929882346336
0.07907539809320378
0.08068024962164688
0.0822838280675133
0.08388612862982953
0.08548714175981363
0.08708685473285051
0.08868526464585166
0.0902823533383366
0.09187811415828938
0.09347253756136834
0.09506560721751621
0.09665732020550838
0.09824766190299664
0.09983661813512142
0.10142418324423438
0.10301034925637662
0.10459509903218284
0.10617842218943405
0.10776031592063802
0.10934076611262972
0.11091975367822288
0.11249727414907694
0.11407332062601813
0.11564787249472772
0.11722092721650083
0.11879246759888111
0.12036248770533081
0.12193097096037507
0.12349790775433744
0.1250632929467061
0.12662710815398925
0.12818933971415067
0.12974998553631106
0.13130903010737763
0.13286645518873288
0.1344222642488572
0.13597642766581367
0.13752894771273913
0.1390798068768914
0.14062899973016765
0.14217650299587595
0.1437223091470162
0.1452664134893058
0.14680879683167397
0.14834945036540972
0.1498883672083734
0.15142552276307064
0.15296091178488716
0.15449452709343225
0.1560263496289145
0.15755636927414013
0.15908457858877914
0.16061095504659317
0.16213549734056293
0.16365818252696437
0.16517900763174093
0.1666979609365965
0.16821502037269392
0.16973018637165121
0.17124342970184897
0.1727547552301137
0.1742641429183678
0.1757715764094884
0.17727704851516113
0.17878054462485346
0.1802820577154431
0.1817815653874353
0.18327905735514896
0.1847745263862097
0.18626795532816295
0.18775933615160736
0.1892486540324256
0.19073588812704073
0.1922210327503639
0.19370407882898508
0.19518500270076075
0.19666380301145586
0.19814046100714325
0.19961496130509812
0.20108729783581059
0.20255744968061568
0.2040254031811616
0.20549115264362222
0.2069546885331346
0.20841598282966092
0.2098750337353147
0.21133182136097603
0.2127863372521672
0.21423856293813293
0.2156884929941885
0.21713610343000653
0.21858139093378331
0.2200243402075233
0.22146493217355157
0.2229031551236961
0.22433899797828283
0.22577244967233956
0.22720348520532369
0.22863210542230838
0.23005829058766075
0.23148202967130116
0.23290330229817469
0.23432210049013905
0.23573840542939428
0.23715220504752157
0.23856349584083172
0.23997224829041547
0.2413784531728474
0.24278210562251695
0.244183184422731
0.24558167068053044
0.24697756379482688
0.24837083880881203
0.24976148549273364
0.25114949763965805
0.2525348440721463
0.25391752287751396
0.2552975136385885
0.25667481125547825
0.25804939615706224
0.25942125393241433
0.26079037371883984
0.26215674011867046
0.2635203299460786
0.26488113798342633
0.2662391592227874
0.26759435881558136
0.26894673652431894
0.27029628092361807
0.27164296187749354
0.27298677750414563
0.2743277118129658
0.27566574872261523
0.27700087982772914
0.27833308227311665
0.27966234212989066
0.28098865114690574
0.28231199422989844
0.28363235217961513
0.28494971741096314
0.2862640669457271
0.28757539164184026
0.2888836793401593
0.29018890886368753
0.29149106682319553
0.2927901522672419
0.2940861319949781
0.2953790030203511
0.2966687478161277
0.2979553483541992
0.2992387990181331
0.3005190774937284
0.30179616763038775
0.3030700625775427
0.30434074224123486
0.30560819242786136
0.30687240316631037
0.3081333543982722
0.30939104534115797
0.31064543790403615
0.3118965332229461
0.31314430901718926
0.3143887605077813
0.3156298696505406
0.31686761468413005
0.31810199076488815
0.319332972341596
0.3205605544500172
0.3217847252292577
0.3230054557277163
0.3242227474003798
0.32543657194489417
0.32664692251442895
0.32785378505715307
0.3290571388403457
0.33025698214224225
0.33145328547526515
0.33264603979926627
0.333835234544232
0.3350208479086911
0.3362028700862285
0.3373812844655009
0.33855608086699224
0.33972723775575764
0.3408947430217874
0.34205858667632194
0.3432187519327695
0.34437521556612644
0.34552797850526173
0.34667701599709366
0.3478223134527764
0.34896385296577
0.35010164228206003
0.35123564056989964
0.3523658371422902
0.35349222796851126
0.35461479220894754
0.35573352019564314
0.3568483936058632
0.357959396694012
0.3590665172303645
0.36016974078396974
0.3612690478515563
0.3623644347614732
0.36345587739215557
0.36454336460395825
0.3656268811214766
0.3667064187108278
0.3677819522596044
0.3688534709805867
0.3699209690942954
0.3709844218746434
0.37204381610787396
0.37309914246884207
0.3741503815546328
0.37519752557636527
0.3762405529418181
0.37727945537972807
0.37831421883693833
0.3793448261195455
0.38037124841914616
0.3813935036084971
0.38241154961852064
0.3834253905507277
0.38443499556496996
0.3854403601972073
0.38644147329424655
0.3874383197426931
0.38843087447911306
0.3894191366864636
0.39040308695202036
0.3913827130440707
0.39235799006314764
0.39332892531589464
0.39429548621666477
0.39525766769809895
0.3962154471352187
0.39716882490202926
0.39811777346658744
0.39906229523101494
0.40000235267599543
0.40093794594922316
0.40186906329128563
0.4027956915848431
0.4037178164397953
0.40463541298164285
0.40554847937873134
0.4064569992605299
0.40736095715909293
0.40826033986002935
0.40915513580726803
0.41004532905034186
0.41093090795457987
0.4118118548982576
0.41268816006032527
0.4135598157004042
0.41442679789336506
0.41528909758901134
0.4161466989274594
0.41699959191289754
0.417847766869438
0.4186912022324041
0.41952988804744945
0.42036381298742553
0.4211929629818366
0.42201732373412465
0.42283688247091267
0.42365163040748677
0.42446155065601887
0.4252666232855428
0.42606684376925447
0.42686220610529163
0.4276526769049229
0.4284382644588674
0.429218943931921
0.4299947038478593
0.43076553981442317
0.4315314289305616
0.43229235916679765
0.4330483196443413
0.43379930145334317
0.434545293090078
0.43528626925437564
0.4360222325880112
0.43675316865245556
0.4374790561228365
0.43819988868037246
0.43891565077466677
0.4396263323020777
0.4403319222964463
0.4410324095193795
0.4417277774912317
0.44241801308718587
0.44310310915857753
0.44378305437571397
0.4444578346174153
0.4451274341235918
0.4457918421543125
0.44645105732514545
0.4471050525708564
0.44775382704141387
0.44839736242742256
0.44903565539580476
0.4496686815501176
0.45029643905199823
0.45091891879678025
0.45153609230787667
0.4521479680054692
0.45275452812999845
0.45335575846195525
0.45395164847022274
0.45454218641183025
0.4551273632310812
0.455707168175289
0.45628158841031025
0.4568506137798846
0.4574142270657742
0.4579724314052726
0.45852520262528057
0.4590725367556416
0.45961442135459757
0.46015084536222034
0.4606818002978723
0.4612072685070385
0.4617272439272364
0.4622417223736301
0.462750682009117
0.46325412163190705
0.4637520287898274
0.46424438441255583
0.4647311909834498
0.4652124369331467
0.46568810130997984
0.4661581810375728
0.46662267064294505
0.46708154838868476
0.46753482483514186
0.46798245809949846
0.4684244670204065
0.46886083065611006
0.46929154165829107
0.469716583262334
0.47013596128336765
0.47054965226289264
0.4709576468663236
0.47135994748990834
0.4717565337419495
0.4721474081998911
0.47253254124019534
0.4729119463162469
0.47328559589385516
0.47365349725150374
0.474015630338044
0.47437198730826863
0.4747225653605234
0.47506734684941837
0.4754063354206342
0.47573951441044865
0.4760668699153785
0.4763884054942772
0.4767041013015233
0.4770139622409305
0.4773179639755256
0.47761611350615235
0.4779083907658254
0.4781948042321835
0.4784753195027561
0.47874995206008525
0.4790186820157234
0.47928150952358084
0.4795384173547157
0.4797894017176775
0.48003446688499535
0.4802735836081606
0.4805067669584009
0.48073398529837436
0.4809552443347448
0.4811705421252113
0.4813798648475346
0.48158320359792844
0.4817805595401706
0.48197191754342766
0.48215727478349074
0.4823366212077194
0.48250995004186087
0.48267726229923913
0.4828385396464972
0.4829937826437038
0.483142982418303
0.4832861396265772
0.4834232368200205
0.48355427785897237
0.48367924359055775
0.4837981463867795
0.48391096078537515
0.4840176938875158
0.4841183322648524
0.48421287472663466
0.48430131716318575
0.4843836477621516
0.48445986383809275
0.48452996948747146
0.4845939442184723
0.4846517839044467
0.4847034941194428
0.48474906108585614
0.48478848483681397
0.48482175721365994
0.4848488735006707
0.48486982873782575
0.48488461692514545
0.4848932370444581
0.4848956795157979
0.4848919460170474
0.4848820237390281
0.4848659191486303
0.4848436187032228
0.48481511813855277
0.48478042714846886
0.48473952057716996
0.48469240901091776
0.48463908495110697
0.4845795370023204
0.4845137766505602
0.4844417924618789
0.4843635767417573
0.4842791271205284
0.48418844705433645
0.48409153141581385
0.48398837267530664
0.4838789600139579
0.4837633101299994
0.48364140762436414
0.4835132471565883
0.4833788368041507
0.4832381607616367
0.4830912230580868
0.48293802237746
0.482778553102579
0.48261281986622784
0.48244080772826103
0.48226252504944594
0.4820779680319577
0.481887128954471
0.48169000673850815
0.48148660146486194
0.48127692246007464
0.48106095209354144
0.48083868792907747
0.48061014214950304
0.480375305670348
0.48013417672318887
0.4798867493918574
0.47963303197436713
0.47937301600648435
0.4791067063723299
0.4788340939998028
0.47855519407579483
0.4782699813075375
0.47797847304960156
0.4776806629644343
0.4773765583625787
0.47706614331734787
0.47674943234776607
0.4764264163533244
0.4760970970290053
0.47576147566988464
0.4754195578002652
0.47507132963596127
0.4747168006112741
0.47435596694096094
0.4739888380318289
0.4736154055307142
0.4732356666177003
0.47284963664626156
0.47245730948530357
0.47205867374279825
0.47165374466871957
0.471242517136387
0.4708249983209571
0.47040118041824536
0.469971072201621
0.4695346705381651
0.4690919818503801
0.46864300212201904
0.4681877338904869
0.46772618108884906
0.46725834807940025
0.4667842264339794
0.46630382998164793
0.46581715717265165
0.465324205561662
0.4648249796710786
0.464319488196021
0.4638077222764579
0.46328969202282294
0.4627654033319316
0.4622348465456131
0.46169804176940926
0.46115497422534374
0.4606056561985936
0.46005008705504774
0.4594882822753525
0.45892022808309035
0.45834593662236106
0.4577654119993294
0.45717864950203585
0.45658565995875294
0.45598644983126346
0.4553810223346815
0.45476936769494264
0.45415150870324533
0.4535274359477589
0.45289716378571254
0.4522606852112896
0.4516180154194352
0.4509691553114161
0.45031410700552643
0.4496528759066975
0.4489854695891861
0.44831188759447727
0.4476321465525389
0.4469462375729534
0.4462541695064015
0.4455559472836253
0.4448515819201644
0.4441410814551018
0.4434244370833635
0.4427016615447513
0.441972769835128
0.4412377499977813
0.4404966265447496
0.4397493902603691
0.4389960548397508
0.43823662644955785
0.4374711143089676
0.4366995085713343
0.43592183513574134
0.43513809412859644
0.4343482870424349
0.4335524240421913
0.432750513938888
0.43194256222149807
0.4311285754284593
0.4303085606912331
0.42948252388750746
0.42865047310268395
0.42781241948680665
0.4269683733000221
0.42611832605292765
0.4252622959931207
0.42440029396913087
0.423532323301029
0.4226583919825465
0.4217785039481144
0.42089268798028184
0.4200009255080661
0.4191032401913873
0.41819963612485456
0.41729011656331116
0.41637470002677684
0.4154533908416104
0.41452619481830494
0.41359312199601767
0.41265418599348924
0.4117093890957841
0.41075875307448206
0.4098022711686025
0.40883995527457223
0.4078718270056334
0.40689788618608463
0.4059181430160309
0.4049326088841175
0.4039412958020067
0.40294420832940414
0.4019413567066821
0.40093275735352923
0.39991841284260715
0.39889833682960457
0.3978725440036219
0.39684103926759245
0.39580383201097563
0.3947609302420578
0.3937123601807803
0.3926581189904245
0.39159821455408195
0.3905326665646042
0.38946148552716947
0.38838467775159113
0.38730226253622824
0.3862142435697729
0.3851206304188492
0.3840214455701215
0.3829166875769186
0.38180637524694383
0.3806905162165538
0.3795691294723684
0.37844222284849777
0.3773098114211351
0.3761718973222462
0.3750285029979262
0.37387964115230277
0.3727253147227788
0.371565538180532
0.3704003358406822
0.369229712870432
0.36805367393285215
0.36687224916326827
0.3656854412368663
0.36449325708156505
0.3632957134972005
0.36209283215911664
0.36088462191327747
0.35967109409271597
0.3584522580998006
0.3572281370506945
0.3559987435215467
0.3547640755260069
0.3535241650608804
0.35227901617422935
0.3510286524130733
0.3497730818634556
0.3485123133832951
0.34724636813710213
0.3459752571252515
0.3446989941472557
0.3434175931607846
0.3421310833477092
0.3408394617183495
0.33954274431347237
0.3382409536803826
0.3369341001428102
0.33562219896556605
0.3343052649665497
0.3329833137260021
0.331656356455891
0.33032441783179634
0.3289875110514419
0.3276456392265067
0.3262988356213471
0.32494709670066324
0.3235904615167926
0.3222289280007812
0.3208625165533045
0.3194912470128768
0.3181151271040247
0.31673418109458373
0.31534841909382844
0.313957857954844
0.31256252323837874
0.31116242170167335
0.30975757039330953
0.3083479866615405
0.3069336880083722
0.30551469457230107
0.30409101815081485
0.3026626826965769
0.3012296922623491
0.29979208020168274
0.29834984292189404
0.29690301944486874
0.2954516152851369
0.29399564773820736
0.2925351397220079
0.291070096536374
0.28960055584928146
0.28812651421994634
0.2866480052605284
0.28516504066051773
0.2836776323304525
0.28218580645004726
0.2806895805058451
0.279188966671088
0.27768399377315794
0.27617466903471716
0.27466101251265834
0.27314304597524613
0.27162078869302775
0.2700942558881409
0.26856346806411235
0.2670284406410484
0.265489195158062
0.26394575590114566
0.2623981331294556
0.26084634560692543
0.25929042218983567
0.25773036588629533
0.2561662128095839
0.25459796753623043
0.2530256596712757
0.2514493091800027
0.24986892872238753
0.2482845388170483
0.24669616278416678
0.2451038148198504
0.24350752454391392
0.24190729366317998
0.24030316132868518
0.23869513326614894
0.23708324422639454
0.23546750388113502
0.23384792770928964
0.23222454364222017
0.23059737404618125
0.22896643140202075
0.22733174205930712
0.22569332283180094
0.22405119291622633
0.22240538221135142
0.22075589903111548
0.2191027748322241
0.2174460216231427
0.2157856648183694
0.2141217209415241
0.21245421336347023
0.21078316825245938
0.2091085959008062
0.20743052434675152
0.20574898211322443
0.20406397310388297
0.20237552812141427
0.20068367187016814
0.19898841192700606
0.19728978868037012
0.19558780753468807
0.19388250321980854
0.1921738834917277
0.19046198121771768
0.18874680740417768
0.18702839967978616
0.1853067621859473
0.18358192672014534
0.18185391530591669
0.18012274511214962
0.17838844389281658
0.17665102718054426
0.17491052322331216
0.17316695132798068
0.1714203315175359
0.1696706904671414
0.16791804538118013
0.1661624237402446
0.16440384626124876
0.16264233360468033
0.16087790718434555
0.15911059334883532
0.15734041329907406
0.15556738818872534
0.15379154334243472
0.15201290016174346
0.15023148107032328
0.14844730862979602
0.14666040521348792
0.14487079866081878
0.1430785061452065
0.1412835504336305
0.1394859643603511
0.1376857518458266
0.13588295004506182
0.1340775788183808
0.13226966867945847
0.13045923213478985
0.12864629210990228
0.12683088086933023
0.1250130195823526
0.12319272548692324
0.12137003106594357
0.11954495027777727
0.1177175105008051
0.11588773696462398
0.11405565372181971
0.11222127550584282
0.11038464335059348
0.10854576687090017
0.10670467114010597
0.10486138509760333
0.10301593163003185
0.10116833254710235
0.09931861065984901
0.097466793678589
0.09561289895057225
0.09375696071498898
0.09189899142034395
0.09003902653278661
0.08817708242715881
0.0863131865976682
0.08444735911440489
0.08257963133008696
0.08071002327554008
0.07883855782015345
0.07696525550182157
0.07509015113429364
0.07321326331585809
0.07133461336039738
0.06945423280586357
0.06757214555180152
0.06568836338073707
0.06380292585763382
0.061915851775441726
0.06002716311663858
0.05813689098502943
0.05624505356188814
0.05435167695133897
0.05245678419780925
0.050560413952904046
0.04866256998048744
0.04676328717545214
0.04486259074923372
0.04296050411134924
0.0410570539303627
0.03915226630905893
0.0372461543070738
0.03533875637728342
0.03343009119673614
0.031520187299838534
0.029609062775370617
0.027696745928972654
0.025783265288014265
0.023868644413776056
0.02195290644800811
0.0200360728451187
0.018118179692917867
0.016199240355653642
0.014279289139793351
0.012358338673055077
0.010436431296464552
0.008513572135682542
0.006589801874207192
0.0046651338344205736
0.0027396105558358625
0.0008132360304905775
-0.0011139456944731535
-0.0030419214141268114
-0.004970664060379464
-0.006900147659666281
-0.008830348927463937
-0.01076123612429768
-0.012692788236437415
-0.014624981811811655
-0.01655778901218467
-0.01849119095894917
-0.020425147544603377
-0.02235965065879326
-0.024294664191117477
-0.02623016749928356
-0.028166133820708938
-0.030102542773489505
-0.032039351479420115
-0.03397655922952516
-0.035914128935951806
-0.03785203578671309
-0.039790248012916196
-0.04172875224210055
-0.0436675127096553
-0.04560651301133866
-0.04754572179371675
-0.04948512246083851
-0.051424677094080704
-0.053364372596330485
-0.05530417228505303
-0.057244058890022306
-0.059184005136772605
-0.06112398384586092
-0.06306396842471375
-0.06500393907115241
-0.06694387322553082
-0.06888373668442672
-0.07082350151626095
-0.07276315591795128
-0.07470266798438488
-0.07664201322465453
-0.0785811583138943
-0.08052008918396712
-0.08245877673448312
-0.08439719878635084
-0.08633532188467237
-0.08827312832767982
-0.09021059023624803
-0.09214768027801805
-0.09408438187283191
-0.09602065717999779
-0.097956490371315
-0.09989185582001292
-0.1018267247017737
-0.10376107481234899
-0.10569488062272156
-0.10762811375366109
-0.10956075350256719
-0.1114927743320581
-0.11342414600126874
-0.11535484815269774
-0.11728485691926162
-0.1192141537573062
-0.12114269219075544
-0.12307046628430927
-0.12499744030932582
-0.12692360632451624
-0.1288489227721127
-0.13077336684074248
-0.13269691874857134
-0.1346195463879134
-0.1365412350738162
-0.13846195334781827
-0.1403816830611896
-0.1423003903693004
-0.14421805338909244
-0.14613465238448742
-0.1480501571632316
-0.149964546651595
-0.151877793473248
-0.1537898743030046
-0.15570076577944614
-0.15761044279507455
-0.15951887929314237
-0.16142605116072395
-0.16333193544110475
-0.16523650672683227
-0.16713974205216336
-0.16904161660406988
-0.17094210119699416
-0.17284117602489785
-0.17473881518103004
-0.17663499436466035
-0.17852969579054576
-0.18042289052712074
-0.18231454677078734
-0.18420465383463855
-0.1860931753715354
-0.18798010016745334
-0.18986539297377264
-0.19174903308421798
-0.19363100036782266
-0.19551126758461032
-0.1973898075241216
-0.19926660322587414
-0.20114162999959784
-0.2030148545621195
-0.20488626217736236
-0.2067558321464826
-0.20862353249447402
-0.21048934450760287
-0.21235324279488638
-0.2142152014911651
-0.21607520307299316
-0.21793321704341875
-0.21978923108049372
-0.2216432074466013
-0.22349513076399946
-0.22534497514553278
-0.2271927196745678
-0.2290383411468876
-0.23088181325643972
-0.2327231154116774
-0.23456222467216456
-0.23639912213963152
-0.23823377062220544
-0.24006615883142904
-0.2418962633363296
-0.243724061542029
-0.24554952816372091
-0.24737263806446366
-0.2491933726688454
-0.2510117035240959
-0.2528276195859497
-0.25464107981747997
-0.2564520813585956
-0.2582605924139165
-0.26006659110042935
-0.26187005271483427
