1025
-1.0561069533559406
-1.0545646879563912
-1.0530205836682422
-1.0514746433129931
-1.0499268774945185
-1.0483773051109215
-1.046825923365308
-1.0452727531565629
-1.0437178026697775
-1.0421610716337328
-1.0406025913746502
-1.0390423567379319
-1.0374803831930783
-1.0359166784890685
-1.0343512534508008
-1.0327841195203982
-1.0312152936799548
-1.0296447763574572
-1.0280725828158526
-1.026498723186749
-1.0249232036515374
-1.0233460427641274
-1.0217672452067248
-1.020186825726946
-1.0186047872631312
-1.017021149851197
-1.0154359186379518
-1.0138491064240784
-1.0122607212611285
-1.0106707771535646
-1.00907928390002
-1.0074862505870692
-1.0058916927581827
-1.004295608661729
-1.0026980234422322
-1.0010989390502427
-0.9994983640229532
-0.9978963205438058
-0.9962928142933369
-0.9946878474695642
-0.9930814428100727
-0.9914736027161997
-0.9898643388800146
-0.9882536696702219
-0.9866415971154788
-0.9850281355086434
-0.9834132951605055
-0.9817970849962224
-0.9801795191946056
-0.9785606090863892
-0.9769403599465042
-0.9753187901839953
-0.9736959086265069
-0.9720717128923
-0.9704462393827235
-0.9688194775343649
-0.9671914492005632
-0.9655621512937297
-0.9639316109920335
-0.9622998327606919
-0.9606668272415021
-0.9590326077687761
-0.9573971776342008
-0.955760555700772
-0.9541227492927532
-0.9524837682523122
-0.9508436293649076
-0.949202336040807
-0.9475599032037073
-0.9459163452598593
-0.9442716683218622
-0.9426258803101043
-0.9409789991702673
-0.9393310345767634
-0.9376819904674438
-0.9360318794421778
-0.934380722518707
-0.9327285230576703
-0.9310752882991571
-0.9294210385021137
-0.9277657764290915
-0.9261095188110633
-0.9244522718050122
-0.922794051048618
-0.9211348667817869
-0.919474722721632
-0.9178136378072004
-0.9161516252929298
-0.9144886861470884
-0.9128248362393588
-0.9111600930434589
-0.9094944521277776
-0.9078279429935315
-0.9061605623594012
-0.9044923278231866
-0.9028232429088272
-0.90115333146696
-0.8994825997608983
-0.8978110509863708
-0.8961387047078193
-0.8944655676424211
-0.892791646627953
-0.8911169653138009
-0.8894415275076631
-0.887765338999351
-0.8860884186701573
-0.884410775083318
-0.882732414326255
-0.8810533586786662
-0.8793736074377115
-0.8776931820550706
-0.8760120849291294
-0.8743303255446038
-0.8726479256214806
-0.8709648825144237
-0.8692812249162295
-0.8675969455223639
-0.865912063568696
-0.8642265935740904
-0.8625405408241139
-0.8608539187409707
-0.8591667323825056
-0.8574790031495908
-0.8557907393765621
-0.8541019455162098
-0.852412638268857
-0.850722823154966
-0.8490325129215676
-0.8473417270931031
-0.8456504691214731
-0.8439587464382109
-0.8422665800355463
-0.8405739697744623
-0.8388809324429832
-0.8371874806006883
-0.8354936189666299
-0.8337993660322173
-0.8321047337234969
-0.8304097243019343
-0.8287143456436319
-0.8270186238144096
-0.8253225581424194
-0.8236261656156868
-0.8219294528116929
-0.820232436244253
-0.8185351173991621
-0.8168375196115228
-0.8151396418361264
-0.8134414978005762
-0.8117431037155852
-0.8100444695661415
-0.8083456027792675
-0.806646511642103
-0.8049472190740429
-0.8032477208986624
-0.8015480349387432
-0.7998481682278828
-0.7981481387566502
-0.7964479521393734
-0.7947476244869495
-0.7930471637800619
-0.7913465711537142
-0.7896458738983554
-0.7879450774253438
-0.7862441826815613
-0.784543209692397
-0.782842173523746
-0.7811410704641722
-0.7794399238522058
-0.7777387404461206
-0.7760375217484745
-0.7743362983894342
-0.7726350670209204
-0.7709338454020759
-0.7692326351099068
-0.7675314524120981
-0.7658303088608701
-0.7641292108848136
-0.7624281708869269
-0.7607272090539537
-0.7590263276084975
-0.7573255257808889
-0.7556248373738228
-0.7539242575935159
-0.7522237949488529
-0.7505234756964696
-0.7488232982295138
-0.747123275397552
-0.745423417835134
-0.7437237319793751
-0.7420242366871806
-0.7403249419558304
-0.7386258522270474
-0.7369269780555118
-0.735228336263103
-0.733529928930242
-0.7318317770031311
-0.7301338847529878
-0.728436260590239
-0.7267389213368487
-0.7250418768947189
-0.7233451241004258
-0.7216486923860723
-0.7199525806306786
-0.7182568019825026
-0.7165613708662034
-0.7148662883780377
-0.7131715732732368
-0.7114772376788272
-0.7097832833474269
-0.7080897272025143
-0.706396579018231
-0.704703844108631
-0.7030115392545155
-0.7013196595527285
-0.6996282408918157
-0.6979372760197444
-0.6962467841155797
-0.6945567650453499
-0.6928672327159404
-0.6911782051136484
-0.6894896811645987
-0.687801683853494
-0.6861142132162402
-0.6844272759519165
-0.6827408978515845
-0.6810550719475091
-0.6793698228036293
-0.6776851530118359
-0.6760010711159642
-0.6743175944343679
-0.672634719173533
-0.6709524716894224
-0.6692708554416985
-0.6675898768369251
-0.6659095534840153
-0.6642298895532998
-0.662550898283061
-0.6608725847522505
-0.6591949659059005
-0.6575180496919051
-0.6558418403505167
-0.654166351152076
-0.6524916006379968
-0.6508175827237713
-0.6491443179312797
-0.6474718163184863
-0.645800090955746
-0.6441291284149748
-0.6424589661306707
-0.6407896103594087
-0.6391210597949741
-0.6374533294764477
-0.6357864266360674
-0.6341203628127181
-0.6324551508962637
-0.630790796821399
-0.6291273115009565
-0.6274647084727345
-0.6258029876654408
-0.6241421677673636
-0.6224822555218018
-0.6208232616442761
-0.6191651888319831
-0.6175080582804078
-0.6158518760237781
-0.6141966426700423
-0.6125423776805519
-0.6108890904892852
-0.6092367850854917
-0.607585475902281
-0.6059351658605389
-0.6042858727799505
-0.6026375993140307
-0.6009903543979025
-0.5993441513813108
-0.5976990142003936
-0.5960549185983629
-0.5944119043632099
-0.592769960410449
-0.5911291144351817
-0.5894893649728433
-0.5878507187402511
-0.58621318507163
-0.5845767870313962
-0.5829415176894936
-0.5813073931057087
-0.5796744204495275
-0.5780426203144718
-0.5764119798583521
-0.5747825273798267
-0.5731542626489555
-0.5715272052521505
-0.5699013475175462
-0.5682767132994916
-0.5666532959085815
-0.5650311286028288
-0.563410205109244
-0.561790533310504
-0.5601721210436565
-0.5585549782561647
-0.556939125638212
-0.5553245597283519
-0.5537112924869987
-0.5520993346595177
-0.5504886949083773
-0.5488793794163311
-0.5472714004910423
-0.5456647642570182
-0.5440594844078134
-0.5424555659530952
-0.5408530122116311
-0.5392518414598447
-0.5376520591690049
-0.5360536772804221
-0.5344566995709275
-0.5328611320565676
-0.5312669919334255
-0.5296742838783459
-0.5280830157951916
-0.5264931965609023
-0.5249048356764977
-0.5233179423831845
-0.5217325202591191
-0.5201485819835063
-0.5185661430852465
-0.5169852035039857
-0.5154057650043651
-0.5138278576487574
-0.5122514668004773
-0.5106766139275652
-0.5091033063620809
-0.5075315440889352
-0.5059613452149188
-0.504392717963595
-0.5028256698195037
-0.5012602038401872
-0.49969632790892693
-0.498134064078886
-0.49657340435118474
-0.4950143590496486
-0.49345694587403
-0.4919011668035867
-0.49034703328504325
-0.4887945519372423
-0.48724372921050757
-0.48569457139272604
-0.4841470929809344
-0.482601301866528
-0.4810572003954754
-0.4795147977565848
-0.4779741030143483
-0.476435128902531
-0.4748978812499438
-0.47336235853291825
-0.4718285837021399
-0.4702965533917193
-0.4687662830017763
-0.467237770994192
-0.4657110394028675
-0.464186085416343
-0.4626629144428022
-0.46114155269728807
-0.45962198643427715
-0.4581042299778481
-0.45658829571866505
-0.4550741889997222
-0.4535619188674973
-0.4520514904879797
-0.4505429116076979
-0.449036191436461
-0.4475313367158754
-0.4460283618001046
-0.4445272596525528
-0.44302805096357406
-0.4415307371688048
-0.4400353272535238
-0.4385418289583478
-0.4370502479704079
-0.4355605989414864
-0.4340728848502174
-0.43258710554174107
-0.4311032819119326
-0.42962141066359794
-0.4281415018170731
-0.42666357124666693
-0.4251876141753762
-0.42371363918878757
-0.42224166424912624
-0.4207716898083267
-0.4193037180899627
-0.417837769517321
-0.416373829068115
-0.41491193809024896
-0.4134520733335888
-0.4119942536475716
-0.4105384845222109
-0.40908478000315146
-0.4076331311917519
-0.40618356020780816
-0.40473607374452103
-0.4032906662955991
-0.4018473574109347
-0.40040614096917637
-0.39896704536775135
-0.39753005423329524
-0.3960951937741068
-0.39466245423598695
-0.3932318533419007
-0.39180339808025744
-0.3903770882146047
-0.388952939611445
-0.38753094748920247
-0.38611112611471277
-0.38469348794500224
-0.38327802726185495
-0.38186476386786045
-0.38045368819728353
-0.37904482647307025
-0.3776381674690716
-0.37623373160442497
-0.37483150661976405
-0.37343152888287257
-0.37203377961177814
-0.3706382763282061
-0.3692450197871041
-0.3678540251131494
-0.3664652953800934
-0.3650788238103853
-0.3636946402465859
-0.3623127274937627
-0.36093311730095234
-0.359555802429471
-0.3581807841521948
-0.3568080747798875
-0.3554376835936547
-0.3540696074832696
-0.35270386162963296
-0.35134044865503533
-0.34997937774271937
-0.3486206549754644
-0.34726427849708924
-0.3459102669742545
-0.3445586201674287
-0.3432093448822646
-0.3418624411528138
-0.3405179262730609
-0.3391757960115964
-0.3378360705864987
-0.3364987347821044
-0.33516381761676844
-0.33383130969821684
-0.3325012253569907
-0.3311735665792294
-0.32984833622604126
-0.3285255478959641
-0.3272052038181487
-0.3258872999299625
-0.32457185824903495
-0.32325888351452986
-0.32194836969250573
-0.3206403321317233
-0.3193347701173703
-0.31803169420335975
-0.31673110927809145
-0.3154330215511493
-0.3141374370045517
-0.3128443583189566
-0.31155379637514846
-0.3102657501982573
-0.3089802339782916
-0.3076972422852877
-0.30641678950674933
-0.3051388831886018
-0.3038635126467472
-0.3025907059735499
-0.3013204535004816
-0.3000527643348128
-0.29878765253419165
-0.2975251065211959
-0.29626514054976005
-0.2950077651298803
-0.2937529830067571
-0.2925007928225024
-0.2912512027610028
-0.29000422151507127
-0.2887598629206049
-0.28751811106945
-0.28627898513704203
-0.2850424925361828
-0.2838086268724654
-0.2825774068532205
-0.2813488313891468
-0.28012290373296467
-0.27889963271143536
-0.2776790160420234
-0.27646107188119684
-0.2752457939421913
-0.2740331897047447
-0.2728232701630693
-0.27161603912179855
-0.2704114991980391
-0.26920964435034983
-0.26801049607756944
-0.2668140598323531
-0.2656203263776123
-0.26442930927962793
-0.263241012650598
-0.26205544716140206
-0.26087260756799663
-0.2596925061828573
-0.25851514191369673
-0.2573405283598575
-0.25616865242581494
-0.2549995459135482
-0.25383319345847816
-0.25266960697103974
-0.25150878259760756
-0.25035074146426034
-0.24919547166180403
-0.24804298822294493
-0.24689329390302414
-0.24574639145343474
-0.24460227989751715
-0.2434609780151854
-0.2423224818443454
-0.24118679902010923
-0.2400539248403481
-0.23892387451973826
-0.23779665445840273
-0.23667225313531276
-0.23555068487395356
-0.23443196478144332
-0.23331608279640087
-0.2322030504638153
-0.23109286497348638
-0.22998553942260144
-0.2288810728270507
-0.22777947219841263
-0.22668073711546513
-0.22558487806668434
-0.2244918984056241
-0.2234018002767589
-0.22231458395606132
-0.22123026660525155
-0.22014883860845577
-0.21907030819373288
-0.21799468483595183
-0.21692197053231216
-0.2158521620034826
-0.2147852758704501
-0.21372130797950062
-0.21266025967908575
-0.21160214759992602
-0.21054695750996058
-0.2094947127476215
-0.2084454072522931
-0.2073990482916782
-0.20635562810860378
-0.2053151680158744
-0.20427766318376828
-0.20324311643050408
-0.20221154065644056
-0.20118293223238465
-0.2001572922202904
-0.1991346253988434
-0.19811494988597053
-0.19709824972670342
-0.19608454300428546
-0.19507382266140874
-0.1940661050685445
-0.19306138253698749
-0.192059662417995
-0.19106095063402936
-0.1900652512591341
-0.18907256395170965
-0.18808289907038472
-0.1870962470735499
-0.1861126271348573
-0.18513203895365846
-0.18415448580347132
-0.1831799655741258
-0.18220847930436795
-0.18124004612216005
-0.18027466138028433
-0.17931231949943927
-0.17835304264066787
-0.17739681453990835
-0.1764436543956808
-0.17549355837228792
-0.1745465294943852
-0.17360256854060874
-0.17266169562469894
-0.17172389388545878
-0.1707891736543829
-0.16985754393633487
-0.16892900398481547
-0.1680035558418323
-0.16708120349051178
-0.1661619509491647
-0.1652458019646173
-0.16433276213923192
-0.16342283205675043
-0.16251601250982436
-0.1616123024298547
-0.16071172343540555
-0.1598142670571412
-0.15891993364349402
-0.1580287307221515
-0.15714066096451598
-0.15625573278911337
-0.15537392753151416
-0.1544952759860186
-0.1536197661568135
-0.15274740478994805
-0.15187820121089296
-0.15101214737032287
-0.15014925149612884
-0.14928951941027818
-0.14843295352696897
-0.14757955156961644
-0.14672932373910894
-0.14588225976615282
-0.14503837957346755
-0.14419768313355397
-0.14336016107333252
-0.14252582694636642
-0.14169468184414588
-0.14086672805819553
-0.1400419655212593
-0.139220402913962
-0.1384020431067973
-0.13758688173260425
-0.1367749303339853
-0.13596618820052606
-0.13516065264596663
-0.1343583332407034
-0.1335592340605022
-0.13276335929194488
-0.13197069709017284
-0.1311812639414494
-0.1303950653125738
-0.1296120952578657
-0.12883235721901354
-0.12805585922859944
-0.127282594102835
-0.12651257437167598
-0.12574580349070186
-0.12498227359352503
-0.1242219997025102
-0.12346497871162347
-0.12271121561609877
-0.12196070729932695
-0.12121345983581874
-0.12046947269984534
-0.11972875901728164
-0.11899131066231781
-0.11825713021459205
-0.11752623019599501
-0.11679861013603772
-0.11607426055444778
-0.11535319212500521
-0.11463541613134581
-0.11392091608023085
-0.11320970576171699
-0.11250179376456151
-0.11179717921191841
-0.11109585489799059
-0.11039782904315852
-0.10970310433309177
-0.10901168865868457
-0.108323574192312
-0.10763876459359407
-0.10695727837212027
-0.10627909903280378
-0.10560423865495445
-0.10493269064889216
-0.10426446248379352
-0.10359956266287332
-0.10293798545131375
-0.10227973724352074
-0.10162482058138982
-0.10097323927012039
-0.10032497860516712
-0.09968005996425183
-0.09903848460832372
-0.09840024710496867
-0.0977653525899832
-0.0971338046129774
-0.096505604781938
-0.09588075561957318
-0.09525926240572895
-0.09464111809826188
-0.09402632750400869
-0.09341490467206177
-0.09280683358788239
-0.09220213703243149
-0.09160079201424315
-0.09100281907859037
-0.09040821618717344
-0.08981698139484837
-0.08922912523061856
-0.08864464050499295
-0.0880635366015317
-0.08748581435197346
-0.08691146645611551
-0.08634050470604027
-0.08577293107813673
-0.08520874625921669
-0.08464795076655932
-0.08409054517850062
-0.08353653389354458
-0.08298591341319052
-0.08243869853164378
-0.08189487402304456
-0.08135446341442784
-0.08081744583383324
-0.08028383634678969
-0.07975363518999067
-0.07922684019379383
-0.07870346437002938
-0.07818348982591572
-0.077666940482792
-0.07715380042735034
-0.07664407884684056
-0.07613778367244635
-0.07563490751197106
-0.07513545346263313
-0.07463942907330356
-0.07414682454174064
-0.07365765354345673
-0.07317191748026834
-0.07268961210503783
-0.0722107392856924
-0.07173530515033531
-0.07126330779272358
-0.0707947534386382
-0.07032964064427363
-0.06986796496844588
-0.06940973724814517
-0.06895495955174348
-0.06850362320381015
-0.06805574682203662
-0.06761131401350938
-0.06717034166888239
-0.06673282144113446
-0.06629875284812582
-0.06586814547861698
-0.0654410004053284
-0.0650173136986591
-0.06459709442439363
-0.0641803321897304
-0.06376704862174205
-0.06335722429203218
-0.06295087596675135
-0.0625479899066784
-0.06214857742449647
-0.06175264611324848
-0.06136018811449937
-0.060971204273402434
-0.06058570288713616
-0.06020367902176446
-0.059825139098892574
-0.05945008467567267
-0.059078508569658
-0.058710424040277286
-0.05834582178082348
-0.057984712008021536
-0.057627091717530464
-0.05727296619603115
-0.05692233490299168
-0.05657519302321842
-0.056231553988002315
-0.05589141131260396
-0.05555475847788989
-0.05522161545571502
-0.05489197358707284
-0.0545658301631125
-0.054243201250038287
-0.05392406848079509
-0.05360844972776119
-0.0532963319202642
-0.05298773152677273
-0.052682638715266926
-0.05238106426455236
-0.0520829944898986
-0.05178844821532986
-0.05149741605113651
-0.05120990011144273
-0.05092590567838264
-0.050645428211148806
-0.050368475809683975
-0.05009504433790357
-0.04982513631754564
-0.049558755869359414
-0.049295900572732934
-0.0490365753289119
-0.04878077629168437
-0.04852850783065643
-0.04827977107477155
-0.04803456953438384
-0.04779290050744755
-0.04755476578517588
-0.047320168416648656
-0.047089106864364114
-0.04686158392532696
-0.0466376007449986
-0.046417158386651114
-0.04620025918601033
-0.045986898946936174
-0.045777083876079046
-0.04557081677728825
-0.045368087340881366
-0.04516891740107752
-0.04497329299811489
-0.04478121867318025
-0.044592687967673926
-0.04440771323824335
-0.04422629516673294
-0.04404842657392245
-0.04387411009764877
-0.043703353566538906
-0.043536148371097254
-0.04337250516578852
-0.043212421679721655
-0.04305589638852138
-0.04290292997943987
-0.04275353306717568
-0.042607688514726426
-0.042465411809372085
-0.042326702002084333
-0.042191555382151025
-0.042059973934478384
-0.041931960154384086
-0.04180751668092599
-0.041686640004529145
-0.04156933831858937
-0.041455601637565974
-0.04134544236501934
-0.04123885053992048
-0.04113583461466226
-0.04103639180335391
-0.0409405275755086
-0.04084823506061677
-0.04075951909749101
-0.04067438265683783
-0.04059282990423602
-0.040514851264656614
-0.04044045298027604
-0.040369639547945604
-0.04030240374546688
-0.040238747566106084
-0.04017868443292063
-0.04012219929188782
-0.04006929967532773
-0.04001998819938488
-0.039974258848302115
-0.03993211995304047
-0.039893569344938457
-0.03985860960685676
-0.039827227731942194
-0.03979944559456417
-0.03977525354103564
-0.03975465155526164
-0.03973764183893204
-0.03972422280063602
-0.0397143936787062
-0.03970816806545549
-0.039705531715662414
-0.03970649209326107
-0.03971104569215409
-0.03971920083492608
-0.039730953384869705
-0.03974630101092732
-0.03976524585240385
-0.03978778990914184
-0.0398139382257006
-0.03984367884405555
-0.039877024447876185
-0.03991396696250937
-0.03995451883230744
-0.039998662869807744
-0.0400464207459019
-0.040097776832802245
-0.040152743277220244
-0.040211302287486456
-0.040273476863162655
-0.04033924761468125
-0.04040862742768343
-0.0404816146348869
-0.04055820914649
-0.04063841348296826
-0.04072222049494847
-0.04080963558058696
-0.040900660334477056
-0.04099529359446454
-0.0410935418108452
-0.04119538900667275
-0.041300854993959905
-0.04140992671466206
-0.04152261120821589
-0.041638906771144416
-0.041758818421796975
-0.04188232817393525
-0.042009462267552734
-0.0421402087962432
-0.04227456783082842
-0.04241253313147189
-0.04255411788348513
-0.04269931096373249
-0.04284812219986431
-0.04300054522153132
-0.043156589245040976
-0.04331624207798406
-0.0434795152924128
-0.04364639865868185
-0.04381689992544047
-0.04399101731431564
-0.04416874901717071
-0.044350093761818074
-0.04453505737394277
-0.044723643319809527
-0.0449158420940946
-0.04511165103279275
-0.045311084101467634
-0.04551413427659518
-0.04572080320467472
-0.04593108202429024
-0.04614498237093332
-0.046362501267435685
-0.04658364048004103
-0.046808391762703655
-0.0470367641590746
-0.04726875345620528
-0.04750435762199758
-0.04774358632158749
-0.047986425976066414
-0.04823288692765315
-0.04848296713996952
-0.04873666390865464
-0.04899398016958636
-0.04925491468283988
-0.04951946459718257
-0.049787634326588955
-0.05005942327011933
-0.05033482534821845
-0.05061384587963166
-0.050896486038648
-0.05118275207198618
-0.05147262106596388
-0.051766114019602884
-0.05206321798736631
-0.05236395168962404
-0.052668296443980966
-0.052976255468631106
-0.05328783287769632
-0.05360302127036362
-0.05392183087584275
-0.05424425491062055
-0.054570299422081775
-0.05489995493925056
-0.05523322460228601
-0.0555701125853807
-0.055910613554845105
-0.05625473016650997
-0.056602459465139164
-0.056953803038892796
-0.05730876160903813
-0.05766733381379988
-0.058029518063841774
-0.05839531412666836
-0.058764724070751784
-0.059137745273613186
-0.05951438001103024
-0.059894626309499245
-0.06027847945991913
-0.06066594385082841
-0.06105701714122497
-0.06145169821248283
-0.061849994446213634
-0.06225189996158333
-0.06265740596871043
-0.06306652666967301
-0.06347924816413349
-0.06389558414907438
-0.06431552113030102
-0.0647390632423889
-0.06516621308932262
-0.06559696771112643
-0.06603132177388052
-0.06646928311459081
-0.0669108492861635
-0.06735601026675532
-0.06780477456520237
-0.06825714489735896
-0.06871311227119518
-0.06917268026072283
-0.06963584759682176
-0.07010260984326953
-0.07057297312343339
-0.07104693029993468
-0.07152449086005193
-0.07200563995216679
-0.0724903844994331
-0.07297872155212468
-0.073470652934639
-0.07396617775787971
-0.07446529175995685
-0.07496799670062525
-0.07547429241932867
-0.07598418262104639
-0.0764976505411363
-0.07701470821554225
-0.0775353542394822
-0.07805958827404408
-0.07858740612827307
-0.07911880518826592
-0.07965378825526036
-0.08019234895886355
-0.08073449788939491
-0.081280215306055
-0.08182952037598266
-0.08238240262906998
-0.08293886154441307
-0.08349889336976575
