1025
-0.6719350002527913
-0.6713833259859654
-0.6708345431258091
-0.6702886584183961
-0.6697456735298116
-0.6692055861208484
-0.668668405330797
-0.6681341275267049
-0.6676027550890218
-0.6670742969270618
-0.666548742228089
-0.6660261018297997
-0.6655063746929738
-0.6649895642423794
-0.6644756716867763
-0.6639646981180891
-0.6634566406972232
-0.662951508133344
-0.6624492981422924
-0.6619500123683311
-0.6614536550651452
-0.6609602228601217
-0.6604697202172232
-0.6599821458331268
-0.6594975056246791
-0.6590157950982325
-0.658537018407596
-0.6580611756219922
-0.657588268701011
-0.6571182973789929
-0.6566512626786927
-0.6561871657744189
-0.6557260056921519
-0.6552677898278465
-0.6548125104457069
-0.6543601733121532
-0.6539107805460158
-0.6534643258179234
-0.6530208123742466
-0.6525802463188679
-0.6521426206963233
-0.6517079405755224
-0.6512762059237932
-0.6508474124649735
-0.6504215662438033
-0.6499986645440526
-0.6495787079031825
-0.6491616982172839
-0.6487476326489593
-0.6483365115666468
-0.6479283377413134
-0.6475231073422169
-0.6471208203294702
-0.6467214854217164
-0.6463250866907533
-0.6459316365424689
-0.6455411284943559
-0.6451535701641782
-0.6447689512331457
-0.6443872757163894
-0.644008542864686
-0.6436327508326002
-0.6432599033512526
-0.6428899953662304
-0.6425230279137519
-0.6421590011093251
-0.6417979109228018
-0.6414397605401555
-0.6410845469646919
-0.6407322675059978
-0.6403829236638138
-0.6400365163135097
-0.639693040096501
-0.639352495384806
-0.6390148838827034
-0.6386802050825716
-0.6383484504429959
-0.6380196239003586
-0.6376937258189497
-0.637370750001439
-0.6370506992096836
-0.6367335691315076
-0.6364193605263754
-0.6361080699613295
-0.6357996953661338
-0.6354942401322491
-0.63519169743672
-0.6348920642700568
-0.634595345033047
-0.634301534459066
-0.6340106273372675
-0.6337226306580634
-0.6334375319069304
-0.6331553372179426
-0.632876040302342
-0.6325996442350882
-0.6323261386487545
-0.6320555244805504
-0.6317878043541996
-0.63152297015904
-0.6312610231537109
-0.631001962347593
-0.6307457784350733
-0.6304924733766752
-0.6302420477579834
-0.629994494002934
-0.6297498112468677
-0.6295079996783296
-0.6292690497424459
-0.6290329657058504
-0.628799739432058
-0.628569372076324
-0.6283418624939597
-0.6281172010162872
-0.6278953928490705
-0.6276764245766312
-0.6274603040588403
-0.627247023038834
-0.6270365767645204
-0.6268289655014518
-0.6266241842767404
-0.6264222334584255
-0.6262231033748756
-0.6260267923750099
-0.6258333015875591
-0.6256426232051346
-0.6254547574079867
-0.6252696999093698
-0.6250874419723692
-0.6249079843567027
-0.6247313250703446
-0.6245574555869958
-0.6243863776735551
-0.6242180843972789
-0.624052571696129
-0.6238898383432672
-0.6237298766126633
-0.6235726815963529
-0.6234182551187444
-0.6232665942643653
-0.6231176864529593
-0.6229715339515149
-0.6228281298141904
-0.6226874717728009
-0.6225495519879757
-0.622414372832387
-0.6222819213884797
-0.6221522015001814
-0.6220252063873968
-0.6219009288574047
-0.6217793641538636
-0.62166051050305
-0.6215443648202331
-0.6214309153990605
-0.6213201662641993
-0.621212108107729
-0.6211067393984564
-0.621004051025794
-0.6209040405785221
-0.6208067001000772
-0.6207120273274225
-0.6206200220757194
-0.6205306695989621
-0.6204439685850397
-0.6203599201901715
-0.6202785124829556
-0.6201997386390489
-0.6201236024832929
-0.6200500905140411
-0.6199791999035317
-0.6199109317354846
-0.6198452673531549
-0.6197822109132481
-0.6197217524778182
-0.6196638917912246
-0.619608620316673
-0.6195559315225366
-0.6195058230902954
-0.6194582880397519
-0.6194133151435512
-0.619370902847338
-0.619331053708722
-0.6192937470304959
-0.6192589867703633
-0.6192267675801596
-0.6191970753309034
-0.6191699106124905
-0.6191452657094175
-0.6191231362463322
-0.6191035168147289
-0.6190863970690377
-0.6190717713092829
-0.619059636812271
-0.6190499879590394
-0.6190428138046531
-0.6190381142150172
-0.6190358754359968
-0.6190360954604859
-0.6190387688466996
-0.6190438861412482
-0.6190514407256126
-0.6190614336221152
-0.6190738477817354
-0.619088683044792
-0.6191059315115185
-0.6191255840325294
-0.6191476393208051
-0.6191720856470928
-0.6191989152369253
-0.6192281268226799
-0.6192597091089947
-0.6192936557360812
-0.6193299630148714
-0.6193686195935115
-0.619409628104656
-0.6194529657626002
-0.6194986367472758
-0.6195466280192378
-0.6195969387508319
-0.6196495595703054
-0.6197044785766894
-0.6197616961734175
-0.6198211964445091
-0.6198829781895805
-0.6199470366481735
-0.6200133547915797
-0.6200819355992682
-0.6201527630905823
-0.6202258337773637
-0.6203011419449914
-0.6203786751304405
-0.6204584343385773
-0.620540401784099
-0.6206245743939267
-0.6207109461821065
-0.6207995049842273
-0.6208902472395332
-0.6209831623564587
-0.6210782456483576
-0.6211754855425811
-0.6212748747897682
-0.6213764097063194
-0.6214800795201346
-0.6215858715932727
-0.6216937871338339
-0.6218038119692125
-0.6219159377691235
-0.6220301548540539
-0.6221464687572605
-0.6222648550019013
-0.6223853072242159
-0.6225078237271351
-0.62263239451255
-0.6227590104749138
-0.622887664314058
-0.6230183441924042
-0.6231510452724018
-0.6232857573544434
-0.6234224710567543
-0.6235611822587626
-0.6237018782206694
-0.6238445516000433
-0.6239891930843392
-0.6241357986019619
-0.6242843523817186
-0.6244348477007168
-0.6245872811677673
-0.6247416390632037
-0.6248979117997777
-0.6250560941449738
-0.6252161748313382
-0.6253781485837122
-0.6255420011456708
-0.6257077280629274
-0.6258753210252728
-0.6260447680740772
-0.6262160523983918
-0.6263891847944568
-0.6265641373832038
-0.6267409142191109
-0.6269194947389073
-0.6270998768017078
-0.6272820522999776
-0.627466013007174
-0.6276517396356436
-0.6278392345288504
-0.628028483430373
-0.6282194784144824
-0.6284122036362816
-0.6286066623828129
-0.62880283455956
-0.6290007162987729
-0.6292002909837046
-0.6294015606879589
-0.6296045069423019
-0.6298091284070093
-0.6300154020414311
-0.6302233278699232
-0.6304328962809879
-0.6306440988256159
-0.6308569251435515
-0.631071358783405
-0.6312873973258801
-0.6315050293259977
-0.631724244085595
-0.6319450318999562
-0.6321673852145215
-0.632391291429556
-0.6326167430394684
-0.6328437269815524
-0.6330722356092151
-0.6333022619338003
-0.6335337918595136
-0.6337668163559801
-0.6340013231071501
-0.6342373064453345
-0.6344747570551829
-0.634713660096671
-0.6349540084636732
-0.6351957915199764
-0.6354389997477592
-0.6356836228039553
-0.6359296494825776
-0.63617707297023
-0.6364258807731907
-0.6366760588239007
-0.6369276018410194
-0.6371805030868196
-0.637434739680735
-0.6376903157516404
-0.6379472130738884
-0.6382054217784314
-0.638464936227013
-0.6387257413084394
-0.6389878263282112
-0.6392511806388748
-0.6395157981256818
-0.6397816681841468
-0.640048771974161
-0.640317109045111
-0.6405866677404145
-0.6408574320037425
-0.6411293949425979
-0.6414025442889529
-0.641676869869387
-0.6419523624164583
-0.6422290133017069
-0.642506806604262
-0.642785732968362
-0.6430657857367001
-0.6433469520068812
-0.6436292215726748
-0.6439125804827616
-0.6441970202039562
-0.6444825343729353
-0.6447691043864917
-0.6450567260440221
-0.6453453838116667
-0.6456350731202836
-0.6459257742388469
-0.6462174830997862
-0.6465101902525368
-0.6468038736370023
-0.6470985357485542
-0.6473941620287977
-0.6476907376242652
-0.6479882544299557
-0.6482867000997624
-0.6485860656247397
-0.6488863396039548
-0.6491875104496581
-0.6494895678896464
-0.6497924967681898
-0.6500962946867507
-0.6504009437516024
-0.6507064356381478
-0.6510127587888928
-0.6513199022578894
-0.6516278556293553
-0.6519366038950284
-0.6522461384924237
-0.652556453692702
-0.6528675291675158
-0.6531793610537961
-0.6534919363925348
-0.6538052396771183
-0.654119265921717
-0.6544340034200965
-0.6547494354889936
-0.6550655544978085
-0.6553823525541692
-0.6556998100587585
-0.6560179296231375
-0.6563366795547576
-0.6566560669396395
-0.6569760738201175
-0.657296689282235
-0.6576178985638214
-0.6579396998185469
-0.6582620726608734
-0.6585850062759646
-0.6589084970413875
-0.659232525568475
-0.6595570889503855
-0.6598821633687428
-0.6602077509940635
-0.6605338293640944
-0.6608603966028161
-0.6611874358764019
-0.6615149347247846
-0.6618428868017796
-0.6621712757443352
-0.6625000958832655
-0.6628293324084559
-0.6631589705924215
-0.6634890063454378
-0.6638194196729076
-0.6641502109400561
-0.6644813549415296
-0.6648128525962345
-0.6651446832928866
-0.6654768482021619
-0.6658093165993786
-0.6661420927268535
-0.666475160325319
-0.6668085090832602
-0.6671421238518778
-0.6674759946102558
-0.6678101186590555
-0.6681444702185758
-0.6684790517779319
-0.6688138373700194
-0.6691488234118659
-0.6694840011513504
-0.6698193566642973
-0.6701548758359057
-0.6704905535981285
-0.67082637305096
-0.6711623243536257
-0.6714983948785874
-0.6718345734792268
-0.6721708534519891
-0.6725072159847811
-0.6728436524926572
-0.6731801529483477
-0.6735167083228332
-0.6738533011410797
-0.6741899258202714
-0.674526562248292
-0.6748632131958963
-0.6751998514318591
-0.6755364761933379
-0.6758730708466678
-0.676209625613013
-0.6765461321406525
-0.676882573508635
-0.6772189410989975
-0.6775552293391484
-0.6778914170121795
-0.678227493278969
-0.6785634542787351
-0.6788992825103092
-0.679234971427399
-0.6795705056207212
-0.6799058746883941
-0.6802410667463191
-0.6805760711983094
-0.6809108776302941
-0.6812454716950621
-0.6815798460256269
-0.6819139844295806
-0.6822478817535401
-0.6825815223197317
-0.682914891959292
-0.6832479904566419
-0.6835807927876325
-0.6839132965276388
-0.6842454884020467
-0.6845773514980389
-0.6849088855347945
-0.6852400733840844
-0.6855709002491369
-0.6859013576014198
-0.6862314377459573
-0.6865611269967422
-0.6868904131072328
-0.6872192794400315
-0.687547727649878
-0.6878757375743986
-0.6882032970155344
-0.6885304018967314
-0.6888570332460626
-0.6891831829286331
-0.689508841466183
-0.6898339951704541
-0.6901586373122298
-0.6904827492984748
-0.6908063268635283
-0.6911293569954936
-0.6914518250130098
-0.6917737208364729
-0.6920950351093688
-0.6924157626529343
-0.6927358828951387
-0.6930553847443528
-0.6933742653886721
-0.6936925080805972
-0.6940101033951521
-0.6943270360897826
-0.6946433012065787
-0.6949588836957143
-0.6952737757444285
-0.6955879610131831
-0.6959014400988215
-0.6962141849457021
-0.6965261975736579
-0.6968374618961973
-0.697147972327157
-0.6974577082509962
-0.6977666694391337
-0.698074838052497
-0.6983822043069866
-0.6986887588249299
-0.6989944940732659
-0.6992993911463445
-0.6996034433767454
-0.6999066391986208
-0.7002089731148614
-0.700510426845304
-0.7008109899876125
-0.7011106618455659
-0.7014094235922852
-0.7017072601762989
-0.7020041690090658
-0.7023001347164768
-0.7025951515161514
-0.7028892044612599
-0.7031822838241595
-0.7034743793278052
-0.7037654827788169
-0.7040555797860816
-0.7043446602890422
-0.7046327149682702
-0.7049197368207397
-0.705205705999744
-0.7054906214659538
-0.705774470229251
-0.706057238439251
-0.70633891684728
-0.706619500123809
-0.7068989700963076
-0.7071773215655592
-0.707454545317389
-0.7077306240773308
-0.7080055585258839
-0.7082793263916305
-0.7085519237540477
-0.7088233390861206
-0.709093568151216
-0.7093625910952078
-0.7096304026100544
-0.7098969935854396
-0.710162348549442
-0.7104264617389532
-0.710689324915171
-0.7109509271850307
-0.7112112503881348
-0.7114702962102301
-0.7117280463289408
-0.7119844973381231
-0.7122396313857249
-0.7124934454482217
-0.7127459276871017
-0.7129970673491832
-0.7132468534507006
-0.7134952795750149
-0.7137423311147811
-0.7139880069459078
-0.7142322874416216
-0.7144751652828244
-0.7147166316577594
-0.7149566800401065
-0.7151953022130592
-0.7154324789141476
-0.7156682061183333
-0.7159024790609048
-0.7161352773528752
-0.7163666032958536
-0.7165964384274187
-0.716824777039393
-0.7170516104056693
-0.7172769303092035
-0.7175007179027991
-0.7177229756954691
-0.7179436901346373
-0.7181628484516732
-0.7183804442915674
-0.7185964685649304
-0.7188109124247262
-0.7190237661516827
-0.7192350199656348
-0.7194446626311405
-0.7196526882230201
-0.7198590879376635
-0.7200638564488114
-0.7202669726637929
-0.7204684350467969
-0.7206682359453926
-0.7208663642958213
-0.7210628119699486
-0.7212575661274034
-0.7214506309435146
-0.7216419817775093
-0.7218316178801246
-0.7220195291370697
-0.7222057026005738
-0.72239013675263
-0.722572819372065
-0.7227537406061816
-0.7229328916019058
-0.7231102673424159
-0.7232858550373088
-0.7234596539553735
-0.7236316456005804
-0.7238018235717198
-0.7239701863017587
-0.7241367187807766
-0.724301414880499
-0.7244642655631436
-0.7246252649472343
-0.7247844011878083
-0.7249416658960873
-0.7250970555565777
-0.7252505562469608
-0.7254021620222741
-0.7255518688058602
-0.7256996637451026
-0.7258455380068629
-0.7259894839600789
-0.7261315008066436
-0.7262715730150867
-0.7264096915214924
-0.7265458531551519
-0.7266800495498621
-0.7268122696165511
-0.7269425126485152
-0.7270707635691941
-0.7271970152210302
-0.727321265304757
-0.7274435001130035
-0.7275637138871994
-0.7276818994848827
-0.7277980511846562
-0.7279121602162612
-0.7280242209886562
-0.7281342197778032
-0.7282421554878854
-0.7283480204213767
-0.7284518013183313
-0.7285534935023981
-0.7286530965405309
-0.7287505982028097
-0.7288459858250972
-0.7289392642677343
-0.729030419200478
-0.7291194402980894
-0.7292063219423497
-0.7292910635012017
-0.7293736537018333
-0.7294540869615549
-0.7295323522448945
-0.7296084488069855
-0.7296823689844393
-0.7297540968061101
-0.7298236363455373
-0.7298909759110376
-0.7299561129634872
-0.7300190389073734
-0.73007974299018
-0.7301382240016485
-0.730194472562392
-0.7302484823442418
-0.7303002451854785
-0.7303497660860514
-0.730397026991359
-0.7304420217350545
-0.7304847482062093
-0.7305252001226642
-0.7305633690474277
-0.7305992499729562
-0.7306328358758145
-0.7306641198456076
-0.7306931007421898
-0.7307197707056231
-0.7307441177179164
-0.7307661462274655
-0.7307858376548405
-0.7308032015544835
-0.7308182215702773
-0.7308308938617636
-0.7308412150156598
-0.7308491746909378
-0.730854773245116
-0.7308580001024529
-0.730858850883565
-0.7308573252930982
-0.730853412526711
-0.7308471066644412
-0.7308384036534207
-0.7308272995545975
-0.7308137879931599
-0.7307978648018312
-0.730779526348054
-0.7307587604755956
-0.730735572342982
-0.7307099442556092
-0.7306818845094959
-0.7306513797210008
-0.7306184274413883
-0.7305830236703451
-0.7305451585320675
-0.7305048376770417
-0.7304620434517234
-0.7304167825809441
-0.7303690452406095
-0.7303188233993523
-0.7302661183824516
-0.7302109242985455
-0.730153233685934
-0.7300930493229213
-0.7300303594899675
-0.7299651588004389
-0.7298974486055919
-0.729827223838634
-0.7297544768183776
-0.7296792069774146
-0.729601406645068
-0.7295210737574662
-0.7294382082712085
-0.7293528008012019
-0.7292648469473056
-0.7291743489212578
-0.7290812929331635
-0.7289856859607793
-0.7288875154726645
-0.7287867829117664
-0.7286834870968241
-0.728577618985682
-0.7284691748985793
-0.7283581560164374
-0.728244552828987
-0.7281283704120602
-0.7280095925616412
-0.7278882289515504
-0.7277642671363831
-0.7276377125186136
-0.7275085572600861
-0.7273767935136557
-0.7272424247844946
-0.7271054470619788
-0.7269658544906761
-0.7268236481037363
-0.7266788210170902
-0.7265313714721731
-0.7263813007078903
-0.7262285999557868
-0.7260732723256805
-0.7259153103545573
-0.7257547136019105
-0.7255914779153638
-0.7254256012533624
-0.7252570855155922
-0.7250859204999708
-0.7249121090177475
-0.724735653518603
-0.7245565403248623
-0.7243747731599849
-0.7241903526519672
-0.7240032677801262
-0.7238135279527141
-0.7236211216161058
-0.7234260557635103
-0.7232283190223943
-0.7230279154795874
-0.7228248391934524
-0.7226190958073188
-0.7224106740676549
-0.7221995788121486
-0.7219858070285772
-0.7217693556793671
-0.7215502264151172
-0.7213284136867563
-0.7211039183365355
-0.7208767397132292
-0.7206468741969231
-0.7204143218365139
-0.7201790806511141
-0.7199411521579531
-0.7197005321011866
-0.7194572211316833
-0.719211215822613
-0.7189625173397952
-0.7187111251651125
-0.7184570369989232
-0.7182002534554895
-0.717940772627489
-0.7176785940905988
-0.7174137174736217
-0.7171461408220683
-0.7168758668514587
-0.7166028927939019
-0.7163272159999955
-0.7160488436262182
-0.7157677625834755
-0.7154839816779142
-0.7151974985730447
-0.7149083173572116
-0.7146164311547194
-0.7143218407736349
-0.7140245499362956
-0.7137245582817529
-0.7134218615981379
-0.7131164657206772
-0.7128083654210476
-0.712497562205164
-0.7121840583590362
-0.7118678543007266
-0.7115489444117128
-0.711227339664112
-0.7109030321178064
-0.7105760239898187
-0.710246317765841
-0.7099139134791426
-0.709578811297033
-0.7092410104710357
-0.7089005146999454
-0.7085573202332326
-0.7082114344419139
-0.7078628520516752
-0.7075115793609739
-0.7071576134655174
-0.7068009576046824
-0.7064416099235097
-0.7060795763348825
-0.7057148560503824
-0.7053474484658393
-0.7049773535148921
-0.704604578082675
-0.7042291208644981
-0.7038509808597931
-0.7034701647046169
-0.7030866726719437
-0.7027004995957283
-0.7023116564233177
-0.7019201402313506
-0.7015259524665647
-0.7011290987860549
-0.7007295758941232
-0.7003273885574844
-0.6999225375911212
-0.6995150321919388
-0.6991048627159363
-0.6986920371045822
-0.6982765581142505
-0.6978584270558245
-0.6974376477563538
-0.6970142234771654
-0.6965881484828907
-0.6961594345246414
-0.6957280798088067
-0.6952940895997308
-0.6948574614478853
-0.6944182018997871
-0.6939763146676886
-0.6935318015187304
-0.6930846649117072
-0.6926349043599306
-0.6921825310110461
-0.6917275407809323
-0.6912699408269084
-0.6908097282289384
-0.6903469161422898
-0.6898814951407902
-0.6894134778505774
-0.6889428612245736
-0.6884696594657028
-0.6879938624545057
-0.6875154852273442
-0.6870345242525357
-0.6865509843602096
-0.6860648692254742
-0.685576181201923
-0.6850849291457596
-0.6845911133607018
-0.6840947374933528
-0.6835958054045278
-0.6830943178878212
-0.6825902892882426
-0.6820837108628665
-0.6815745964187766
-0.6810629445079726
-0.6805487609183255
-0.6800320475646209
-0.6795128193200323
-0.6789910652073425
-0.6784667966090241
-0.6779400187540493
-0.6774107396995741
-0.6768789561154929
-0.6763446796083072
-0.6758079090170932
-0.6752686531089415
-0.6747269115625332
-0.6741826957072695
-0.673636005058566
-0.6730868493152716
-0.6725352297186865
-0.6719811523712598
-0.6714246234844475
-0.6708656491348464
-0.6703042312162362
-0.6697403725444221
-0.6691740843631578
-0.6686053735936038
-0.668034237719405
-0.6674606865279797
-0.6668847238817897
-0.666306361017848
-0.6657255968745894
-0.6651424379396093
-0.6645568902009898
-0.6639689640163055
-0.6633786587657423
-0.662785984111418
-0.6621909469337747
-0.6615935469816274
-0.6609937983678248
-0.6603917005928986
-0.6597872622483307
-0.6591804899477781
-0.6585713882521842
-0.6579599646417112
-0.6573462265470896
-0.6567301776816246
-0.656111824818075
-0.6554911782900757
-0.6548682410009717
-0.6542430186237737
-0.65361551434629
-0.6529857483705928
-0.652353713947587
-0.6517194265622576
-0.6510828809402273
-0.6504440958067251
-0.6498030748512685
-0.6491598234025472
-0.6485143522595695
-0.6478666624735631
-0.6472167646408311
-0.6465646627046318
-0.6459103690073031
-0.6452538884332358
-0.6445952262398696
-0.6439343921693215
-0.6432713924851284
-0.6426062360521878
-0.6419389286255772
-0.641269477330294
-0.6405978907665953
-0.6399241769188212
-0.6392483436079293
-0.6385703964055601
-0.6378903454216968
-0.6372081958739232
-0.6365239575577044
-0.6358376401634367
-0.6351492487699004
-0.6344587927163557
-0.6337662809233479
-0.6330717159373296
-0.6323751094786416
-0.6316764748870609
-0.6309758111851406
-0.6302731350534883
-0.6295684458029632
-0.6288617604893512
-0.6281530836610221
-0.6274424226600326
-0.6267297865541825
-0.6260151877861996
-0.6252986288871446
-0.6245801205199975
-0.6238596763272038
-0.6231373000035879
-0.6224129981695325
-0.6216867842512395
-0.6209586654120673
-0.6202286498678605
-0.6194967498599094
-0.6187629699668846
-0.6180273221845081
-0.6172898108637057
-0.6165504526531208
-0.6158092528218321
-0.6150662214089586
-0.6143213661352743
-0.6135746963860965
-0.6128262237701662
-0.6120759562654835
-0.6113239025121424
-0.6105700691858456
-0.6098144759916845
-0.6090571244317822
-0.6082980244030496
-0.6075371850023744
-0.6067746185626337
-0.6060103350438031
-0.6052443426539554
-0.604476653891736
-0.603707272348426
-0.6029362184732197
-0.6021634908189126
-0.6013891047307737
-0.6006130700050037
-0.5998353985780994
