1025
-0.7213527493776242
-0.7193949926416559
-0.7174322358061349
-0.7154644693969848
-0.7134916948196532
-0.7115139503834739
-0.7095311979953817
-0.7075434845746498
-0.7055508039626804
-0.7035531343149565
-0.7015505438884797
-0.6995429932114398
-0.697530506556983
-0.6955130852075139
-0.693490734371839
-0.6914634655292916
-0.6894313025240328
-0.6873942313254267
-0.6853522681222314
-0.6833054185468662
-0.6812536799675378
-0.6791970845281736
-0.6771356217907176
-0.6750693102429288
-0.672998137637358
-0.6709221397042823
-0.6688413083501713
-0.6667556591742995
-0.6646651899565987
-0.662569922533325
-0.6604698642599052
-0.6583650094962589
-0.6562553930487066
-0.6541409808269941
-0.652021821730741
-0.6498979032634467
-0.6477692253393443
-0.6456358327849818
-0.6434977138015584
-0.6413548584152093
-0.6392073098165713
-0.6370550494772149
-0.6348980889455276
-0.632736461940604
-0.6305701553614995
-0.6283991796801136
-0.6262235466798943
-0.6240432651124381
-0.6218583458527113
-0.619668805527349
-0.6174746320224477
-0.6152758659385433
-0.6130725002294397
-0.6108645126637631
-0.6086519850974264
-0.6064348629843498
-0.60421319232064
-0.6019869379008584
-0.5997561552328261
-0.5975208415937849
-0.5952810032324217
-0.5930366562331011
-0.590787789538442
-0.588534435917502
-0.5862765938637303
-0.5840142687380252
-0.5817474922930469
-0.579476248593768
-0.5772005616165107
-0.5749204523029147
-0.5726359144126556
-0.5703469513679221
-0.568053590381737
-0.5657558439417826
-0.5634536934118873
-0.5611471663685578
-0.5588362895938278
-0.5565210606172906
-0.5542014704015946
-0.5518775678359974
-0.5495493285857773
-0.5472167880887111
-0.5448799354427718
-0.5425388035376798
-0.5401933947603617
-0.5378437026666764
-0.5354897587185607
-0.5331315796224358
-0.5307691500210798
-0.5284024891481491
-0.5260316347662831
-0.5236565460378843
-0.5212772936388804
-0.518893843547353
-0.5165062250960409
-0.514114431101915
-0.5117185082136761
-0.5093184537224831
-0.5069142589657724
-0.5045059540225795
-0.5020935448084644
-0.49967702266033365
-0.49725644061668367
-0.4948317910159415
-0.49240306835294995
-0.4899703041005152
-0.487533507215784
-0.48509267241890225
-0.4826478417586939
-0.48019899551744955
-0.47774617983821605
-0.4752893735155546
-0.47282858855680265
-0.4703638678037191
-0.4678951817990519
-0.4654225933493685
-0.46294606289236045
-0.46046562198986013
-0.4579813004098015
-0.4554930886659628
-0.45300100785474556
-0.45050504992773294
-0.44800525766960136
-0.4455016344514834
-0.44299418169439914
-0.4404829167374758
-0.43796784068330286
-0.4354489726199829
-0.432926349773
-0.4303999616014315
-0.42786980351688914
-0.4253359292138179
-0.42279830987301664
-0.4202569750582794
-0.41771194892450186
-0.4151632160228478
-0.41261081728294147
-0.4100547643085632
-0.4074950510036901
-0.40493167298619825
-0.4023646907317573
-0.3997940800036608
-0.39721987913269374
-0.39464208069950213
-0.3920607119389539
-0.38947576624536606
-0.38688728432546404
-0.3842952516945549
-0.38169968447156605
-0.3791006128789342
-0.3764980426982002
-0.3738919809820798
-0.3712824335848352
-0.3686694497482235
-0.3660529943475287
-0.36343309867138984
-0.36080977181300017
-0.3581830456804758
-0.355552915382068
-0.3529194050920231
-0.35028253248581614
-0.34764227000284975
-0.3449986819852112
-0.34235176983922777
-0.3397015192727551
-0.33704795959275424
-0.33439112605212534
-0.3317309904680351
-0.3290675982193907
-0.3264009481636381
-0.32373103705468076
-0.32105792316605225
-0.3183815875061073
-0.3157020634714277
-0.3130193342756109
-0.31033343124247526
-0.30764436672603374
-0.304952148004346
-0.30225679192026056
-0.29955833838468887
-0.2968567701015153
-0.2941520796735746
-0.29144433857043694
-0.28873351965815663
-0.28601962546410464
-0.28330272506392823
-0.2805827844756549
-0.2778598270245664
-0.27513387736402645
-0.2724049231054939
-0.26967300559910556
-0.2669381396353078
-0.2642003187736302
-0.2614595610455319
-0.25871589231437364
-0.25596930777327287
-0.25321984611166143
-0.2504675047876477
-0.24771228891045433
-0.24495423887629844
-0.24219336144668308
-0.23942962687666838
-0.23666311063604437
-0.23389378804384617
-0.23112168516404447
-0.22834682595580413
-0.2255691971376875
-0.22278883520135198
-0.2200057581277737
-0.2172199618500287
-0.21443147157358883
-0.2116403039615553
-0.20884645767600368
-0.20604996017577365
-0.2032507897232986
-0.20044902665678327
-0.1976446431997384
-0.19483767213741998
-0.19202809616716127
-0.18921594417333668
-0.1864012490033555
-0.18358400072499817
-0.1807642408271688
-0.17794195347772743
-0.17511715020367216
-0.17228988286093058
-0.16946011985524354
-0.16662791840808083
-0.16379326441297826
-0.16095617500516538
-0.15811668107352594
-0.1552747577104712
-0.15243046261511622
-0.1495837965842012
-0.14673475831744906
-0.14388338494531772
-0.14102968012188546
-0.13817365761754186
-0.13531532076186883
-0.13245470710921356
-0.12959182034269454
-0.12672666497453822
-0.12385925536367035
-0.12098963850966994
-0.11811777649025043
-0.11524371712320637
-0.11236747443354618
-0.10948907334763261
-0.10660845833547401
-0.10372572713814493
-0.10084087920664138
-0.0979538975212784
-0.09506482028047936
-0.09217363679409143
-0.08928038399906063
-0.08638507038148323
-0.0834877115428076
-0.08058831433414411
-0.07768691657369424
-0.07478349189078334
-0.07187808989419707
-0.0689707133977713
-0.06606137709127755
-0.06315007643396842
-0.06023686143519785
-0.05732173205075973
-0.054404676357021155
-0.05148574596047758
-0.048564945066137385
-0.04564227609535567
-0.042717768905703335
-0.03979141843570053
-0.03686325755720122
-0.03393328385652831
-0.031001514058165643
-0.028067966072190025
-0.02513270529123852
-0.02219564372642032
-0.019256878997937935
-0.016316375057872402
-0.013374193143394
-0.010430319025907464
-0.007484758398145699
-0.00453753225427763
-0.0015886779941892146
0.0013618197657002354
0.004313934595572629
0.0072676589261671835
0.010222944270806724
0.013179841498715485
0.016138278844225997
0.019098266545542066
0.022059771888596525
0.02502281544716223
0.02798734148883369
0.03095339342355294
0.03392087879303255
0.03688982402020429
0.03986022595884706
0.04283207079611233
0.04580534133400666
0.048779989289524706
0.05175603550357226
0.054733461325103705
0.05771224407466268
0.06069237052208896
0.06367383240167107
0.06665661119599832
0.0696406931953385
0.07262605572377191
0.07561269425980874
0.0786006147501743
0.08158976538089448
0.08458014880950006
0.08757174476616966
0.09056454476090159
0.09355854942849223
0.09655371770871875
0.09955004376381546
0.10254752284465357
0.10554613730027573
0.10854586372209726
0.11154669810739902
0.11454863341793052
0.11755164693180431
0.12055569659305328
0.12356080041240236
0.12656696662525835
0.12957411644955585
0.13258229820117196
0.13559146290639318
0.13860159948139503
0.14161272437274242
0.14462478446015611
0.14763777014355925
0.15065168132003515
0.15366650168580726
0.1566822300857556
0.1596988110297918
0.16271627587158038
0.16573460382097063
0.16875375514572646
0.17177373326856776
0.17479451389702025
0.17781609377247398
0.1808384596024726
0.18386159806373034
0.1868854899590763
0.18991011108620334
0.19293546141658957
0.19596153667117566
0.1989883110582383
0.20201576016201092
0.2050438722048422
0.20807267249800152
0.21110209132352659
0.21413215249229875
0.21716282358582958
0.22019411160307892
0.22322596992357038
0.22625840965351254
0.22929142628357307
0.23232495482305854
0.23535904197951385
0.23839364992356507
0.24142876789226667
0.24446437360250556
0.2475004552007884
0.25053700602922696
0.2535740140976513
0.256611460066153
0.2596493330410624
0.2626876004755113
0.265726292284274
0.2687653513993535
0.27180478920414985
0.2748445849849067
0.27788472440242673
0.28092520416000843
0.2839659850452556
0.28700707054800884
0.2900484617878012
0.29309011674378777
0.296132046859024
0.2991742318760295
0.302216629700021
0.3052592708736845
0.3083021381577256
0.31134517986638677
0.3143884088623622
0.31743182107549184
0.3204753735782148
0.3235191116910071
0.3265629243226416
0.3296068861156015
0.3326509474727228
0.3356951083723379
0.3387393276074771
0.3417836419954273
0.34482799772779194
0.34787237814324673
0.35091680509180384
0.3539612385704204
0.3570056974248943
0.3600501027780562
0.36309451674845783
0.3661388654664773
0.36918318984575443
0.3722274386481616
0.3752716042578935
0.3783156938731218
0.38135966181985503
0.38440354076223093
0.38744728880036583
0.39049087591073167
0.39353432607793304
0.39657759850339125
0.3996207092567267
0.40266360874046675
0.40570632211520313
0.40874880452502366
0.4117910903750616
0.4148330908082193
0.4178748651651439
0.4209163553086364
0.4239575842060861
0.42699850530161204
0.43003911933423145
0.43307944785811986
0.4361194137539852
0.43915907308697516
0.4421983402722346
0.44523724203841425
0.4482757842297163
0.4513139293092029
0.45435166443374597
0.45738899920682213
0.4604258966898171
0.4634623609065254
0.4664983674863927
0.46953390208190915
0.4725689768570251
0.4756035467781659
0.4786376221186048
0.4816711774204433
0.4847042258970159
0.4877367209258256
0.49076868230897536
0.49380005934228194
0.4968308912636257
0.4998611144211683
0.5028907493143795
0.5059197649541902
0.5089481666628174
0.5119759398883202
0.5150030588568703
0.5180295185157969
0.5210553395010588
0.5240804607347616
0.5271048762250441
0.5301286074103454
0.5331516150714369
0.536173900103247
0.5391954476692291
0.5422162449384716
0.5452362803038382
0.5482555342467168
0.5512740113027789
0.5542916825882812
0.5573085581041513
0.5603245977789375
0.5633398256882699
0.5663541973316253
0.5693677131395642
0.5723803921764905
0.575392163001623
0.5784030586806166
0.5814130569629161
0.5844221232465882
0.587430292134453
0.5904375291730941
0.5934438154437466
0.5964491350923816
0.5994535016480889
0.6024569025536665
0.6054593067983689
0.6084606829112891
0.6114610804292597
0.614460453262073
0.6174587779264513
0.6204560820498505
0.623452308275117
0.6264474722285454
0.6294415641909621
0.6324345647271382
0.6354264839248436
0.638417272836277
0.6414069513979813
0.6443955059228309
0.6473829124417855
0.6503691552182477
0.6533542326480916
0.6563381697262786
0.6593209073179954
0.6623024283598282
0.6652827673223669
0.6682618943364983
0.6712397905475808
0.6742164351421402
0.6771918467977881
0.6801659924586421
0.6831388791555838
0.6861104749054896
0.6890808105992008
0.6920498096236595
0.6950175106484446
0.6979838904045133
0.7009489604295593
0.7039126649102161
0.7068750358763278
0.7098360354672275
0.7127956664212389
0.7157539154058834
0.718710794506034
0.721666243259651
0.7246202905859581
0.7275729056290408
0.7305241080735821
0.7334738676676087
0.7364221531318706
0.7393690037406337
0.742314396213189
0.7452582725085998
0.7482006713294925
0.7511415657762615
0.7540809627121188
0.757018819797558
0.7599551628281487
0.7628899578416203
0.7658232126583843
0.7687549027702402
0.7716850212202644
0.7746135662969488
0.777540528190754
0.7804658765358888
0.783389632807378
0.7863117751283671
0.7892322818525893
0.7921511521490758
0.7950683915618699
0.7979839584961738
0.8008978664583253
0.8038101184410718
0.8067206645430174
0.809629549135637
0.812536709478795
0.8154421641162037
0.8183458897261404
0.8212479201287849
0.82414819070784
0.8270467203811722
0.8299435004664667
0.8328384984340832
0.8357317243389767
0.8386231809941628
0.841512856268549
0.8444006997864626
0.8472867597697575
0.8501709828863298
0.8530533935546672
0.8559339490236554
0.858812675843446
0.8616895503626967
0.8645645559599625
0.8674376896650364
0.8703089473244144
0.8731783077720809
0.8760457956463111
0.878911360869464
0.8817750067440311
0.884636721412248
0.8874965134071895
0.8903543854539315
0.8932102836407901
0.8960642185596998
0.8989162169442637
0.9017662112785994
0.9046142513248844
0.9074602798660704
0.9103043145842376
0.9131463470374704
0.9159863769395749
0.9188243456547348
0.921660306959676
0.9244942323615266
0.927326097447417
0.9301559029533109
0.932983651066001
0.9358093238562514
0.9386329147143373
0.9414544145626479
0.9442738171276467
0.947091108632446
0.9499062979538243
0.9527193807577782
0.9555303047488746
0.9583390924641525
0.9611457472611439
0.9639502466799116
0.9667525780526578
0.9695527272784051
0.9723507496543036
0.9751465497522894
0.9779401750941371
0.9807315974117696
0.9835207990650274
0.9863077967496043
0.9890925740959007
0.9918751125591125
0.9946554092107669
0.9974334712588816
1.0002092670158866
1.0029828311778226
1.005754105007002
1.0085230901340843
1.0112898163935267
1.0140542509649664
1.0168163789472775
1.0195762061245481
1.022333727616762
1.0250889224845117
1.0278417837972966
1.0305923213835189
1.0333405075473185
1.0360863479224782
1.0388298415117214
1.0415709693286446
1.044309722546388
1.047046077721876
1.0497800848370218
1.0525116917596475
1.0552408794043067
1.0579676710209929
1.060692056703786
1.0634140173293178
1.0661335635135074
1.0688506726381741
1.0715653272316361
1.0742775598739676
1.076987315275006
1.0796946178799218
1.0823994386571119
1.08510179918827
1.0878016797740135
1.090499080640832
1.0931939635812984
1.0958863557523504
1.0985762532715273
1.1012636188725613
1.1039484498856127
1.1066307764878318
1.1093105719901222
1.1119878022920846
1.1146625159270187
1.1173346725427957
1.1200042488866635
1.1226712494472704
1.125335693660116
1.1279975660825738
1.1306568440787166
1.1333135157110699
1.135967603832339
1.1386190991734235
1.141267944874061
1.1439141929375878
1.1465578046063358
1.1491988078292408
1.1518371733853152
1.1544728811984872
1.1571059435045303
1.1597363477142513
1.162364082265195
1.164989147830373
1.1676115718201379
1.170231300821239
1.1728483316084732
1.1754626862065376
1.178074334608217
1.1806832807419763
1.183289512934464
1.1858930321091188
1.188493813535015
1.1910918834164461
1.1936872331925068
1.1962798101496657
1.1988696705718236
1.2014567454714435
1.204041104102529
1.2066226815078054
1.2092014906548954
1.2117775371710477
1.2143507892755971
1.216921260961426
1.2194889354812783
1.2220538067330127
1.224615896580916
1.227175169955891
1.2297316231990725
1.2322852535567814
1.2348360545828616
1.237384042107303
1.239929180206201
1.242471495154405
1.2450109391461135
1.2475475578045234
1.250081278861033
1.2526121668890997
1.2551401826496684
1.2576653143526921
1.2601875810455212
1.2627069315289023
1.2652234287707909
1.2677370024084413
1.2702476922931043
1.2727554774808791
1.27526033367897
1.2777622794127859
1.280261311057996
1.2827574034421438
1.2852505831528298
1.2877408090968367
1.2902280926544873
1.292712426045431
1.2951938119761637
1.2976722392327877
1.300147700037994
1.3026201864304157
1.3050896997901322
1.307556253431339
1.3100198117738584
1.3124803735024688
1.3149379613446528
1.3173925228891399
1.3198441062188198
1.3222926573348446
1.324738209370603
1.3271807514468401
1.3296202627022624
1.332056744467116
1.3344901959067363
1.3369206037899872
1.3393479865324585
1.3417722891096855
1.344193562636657
1.346611761865486
1.3490269273885032
1.3514390197546853
1.353848022681064
1.3562539542131986
1.3586568203929734
1.3610565878967928
1.3634532699445407
1.365846855632149
1.368237331338376
1.3706247285357547
1.3730089962133392
1.375390168825524
1.3777682139476342
1.3801431423223236
1.382514934191239
1.3848835950774974
1.3872491320768416
1.3896115142835206
1.3919707535997339
1.3943268705487037
1.3966798080707779
1.3990295910194848
1.4013762246490802
1.4037196626096946
1.4060599599900714
1.408397061656779
1.4107310035946405
1.4130617387282385
1.4153893047789283
1.4177136518615963
1.4200348360950392
1.4223527922717656
1.4246675471490928
1.4269791018349811
1.429287431446912
1.4315925521199067
1.4338944380766288
1.4361931112177453
1.4384885488427455
1.4407807441740341
1.4430697116223121
1.4453554223381002
1.4476378921697983
1.449917114991115
1.4521930751867378
1.4544657686867508
1.456735205520975
1.459001373662582
1.4612642653051808
1.4635238839984106
1.4657802241856748
1.4680332788814696
1.4702830417075647
1.4725295101673348
1.4747726963833556
1.477012573742701
1.4792491410710895
1.4814824234145811
1.4837123586438719
1.4859389853521334
1.488162290156496
1.4903822915698541
1.4925989513086004
1.4948122644740849
1.497022256850231
1.4992289161990529
1.5014322202406531
1.5036321931430476
1.505828799340813
1.5080220513734293
1.5102119446097386
1.5123984804655626
1.5145816274575985
1.5167614360266952
1.518937856707733
1.521110890426857
1.5232805478960445
1.5254468280925344
1.5276097143706204
1.529769203573733
1.5319253033292473
1.5340779874086836
1.53622728667303
1.5383731558271638
1.5405156347991822
1.5426546894726285
1.5447903294475895
1.5469225392456483
1.5490513347885033
1.5511767005848167
1.5532986294253037
1.5554171045467835
1.5575321572931378
1.5596437631477227
1.5617519121458887
1.5638566204438749
1.5659578857115257
1.5680556613328525
1.5701499916075812
1.5722408590328545
1.5743282480015488
1.576412174879943
1.578492622779658
1.5805695832909208
1.5826430527026007
1.584713073804588
1.5867795741493829
1.5888425837870246
1.590902099321255
1.5929581151062824
1.5950106325373932
1.597059651212491
1.5991051326858612
1.6011471146557459
1.6031855769956296
1.6052205251898863
1.6072519378189523
1.6092798152280652
1.6113041730707476
1.613324999336385
1.6153422864161617
1.6173560220321301
1.619366231542007
1.6213728791686253
1.6233759916385924
1.6253755252857196
1.627371529681317
1.629363940598923
1.6313528076059458
1.6333380842485812
1.6353198228336596
1.6372979565979255
1.6392725388828786
1.6412435310983269
1.6432109346506463
1.64517474972349
1.6471349674388165
1.6490916047520263
1.6510446428805055
1.6529940742266707
1.654939908832964
1.656882119438358
1.6588207464162013
1.6607557412918064
1.6626871237246965
1.6646148866382333
1.66653902727216
1.6684595267421938
1.6703764372417795
1.6722896801099125
1.6741992893951814
1.6761052580238553
1.678007602000985
1.6799062877096762
1.6818013385897588
1.6836927284526555
1.685580468360211
1.687464530964712
1.6893449532578424
1.6912216899165726
1.6930947819812456
1.694964193002452
1.6968299290170847
1.698691993699945
1.7005503875884027
1.7024050889813989
1.7042560901115043
1.7061034134830328
1.7079470658629268
1.7097869990438495
1.7116232329576127
1.7134557634138166
1.7152846111967834
1.7171097384960416
1.718931156750833
1.720748851584283
1.7225628421426766
1.724373110015208
1.7261796541757441
1.7279824793965146
1.7297815576436022
1.7315769256083993
1.7333685537524295
1.735156434393186
1.73694057921774
1.7387209799075358
1.740497627559225
1.7422705361868491
1.7440396853247937
1.7458050776294252
1.747566719385878
1.7493245994017006
1.7510787104421779
1.7528290283378218
1.7545756151511278
1.756318413797994
1.7580574503977746
1.7597926708218767
1.761524123270793
1.7632518022954105
1.7649756839866735
1.7666957908832013
1.768412088304942
1.7701245945089703
1.7718332845845024
1.7735381845756035
1.7752392843323574
1.776936562681312
1.7786300389069034
1.7803196920283013
1.7820055306628289
1.7836875498059
1.7853657431641867
1.7870401061685635
1.788710641863789
1.7903773479413565
1.7920402168026035
1.7936992451659988
1.7953544311135428
1.7970057656455058
1.7986532677588785
1.8002969190742726
1.8019367197309033
1.8035726674624442
1.805204740309425
1.8068329511093002
1.8084573172514864
1.8100777967856578
1.8116944236653736
1.8133071579193047
1.8149160255075554
1.8165210210589855
1.818122121136632
1.8197193415191815
1.8213126842826124
1.822902127542812
1.8244876690359235
1.8260693387856606
1.8276471014307056
1.8292209475518229
1.8307909010369998
1.8323569394476158
1.833919071965182
1.8354772955276883
1.83703159337177
1.8385819864108985
1.8401284306008745
1.84167097265713
1.8432095822377925
1.8447442648714532
1.846275013270934
1.8478018215752545
1.8493246972995396
1.8508436291790098
1.8523586144550264
1.8538696403158488
1.855376740352329
1.8568798812203005
1.8583790610133601
1.859874275023584
1.8613655273897478
1.8628528248869354
1.864336147628413
1.8658155157676843
1.867290886830794
1.8687623173711985
1.8702297400313812
1.8716931843925375
1.8731526438186572
1.8746081221668207
