1025
-0.009323218118493364
-0.010390395176454348
-0.01145672699334687
-0.012522218471774739
-0.013586869864360177
-0.014650664891853946
-0.015713621480707932
-0.016775719781355457
-0.017836964045550404
-0.018897364282300017
-0.019956892024949047
-0.021015565773454987
-0.022073375990957135
-0.02313032330206406
-0.024186406825367653
-0.025241622884353786
-0.026295962869242056
-0.02734943344192841
-0.02840202971714107
-0.029453750753793417
-0.030504599069738337
-0.031554562263359724
-0.032603646792541734
-0.033651846328766256
-0.034699167874663615
-0.0357455976861397
-0.0367911413152068
-0.037835793629489856
-0.03887955797996212
-0.039922426268583125
-0.04096439771150409
-0.042005477207866786
-0.0430456510434511
-0.04408493679492819
-0.04512331523651414
-0.04616079430964627
-0.047197376134094374
-0.04823304374051582
-0.04926780479686028
-0.05030166580052427
-0.051334610668510576
-0.05236665024751016
-0.05339778194438713
-0.054427993865765904
-0.05545729396992238
-0.05648568099391416
-0.057513152613035225
-0.05853970739020842
-0.05956534408587549
-0.06059005794353202
-0.061613857554931685
-0.06263672780708296
-0.06365867557132703
-0.06467971292040292
-0.0656998077593808
-0.0667189870749941
-0.06773723387343471
-0.06875456698502928
-0.06977096570595963
-0.07078643419923869
-0.07180097344917112
-0.07281457976753786
-0.07382726170822661
-0.07483900825890578
-0.07584982401388993
-0.07685971008204956
-0.0778686562090259
-0.0788766733767782
-0.07988375475477728
-0.08088989479124317
-0.08189510036531453
-0.08289937385223654
-0.08390270740524763
-0.08490509905636208
-0.08590656191511324
-0.08690708686952843
-0.08790666720897518
-0.08890530776398563
-0.08990301691339396
-0.09089977723645297
-0.09189560396666047
-0.09289048564238811
-0.0938844317209857
-0.09487743166443262
-0.09586948951364546
-0.09686061202763586
-0.09785079028623267
-0.09884002145754202
-0.09982831670369122
-0.10081567260102495
-0.10180207707562716
-0.10278755269638125
-0.10377207313679149
-0.10475565822586325
-0.10573830023702115
-0.10672000659392895
-0.10770076231466039
-0.10868057323719825
-0.1096594479701575
-0.11063737890151572
-0.11161436775139998
-0.11259042415592638
-0.11356552964288187
-0.11453969263783671
-0.11551292066117731
-0.11648520546520065
-0.11745654825262992
-0.11842695662462117
-0.11939641767530458
-0.12036494538463147
-0.12133252436190713
-0.12229917011679503
-0.12326488225026341
-0.1242296479353498
-0.12519348543661107
-0.1261563728564483
-0.1271183330542167
-0.12807935803934345
-0.12903944025816289
-0.12999858936523714
-0.1309568022185371
-0.13191408794832868
-0.13287043381863228
-0.13382584407876771
-0.13478032359301442
-0.1357338712458005
-0.1366864922383829
-0.13763818397146352
-0.1385889362881736
-0.13953875983824382
-0.1404876628814692
-0.1414356273876679
-0.14238267276177752
-0.14332879196303058
-0.14427398016042434
-0.14521825096101096
-0.1461615923151927
-0.14710400564106169
-0.14804549942606152
-0.1489860823073711
-0.1499257339055241
-0.1508644714995566
-0.1518022842238652
-0.15273918211528104
-0.15367515991284347
-0.15461022623029774
-0.15554437065420063
-0.15647760519435008
-0.15740992986762828
-0.15834133770827724
-0.1592718333983578
-0.16020141993657935
-0.16113010145383908
-0.1620578631262549
-0.1629847270433535
-0.16391068666128747
-0.16483574408616666
-0.165759892195113
-0.16668314042265356
-0.1676054849377115
-0.16852692428833294
-0.1694474779495951
-0.17036712477057214
-0.1712858706983275
-0.17220372857739208
-0.17312069350365783
-0.174036756520254
-0.1749519365633358
-0.17586622147876252
-0.1767796186469609
-0.1776921360120466
-0.1786037562398289
-0.17951449386737148
-0.18042434174393568
-0.18133331441828945
-0.18224140520561194
-0.18314861622365233
-0.18405495100286778
-0.18496040965670768
-0.18586498192671486
-0.1867686832277315
-0.1876715230012079
-0.18857347817812795
-0.1894745674747044
-0.1903747976384493
-0.19127414523185418
-0.19217263276739988
-0.19307025790113902
-0.19396701607328726
-0.1948629213644514
-0.19575796268869328
-0.1966521410180056
-0.19754546674003115
-0.19843793903676668
-0.1993295548538178
-0.20022032293506886
-0.20111023490109842
-0.20199929888124782
-0.2028875203823721
-0.2037748889073806
-0.20466140939875196
-0.20554710282531022
-0.20643194337152926
-0.20731594972143244
-0.20819911792978293
-0.20908144528687517
-0.20996294534332732
-0.21084360988568102
-0.2117234387152414
-0.21260244109286924
-0.21348061408111857
-0.21435795808498737
-0.2152344812079858
-0.21611017960607365
-0.21698507021124042
-0.21785912609108563
-0.21873236664920553
-0.21960478579314036
-0.22047639874071323
-0.22134720087334056
-0.22221718567196863
-0.22308636472027
-0.22395472848713707
-0.22482229166880907
-0.22568905682518373
-0.22655500939125467
-0.2274201709457408
-0.22828452443095798
-0.22914808418572818
-0.2300108500719675
-0.23087281700588164
-0.23173400350896237
-0.23259439271103832
-0.23345399176388626
-0.2343128094948664
-0.23517083764903474
-0.2360280821222672
-0.23688454543034368
-0.2377402339811314
-0.23859513912091773
-0.23944926759863558
-0.24030262486906565
-0.24115521318225336
-0.24200701983310477
-0.2428580694551793
-0.24370834913502673
-0.24455786087273415
-0.24540660155574026
-0.246254603508399
-0.2471018321238456
-0.2479482958258456
-0.2487940101325778
-0.24963896541211317
-0.2504831759762201
-0.2513266323538315
-0.25216933992275353
-0.25301129908889103
-0.25385251558909616
-0.25469298007616853
-0.25553271305763975
-0.2563717001712297
-0.2572099486379484
-0.2580474601082885
-0.2588842442806509
-0.25972028765870964
-0.2605555983681826
-0.2613901896758584
-0.2622240465466514
-0.26305717574050513
-0.2638895841251085
-0.26472126635197024
-0.2655522329486887
-0.2663824778667411
-0.26721200992431976
-0.2680408296743366
-0.2688689377695531
-0.26969631319997206
-0.2705230024398679
-0.2713489715015481
-0.27217424348539426
-0.2729988000490917
-0.2738226549809609
-0.27464581423330825
-0.27546827593636636
-0.27629003306146943
-0.27711109900492054
-0.27793147089033865
-0.2787511532567846
-0.2795701327780987
-0.28038843998946045
-0.2812060510628514
-0.28202297854006947
-0.2828392167139837
-0.2836547814879603
-0.2844696566810015
-0.2852838699466681
-0.2860973883612393
-0.28691023104910024
-0.28772240499944557
-0.28853391180287746
-0.2893447520157643
-0.29015491236477525
-0.2909644099474971
-0.29177324438486324
-0.29258141365120754
-0.2933889199195746
-0.29419576697407435
-0.29500195511966193
-0.29580748579995825
-0.2966123571081415
-0.297416574967289
-0.29822015001427643
-0.2990230663999637
-0.2998253338455692
-0.30062695161018255
-0.30142792276898445
-0.30222825601030706
-0.3030279409996814
-0.30382698252961166
-0.30462538697871483
-0.305423153793842
-0.3062202803762352
-0.30701677299897223
-0.30781263612180637
-0.3086078673183647
-0.3094024558417684
-0.31019641714584456
-0.31098976285704155
-0.3117824660986524
-0.3125745550604212
-0.31336601606643455
-0.31415685205634986
-0.3149470778939048
-0.3157366773067731
-0.3165256539245928
-0.31731401562162515
-0.3181017621824363
-0.3188889007019037
-0.3196754146747746
-0.32046132497774193
-0.32124662995151665
-0.3220313196033909
-0.32281540290795374
-0.3235988765231426
-0.3243817467353713
-0.32516401496915015
-0.32594568209525737
-0.32672674811736363
-0.32750720902586783
-0.32828707168728977
-0.3290663425864212
-0.32984501699869134
-0.33062309185331573
-0.3314005685774569
-0.3321774662609171
-0.3329537610969568
-0.3337294706360427
-0.33450458814412043
-0.3352791234140747
-0.33605306352265213
-0.3368264201685553
-0.33759919850700826
-0.3383713774485557
-0.33914298396974996
-0.33991400854807824
-0.34068445419408216
-0.3414543173059431
-0.3422236001479877
-0.3429923064075274
-0.34376043808676016
-0.344527993452445
-0.34529497450491475
-0.346061374051125
-0.34682721203792566
-0.34759246976025654
-0.3483571596436686
-0.34912127920941216
-0.34988482880127253
-0.3506478139538726
-0.35141022415749557
-0.35217206764901754
-0.35293335104693857
-0.35369406348334914
-0.35445421595498816
-0.3552138064700878
-0.35597282273525443
-0.3567312853485867
-0.35748919318396366
-0.35824652967302817
-0.35900330721721446
-0.35975953040102643
-0.36051518725237663
-0.361270303577319
-0.3620248374677396
-0.36277882769753567
-0.36353225883735957
-0.3642851376091049
-0.365037452017053
-0.3657892243954837
-0.3665404376540093
-0.36729109065453514
-0.3680411990134012
-0.3687907518229627
-0.3695397630911581
-0.37028820447994565
-0.3710361093558583
-0.3717834514584684
-0.3725302549595474
-0.3732765029224824
-0.374022198827978
-0.374767351155501
-0.3755119458009685
-0.37625600372518
-0.37699951189029524
-0.3777424630999458
-0.37848487378246737
-0.37922673252783573
-0.37996805074652495
-0.38070881410409274
-0.3814490381868058
-0.3821887099110153
-0.3829278490096437
-0.3836664236090645
-0.384404464784084
-0.3851419516973966
-0.38587890158879445
-0.3866152987584178
-0.38735114954286937
-0.3880864682731202
-0.38882122713666845
-0.3895554561773668
-0.3902891230940381
-0.3910222451647444
-0.3917548305995333
-0.3924868676592198
-0.3932183567150461
-0.39394930672839074
-0.3946797070207337
-0.39540956497040086
-0.3961388747991241
-0.3968676353430829
-0.39759585710177053
-0.39832352548712824
-0.3990506508612316
-0.39977722590153775
-0.4005032623215151
-0.4012287443533714
-0.401953685846009
-0.4026780698569392
-0.4034019173267476
-0.4041252069279533
-0.40484795148126845
-0.40557014244900136
-0.40629178746433625
-0.40701288420123566
-0.4077334268375908
-0.40845341746545677
-0.40917286979901357
-0.40989176213991435
-0.41061009657139963
-0.41132788666137704
-0.41204512030278834
-0.41276180174400273
-0.41347792986080173
-0.41419350322319665
-0.4149085214450728
-0.41562297979748103
-0.4163368852573589
-0.41705022958099497
-0.4177630213987342
-0.41847524744183195
-0.4191869227601976
-0.41989803164662176
-0.420608579555558
-0.4213185781555496
-0.42202800059557033
-0.4227368655803753
-0.4234451673829022
-0.42415289541683143
-0.4248600681683431
-0.4255666751049745
-0.42627271227514363
-0.4269781760036173
-0.4276830763909196
-0.4283874123966416
-0.42909117376964057
-0.4297943508153597
-0.43049696875760657
-0.43119901178535464
-0.4319004733145018
-0.4326013688212594
-0.43330167699963945
-0.4340014087338691
-0.43470056308025196
-0.4353991354326734
-0.4360971337960725
-0.4367945401271425
-0.43749136662786636
-0.438187611159004
-0.4388832666827968
-0.43957832973316185
-0.44027280271896874
-0.44096670042353014
-0.4416600001708558
-0.4423526977363735
-0.4430448115328204
-0.44373633218961345
-0.4444272539785088
-0.44511757159791104
-0.4458072963464549
-0.4464964166718531
-0.44718493906640255
-0.4478728527245879
-0.4485601736462595
-0.4492468720962977
-0.44993296730296733
-0.4506184527342195
-0.4513033362427943
-0.45198759634852614
-0.45267124934373476
-0.4533542822941699
-0.4540366990819218
-0.4547184966207402
-0.45539968284746846
-0.45608023408811965
-0.4567601661795195
-0.45743946773256206
-0.45811815012940343
-0.4587962035969379
-0.4594736162148682
-0.460150407170888
-0.4608265705243549
-0.4615020821472951
-0.46217696176197637
-0.4628512004192617
-0.4635248031687206
-0.4641977533829091
-0.4648700662508388
-0.4655417280331761
-0.46621274478261043
-0.46688310820475787
-0.46755281757894424
-0.4682218744448905
-0.468890276040074
-0.4695580123784725
-0.47022509416792213
-0.4708915141356491
-0.47155726514361507
-0.4722223489638705
-0.47288676965116777
-0.4735505113392459
-0.47421358173122685
-0.4748759844527631
-0.47553769937117896
-0.4761987476263774
-0.47685910417141003
-0.477518778713318
-0.4781777624431555
-0.47883607260055416
-0.47949368236289797
-0.4801506019896734
-0.4808068291556107
-0.4814623513429107
-0.48211717479511734
-0.4827713021578325
-0.48342473003006053
-0.4840774377430496
-0.484729447939475
-0.485380738870274
-0.48603132253787873
-0.4866811821350958
-0.4873303305478633
-0.4879787588542389
-0.48862646085613864
-0.4892734373156656
-0.48991968705490757
-0.49056520275643367
-0.4912099958910916
-0.4918540463767206
-0.49249735683801055
-0.4931399228403619
-0.49378174950538134
-0.494422839179224
-0.49506316985377524
-0.495702746772833
-0.49634158301725967
-0.49697965014791
-0.4976169708178975
-0.4982535208590245
-0.4988893093775721
-0.49952433330910945
-0.5001585938038801
-0.5007920658622312
-0.5014247739144866
-0.5020567065147169
-0.5026878539558209
-0.5033182170500348
-0.5039477979329985
-0.5045765890832625
-0.5052045883942303
-0.5058317929402835
-0.5064582011284336
-0.5070838065542221
-0.5077086145852229
-0.508332623119669
-0.5089558107900825
-0.5095781876339218
-0.5101997559527185
-0.5108205061326461
-0.5114404329097688
-0.5120595311465305
-0.512677825385491
-0.5132952741147282
-0.5139118990206634
-0.5145276877204991
-0.5151426331657625
-0.5157567426910936
-0.5163700097706965
-0.5169824263355955
-0.5175939918655985
-0.518204709447256
-0.5188145655638884
-0.5194235755796344
-0.520031714096016
-0.5206389817663142
-0.5212453921538093
-0.5218509312426196
-0.5224555919709004
-0.5230593776540087
-0.5236622858310769
-0.5242643074972211
-0.5248654398016976
-0.5254656868220924
-0.5260650368858425
-0.5266634923274398
-0.5272610522444013
-0.5278577088059705
-0.5284534580877647
-0.5290482890053019
-0.5296422242505142
-0.5302352405772783
-0.530827329239784
-0.531418500500713
-0.5320087499656653
-0.5325980691452035
-0.5331864616639805
-0.5337739184505764
-0.5343604309316955
-0.5349460136280627
-0.535530641324298
-0.5361143254350639
-0.5366970517116098
-0.5372788303786048
-0.5378596518675633
-0.5384395159496718
-0.5390184056365535
-0.5395963323560987
-0.5401732942178888
-0.5407492746024807
-0.5413242712830743
-0.5418982972047566
-0.5424713403001796
-0.5430433855040273
-0.5436144528331146
-0.5441845246421415
-0.544753589902328
-0.5453216504803764
-0.545888713771832
-0.5464547730774004
-0.5470198169527987
-0.5475838401627774
-0.5481468520063382
-0.548708847900888
-0.5492698021393003
-0.5498297369894823
-0.5503886343184354
-0.5509465064466762
-0.5515033391911203
-0.5520591234295961
-0.5526138633694034
-0.5531675530768241
-0.5537201865870175
-0.5542717639056638
-0.5548222954257637
-0.5553717571931431
-0.5559201473703159
-0.5564674749669026
-0.5570137249703737
-0.5575588991902994
-0.558102991197027
-0.5586460009471181
-0.5591879161648229
-0.5597287477729559
-0.5602684912934437
-0.5608071222385046
-0.5613446644033506
-0.5618810872407561
-0.5624164195659218
-0.5629506319007018
-0.5634837292793924
-0.5640157132870178
-0.5645465688303459
-0.5650763007820904
-0.5656049011864932
-0.566132366063582
-0.5666587042640386
-0.567183899089023
-0.5677079483508604
-0.5682308493674969
-0.5687525979735717
-0.5692732012866024
-0.5697926409406311
-0.5703109284339043
-0.5708280413974844
-0.5713439985751859
-0.5718587672643661
-0.5723723746435508
-0.5728848029195978
-0.5733960447800419
-0.5739061084617211
-0.57441496943864
-0.574922654909442
-0.5754291329102326
-0.5759344190373801
-0.5764385035665904
-0.5769413745984145
-0.5774430387342273
-0.5779434936376013
-0.5784427268320719
-0.5789407484924404
-0.5794375397768646
-0.5799331051839629
-0.5804274387752479
-0.5809205409942273
-0.5814124063385555
-0.581903029270551
-0.5823924056154367
-0.5828805347156412
-0.5833674208439275
-0.58385304733038
-0.5843374124762912
-0.5848205250455197
-0.5853023607966801
-0.5857829393901705
-0.5862622359396573
-0.5867402641058419
-0.587217017105563
-0.5876924850396106
-0.5881666675104293
-0.5886395619489305
-0.5891111624199704
-0.5895814747551157
-0.5900504743092133
-0.5905181817666457
-0.5909845761752351
-0.5914496743249517
-0.5919134568914954
-0.5923759163453776
-0.5928370584821089
-0.5932968856734038
-0.5937553812916535
-0.5942125497155676
-0.594668385660654
-0.595122881122056
-0.595576049266044
-0.5960278659924905
-0.5964783453806202
-0.5969274717263964
-0.5973752487998714
-0.5978216662114486
-0.5982667256077178
-0.5987104283887827
-0.5991527601784438
-0.5995937246354389
-0.6000333293254728
-0.6004715484081866
-0.6009083914811859
-0.6013438592979045
-0.6017779305112277
-0.6022106280651535
-0.6026419264751954
-0.6030718398505428
-0.6035003468139767
-0.6039274629098953
-0.6043531642670138
-0.6047774750304625
-0.6052003649871126
-0.6056218444388171
-0.6060419132371072
-0.6064605587267117
-0.606877786886784
-0.6072935852952206
-0.6077079628891214
-0.60812090761642
-0.6085324156759138
-0.6089424927317814
-0.6093511240661857
-0.6097583155807479
-0.6101640643476752
-0.6105683611909425
-0.6109712038931113
-0.6113725957591407
-0.6117725298464763
-0.6121710018579147
-0.6125680123189211
-0.6129635577642089
-0.6133576338039824
-0.6137502363765536
-0.6141413637067821
-0.6145310198431446
-0.6149191915785135
-0.6153058781766415
-0.6156910888416207
-0.6160747957244082
-0.6164570144329595
-0.6168377380901505
-0.6172169738234808
-0.6175947039547647
-0.6179709247313289
-0.6183456472065402
-0.6187188645800824
-0.6190905662804614
-0.6194607618423339
-0.6198294345128815
-0.6201965891880211
-0.620562222597962
-0.6209263343367201
-0.6212889099259998
-0.6216499705619594
-0.6220094935859294
-0.6223674780211897
-0.622723928317075
-0.6230788429649055
-0.6234322136046322
-0.623784038262825
-0.6241343191303088
-0.624483044173603
-0.6248302258879364
-0.6251758433121759
-0.6255199137164498
-0.6258624211158362
-0.6262033688273912
-0.6265427494789307
-0.6268805691855607
-0.6272168201000897
-0.627551498818669
-0.6278845968552826
-0.6282161276201883
-0.6285460793972408
-0.6288744472984488
-0.6292012374677578
-0.6295264486179392
-0.6298500592942506
-0.6301720882468611
-0.6304925276373803
-0.6308113695413076
-0.6311286206369231
-0.6314442733744902
-0.6317583228639012
-0.6320707668598257
-0.6323816242001626
-0.6326908622021866
-0.632998493691983
-0.6333045166125072
-0.6336089279969349
-0.6339117278393943
-0.63421291551064
-0.6345124741324883
-0.6348104193710197
-0.6351067421872453
-0.635401444431077
-0.6356945167179043
-0.6359859581185694
-0.6362757755339469
-0.636563963564514
-0.6368505181456641
-0.6371354341629554
-0.6374187218727232
-0.6377003652080642
-0.6379803763326716
-0.6382587351648565
-0.6385354635014342
-0.6388105331688627
-0.639083965634051
-0.6393557401503956
-0.6396258793450642
-0.6398943540356592
-0.6401611875725954
-0.6404263626959857
-0.640689879954871
-0.6409517395349005
-0.6412119375418882
-0.6414704808288986
-0.641727361645092
-0.6419825762182024
-0.6422361295599177
-0.6424880095464649
-0.6427382333510965
-0.6429867807120669
-0.643233659104754
-0.6434788665940587
-0.6437224018901191
-0.6439642565238096
-0.6442044536147382
-0.6444429589675691
-0.6446797878041367
-0.6449149367785901
-0.6451484133623303
-0.6453802031683368
-0.6456103166103756
-0.6458387425499549
-0.646065486113557
-0.6462905354038843
-0.6465139075626722
-0.6467355821608636
-0.6469555783737854
-0.6471738803065975
-0.6473904909757019
-0.6476054124209077
-0.6478186452534673
-0.6480301804477818
-0.648240015346123
-0.6484481601378721
-0.6486546182844324
-0.6488593691392358
-0.6490624217927706
-0.6492637755335811
-0.6494634397129623
-0.649661398316965
-0.6498576576607231
-0.6500522111242257
-0.6502450680506738
-0.6504362217738536
-0.650625671663838
-0.6508134206826817
-0.6509994576996656
-0.6511837994082108
-0.6513664339980868
-0.6515473580244849
-0.6517265782361458
-0.6519040916654675
-0.6520798950323735
-0.6522539955948442
-0.65242638542121
-0.6525970664291846
-0.6527660422204185
-0.6529333090294696
-0.6530988647853613
-0.6532626996994682
-0.6534248418730954
-0.6535852680696032
-0.6537439899280318
-0.6539009855887656
-0.6540562764764476
-0.6542098622000186
-0.6543617328690449
-0.654511899761106
-0.6546603487897429
-0.6548070894350898
-0.6549521116796325
-0.6550954283412953
-0.6552370365292829
-0.6553769278727186
-0.6555151124422621
-0.6556515820876134
-0.6557863419752372
-0.6559193917348712
-0.6560507298084292
-0.6561803554015727
-0.6563082715449052
-0.656434478457453
-0.6565589749022711
-0.6566817601816735
-0.6568028356889998
-0.656922198420621
-0.6570398586542313
-0.6571558100388145
-0.6572700541091319
-0.6573825911297319
-0.6574934138693137
-0.6576025292741626
-0.6577099465106322
-0.6578156493647214
-0.6579196540238782
-0.6580219452230502
-0.6581225354045138
-0.6582214247250173
-0.6583186043958498
-0.6584140836325265
-0.6585078644737631
-0.6585999400727673
-0.6586903106681249
-0.6587789916903107
-0.6588659694816514
-0.6589512419945281
-0.6590348218811865
-0.6591167008300208
-0.6591968855833564
-0.6592753761899881
-0.6593521675955343
-0.6594272716832179
-0.6595006704804705
-0.6595723870638612
-0.659642409923891
-0.659710744038047
-0.6597773883674264
-0.6598423426558496
-0.6599056122538451
-0.6599671944361941
-0.6600270906309897
-0.6600852975737053
-0.6601418318341339
-0.6601966814350712
-0.6602498479603419
-0.6603013319643805
-0.6603511371502416
-0.6603992694847438
-0.660445722337531
-0.6604905073154858
-0.6605336080147268
-0.6605750520514585
-0.6606148122425589
-0.660652904192284
-0.6606893275795919
-0.660724086524197
