1025
0.8977700942913615
0.8963474829011014
0.8949200554597427
0.8934877959971577
0.8920507049287429
0.8906088167891749
0.8891620901683144
0.8877105678542194
0.8862542428550685
0.8847930868936001
0.8833271696896413
0.8818564460670609
0.8803809374983375
0.878900641103494
0.8774155603618156
0.8759257035756685
0.8744310942205611
0.8729317100438467
0.8714275675903381
0.869918669815073
0.8684050094413395
0.8668866170644391
0.8653634787925527
0.863835611702524
0.8623029983864919
0.8607656737679844
0.8592236260493509
0.8576768680013932
0.8561253954323759
0.8545692264766627
0.8530083654624445
0.8514428070123019
0.8498725798483246
0.8482976471112116
0.8467180585031869
0.8451337958762208
0.8435448566758728
0.8419512847937827
0.8403530667947552
0.8387501861697958
0.8371426864679011
0.8355305460454124
0.8339137740782752
0.8322924026838516
0.8306664130613102
0.829035817221638
0.8274006231863519
0.8257608349156741
0.8241164647294499
0.8224675247726949
0.8208140013837203
0.8191559311471533
0.8174933082816475
0.8158261027121302
0.8141544003955552
0.8124781406005802
0.8107973678403898
0.8091120432549664
0.8074222242387353
0.8057279022262505
0.804029082383054
0.8023257793222115
0.8006179780495295
0.7989057107594658
0.7971889737366114
0.7954677703402349
0.7937421299537528
0.7920120346078507
0.7902775062691944
0.788538564201202
0.786795200184949
0.7850474144076177
0.7832952347411548
0.7815386692193794
0.7797776993527264
0.778012346249649
0.776242641794697
0.7744685767934372
0.772690142590396
0.7709073843187323
0.7691202779440783
0.7673288554935978
0.7655331059826063
0.7637330583028821
0.7619287154767569
0.760120066136218
0.758307142737089
0.7564899609809105
0.7546685006853195
0.752842782633794
0.7510128415832601
0.7491786340947085
0.7473402310976017
0.7454975953124473
0.7436507563932901
0.7417997025223884
0.7399444825131025
0.7380850909574095
0.7362215150802417
0.7343537876653407
0.7324819093766577
0.730605872421056
0.728725729161709
0.726841468337319
0.7249530825348203
0.7230606046136062
0.7211640401035978
0.7192633822047207
0.7173586747946078
0.7154498935896667
0.7135370837758351
0.7116202242658595
0.7096993234868713
0.7077744255927064
0.7058454974787041
0.7039126045373224
0.7019757015858411
0.7000348222503914
0.6980899932460832
0.696141204163492
0.694188475095126
0.6922317963849354
0.6902712119051118
0.6883067236058632
0.6863383275063139
0.6843660452307629
0.6823898739441889
0.6804098313613054
0.6784259555234103
0.6764382336668985
0.6744466617716113
0.6724512902096076
0.6704520903374239
0.6684490916819977
0.6664423151996675
0.664431746921693
0.6624174260273094
0.6603993648386736
0.6583775521153012
0.6563519848953695
0.654322724468092
0.652289744644545
0.6502530812098976
0.6482127277222173
0.6461687125610645
0.6441210231386466
0.6420697053668915
0.6400147384659117
0.6379561403549198
0.6358939408178607
0.6338281466150463
0.6317587616317291
0.6296857903872052
0.6276092835416744
0.6255292036530432
0.6234455837607302
0.6213584286896568
0.6192677718781666
0.6171736080173328
0.6150759630980829
0.6129748490471904
0.6108702401806474
0.6087622027624837
0.6066507349778886
0.6045358193062219
0.6024174906834449
0.6002957812650002
0.5981706588332959
0.5960421728402867
0.5939103216326476
0.5917750958339267
0.5896365623777674
0.5874946954492152
0.5853495299013061
0.5832010478332367
0.5810492806149533
0.5788942418121314
0.576735935048556
0.5745743778879803
0.5724096121967808
0.5702416210526952
0.5680703895633373
0.5658959973988624
0.5637184121895775
0.5615376377158126
0.559353742295712
0.557166693253106
0.5549765134610818
0.5527832228809997
0.550586813500001
0.5483873266416068
0.5461847758759197
0.5439791540868563
0.5417704774400446
0.5395587754478498
0.5373440387532995
0.535126310584005
0.5329055859293186
0.5306818703167931
0.528455202346225
0.5262255905205387
0.523993003709405
0.5217575187794532
0.5195191103149397
0.5172778033752304
0.5150336232099224
0.5127865546570352
0.5105366364515914
0.5082838871724124
0.5060282984893562
0.5037698997183351
0.5015087059432674
0.49924471479205995
0.4969779570875495
0.49470840492877455
0.49243614687137743
0.4901611481390398
0.48788344603912653
0.4856030213512194
0.48331990256080026
0.4810341253867914
0.4787456742663935
0.4764545971419964
0.4741608761719484
0.47186451960535225
0.46956558527292763
0.46726403668042504
0.46495993383558254
0.46265326339446516
0.4603440394158632
0.4580322961644858
0.4557180052991756
0.4534012296045271
0.45108196643292303
0.4487602156716701
0.44643601590346926
0.44410936728018513
0.44178028800531643
0.4394487793964509
0.43711487943912375
0.43477859341847386
0.4324399221697948
0.4300988844453863
0.4277555266396456
0.425409809585974
0.42306178263071914
0.42071146041777047
0.4183588681527663
0.4160039463838198
0.4136467979059308
0.41128742317852046
0.4089258028861401
0.40656197299056823
0.40419592949325533
0.4018277032366982
0.3994573092969301
0.3970847581319244
0.39471006118873414
0.3923332527119336
0.3899543093063019
0.38757327924457824
0.3851901663502118
0.38280498674652347
0.38041773407389284
0.3780284606879414
0.3756371674618498
0.37324384097372815
0.3708485320956243
0.36845124892728887
0.3660519916184988
0.3636507907105657
0.3612476404620954
0.3588425778504199
0.3564355982101857
0.35402671711826783
0.3516159565191903
0.3492033819917946
0.3467889003340861
0.34437261800670266
0.3419544916422561
0.33953458904507566
0.33711289284004714
0.3346894092572324
0.33226415700937706
0.32983718325032274
0.32740846297728465
0.32497802742796755
0.3225458842875364
0.32011208432503246
0.3176765731284201
0.31523942585449094
0.3128006299360576
0.31036022497767757
0.3079181819962439
0.3054745608360775
0.30302931961087687
0.3005825532999368
0.29813423121591553
0.2956843594911211
0.29323295092633994
0.2907800233995145
0.2883256279761678
0.2858697414271999
0.2834123847117685
0.2809535803125124
0.2784933419922307
0.27603167686623203
0.2735686068588748
0.2711041428144966
0.26863831078145367
0.2661711145402948
0.2637025489229386
0.2612326641364724
0.2587614601831159
0.25628895972868687
0.25381516705168655
0.2513400841148268
0.2488637533870346
0.2463861788957148
0.24390736853799283
0.24142733908364722
0.23894611234293384
0.23646369694204636
0.23398009681214438
0.23149533685337292
0.22900945852998394
0.22652244468971025
0.22403428729800864
0.22154506932347998
0.21905473610174234
0.21656334076048026
0.2140708946399396
0.21157738195924775
0.20908285427781415
0.20658732306037877
0.20409079258654092
0.20159327233493515
0.1990947675288831
0.19659533664804044
0.19409494444765582
0.1915936122606012
0.18909138265357314
0.1865882510806326
0.18408424247878113
0.18157936235633643
0.1790736225302722
0.1765670342114573
0.17405962335773606
0.17155141038611102
0.16904239320306444
0.1665325816408147
0.16402199861343664
0.16151067109569164
0.1589986088501366
0.15648578924392811
0.15397228103121466
0.15145805988186475
0.14894316124925347
0.14642757400766784
0.14391135094050758
0.14139447682139392
0.13887695665545505
0.13635886043616086
0.1338401361516117
0.1313208216061706
0.1288009345702515
0.12628049144228734
0.1237595067872672
0.12123798654107139
0.11871594381336197
0.11619339796538453
0.1136703598073465
0.11114686387816623
0.10862287773815757
0.10609845917916906
0.10357359855179761
0.10104831594512906
0.09852262572557866
0.09599653280477125
0.09347007639550532
0.09094325351687145
0.0884160587812524
0.08588854125622812
0.08336068492189988
0.08083251117003451
0.07830406237906874
0.07577530892308973
0.07324626826759487
0.07071699165121646
0.06818746719913223
0.0656576961876652
0.06312772744989358
0.0605975088364688
0.05806715928319307
0.05553659750807891
0.05300587475656779
0.050474993781352805
0.04794399451711466
0.045412837933083504
0.04288158211917117
0.04035024216126868
0.03781879299679494
0.03528728062780252
0.03275568117928194
0.03022407683555747
0.027692403049155594
0.025160736062989887
0.022629033425397557
0.0200973459230535
0.017565683629975026
0.015034037121994012
0.01250245173016495
0.009970896717945368
0.007439412601392319
0.004908030333189935
0.002376723471145462
-0.00015446087488200713
-0.00268554933480119
-0.005216480717952111
-0.0077472895080630405
-0.010277924938799837
-0.012808428829320635
-0.015338701925568245
-0.017868809972308063
-0.020398697985967548
-0.022928382995513058
-0.025457820491474183
-0.02798701063906799
-0.030515979953370465
-0.033044645208454765
-0.03557306760317336
-0.038101156700638884
-0.04062894223665163
-0.043156430089212904
-0.04568358483445298
-0.048210390151744754
-0.05073686009236848
-0.05326295562349358
-0.05578867968225323
-0.05831400906485964
-0.06083893066665432
-0.06336345832516305
-0.06588754370954429
-0.06841119694455487
-0.07093439750556668
-0.07345715707374859
-0.07597942807597424
-0.07850123209488576
-0.08102251491615134
-0.08354332491405936
-0.08606358792650207
-0.08858333288727978
-0.09110252572672424
-0.09362117084465807
-0.09613925914082877
-0.09865676049954228
-0.10117367272305713
-0.10369001791339479
-0.106205732623663
-0.10872081076123129
-0.1112352775476075
-0.11374909187887423
-0.11626225914547998
-0.11877476001247406
-0.12128658379939564
-0.12379771881450856
-0.12630814888820557
-0.12881787694578084
-0.13132687438254434
-0.13383515255838405
-0.13634267152188878
-0.13884945701334944
-0.1413554662137615
-0.143860693350459
-0.14636516766832006
-0.14886881176999558
-0.15137166245755113
-0.15387369769106865
-0.15637488093880456
-0.15887525285352846
-0.16137477670544542
-0.1638734308248231
-0.16637120519685808
-0.16886811371887828
-0.1713641414788432
-0.17385926130807305
-0.17635343923228666
-0.17884673060077658
-0.1813390851578813
-0.1838304818907753
-0.18632095049410327
-0.18881043397557276
-0.19129894721312224
-0.19378648352663252
-0.19627302275591596
-0.19875857770343197
-0.20124309791857248
-0.20372660746205862
-0.20620909161428888
-0.20869052486760584
-0.2111708955787533
-0.21365020324639744
-0.21612847468197152
-0.21860564869129834
-0.22108171084728662
-0.2235566984198643
-0.22603057861488812
-0.2285033378657806
-0.23097495272168628
-0.23344544519521737
-0.23591478235870778
-0.2383829732944938
-0.24084998402433114
-0.2433158542943146
-0.24578049849563988
-0.24824396431065013
-0.25070622516887603
-0.25316729671086724
-0.25562712027650347
-0.25808573499296283
-0.2605431007722027
-0.26299921973812745
-0.26545408306947327
-0.2679077035561454
-0.27036002200467313
-0.27281106555007295
-0.2752608083155706
-0.27770927227600145
-0.28015642220609727
-0.282602233577226
-0.28504674999368246
-0.2874899413040143
-0.2899317551908139
-0.29237223251858696
-0.2948113449251606
-0.29724910387422454
-0.29968546948914804
-0.30212046250218194
-0.30455405619933845
-0.306986259459105
-0.3094170469497105
-0.31184641337491414
-0.3142743584739584
-0.3167008791674944
-0.31912593772532327
-0.3215495637285333
-0.32397173614539937
-0.3263924326665331
-0.32881165376022636
-0.3312294106104723
-0.3336456591523173
-0.33606041679595006
-0.338473687141256
-0.340885420899982
-0.3432956679474573
-0.34570436201564997
-0.3481115262134228
-0.35051714013013036
-0.3529212384566392
-0.35532375665841626
-0.35772471629066205
-0.360124111798143
-0.36252190981555216
-0.364918124512845
-0.36731276021325343
-0.3697058063518439
-0.3720972116795019
-0.3744870305164455
-0.3768752094366519
-0.3792617765885609
-0.381646687403243
-0.38402997222316565
-0.3864116100377721
-0.3887915864806082
-0.391169897785109
-0.3935465455172017
-0.39592150644636204
-0.39829481209860224
-0.40066640960168026
-0.40303630503834315
-0.40540449046630533
-0.4077709773717839
-0.4101357699058235
-0.4124988127435606
-0.4148601222727754
-0.41721972621298514
-0.4195775569427239
-0.4219336703711603
-0.42428800936283595
-0.4266405934853546
-0.42899141732479107
-0.43134048301785377
-0.43368773152739915
-0.43603322209121176
-0.43837692696906916
-0.44071882271637314
-0.4430589144683582
-0.4453972045979854
-0.4477336802586957
-0.4500683358802474
-0.452401164313456
-0.4547321580917295
-0.45706131154297946
-0.4593886327155711
-0.46171412405200324
-0.46403772825603257
-0.4663594741777047
-0.4686793670208961
-0.47099738677490277
-0.473313525582135
-0.4756277673751364
-0.47794017467607236
-0.48025065133992456
-0.4825592465010882
-0.4848659372016042
-0.48717070420827574
-0.4894735719025277
-0.4917745231342635
-0.4940735425348116
-0.49637062856098063
-0.4986657926111008
-0.5009590051035808
-0.5032503049399933
-0.5055396331062244
-0.5078269945655106
-0.5101124236331891
-0.51239588604207
-0.5146773746462387
-0.5169568938293856
-0.5192344443777076
-0.521510005755616
-0.5237835735646177
-0.5260551632993701
-0.5283247463064275
-0.5305923310364113
-0.5328579238842563
-0.5351215043170231
-0.5373830653832788
-0.5396425906832933
-0.5419001306283101
-0.5441556349494096
-0.5464090883893978
-0.5486605170184587
-0.5509099138066657
-0.5531572602848946
-0.555402576211234
-0.5576458348436484
-0.559887024631614
-0.5621261799893793
-0.5643632505941037
-0.5665982595041006
-0.5688311860544638
-0.571062051307536
-0.5732908391840893
-0.5755175542049248
-0.5777421591144744
-0.5799646854320618
-0.5821851311887002
-0.5844034604775666
-0.5866196762904057
-0.5888338135665964
-0.5910458457339254
-0.5932557402747697
-0.5954635533339266
-0.597669245142182
-0.5998727942076831
-0.6020742080015502
-0.604273512179486
-0.6064706902329041
-0.6086657282394469
-0.6108586125102495
-0.6130493713365327
-0.6152379980229926
-0.6174244368259043
-0.6196087455241335
-0.6217908883540092
-0.6239708949619436
-0.6261487414210071
-0.6283244079697421
-0.6304979136075635
-0.6326692461468241
-0.6348383988051359
-0.6370053711935544
-0.639170203219041
-0.6413328379744613
-0.6434932753786607
-0.6456515403293436
-0.6478076113345113
-0.6499614901447
-0.6521131713041702
-0.6542626561052491
-0.6564099261190353
-0.6585550108033643
-0.6606979026360194
-0.6628385541349753
-0.6649770256393855
-0.6671132477811104
-0.6692472981757653
-0.67137911331156
-0.6735087079958274
-0.6756360921127742
-0.6777612362037635
-0.6798841620958732
-0.6820048514173591
-0.6841233032207471
-0.6862395444048521
-0.6883535419375789
-0.6904652946652056
-0.6925748042658146
-0.6946820699751853
-0.6967871048311386
-0.6988898846677336
-0.7009904344481191
-0.7030887090726173
-0.7051847610102522
-0.7072785183073069
-0.7093700525664386
-0.711459323582681
-0.7135463278822176
-0.7156310840425345
-0.717713547263724
-0.7197937840624937
-0.7218717234188882
-0.7239474150890898
-0.7260208378970617
-0.7280919704120121
-0.7301608379022108
-0.7322274380643573
-0.7342917494265762
-0.7363538054678853
-0.7384135664428007
-0.7404710419213367
-0.742526236543106
-0.7445791537102479
-0.746629782320094
-0.7486781240426613
-0.7507241699904105
-0.7527679268015146
-0.7548094128702248
-0.7568485956475797
-0.7588854757965443
-0.7609200826320548
-0.7629523634616963
-0.7649823737412698
-0.7670100616460453
-0.7690354628948296
-0.771058575288512
-0.7730793773945744
-0.7750978727324485
-0.7771140700415972
-0.7791279531253638
-0.7811395511922559
-0.7831488056899507
-0.7851557778757489
-0.7871604219051207
-0.7891627847664672
-0.7911628315133722
-0.7931605457841627
-0.7951559535000482
-0.7971490610878905
-0.7991398410988967
-0.80112831233811
-0.8031144635151873
-0.8050982882958334
-0.8070798197613842
-0.8090590126241832
-0.8110359047242762
-0.8130104666687773
-0.8149827129464401
-0.8169526285947564
-0.8189202216008014
-0.8208855067046665
-0.822848451322177
-0.8248090752491286
-0.8267674040213758
-0.8287233798583242
-0.8306770336066476
-0.8326283761987031
-0.8345773617451645
-0.8365240526131995
-0.8384683951013354
-0.8404104329150247
-0.8423501190269062
-0.8442874940643916
-0.8462225165593293
-0.8481552436425406
-0.8500856139594184
-0.8520136605948383
-0.8539393854517371
-0.8558627701162197
-0.8577838346496125
-0.8597025562893127
-0.8616189582383925
-0.8635330269865203
-0.8654447569511862
-0.8673541643076711
-0.8692612286194915
-0.8711659689568101
-0.8730683794634575
-0.8749684532085786
-0.8768661868782769
-0.8787615943146718
-0.8806546697645128
-0.882545408262677
-0.8844338178637142
-0.8863198955738019
-0.8882036395073808
-0.8900850482398179
-0.891964121074569
-0.893840875160414
-0.8957152896827122
-0.8975873640065138
-0.8994571313553401
-0.9013245283369611
-0.9031896012202592
-0.9050523396872894
-0.9069127675817725
-0.9087708486973585
-0.9106265833619428
-0.9124800005945138
-0.9143310933647412
-0.9161798414415558
-0.9180262750225998
-0.9198703619051112
-0.9217121168504008
-0.9235515425713182
-0.9253886432544051
-0.9272233891336341
-0.9290558378799768
-0.9308859421891303
-0.9327137081106153
-0.9345391504658842
-0.9363622703563539
-0.9381830576498755
-0.9400015108862373
-0.9418176433127722
-0.9436314314463123
-0.9454429116111728
-0.9472520430386022
-0.9490588675265957
-0.9508633563683051
-0.9526655231298852
-0.9544653547623123
-0.9562628738234759
-0.9580580683293456
-0.9598509334232377
-0.9616414571337235
-0.9634296751094495
-0.9652155675835341
-0.9669991263638441
-0.9687803746039598
-0.9705593118898542
-0.972335895380613
-0.9741101760532231
-0.9758821368261957
-0.977651768266241
-0.9794190919531216
-0.9811840903222669
-0.9829467643565901
-0.98470711236967
-0.9864651813974314
-0.9882209013706446
-0.9899743072346945
-0.9917254004229383
-0.9934741782840083
-0.99522064732512
-0.9969648118102625
-0.9987066334660762
-1.0004461580801203
-1.0021833669582445
-1.0039182715626773
-1.005650851155293
-1.007381114863524
-1.009109079233706
-1.0108347370998445
-1.012558084908204
-1.0142791116639296
-1.015997852232354
-1.0177142714842613
-1.0194283997423612
-1.021140197264193
-1.0228497205355327
-1.024556904630005
-1.0262618045563305
-1.0279643785428918
-1.0296646859803908
-1.031362658629456
-1.0330583581089796
-1.0347517472215357
-1.0364428321928145
-1.0381316165226593
-1.0398180946596232
-1.0415022900968227
-1.0431841869119438
-1.044863781808802
-1.0465410858428805
-1.0482160766350948
-1.0498888036057346
-1.0515592138386642
-1.053227339860467
-1.0548931712705074
-1.05655671157987
-1.0582179457934036
-1.059876932996905
-1.061533593086363
-1.063187965865665
-1.0648400500393935
-1.066489866592874
-1.0681373808142567
-1.0697826245563962
-1.0714255719698798
-1.0730662409825928
-1.0747046058679388
-1.0763407082715146
-1.0779745081162815
-1.0796060473425333
-1.0812352957244482
-1.0828622624911552
-1.084486955246925
-1.0861093789341416
-1.0877295152037034
-1.0893473576152837
-1.0909629354570523
-1.092576259339787
-1.0941872836733817
-1.0957960331180958
-1.097402505456548
-1.0990067281138525
-1.1006086651511502
-1.102208330081578
-1.1038057147958795
-1.1054008443778316
-1.1069936982675066
-1.1085842841654445
-1.1101726103311302
-1.1117586492480247
-1.1133424441675825
-1.1149239657968089
-1.116503214718317
-1.1180802040566258
-1.1196549277099417
-1.1212273839338538
-1.1227975880386492
-1.1243655236791787
-1.125931196166236
-1.1274946194162694
-1.1290557822885638
-1.1306146810590898
-1.132171294980309
-1.1337256949703853
-1.135277820364183
-1.136827706866617
-1.1383752983337219
-1.1399206519699703
-1.1414637621811086
-1.1430046110137628
-1.1445432244594538
-1.1460795698404604
-1.147613669524859
-1.1491455023649184
-1.1506750991063583
-1.1522024514564568
-1.1537275429201808
-1.1552503947918984
-1.156770992338904
-1.1582893470891238
-1.1598054557262563
-1.1613193155761121
-1.1628309275404378
-1.1643402975016268
-1.1658474265326124
-1.1673523088611755
-1.1688549479894998
-1.1703553416084294
-1.1718534884958978
-1.1733494086704985
-1.1748430866803974
-1.1763345274784835
-1.1778237331153365
-1.1793106817279388
-1.1807953910143514
-1.18227788490556
-1.1837581203398455
-1.1852361384978731
-1.1867118981696556
-1.1881854348295129
-1.1896567414088686
-1.1911258011726458
-1.1925926297032483
-1.1940572368779732
-1.195519600005358
-1.196979722693277
-1.1984376381679271
-1.1998933145822486
-1.2013467440606502
-1.2027979545976175
-1.204246928935417
-1.2056936758799468
-1.2071382005250646
-1.208580485947171
-1.210020555559599
-1.2114583708383897
-1.212893981574244
-1.2143273610827348
-1.215758517657109
-1.217187445797483
-1.2186141438735865
-1.2200386234196785
-1.2214608762115018
-1.222880901668954
-1.2242986881782807
-1.2257142793133253
-1.2271276398218889
-1.2285387712340439
-1.229947671806627
-1.2313543507912683
-1.2327588164698497
-1.2341610536470964
-1.2355610841786713
-1.2369588685064057
-1.2383544683611574
-1.2397478174314716
-1.241138948716376
-1.2425278593029982
-1.2439145572160264
