1025
1.2287907186978495
1.2286030432842456
1.2284079383879372
1.2282053956566592
1.227995406440353
1.2277779588368019
1.2275530473903524
1.2273206597106254
1.2270807883297825
1.2268334259638376
1.2265785595745207
1.2263161838376175
1.2260462886967083
1.225768865866864
1.2254839071248724
1.2251914036791778
1.2248913463114401
1.2245837274125944
1.2242685387427186
1.2239457722930085
1.2236154204855003
1.223277473540431
1.2229319249873525
1.2225787662603114
1.2222179908637005
1.221849589112102
1.2214735546208968
1.2210898790961338
1.2206985561480177
1.2202995768995828
1.2198929342673897
1.2194786224962657
1.21905663170147
1.2186269583194547
1.2181895924237944
1.2177445285409625
1.2172917603243214
1.2168312784576607
1.2163630779183663
1.2158871529889743
1.2154034948420136
1.2149120991633824
1.2144129592563186
1.2139060670580715
1.2133914174883678
1.2128690049244455
1.2123388229708247
1.211800865198874
1.2112551262207498
1.2107015992061738
1.21014028028953
1.2095711610088145
1.2089942377376175
1.2084095065121445
1.2078169571181776
1.2072165887979056
1.2066083934378262
1.2059923692795413
1.2053685081288248
1.204736805379003
1.2040972566123456
1.20344985645647
1.2027946017188529
1.202131485917951
1.2014605055004888
1.2007816561892333
1.2000949317944531
1.1994003301258782
1.198697845757295
1.197987473560992
1.197269210864542
1.1965430540418551
1.1958089981144386
1.195067038558146
1.194317174548626
1.1935594000474337
1.1927937112568094
1.19202010503645
1.1912385797725775
1.1904491288345356
1.189651752006943
1.1888464439003825
1.1880332034173813
1.1872120253308924
1.1863829079312282
1.1855458491393347
1.184700845019808
1.1838478924531093
1.182986990556251
1.1821181366532671
1.181241326016577
1.180356560261486
1.1794638325880173
1.1785631442949482
1.1776544922332972
1.1767378752496007
1.1758132893168995
1.1748807334551044
1.1739402071853267
1.1729917080717631
1.172035234265059
1.1710707864859502
1.1700983599772157
1.1691179547226405
1.1681295707451653
1.1671332057967776
1.1661288588112089
1.165116530138694
1.164096216940158
1.1630679206070471
1.1620316374876305
1.1609873701232933
1.1599351174598622
1.158874877140026
1.1578066517521604
1.1567304374364518
1.1556462376558447
1.1545540511992298
1.1534538764613076
1.152345715131444
1.1512295669379442
1.1501054336122398
1.1489733134523668
1.1478332075238857
1.1466851166609513
1.1455290418869137
1.14436498443794
1.1431929444718267
1.1420129212117034
1.14082491735395
1.139628935556997
1.1384249732624558
1.1372130354323629
1.1359931220503214
1.1347652332298745
1.1335293732543934
1.1322855412809207
1.131033739380931
1.129773970200225
1.1285062373816726
1.1272305392029207
1.1259468806909363
1.1246552616118188
1.1233556861510876
1.1220481558045488
1.1207326736719654
1.1194092411188805
1.1180778619334868
1.1167385390896665
1.1153912738679275
1.114036070211866
1.1126729310307935
1.111301859914717
1.109922857413236
1.1085359303737492
1.1071410811567597
1.1057383128156928
1.1043276276155434
1.1029090308742089
1.1014825255662761
1.1000481143942282
1.0986058049033127
1.0971555973591551
1.0956974963131714
1.0942315076297218
1.0927576353547632
1.091275881606354
1.0897862534961766
1.0882887538131725
1.086783388175647
1.0852701617800715
1.0837490772943938
1.0822201410672652
1.0806833568462446
1.0791387320023118
1.0775862702419836
1.076025977202151
1.0744578581281274
1.0728819184093894
1.0712981616633959
1.0697065962691197
1.068107228317103
1.0665000603076678
1.0648851005770223
1.0632623563619472
1.0616318290374354
1.0599935287053983
1.0583474611005357
1.0566936306318797
1.0550320468189813
1.0533627137693078
1.051685637889705
1.050000827440983
1.0483082884623744
1.0466080276272156
1.0449000524455807
1.0431843689918154
1.0414609851534973
1.0397299089618748
1.0379911452960924
1.0362447024193981
1.0344905912878894
1.0327288145812379
1.0309593830415986
1.0291823032799088
1.0273975825413817
1.025605230745678
1.0238052543872715
1.0219976612952557
1.0201824605862655
1.0183596602195295
1.016529268213449
1.014691294004429
1.012845745611845
1.0109926337463815
1.0091319629216577
1.0072637443105488
1.0053879859932127
1.0035046991475518
1.001613891786166
0.9997155718730528
0.9978097497208791
0.9958964335208378
0.9939756348165403
0.9920473629116214
0.9901116251123276
0.9881684341941038
0.9862177968765489
0.9842597254417252
0.9822942290456522
0.980321317013702
0.9783410020618754
0.9763532917080211
0.9743581967646171
0.9723557291115202
0.9703458975975061
0.9683287130575202
0.9663041868842188
0.964272330441688
0.9622331526780407
0.9601866656760195
0.9581328805793632
0.956071809142389
0.9540034598797977
0.9519278480254681
0.9498449824611755
0.9477548747666373
0.9456575355358781
0.9435529814838394
0.9414412183260308
0.9393222591824248
0.9371961181800974
0.9350628046958767
0.932922334178563
0.9307747157308414
0.9286199631621102
0.9264580877875549
0.9242891033437735
0.9221130197026879
0.9199298533504824
0.9177396136806345
0.9155423146230444
0.9133379690961045
0.9111265911146353
0.9089081912822344
0.9066827838834447
0.9044503839873037
0.9022110015795834
0.8999646514034687
0.8977113475339824
0.8954511021177561
0.8931839303231098
0.8909098448788807
0.8886288604692807
0.8863409905445472
0.8840462493179667
0.8817446465905859
0.8794362038983967
0.8771209300726502
0.8747988422474002
0.8724699518928684
0.8701342751041277
0.8677918273242801
0.8654426220177928
0.863086673607458
0.8607239975670387
0.8583546085656963
0.8559785219412592
0.8535957501572118
0.8512063131989592
0.8488102218012086
0.8464074929413811
0.84399814142986
0.8415821840514573
0.8391596335402299
0.8367305104446258
0.8342948243046188
0.8318525934066537
0.8294038349075535
0.8269485644509826
0.8244867979123502
0.8220185488754
0.819543836012327
0.8170626752974965
0.8145750823308985
0.8120810736295597
0.809580665713461
0.8070738753474077
0.8045607186819131
0.8020412120993448
0.7995153730634221
0.7969832201431203
0.7944447666055982
0.7919000313874361
0.7893490314544556
0.786791783455506
0.7842283063266585
0.7816586153002976
0.779082727996963
0.7765006632558351
0.773912437919809
0.7713180686831284
0.768717574560964
0.7661109734936742
0.7634982827163298
0.7608795178963468
0.7582546995115352
0.7556238475637036
0.7529869754849943
0.7503441054481232
0.7476952534410504
0.7450404381716211
0.7423796805176045
0.7397129954776226
0.7370404022697589
0.7343619211702112
0.7316775698051702
0.7289873683400016
0.7262913328225453
0.7235894851945183
0.7208818439566509
0.7181684263850392
0.7154492529117575
0.7127243419281013
0.7099937139209557
0.7072573880885498
0.7045153833565858
0.7017677199799086
0.6990144159876749
0.6962554916711073
0.6934909685594235
0.6907208648512309
0.6879452000042903
0.6851639935440342
0.6823772691771701
0.6795850422588404
0.6767873357553611
0.6739841688357517
0.671175562801932
0.6683615361345199
0.6655421106795871
0.6627173076761889
0.6598871442634467
0.6570516449945896
0.6542108286697949
0.6513647172397165
0.6485133298716927
0.6456566880719299
0.6427948130663439
0.6399277262593418
0.6370554481664092
0.6341780000683959
0.6312954019521908
0.6284076782618626
0.6255148466864752
0.62261693106665
0.6197139521404051
0.6168059312876151
0.6138928911519708
0.6109748513541786
0.6080518349760982
0.6051238642585189
0.6021909599070815
0.5992531450035788
0.5963104412358716
0.5933628681592599
0.5904104517428381
0.5874532137778647
0.5844911732097923
0.581524354576404
0.5785527806498435
0.5755764722205089
0.5725954554747124
0.5696097461645409
0.5666193729842574
0.5636243558480087
0.5606247189259362
0.5576204825475736
0.5546116731964847
0.5515983110580781
0.5485804186188348
0.5455580212379049
0.5425311406057854
0.5394998016681448
0.5364640227860439
0.5334238328543712
0.5303792506262521
0.5273303036106559
0.5242770118862653
0.5212193999878125
0.5181574924210237
0.5150913101417205
0.5120208808853314
0.5089462256114116
0.5058673668304101
0.5027843310350777
0.4996971407558376
0.4966058204462308
0.49351039306417926
0.4904108841152701
0.4873073161179667
0.48419971563969694
0.4810881025650743
0.4779725058521598
0.4748529454035175
0.47172944970321323
0.4686020398087787
0.4654707414940752
0.46233558113182543
0.45919657898725086
0.4560537645663061
0.45290715707727414
0.4497567840816708
0.446602671884808
0.4434448427684509
0.44028332219074595
0.4371181360647361
0.43394930770774587
0.430776863664325
0.4276008277447414
0.424421224720281
0.4212380814737193
0.41805142089175185
0.4148612703897641
0.4116676530739138
0.4084705968548373
0.40527012426849235
0.40206626315694505
0.3988590364307248
0.3956484721324381
0.3924345935992695
0.389217427653913
0.38599699879891614
0.3827733344085565
0.3795464591132069
0.376316398356941
0.3730831779909134
0.3698468262489658
0.36660736560018437
0.36336482246767443
0.360119224850493
0.3568705970558255
0.353618965343099
0.35036435642908614
0.3471067959953405
0.3438463103695479
0.34058292452613964
0.3373166664338025
0.33404756104594385
0.3307756361994697
0.3275009160203084
0.32422342967451184
0.3209432006318899
0.31766025741209525
0.314374627578971
0.3110863336575308
0.30779540545252076
0.30450186868320717
0.30120574865854083
0.29790707474442724
0.2946058723789767
0.29130216818335036
0.2879959877259416
0.28468735989533
0.281376311991512
0.2780628687612812
0.27474705593052595
0.27142890456191837
0.26810843964065817
0.2647856870232025
0.2614606764393039
0.258133431447263
0.2548039815476265
0.2514723535889031
0.2481385743612203
0.24480267253437824
0.24146467246584136
0.2381246034916442
0.2347824930425789
0.23143836757851383
0.22809225379711853
0.22474417957928983
0.22139417528712696
0.21804226474657598
0.214688474728413
0.21133283608785877
0.20797537539872651
0.20461611880000338
0.20125509369926736
0.19789232972525747
0.19452785268627434
0.19116169166413866
0.18779387295717728
0.1844244264999625
0.1810533761182565
0.17768075230938782
0.17430658258930432
0.17093089610734244
0.16755371748435138
0.16417507699034345
0.16079500107286473
0.15741351866308614
0.15403065711494504
0.150646446051681
0.14726090952622703
0.14387407904632593
0.14048598034568732
0.13709664371465083
0.1337060966033049
0.13031436447647635
0.1269214786364481
0.1235274677907766
0.12013235522783879
0.11673617293728013
0.11333894818833981
0.10994070992493582
0.10654148343610054
0.10314130107467243
0.09974018799086815
0.0963381739755269
0.09293528638986794
0.08953155371202333
0.0861270048672007
0.08272166730380116
0.07931556909071653
0.07590873991968207
0.07250120732431128
0.06909299902566288
0.06568414411205441
0.06227467154360713
0.05886460773048843
0.055453982537415965
0.05204282562763606
0.04863116222263684
0.045219024500307015
0.04180643748554159
0.03839343140323349
0.03498003327818378
0.03156627536455971
0.028152181794738933
0.024737783305508167
0.02132310817278231
0.01790818333129362
0.014493038686951117
0.011077703591862385
0.007662206522710374
0.004246572919923942
0.0008308354041908643
-0.0025849807086999123
-0.006000844542139599
-0.009416729597505417
-0.012832604819817805
-0.016248442836602095
-0.01966421588454374
-0.02307989430018174
-0.026495449851639232
-0.029910854211873807
-0.03332607695207237
-0.03674109195844398
-0.04015586979888888
-0.043570382536318536
-0.0469846001930723
-0.05039849323523337
-0.053812036027258495
-0.05722519906320172
-0.060637950745564904
-0.06405026681915452
-0.06746211458381664
-0.07087346912268462
-0.07428429955336113
-0.07769457753412834
-0.08110427364954693
-0.08451336312659179
-0.0879218128036188
-0.09132959543215025
-0.09473668347620177
-0.09814304800735894
-0.10154865922556086
-0.10495348978237896
-0.10835751084455622
-0.11176069367330371
-0.11516300899360704
-0.11856442976075696
-0.12196492533754665
-0.12536446772333554
-0.12876303065618783
-0.13216058376812986
-0.13555709743728084
-0.13895254443810992
-0.14234689692775418
-0.145740126197553
-0.14913219928892857
-0.15252309433616204
-0.15591277820909336
-0.15930122447272763
-0.16268840490440478
-0.16607428974498245
-0.1694588507619899
-0.17284206054153034
-0.17622388991227783
-0.17960430961868576
-0.18298329299801647
-0.18636080853116738
-0.1897368314860982
-0.1931113329704195
-0.19648428166300547
-0.1998556507208072
-0.20322541316235188
-0.20659353891323057
-0.20995999992543898
-0.21332476870542214
-0.21668781682059182
-0.22004911505463418
-0.22340863616561313
-0.22676635096883382
-0.23012223137499588
-0.2334762494164891
-0.23682837693802966
-0.2401785877821708
-0.24352684861611257
-0.24687313487915832
-0.2502174195857376
-0.2535596721200683
-0.2568998645310379
-0.26023796944828975
-0.2635739584195842
-0.2669078034213004
-0.2702394778856051
-0.27356895034361733
-0.2768961971484294
-0.28022118696671133
-0.28354389471518876
-0.28686428933693103
-0.2901823443325009
-0.2934980313449878
-0.2968113247248542
-0.300122194147477
-0.3034306113494987
-0.30673655070541883
-0.31003998470323313
-0.3133408827585759
-0.3166392184087827
-0.31993496576296937
-0.32322809365322386
-0.32651857653605026
-0.32980638815006347
-0.3330914997677317
-0.33637388237198507
-0.33965350838749514
-0.3429303525607545
-0.3462043870641988
-0.34947558239434734
-0.3527439112168662
-0.3560093499651563
-0.35927186684459783
-0.36253143726511494
-0.3657880306761435
-0.3690416221233016
-0.3722921849443375
-0.3755396909984646
-0.37878411314698107
-0.3820254248324987
-0.385263597745735
-0.38849860338662856
-0.39173041765579847
-0.39495901304142966
-0.3981843601904641
-0.40140643499926265
-0.40462520874498376
-0.4078406554403528
-0.41105274716916357
-0.41426145910005885
-0.4174667616994275
-0.4206686280946434
-0.4238670355960451
-0.42706195266376973
-0.4302533568603696
-0.43344121643102645
-0.43662550923440335
-0.4398062069166804
-0.44298328205926196
-0.44615671019161535
-0.4493264638214844
-0.45249251672628565
-0.45565484285548574
-0.45881341366107287
-0.46196820516490317
-0.4651191905894763
-0.4682663437862834
-0.4714096389593296
-0.4745490470369624
-0.47768454582965847
-0.48081610575307154
-0.4839437041873962
-0.4870673114914372
-0.4901869065972561
-0.49330245841450804
-0.4964139430140555
-0.4995213360318094
-0.5026246088377438
-0.5057237400189267
-0.5088186980956836
-0.5119094621015697
-0.5149960038078212
-0.5180782981723334
-0.5211563211148716
-0.5242300457363708
-0.5272994460109529
-0.5303644982351187
-0.5334251749904936
-0.5364814533511756
-0.539533305891237
-0.5425807090684612
-0.5456236365595629
-0.5486620630508183
-0.5516959646541555
-0.5547253158520947
-0.5577500912929026
-0.5607702648995979
-0.5637858139866477
-0.5667967132139141
-0.5698029358142604
-0.5728044604042614
-0.5758012585399332
-0.5787933092257582
-0.5817805845589495
-0.5847630612874845
-0.5877407154972075
-0.5907135219448592
-0.5936814569172533
-0.5966444955087777
-0.5996026127236246
-0.602555787194824
-0.60550399113023
-0.608447203075557
-0.6113853954556858
-0.6143185474099111
-0.6172466350111635
-0.6201696333597521
-0.6230875168538342
-0.626000264497321
-0.6289078513218133
-0.6318102532934909
-0.6347074481516382
-0.6375994089021194
-0.6404861160126323
-0.643367542743111
-0.6462436678613326
-0.6491144665689391
-0.6519799170373143
-0.6548399947968203
-0.6576946762620355
-0.6605439396110717
-0.6633877609307787
-0.6662261153973174
-0.669058983482135
-0.6718863401352155
-0.6747081620284265
-0.6775244291852559
-0.6803351144300429
-0.6831401988485725
-0.6859396571856294
-0.6887334695596119
-0.6915216099282534
-0.6943040601766293
-0.6970807924740903
-0.6998517894402522
-0.7026170266641107
-0.7053764808904629
-0.7081301320592077
-0.7108779563961009
-0.71361993339763
-0.7163560385015041
-0.7190862521659546
-0.7218105522902347
-0.7245289151201582
-0.7272413217129209
-0.7299477486920273
-0.7326481737452685
-0.7353425772789371
-0.738030937102538
-0.7407132306413724
-0.7433894376327342
-0.7460595368210043
-0.7487235063582242
-0.7513813250129565
-0.7540329721148812
-0.7566784269745127
-0.759317668068796
-0.761950673404814
-0.7645774243174913
-0.767197899007113
-0.7698120752590336
-0.7724199362616089
-0.7750214585581751
-0.7776166222766125
-0.780205405288998
-0.7827877896617004
-0.7853637555945628
-0.7879332800157545
-0.790496343751072
-0.7930529278479393
-0.7956030102928974
-0.7981465736365697
-0.8006835963332796
-0.8032140590542041
-0.8057379415613724
-0.8082552259784186
-0.8107658887019799
-0.8132699136234783
-0.8157672812479668
-0.8182579706627159
-0.8207419622543003
-0.8232192380653404
-0.8256897784939771
-0.8281535638315641
-0.8306105764822115
-0.8330607949993976
-0.8355042039093749
-0.8379407804630414
-0.8403705084946261
-0.8427933683371827
-0.8452093420409467
-0.8476184097923044
-0.8500205541720132
-0.8524157566255882
-0.8548040001390699
-0.8571852635278668
-0.8595595304547147
-0.8619267830091993
-0.8642870020139901
-0.8666401690049952
-0.8689862696356382
-0.8713252825989093
-0.8736571906814429
-0.8759819776050828
-0.878299624269338
-0.8806101135649866
-0.882913429241703
-0.8852095538220144
-0.8874984660708332
-0.8897801542485079
-0.8920545985813477
-0.8943217821148595
-0.8965816879559181
-0.8988342990005839
-0.9010795982360877
-0.9033175710850045
-0.9055481982547777
-0.907771464131304
-0.9099873517541527
-0.9121958456014573
-0.9143969298170566
-0.9165905861628774
-0.9187767990551745
-0.9209555529447169
-0.9231268319346805
-0.925290618589265
-0.9274468993519686
-0.9295956556198681
-0.9317368752180777
-0.9338705384414004
-0.9359966339803512
-0.9381151423789275
-0.9402260517782839
-0.94232934284547
-0.9444250047069086
-0.9465130180873745
-0.9485933705669154
-0.950666046841216
-0.952731031559383
-0.9547883102318654
-0.9568378670481713
-0.9588796881504336
-0.9609137595773787
-0.9629400651789347
-0.9649585925989607
-0.9669693248279687
-0.9689722499156919
-0.9709673533235206
-0.9729546200445094
-0.9749340363305482
-0.9769055896513891
-0.9788692620307041
-0.9808250450751006
-0.9827729222857483
-0.9847128807777752
-0.9866449054907921
-0.9885689848966867
-0.9904851040069521
-0.9923932510279255
-0.994293411925038
-0.9961855754302683
-0.9980697251236199
-0.9999458520068379
-1.001813939081119
-1.003673976556853
-1.005525951013347
-1.0073698493426602
-1.0092056588397735
-1.0110333684841466
-1.0128529659563692
-1.0146644373534472
-1.016467769768504
-1.0182629545775508
-1.0200499781949028
-1.02182882834027
-1.0235994917736937
-1.0253619593544923
-1.0271162177828357
-1.0288622571625896
-1.030600064296164
-1.0323296281201888
-1.0340509381000746
-1.0357639823198581
-1.0374687511034781
-1.0391652306551946
-1.0408534116080372
-1.0425332843535853
-1.0442048363270502
-1.0458680572392993
-1.047522937383121
-1.0491694645960468
-1.0508076297842759
-1.0524374221936275
-1.0540588312449422
-1.055671847029213
-1.0572764597360211
-1.0588726611422945
-1.0604604367926243
-1.0620397800852972
-1.0636106800495688
-1.0651731301366072
-1.066727117734421
-1.0682726327919487
-1.06980966810444
-1.0713382122786619
-1.0728582585299402
-1.0743697960029723
-1.0758728176332708
-1.0773673122537153
-1.0788532713065986
-1.080330687809949
-1.081799551086665
-1.0832598543901855
-1.0847115882893206
-1.0861547441803254
-1.0875893141694382
-1.089015290478302
-1.0904326643444413
-1.0918414278443331
-1.0932415729290639
-1.0946330925191041
-1.0960159780784786
-1.0973902231337176
-1.0987558180101147
-1.1001127563375093
-1.1014610306895432
-1.1028006340378549
-1.1041315599657568
-1.1054538004729015
-1.1067673473050843
-1.1080721959627426
-1.1093683373049743
-1.1106557668213513
-1.111934476531891
-1.113204459258517
-1.1144657106045421
-1.1157182221838373
-1.1169619881246253
-1.118197002884168
-1.1194232609107158
-1.1206407534337246
-1.1218494771402774
-1.123049426517548
-1.124240593698408
-1.1254229750106883
-1.1265965632648174
-1.1277613538114224
-1.1289173419598697
-1.1300645201610777
-1.1312028870884556
-1.1323324335041012
-1.133453156806515
-1.1345650511815468
-1.1356681120667096
-1.1367623350138985
-1.137847714759243
-1.13892424743893
-1.1399919283122224
-1.1410507536162116
-1.1421007170893551
-1.1431418163564246
-1.144174047263484
-1.1451974058218297
-1.146211888058634
-1.1472174889715654
-1.1482142065142467
-1.1492020349931917
-1.150180974124787
-1.1511510158340343
-1.1521121617582895
-1.1530644061057798
-1.1540077460649583
-1.1549421782459133
