1025
0.9194986617971427
0.9205714717145516
0.9216419684858208
0.9227101403100351
0.9237759725379768
0.9248394591637267
0.925900580889347
0.9269593336035981
0.928015701512926
0.9290696705064048
0.9301212355973211
0.9311703793464767
0.9322170927475985
0.9332613640596411
0.9343031802003823
0.9353425303636183
0.936379403706128
0.9374137891286607
0.9384456739505168
0.939475046052513
0.940501893581729
0.9415262080565726
0.9425479754516773
0.9435671848987371
0.944583823413603
0.945597882691992
0.946609349360677
0.9476182133041828
0.9486244608482188
0.949628083628619
0.9506290706088789
0.9516274055896485
0.9526230846123437
0.9536160893453508
0.9546064124879752
0.9555940419338503
0.9565789647753516
0.9575611747512863
0.9585406564010803
0.9595173987192093
0.9604913941553568
0.9614626274733686
0.9624310879299821
0.9633967681041001
0.9643596558225059
0.9653197370654192
0.9662770025653878
0.9672314432182103
0.9681830453151604
0.9691318009367357
0.9700776949399622
0.971020723244303
0.9719608693489783
0.9728981215266524
0.9738324762224277
0.9747639149909099
0.9756924327467053
0.9766180123287775
0.9775406475524029
0.9784603286807033
0.9793770436632561
0.9802907823785689
0.9812015323099608
0.9821092854508168
0.98301402957847
0.9839157532562297
0.9848144500692518
0.9857101051969871
0.9866027106021125
0.987492257418806
0.9883787325671172
0.9892621256667781
0.9901424271130523
0.9910196290617943
0.9918937148197324
0.9927646807068972
0.993632513655247
0.9944972053518649
0.9953587404441443
0.996217117072756
0.9970723174078243
0.9979243370225177
0.9987731608224479
0.9996187844307793
1.000461194637663
1.001300381132918
1.002136335354745
1.0029690478644988
1.0037985069568784
1.0046247016235048
1.005447627866986
1.0062672677904698
1.0070836203567826
1.007896669599876
1.0087064074617773
1.009512823646281
1.0103159116769904
1.0111156604841738
1.0119120593332807
1.0127050985432582
1.0134947706982593
1.0142810611879118
1.0150639670192585
1.0158434773558076
1.0166195803750282
1.0173922678864453
1.0181615319204764
1.018927360486724
1.0196897468929318
1.0204486794089096
1.0212041542967383
1.0219561558357744
1.0227046767665358
1.0234497113257055
1.0241912454152347
1.0249292755460764
1.0256637876819794
1.0263947735580674
1.027122228933808
1.0278461409671507
1.0285665024378092
1.029283301417105
1.0299965326468266
1.0307061861411668
1.031412254992716
1.032114727010197
1.0328135940764582
1.0335088490294806
1.0342004860993688
1.0348884939042633
1.0355728597572402
1.0362535842025182
1.036930650989294
1.0376040538001006
1.0382737881738844
1.038939839148234
1.0396022039780592
1.0402608729679848
1.040915838271802
1.0415670869646234
1.0422146176580844
1.0428584170077717
1.0434984827385252
1.0441348019309653
1.0447673675663487
1.045396172570043
1.0460212090539691
1.0466424689652154
1.0472599429963476
1.0478736260540034
1.0484835078808383
1.0490895817394372
1.0496918393211345
1.050290277446914
1.050884881675501
1.051475645687579
1.0520625642051062
1.0526456311745764
1.053224836040002
1.0538001712186007
1.0543716344204332
1.0549392093385093
1.055502895454589
1.0560626856769544
1.05661857024634
1.0571705397859026
1.0577185930494846
1.0582627187075855
1.0588029115334763
1.059339161992802
1.0598714650011019
1.060399813841256
1.0609242012579514
1.061444622378016
1.0619610657737086
1.062473527310249
1.0629819988065203
1.063486475180808
1.0639869495088594
1.0644834177058524
1.0649758674470973
1.0654642944427812
1.0659486951187622
1.0664290600997024
1.0669053798994697
1.0673776579381897
1.067845878368099
1.0683100369161496
1.0687701326734609
1.0692261513391739
1.0696780911987684
1.0701259471951627
1.0705697101596106
1.0710093761321753
1.0714449381072397
1.0718763904009918
1.0723037276831955
1.0727269430558561
1.0731460287597911
1.073560984880558
1.0739718029353984
1.0743784709052118
1.074780992302871
1.0751793554582354
1.0755735576688645
1.0759635939350556
1.0763494556809086
1.0767311393529215
1.0771086396482838
1.0774819516877414
1.077851068602933
1.0782159869201928
1.078576699529894
1.0789332007829944
1.0792854845888407
1.0796335502953494
1.0799773915322541
1.0803170027669715
1.0806523752080144
1.0809835069596285
1.0813103939136117
1.0816330317954108
1.0819514152651812
1.0822655361410798
1.0825753921006713
1.0828809799658303
1.0831822914797844
1.0834793272224432
1.0837720772691086
1.0840605402384982
1.0843447119285565
1.0846245841408604
1.084900155909954
1.0851714235769105
1.0854383793818922
1.0857010219546261
1.0859593483194159
1.0862133507371285
1.086463025116137
1.0867083711376337
1.0869493819079779
1.0871860549387473
1.087418382881104
1.087646368203295
1.0878699993315695
1.0880892771451907
1.088304197593964
1.0885147587156265
1.088720948398077
1.0889227733837044
1.0891202269010583
1.0893133023135741
1.0895020020967565
1.0896863135268626
1.0898662421893601
1.0900417786511727
1.0902129242871723
1.0903796710771563
1.090542022961684
1.0906999677730704
1.0908535096839347
1.0910026432155406
1.091147364455615
1.0912876689136266
1.0914235582277387
1.0915550265528395
1.0916820681063495
1.0918046873479341
1.0919228768931752
1.0920366342334604
1.0921459589996816
1.0922508462854184
1.0923512935637998
1.0924472976387902
1.0925388577244322
1.0926259690125937
1.0927086379886672
1.092786849498636
1.092860608554258
1.0929299107090378
1.092994756666523
1.0930551422700139
1.0931110640011428
1.0931625230530981
1.0932095137699398
1.0932520373298678
1.093290090343007
1.0933236700230142
1.0933527787879467
1.0933774072033986
1.0933975607291198
1.0934132359305822
1.0934244289556112
1.093431139527663
1.093433370177741
1.0934311087709525
1.0934243654139828
1.0934131356872085
1.093397414229699
1.0933772008611469
1.0933524947003301
1.093323298378311
1.0932896072113405
1.093251419157538
1.0932087352152404
1.093161554169251
1.0931098752435506
1.0930536959052408
1.0929930179531133
1.0929278395395694
1.092858159314074
1.0927839728429916
1.0927052874143701
1.092622097833682
1.0925344030224309
1.0924422051616873
1.0923454995651214
1.092244289598966
1.0921385752560202
1.0920283524809538
1.0919136225455062
1.0917943885996448
1.0916706451363505
1.0915423938723416
1.0914096345944246
1.0912723730192746
1.0911306031788814
1.0909843216331079
1.0908335363679647
1.09067824246592
1.0905184429629957
1.0903541378188346
1.0901853218874429
1.0900120037737482
1.089834181950418
1.0896518513035924
1.089465018850161
1.0892736797174702
1.0890778395446368
1.0888774947439694
1.0886726470653207
1.088463299547192
1.0882494513060659
1.0880311047021236
1.0878082572405088
1.0875809113472943
1.087349069804522
1.0871127293703593
1.086871896269104
1.0866265712258776
1.086376749608526
1.086122437294091
1.0858636355538533
1.0856003471826439
1.0853325650177392
1.0850603011065563
1.084783551142949
1.084502317582288
1.0842166021187911
1.0839264070891048
1.0836317336066745
1.0833325816420043
1.0830289578072123
1.082720858155143
1.0824082889961086
1.082091246080885
1.0817697379485136
1.0814437643391683
1.0811133267832964
1.0807784264805325
1.0804390667190482
1.0800952494119553
1.0797469786614555
1.0793942516194837
1.0790370775106732
1.0786754533237997
1.078309383393578
1.0779388704307833
1.0775639140732876
1.0771845214794449
1.0768006920489113
1.0764124296179316
1.0760197361738932
1.0756226140958156
1.0752210666123905
1.0748151012903016
1.0744047129827312
1.07398990521578
1.0735706879287914
1.073147059025387
1.0727190224892906
1.0722865816716243
1.0718497355072794
1.0714084975136013
1.0709628615406992
1.070512835809125
1.0700584192552625
1.0695996212254726
1.0691364384812017
1.06866887796303
1.0681969452460092
1.067720640648823
1.0672399674311257
1.0667549280343172
1.0662655347403982
1.0657717804843725
1.065273677543215
1.0647712219039582
1.064264424273059
1.063753285848606
1.0632378088228067
1.0627180031755477
1.062193863681613
1.061665400446984
1.0611326198061737
1.0605955217234315
1.0600541100025433
1.0595083925836932
1.0589583706125079
1.0584040495525702
1.057845434499648
1.057282527779124
1.0567153384480406
1.0561438639279805
1.055568118958007
1.0549880973711783
1.054403811070059
1.0538152620890293
1.053222453230641
1.0526253952650582
1.052024085568354
1.0514185371520666
1.0508087508058706
1.0501947283273816
1.0495764805212615
1.048954009618672
1.0483273204337455
1.047696420464427
1.0470613111183074
1.0464220004104463
1.0457784948504991
1.0451307968311498
1.04447891429305
1.0438228487090149
1.0431626114226475
1.0424982023263687
1.0418296317063014
1.0411569010067687
1.0404800192988766
1.0397989906677438
1.0391138209171955
1.038424516857174
1.0377310846577978
1.0370335262301718
1.036331852092677
1.0356260667055723
1.0349161768528288
1.0342021838394564
1.0334840999718877
1.0327619299091317
1.0320356767768044
1.0313053496785436
1.030570955928006
1.0298324982787803
1.0290899846283754
1.0283434208675168
1.0275928170003352
1.0268381750650601
1.0260795042945332
1.0253168081684247
1.0245500977904272
1.0237793746556998
1.023004651900662
1.0222259286046773
1.0214432142382128
1.0206565203540525
1.0198658488014025
1.0190712079089141
1.0182726065213419
1.017470048056124
1.01666354114497
1.0158530911953747
1.01503871034262
1.0142204011870288
1.0133981685990177
1.0125720257151118
1.0117419805085204
1.0109080340510241
1.0100701955987288
1.0092284761105066
1.0083828772182404
1.0075334140212133
1.0066800881438616
1.005822908663536
1.0049618833322609
1.004097017703841
1.0032283238343622
1.002355806885566
1.00147947344557
1.000599331426347
0.9997153921914779
0.998827662005495
0.9979361434723967
0.997040850157848
0.996141792535363
0.9952389723201567
0.9943323976132027
0.9934220813263823
0.9925080303424494
0.9915902497206377
0.9906687505875877
0.9897435391004338
0.9888146245687764
0.9878820146298247
0.9869457205549782
0.9860057488087232
0.9850621063670694
0.9841148004171493
0.9831638437877959
0.9822092426013618
0.9812510074440123
0.9802891430188284
0.9793236613457021
0.9783545666555611
0.9773818764134542
0.9764055900595499
0.9754257229815425
0.9744422797276049
0.9734552674496489
0.9724647031349667
0.9714705895396375
0.9704729313563532
0.9694717492440075
0.9684670445896705
0.9674588269938
0.9664471053515487
0.9654318950689776
0.9644131940519356
0.9633910202667714
0.9623653796680166
0.9613362820875382
0.9603037365484145
0.9592677509389027
0.9582283389560355
0.9571855062159897
0.9561392621882995
0.9550896179108149
0.9540365830953265
0.9529801655336541
0.9519203755708846
0.9508572248966414
0.9497907210999402
0.9487208708972988
0.9476476900088157
0.9465711821252716
0.9454913619128377
0.9444082367334558
0.9433218197310995
0.9422321127810841
0.9411391338004113
0.9400428886920057
0.9389433884475784
0.9378406447647405
0.9367346664814037
0.9356254611818106
0.9345130394036646
0.9333974159254634
0.9322785947073926
0.9311565918748799
0.930031413425375
0.9289030723237713
0.9277715742751537
0.9266369327593695
0.9254991596007857
0.9243582619850669
0.9232142525031586
0.9220671403967904
0.9209169343856456
0.9197636481116959
0.9186072906359526
0.9174478744917848
0.9162854081335512
0.9151198996030171
0.9139513644964149
0.9127798131613656
0.9116052493164074
0.9104276919086908
0.9092471450494786
0.9080636260731128
0.9068771411306479
0.9056877016537674
0.9044953174115701
0.9033000055969544
0.9021017691788822
0.9009006213407923
0.8996965747531719
0.89848964057945
0.8972798263229653
0.8960671469840886
0.8948516122536758
0.8936332331395109
0.8924120175059732
0.891187982143608
0.88996113275992
0.8887314834678599
0.8874990470029914
0.8862638325668875
0.8850258490869579
0.8837851102544286
0.8825416301579473
0.8812954175749983
0.8800464770188726
0.8787948321610374
0.8775404842368927
0.8762834505212609
0.8750237406727804
0.8737613663156725
0.8724963376678618
0.8712286685352407
0.8699583688186779
0.8686854487759638
0.8674099237497752
0.8661317994366354
0.8648510938065678
0.8635678174516143
0.8622819773094339
0.8609935859621662
0.8597026605803777
0.8584092073400162
0.8571132399701321
0.8558147706318878
0.8545138109099325
0.8532103721608564
0.8519044666918982
0.8505961041001259
0.8492852990834441
0.847972061989946
0.8466564042224024
0.8453383439600832
0.844017881522629
0.8426950357430288
0.8413698214472687
0.8400422454730371
0.8387123204044639
0.837380058468306
0.8360454738602255
0.8347085756224817
0.8333693800817855
0.8320278917609585
0.8306841326736727
0.8293381061701492
0.8279898325170368
0.8266393163749164
0.8252865725392788
0.8239316131431897
0.8225744541599478
0.8212151031389217
0.8198535709660772
0.8184898738308666
0.8171240254113472
0.8157560332161543
0.814385910511171
0.8130136732638542
0.8116393279685558
0.8102628908982286
0.8088843760260601
0.8075037939387132
0.8061211550781572
0.8047364699773666
0.803349758474376
0.801961029876634
0.8005702935907547
0.7991775621183461
0.7977828548515444
0.7963861765687713
0.7949875449853393
0.7935869657486258
0.7921844569332014
0.7907800310912259
0.7893737005661136
0.7879654766652205
0.7865553742156235
0.7851434010515551
0.783729571749926
0.7823139012797972
0.7808964018386505
0.7794770809069741
0.7780559594650984
0.7766330440261131
0.7752083505996904
0.7737818882673658
0.7723536753629268
0.7709237190771425
0.7694920306426688
0.7680586323420461
0.7666235267732963
0.7651867345736738
0.7637482596308446
0.7623081232095784
0.7608663335934475
0.7594229023850086
0.7579778458329379
0.7565311771079698
0.7550829066015006
0.7536330486238537
0.7521816127271231
0.7507286154588412
0.7492740686695387
0.7478179853624013
0.7463603803596008
0.7449012578008142
0.7434406424497332
0.7419785378431365
0.7405149633835308
0.7390499259224199
0.7375834471408832
0.7361155308815848
0.7346461921295917
0.7331754486929043
0.7317033061209147
0.7302297873668214
0.728754893803251
0.7272786459120373
0.7258010540663072
0.7243221308026228
0.7228418916625406
0.7213603481058085
0.71987751094932
0.7183933965751358
0.7169080151761593
0.7154213840700444
0.7139335088585436
0.7124444101559027
0.7109540971235337
0.7094625809554136
0.7079698798004044
0.7064760032967675
0.7049809646948371
0.7034847748998324
0.7019874516301301
0.7004890058155063
0.6989894481871696
0.6974887964097152
0.6959870574705941
0.6944842514732931
0.6929803839804249
0.6914754730860853
0.6899695309658125
0.6884625682751582
0.6869546020374145
0.6854456412835573
0.6839357007432098
0.6824247960245186
0.6809129358468266
0.6794001364111447
0.6778864053117251
0.6763717618396288
0.6748562179513646
0.673339785962151
0.6718224743678861
0.6703043026821586
0.6687852822605648
0.6672654238059491
0.6657447445903065
0.6642232496640417
0.6627009615159162
0.6611778860791147
0.6596540403449873
0.658129434699308
0.65660408536514
0.6550780025857179
0.6535512004427189
0.6520236918002922
0.6504954901671383
0.648966605119448
0.6474370548728442
0.6459068491196096
0.6443760006043046
0.6428445266112969
0.6413124327404128
0.639779738554388
0.6382464531779131
0.6367125937182609
0.6351781650542899
0.6336431916451777
0.6321076736674723
0.6305716343765313
0.6290350833155197
0.6274980299394084
0.6259604927099832
0.6244224810329229
0.6228840107426014
0.621345088072857
0.6198057333332961
0.6182659575810111
0.6167257687144598
0.6151851874244886
0.6136442224962326
0.6121028842237441
0.6105611911215161
0.609019153446169
0.6074767814677209
0.605934091157754
0.6043910950705658
0.6028478051972869
0.6013042333509651
0.5997603937112
0.5982163002493958
0.5966719637021575
0.5951273948539089
0.5935826118008246
0.5920376240325085
0.5904924426988645
0.5889470861140667
0.5874015627389108
0.5858558861068286
0.5843100661897868
0.5827641199811228
0.5812180611512732
0.5796718968324576
0.5781256420115273
0.5765793108391658
0.5750329128472826
0.5734864654907559
0.5719399770821345
0.570393463194362
0.5688469343464019
0.5673004059880213
0.5657538841003376
0.5642073875082723
0.5626609286675505
0.5611145179576003
0.5595681656621202
0.5580218886353586
0.5564756973062127
0.5549296034921665
0.5533836225194393
0.5518377620494517
0.5502920420235116
0.5487464656775943
0.5472010517630641
0.5456558103265831
0.544110754453775
0.5425658953572193
0.5410212468806113
0.5394768207035577
0.5379326319178753
0.5363886871946979
0.5348450030012185
0.533301590766114
0.5317584618700327
0.5302156266618604
0.5286731044384178
0.5271309014724159
0.5255890294036117
0.5240475041988308
0.5225063356951187
0.5209655344074848
0.5194251177999485
0.5178850962430804
0.5163454743016415
0.5148062744042975
0.513267503663995
0.5117291748292341
0.5101912994125279
0.5086538895309687
0.5071169572367344
0.5055805173775528
0.5040445782304184
0.5025091524666291
0.5009742521522027
0.4994398895888252
0.4979060799303669
0.49637282921504083
0.49484015162019324
0.4933080596306017
0.4917765644925679
0.4902456776365788
0.4887154135283549
0.48718577865133217
0.4856567914373177
0.48412845716466996
0.48260079406737333
0.4810738059356869
0.4795475125015623
0.47802191845023706
0.47649704172458596
0.4749728880102857
0.4734494726259321
0.47192680714635216
0.4704049020441198
0.46888376931251147
0.4673634190318782
0.46584386462939464
0.4643251185312931
0.46280718752503913
0.46129008799863885
0.45977382806338124
0.4582584199988322
0.4567438785663707
0.45523020987425034
0.453717427171769
0.45220554433001797
0.45069456572356553
0.4491845110209777
0.4476753867100589
0.4461672061631716
0.44465997831600196
0.44315371528457337
0.4416484275508903
0.4401441271597105
0.4386408253911547
0.43713853544873954
0.43563726238792394
0.43413702539904353
0.43263782559619046
0.4311396817069582
0.42964260252702885
0.4281465979224176
0.42665167863948394
0.42515785838756404
0.4236651467864152
0.42217355276211854
0.42068308547382355
0.41919376245685536
0.4177055912384623
0.4162185813862141
0.4147327418491033
0.4132480876418292
0.4117646257001335
0.4102823704607446
0.40880133067510876
0.4073215147473932
0.4058429368848768
0.40436560611868727
0.4028895346006693
0.40141472840715703
0.39994119965424735
0.39846896323042746
0.396998025320059
0.3955283958475824
0.3940600891531329
0.3925931105886114
0.3911274739277876
0.38966318749127205
0.3882002633741885
0.38673871010643773
0.38527853853786875
0.3838197622270948
0.38236238458198357
0.3809064190184585
0.37945187550185666
0.37799876829291884
0.3765471029510657
0.37509688698905985
0.3736481358388379
0.37220085501310735
0.3707550585047143
0.36931075307999217
0.36786795247767357
0.36642666255510237
0.3649868929772498
0.3635486575516512
0.36211196092474396
0.3606768182305843
0.3592432366085593
0.35781122468706705
0.35638079269698
0.3549519521526558
0.35352471113363027
0.3520990789155531
0.3506750645851543
0.34925268032846535
0.34783193233557325
0.3464128346252164
0.34499539086301223
0.3435796126816143
0.3421655100371115
0.3407530928156918
0.33934237095668757
0.3379333521368545
0.3365260447552364
0.33512046101966375
0.33371660690883476
0.33231449412985536
0.33091413190477675
0.3295155256105034
0.3281186906529316
0.3267236298689215
0.325330355035918
0.32393887512743436
0.3225492009098824
0.32116133566539684
0.3197752940011188
0.31839108441476954
0.317008711866664
0.3156281900158269
0.31424952256524263
0.3128727223336805
0.3114977974932793
0.3101247521687937
0.3087536038204031
0.30738435250007734
0.3060170117804822
0.30465158850029883
0.3032880906456111
0.30192652818586385
0.30056690841464334
0.29920924106041064
0.29785353374231033
0.296499794831461
0.29514803216925856
0.29379825498423456
0.2924504716619147
0.29110469069353834
0.28976092059595526
0.28841916671766277
0.28707944136649544
0.285741747562306
0.28440609999023175
0.283072498368207
0.2817409600188057
0.28041148765337853
0.2790840904788218
0.27775877618521594
