1025
0.32318503297934353
0.32249279651983503
0.32179492117278763
0.3210914200938364
0.3203822993439974
0.3196675349584587
0.31894716392635736
0.31822115541375556
0.3174895216799669
0.31675228642341163
0.31600940333334426
0.31526091030698244
0.31450679525602526
0.31374706415131554
0.31298172051059564
0.31221076251514934
0.31143417921377714
0.3106519882605105
0.3098641850275755
0.3090707728152171
0.30827176115009897
0.3074671325673045
0.3066569031309483
0.30584106649089693
0.3050196399130612
0.3041926035927459
0.303359971916448
0.302521740828669
0.301677920556776
0.3008285020702129
0.29997348781314537
0.299112891598529
0.29824669361320827
0.2973749296493917
0.29649757045252184
0.2956146340155694
0.2947261295146077
0.29383203054947027
0.2929323559018602
0.2920271217550936
0.29111630356500334
0.29019992522764004
0.28927798701810203
0.2883504716558081
0.2874173984299426
0.2864787694650291
0.2855345846721195
0.28458484630791014
0.28362955634534476
0.2826687109582963
0.2817023298935177
0.28073039042937525
0.27975290901191274
0.27876991230564974
0.277781346744482
0.27678726511798113
0.2757876413329242
0.2747825134832942
0.2737718487828105
0.27275565913078326
0.2717339503550433
0.270706720555088
0.2696739887554155
0.26863574012657515
0.2675919866332445
0.2665427350462807
0.2654879709750327
0.2644277181400131
0.2633619686133557
0.2622907170625183
0.261213979654802
0.2601317646823601
0.2590440625111958
0.25795087415084134
0.2568522262514685
0.2557481075494035
0.2546385099510864
0.2535234459558393
0.2524029351265759
0.2512769498459452
0.25014552195840045
0.24900863479558863
0.24786630946598576
0.24671853140171282
0.2455653112887438
0.24440666584142107
0.2432425828344939
0.24207306152781277
0.24089812577289416
0.23971777345829354
0.23853198667807252
0.23734081036418314
0.23614420132342806
0.23494219893199247
0.23373479294053115
0.23252200132112869
0.23130380053637417
0.23008020547937527
0.22885123543663197
0.22761688042808048
0.2263771480740773
0.2251320588628447
0.2238815840445344
0.22262574245296604
0.221364551771265
0.22009800092610665
0.2188260957282938
0.2175488539077299
0.2162662562610577
0.21497833132636154
0.2136850562568533
0.21238646186055757
0.21108255195048958
0.20977330673265798
0.2084587630646619
0.2071388858229727
0.20581371942605037
0.20448325361284894
0.20314747829804639
0.201806415405015
0.20046006224496082
0.19910843947826987
0.19775152782939343
0.19638933898573538
0.19502188521740146
0.19364916846287852
0.19227120170067516
0.19088798429402173
0.1894995016469632
0.1881057765564977
0.18670682781812262
0.18530262696529395
0.18389321195777167
0.18247857443236465
0.18105870963051174
0.17963364534088522
0.17820336385643665
0.1767678713881386
0.17532718698188526
0.17388132984611296
0.17243026750441337
0.17097403422301521
0.1695126144624184
0.1680460299165342
0.16657427479200357
0.1650973686876171
0.16361529599371466
0.16212808268389226
0.1606357320263907
0.1591382358199577
0.15763560540852398
0.1561278505021546
0.15461498207068375
0.15309697722563267
0.1515738794988927
0.15004568039302849
0.14851238791329835
0.146973993231317
0.1454305161929124
0.14388195440200696
0.14232830868741478
0.1407696177918207
0.13920584726872848
0.137637011721748
0.13606313831332598
0.13448422140819244
0.13290024878415738
0.13131125862895832
0.129717232247801
0.12811818719352674
0.12651414133462222
0.12490506690030735
0.12329099433112711
0.12167191412873823
0.1200478562579446
0.11841881271056637
0.11678479081621052
0.11514580096277796
0.11350184684751441
0.11185291424606938
0.11019903397042703
0.10854022743551218
0.10687645668145843
0.10520775935300863
0.10353415083858064
0.10185559328328794
0.10017213142674201
0.09848376369754767
0.09679048697265856
0.09509232930986565
0.09338927533092048
0.09168133039960842
0.08996851695165359
0.08825083782788858
0.08652829068016685
0.08480089606733368
0.08306864162598454
0.0813315466113625
0.07958962472945547
0.07784286112347458
0.0760912685690539
0.07433488813376686
0.07257367793745785
0.07080767527917962
0.06903687707793113
0.06726128243783236
0.06548091941332171
0.06369577746859784
0.06190586045437037
0.06011118858749964
0.05831176084883968
0.05650758162869175
0.054698669946500536
0.052885022837542095
0.05106667429452875
0.04924358050186997
0.04741578018523055
0.04558326654191678
0.04374607122815863
0.041904189356779545
0.040057613843118366
0.0382063696949027
0.03635044371336455
0.03448986646123585
0.03262464640338375
0.03075476221695945
0.028880256340375488
0.027001102379517142
0.02511733028449175
0.023228944347791224
0.021335939274181547
0.019438352761035515
0.01753615865939611
0.015629374254715923
0.01371801951916368
0.011802083939805141
0.009881582586533294
0.007956524257256032
0.006026924602753448
0.00409277266957712
0.0021540846952250348
0.00021087514659691255
-0.001736847517890358
-0.0036891020126637235
-0.0056458394649859
-0.007607078664753545
-0.009572811685635781
-0.011543039250219427
-0.013517699073610952
-0.015496848791372225
-0.01748046869312739
-0.019468526714298797
-0.021461034512996763
-0.023457963157285103
-0.025459324171491274
-0.027465103727254067
-0.029475296206696092
-0.03148988684863673
-0.03350888729787951
-0.03553225676465049
-0.03756001570852506
-0.03959214694371819
-0.04162864251634758
-0.04366947985000548
-0.04571467902402957
-0.04776422040438762
-0.04981807552190829
-0.051876266186347705
-0.05393877548852615
-0.05600558652500916
-0.058076703380034726
-0.060152102827018446
-0.06223179064139892
-0.06431574590367979
-0.06640396273127258
-0.06849643494632941
-0.07059319504224873
-0.07269415459167793
-0.07479936983459075
-0.07690879414139058
-0.07902245517823105
-0.08114032267117334
-0.08326238154613215
-0.08538862931421265
-0.08751907399093531
-0.08965368577755875
-0.09179246504436007
-0.09393539804461405
-0.09608250314846463
-0.09823372108691922
-0.10038908837714654
-0.102548577756565
-0.10471219394759627
-0.10687990267332868
-0.10905172763224437
-0.11122761420634585
-0.11340761559959125
-0.11559169190939304
-0.11777982520373402
-0.1199720068253878
-0.12216823055546963
-0.12436851430851197
-0.12657282225675773
-0.12878114875958613
-0.1309934920968347
-0.1332098428337671
-0.13543018780594326
-0.1376545211574811
-0.1398828345519889
-0.14211512531635545
-0.1443513773397613
-0.14659156580276897
-0.14883571218770333
-0.15108379396709734
-0.15333580682088402
-0.15559173833756812
-0.1578515675515473
-0.16011530681555103
-0.16238294113182333
-0.16465445369292403
-0.1669298386109606
-0.16920909496155234
-0.1714922047692545
-0.1737791543990292
-0.1760699413042714
-0.17836457917280935
-0.18066303330446012
-0.18296527712327748
-0.1852713523368358
-0.18758120180306276
-0.18989484347193944
-0.1922122661131869
-0.19453343633335932
-0.1968583766950623
-0.1991870743449625
-0.20151950824920586
-0.20385567297063703
-0.2061955482332186
-0.20853915751526023
-0.21088645660870356
-0.21323744182427948
-0.21559212395640298
-0.21795048047696025
-0.22031251041018854
-0.2226781957279721
-0.22504752722548316
-0.2274204957453369
-0.22979709499495532
-0.23217732490799434
-0.23456116576292887
-0.23694859969678866
-0.23933962764056163
-0.24173424838169158
-0.24413245143764484
-0.24653419599784104
-0.24893951763247446
-0.25134837726812637
-0.2537607798878395
-0.25617670071689214
-0.2585961552034678
-0.2610191153606521
-0.26344556445335
-0.2658755329421155
-0.26830896459439463
-0.27074586943994616
-0.2731862342276259
-0.27563005786616845
-0.27807732904409876
-0.28052803297848533
-0.2829821588595073
-0.28543970184196704
-0.2879006504456552
-0.2903650099575945
-0.2928327370178809
-0.29530385658723374
-0.2977783391475303
-0.3002561811515674
-0.30273737379707705
-0.3052218991655083
-0.30770976836104197
-0.3102009582855364
-0.31269544881791816
-0.31519325172429397
-0.31769433868775404
-0.3201987055029447
-0.3227063653428468
-0.32521727366217723
-0.3277314239162366
-0.33024883718544545
-0.3327694828287655
-0.335293344672417
-0.33782043533141737
-0.3403507001667693
-0.34288420568945344
-0.34542087384761866
-0.3479607236282324
-0.35050373427103654
-0.3530499187883403
-0.35559922823335355
-0.3581516843126976
-0.360707280593364
-0.36326598032842705
-0.3658277938202142
-0.3683926871284754
-0.3709607022206094
-0.37353177005895244
-0.37610592886842337
-0.3786831263496773
-0.3812633832353003
-0.3838466851291417
-0.38643300653614
-0.3890223639040599
-0.3916147107995843
-0.3942100607449806
-0.3968084173970873
-0.39940974225049286
-0.40201404626867593
-0.40462129895107624
-0.4072315172277203
-0.40984466308977735
-0.4124607509691663
-0.4150797350034953
-0.41770166375868295
-0.4203264713558502
-0.42295418469620455
-0.4255847643596871
-0.42821822773766455
-0.43085455423713065
-0.4334937078023777
-0.4361357284713749
-0.43878055290844503
-0.4414282280633269
-0.4440787134702251
-0.44673198459605623
-0.4493880518005269
-0.4520469046484759
-0.45470851655075867
-0.45737289655861296
-0.4600400213408182
-0.46270989063631857
-0.46538249629169487
-0.4680578091260507
-0.4707358442711814
-0.4734165738622762
-0.47609999922772495
-0.47878608981994797
-0.48147486257568867
-0.4841662823614105
-0.48686036895255097
-0.4895570732065712
-0.49225642382249135
-0.4949583865187739
-0.4976629654025672
-0.5003701363376735
-0.5030798923228867
-0.50579223319107
-0.5085071437935902
-0.5112245882398334
-0.5139445949873437
-0.5166671490200428
-0.5193922143419111
-0.5221198021429785
-0.5248498929116228
-0.5275824778343332
-0.5303175478593863
-0.5330550925934201
-0.5357951085920343
-0.5385375722526579
-0.5412824870354485
-0.5440298255706256
-0.5467796001817338
-0.5495317724888928
-0.5522863586226754
-0.5550433372521167
-0.5578026759804235
-0.5605644106226791
-0.563328496201976
-0.5660949308686094
-0.5688637222830911
-0.5716348245809452
-0.5744082452273306
-0.5771839791244695
-0.5799620206538462
-0.58274233962931
-0.5855249260708015
-0.5883097860141923
-0.5910969244487663
-0.593886283758239
-0.5966778802783602
-0.5994717138852882
-0.6022677434554465
-0.6050659954113161
-0.6078664377097653
-0.610669059332059
-0.6134738562266153
-0.6162808016228782
-0.6190899146750004
-0.6219011611097555
-0.6247145322976364
-0.6275300274761054
-0.6303476409539785
-0.6331673547747381
-0.6359891302527259
-0.6388129945962121
-0.641638942744528
-0.6444669286035845
-0.6472969559912263
-0.6501290218314466
-0.6529631228931901
-0.6557992258209537
-0.6586373376553192
-0.6614774341375159
-0.6643195209895794
-0.6671635565062535
-0.6700095803557818
-0.6728575446268945
-0.6757074479960967
-0.6785592630630671
-0.6814130143877483
-0.684268658888009
-0.6871262072719748
-0.689985637897221
-0.6928469434334997
-0.6957100952175143
-0.6985751226998502
-0.7014419833098704
-0.7043106836809034
-0.70718118962118
-0.7100535050970175
-0.7129276375036602
-0.7158035373410898
-0.7186812028469726
-0.7215606623864147
-0.7244418666582149
-0.7273248178398035
-0.7302094924506156
-0.7330959057855894
-0.7359840173563357
-0.7388738368050898
-0.7417653392584659
-0.7446585251083542
-0.7475533813756611
-0.750449890867703
-0.7533480440255831
-0.75624784453671
-0.7591492581902682
-0.7620522838150017
-0.7649569196603027
-0.767863147844881
-0.770770946415904
-0.773680329129339
-0.7765912672843218
-0.7795037399233119
-0.78241776808609
-0.7853332989321108
-0.7882503629205952
-0.7911689275553354
-0.7940889932701652
-0.7970105147176189
-0.7999335245749295
-0.8028579897507007
-0.8057838991318895
-0.8087112597203651
-0.8116400458808986
-0.8145702369632658
-0.8175018244150609
-0.8204348294170691
-0.8233691963829748
-0.8263049491920312
-0.8292420505616197
-0.8321805156030866
-0.8351203053863835
-0.8380614208367734
-0.8410038570532701
-0.8439475977789364
-0.8468926289832491
-0.8498389485953235
-0.8527865199567947
-0.8557353638806249
-0.8586854598491466
-0.8616367996300531
-0.8645893586960143
-0.867543116671599
-0.8704980978006567
-0.873454276473965
-0.8764116131372727
-0.8793701431708368
-0.8823298099091043
-0.885290640479009
-0.8882526029079156
-0.8912156861218773
-0.8941798726451657
-0.8971451905988019
-0.900111580060298
-0.903079045565192
-0.9060475884707524
-0.9090171908090454
-0.9119878325920253
-0.9149595109211304
-0.917932212937745
-0.9209059281397848
-0.9238806429707354
-0.9268563518391364
-0.9298330293728172
-0.9328106621833396
-0.9357892726290319
-0.9387688259414547
-0.9417493016732696
-0.9447306999677061
-0.9477130138564015
-0.95069623590626
-0.9536803055900259
-0.9566652805303814
-0.9596511050872076
-0.9626377848414911
-0.9656253152675478
-0.9686136667520255
-0.9716028339786121
-0.9745928142891603
-0.9775835923063959
-0.9805751450533784
-0.9835674802424834
-0.9865605530479131
-0.9895543921378227
-0.9925489788122945
-0.995544272411194
-0.9985402806116231
-1.0015369990394212
-1.0045344047306084
-1.0075324848440657
-1.0105312380686127
-1.0135306525628012
-1.0165307037687774
-1.0195313955682743
-1.0225327060786422
-1.025534619842106
-1.0285371336792632
-1.0315402370458218
-1.0345439322418095
-1.0375481617257438
-1.0405529494364827
-1.043558293508408
-1.0465641581722738
-1.0495705341236583
-1.0525774187887862
-1.055584787861624
-1.0585926406369401
-1.0616009744052932
-1.0646097458365198
-1.0676189821727062
-1.070628645865738
-1.0736387439733477
-1.0766492415328806
-1.0796601370458683
-1.0826714135892428
-1.0856830839867668
-1.0886951097713706
-1.0917074767176878
-1.0947201970422427
-1.0977332562648996
-1.1007466137471813
-1.103760272948532
-1.1067742437406105
-1.1097884712884576
-1.1128029702606
-1.115817741706163
-1.1188327651380778
-1.1218480086581386
-1.1248634666831132
-1.1278791414309912
-1.1308950243362765
-1.1339110807539745
-1.136927300986145
-1.1399437128360197
-1.1429602585745948
-1.1459769519980219
-1.1489937536932007
-1.152010670376229
-1.1550277005018272
-1.1580448181886518
-1.1610620159212595
-1.1640792864065879
-1.1670966111894063
-1.17011395374388
-1.1731313380595352
-1.1761487499420367
-1.1791661549042354
-1.182183561095351
-1.1852009473719785
-1.1882183068462973
-1.1912356212978508
-1.1942528942451556
-1.1972700880645124
-1.2002871921973606
-1.2033042322799
-1.2063211467911126
-1.209337973218007
-1.2123546406429235
-1.2153711836072194
-1.2183875746800332
-1.2214037928793022
-1.2244198464678175
-1.2274357086350638
-1.2304513747914045
-1.2334668334291363
-1.2364820509185033
-1.2394970380546475
-1.2425117809457813
-1.2455262652093113
-1.2485404797919306
-1.2515543941148843
-1.2545680218651396
-1.257581324484314
-1.2605943231024503
-1.2636069655202393
-1.2666192919216157
-1.2696312350592442
-1.2726428085874775
-1.2756540062060178
-1.2786647953582029
-1.2816752007302887
-1.2846851557178054
-1.2876946987145914
-1.290703782789859
-1.2937124072455337
-1.296720574656775
-1.299728254377557
-1.3027354322582483
-1.3057421117482029
-1.3087482558544266
-1.3117538803284654
-1.3147589582963501
-1.317763481323708
-1.3207674300967331
-1.3237707962703456
-1.3267735707672423
-1.3297757423698537
-1.3327772938636702
-1.3357781983565868
-1.338778467652686
-1.3417780858228043
-1.3447770190468862
-1.3477752915792596
-1.350772849462534
-1.3537697189225812
-1.356765856863292
-1.3597612565569221
-1.3627559171828794
-1.3657498208993917
-1.3687429531713877
-1.3717353066517148
-1.3747268517790268
-1.3777176142823624
-1.380707538506106
-1.38369664299467
-1.3866848796993407
-1.3896722636208327
-1.3926587905867849
-1.3956444305671452
-1.3986291617782904
-1.4016129946608469
-1.404595902714908
-1.4075778773573542
-1.4105589137356593
-1.4135389699525498
-1.416518070686
-1.4194961720031147
-1.4224732830998668
-1.4254493791095961
-1.4284244595296427
-1.431398503353257
-1.43437148943906
-1.4373434247093202
-1.4403142843193637
-1.4432840357717964
-1.4462527071345384
-1.4492202628011333
-1.4521866825951681
-1.455151986310351
-1.4581161145942036
-1.4610790943859822
-1.4640408815268262
-1.4670014963982851
-1.4699608923628227
-1.472919093855713
-1.4758760392686172
-1.4788317641481603
-1.4817862314048842
-1.4847394231946054
-1.487691343571903
-1.490641963379307
-1.4935912866692764
-1.4965392791301135
-1.4994859436895707
-1.5024312688273433
-1.505375226355323
-1.5083178239057435
-1.5112590323692907
-1.5141988396969122
-1.5171372429090597
-1.5200742283880397
-1.5230097718064366
-1.525943866943391
-1.5288765035301566
-1.5318076626466979
-1.5347373321073927
-1.5376655014618679
-1.5405921597347205
-1.543517292215925
-1.5464408732023303
-1.5493629079825204
-1.5522833806561722
-1.5552022558271994
-1.5581195655783178
-1.5610352637816003
-1.5639493446109745
-1.5668617774538536
-1.56977257613521
-1.5726817284491594
-1.5755891976626397
-1.5784949774649357
-1.5813990689605815
-1.584301437132342
-1.5872020939096023
-1.5901010127120734
-1.5929981817975178
-1.595893583464809
-1.5987872260888942
-1.6016790540770665
-1.6045690901585514
-1.6074573175205786
-1.6103437116642187
-1.6132282566081455
-1.6161109500513624
-1.6189917777750615
-1.6218707178029215
-1.6247477746502117
-1.6276229077921676
-1.6304961372338158
-1.6333674145096893
-1.636236750986746
-1.6391041227213314
-1.6419695255224118
-1.6448329311802043
-1.6476943356102882
-1.6505537281071254
-1.65341110593878
-1.6562664281160744
-1.659119698115214
-1.6619709071863153
-1.6648200269581286
-1.6676670426846578
-1.67051197521718
-1.6733547737258876
-1.6761954351988497
-1.6790339563496919
-1.6818703083114992
-1.6847044872729302
-1.6875364850232317
-1.690366287807315
-1.6931938455957098
-1.6960191994744502
-1.6988423096039797
-1.7016631627357206
-1.7044817469532088
-1.707298045237733
-1.7101120419423317
-1.7129237507247748
-1.7157331263055284
-1.7185401679734813
-1.7213448557041837
-1.7241471896709706
-1.7269471545397177
-1.7297447209494332
-1.7325398826818352
-1.7353326295419704
-1.7381229546512837
-1.7409108229805286
-1.743696245979296
-1.746479186374489
-1.7492596626050143
-1.7520376199066634
-1.7548130922128364
-1.7575860242309058
-1.7603564370349158
-1.7631242735777581
-1.7658895696348325
-1.768652267716964
-1.771412381772426
-1.774169894797565
-1.7769247904430634
-1.7796770595574196
-1.7824266730123042
-1.785173629623474
-1.7879179192627919
-1.7906595172829922
-1.7933984295217997
-1.7961346088818468
-1.7988680759994524
-1.8015988011312538
-1.8043267722437208
-1.8070519760378736
-1.8097744114010224
-1.8124940214439966
-1.8152108514769418
-1.8179248588009138
-1.8206360333544536
-1.8233443466897128
-1.8260498082512515
-1.8287523844848748
-1.8314520792891962
-1.8341488685980354
-1.836842757509123
-1.8395337008807522
-1.842221718899272
-1.84490676225358
-1.8475888445431188
-1.850267944732253
-1.8529440438743803
-1.8556171256570735
-1.8582871912617243
-1.8609542302697364
-1.863618209461996
-1.8662791074151002
-1.868936946259563
-1.8715916942516924
-1.8742433384340171
-1.8768918468806224
-1.8795372332198745
-1.882179472115275
-1.8848185593530367
-1.8874544644025648
-1.8900871845808631
-1.892716705777337
-1.8953430081851568
-1.8979660974914097
-1.900585929133946
-1.9032025099048797
-1.9058158308973507
-1.9084258664991467
-1.9110326069179977
-1.9136360441706182
-1.9162361505567684
-1.9188329266327706
-1.921426354001755
-1.9240164127544217
-1.926603094971048
-1.9291863905086508
-1.9317663025967677
-1.934342767160005
-1.9369158121632775
-1.9394854021327392
-1.9420515631349071
-1.944614241981719
-1.947173426407733
-1.9497291200555882
-1.9522812890999848
-1.9548299448826834
-1.9573750572203938
-1.9599166300335982
-1.9624546270675818
-1.9649890402047308
-1.9675198706483288
-1.9700470868760205
-1.972570690428023
-1.9750906584494732
-1.977606978750202
-1.9801196405055255
-1.9826286320155622
-1.9851339349582007
-1.9876355352499178
-1.9901334229547702
-1.992627585526869
-1.9951180079109423
-1.9976046824993694
-2.0000875778212723
-2.002566692696067
-2.00504201161362
-2.007513520703754
-2.0099812211499937
-2.0124450872337314
-2.0149050901781185
-2.0173612466634423
-2.0198135147895337
-2.0222619096793175
-2.02470639634758
-2.0271469622528095
-2.0295836112357484
-2.032016314246223
-2.034445054910531
-2.036869834227879
-2.039290638827882
-2.041707429189404
-2.0441202179601055
-2.0465289965803835
-2.0489337306896296
-2.051334422933279
-2.053731049664382
-2.0561235988262827
-2.0585120673883397
-2.060896423125506
-2.063276685973765
-2.0656528032423513
-2.068024783594166
-2.0703926071174164
-2.0727562637274795
-2.0751157429026255
-2.0774710233197764
-2.079822098440333
-2.0821689548610576
-2.084511586831
-2.0868499537778353
-2.0891840656091607
-2.091513908521192
-2.093839470910268
-2.0961607344242834
-2.098477678018831
-2.1007903025160215
-2.103098576180325
-2.1054025174093964
-2.1077020664193675
-2.1099972610216002
-2.1122880624092994
-2.1145744607718377
-2.1168564379684867
