1025
-0.43028941989240793
-0.42979033388543164
-0.4292906641124312
-0.42879041967274384
-0.42828961199049453
-0.42778825805095966
-0.4272863627708006
-0.4267839447131585
-0.4262810146944542
-0.42577757893809265
-0.4252736609040491
-0.42476926468642795
-0.4242644053419033
-0.42375909389060407
-0.42325334243944984
-0.4227471641090794
-0.42224057470502196
-0.42173358115377846
-0.4212261985625756
-0.42071843895263217
-0.42021031234947814
-0.41970183561198937
-0.41919301816587173
-0.4186838743954578
-0.41817441298341534
-0.4176646512364102
-0.41715459906450747
-0.41664426984746356
-0.4161336749404131
-0.4156228283087484
-0.41511174275211526
-0.41460042919271994
-0.4140889034310841
-0.4135771713505442
-0.4130652527061552
-0.4125531563687815
-0.4120408930800616
-0.4115284822012188
-0.41101593296801164
-0.4105032539320794
-0.40999046427681785
-0.4094775721950241
-0.40896459053730844
-0.4084515365466982
-0.40793841811585
-0.4074252494394962
-0.4069120434732626
-0.40639881206143147
-0.405885569412443
-0.40537232875338
-0.40485909967167966
-0.4043458995473394
-0.4038327396804451
-0.40331962587298015
-0.40280658455998075
-0.4022936171806501
-0.4017807425780879
-0.401267966033865
-0.4007553088919195
-0.4002427808963144
-0.3997303948298291
-0.3992181644673558
-0.39870609922682
-0.3981942157205539
-0.39768252524075254
-0.39717103968623824
-0.3966597755225964
-0.3961487416107499
-0.3956379530261098
-0.39512742427730957
-0.39461716590150175
-0.3941071894601905
-0.39359751123097003
-0.3930881435226279
-0.3925790958598055
-0.39207038217177187
-0.3915620200161237
-0.39105401921152894
-0.3905463898781134
-0.39003915098455616
-0.38953231014515455
-0.3890258840706712
-0.3885198826956449
-0.38801432180274387
-0.3875092140873638
-0.38700456852590887
-0.3865004024481279
-0.38599672969211246
-0.3854935583851101
-0.38499090370480593
-0.38448878274655607
-0.3839871996777571
-0.38348617757086956
-0.38298572180779444
-0.3824858491964596
-0.38198656840330003
-0.3814878996287255
-0.38098985307848954
-0.3804924378507069
-0.37999567129058953
-0.379499564223494
-0.37900412747245016
-0.37850938066841333
-0.37801533338751714
-0.3775219954414214
-0.3770293840617863
-0.37653751143363035
-0.3760463875840628
-0.3755560314292826
-0.3750664501562485
-0.3745776619449169
-0.3740896753996506
-0.37360250251825367
-0.373116162498534
-0.3726306607887802
-0.37214601948892667
-0.3716622424081513
-0.3711793463810704
-0.3706973470536027
-0.37021625346750975
-0.36973608068784913
-0.369256838074024
-0.3687785442915683
-0.3683012106356731
-0.3678248473541355
-0.36734946958895304
-0.3668750878598348
-0.3664017159651595
-0.3659293715129174
-0.365458063475616
-0.36498780236714856
-0.36451860708882455
-0.3640504845960655
-0.3635834506188584
-0.36311751918714186
-0.3626526995858841
-0.36218900902330925
-0.3617264607666547
-0.3612650634394479
-0.36080482783843304
-0.36034577487037533
-0.3598879113974738
-0.35943125384040603
-0.35897581238069237
-0.3585216026720208
-0.35806863289972857
-0.35761692238233844
-0.357166477521907
-0.3567173128219794
-0.3562694434502896
-0.35582288218272773
-0.35537763968694536
-0.35493372754003133
-0.3544911650467656
-0.3540499565453809
-0.35361011872164855
-0.3531716623609041
-0.3527346036405014
-0.35229895308040826
-0.3518647251989394
-0.35143193229085135
-0.3510005810792034
-0.35057069327935747
-0.35014227879979654
-0.3497153448872028
-0.34928990880465727
-0.3488659859427982
-0.34844358091046673
-0.3480227131971843
-0.34760339262902124
-0.3471856275876416
-0.3467694407298107
-0.34635483720837185
-0.34594183348215657
-0.34553043697787533
-0.3451206630945726
-0.3447125246926584
-0.3443060321156384
-0.3439011988482786
-0.3434980419791641
-0.3430965695917667
-0.34269678820393756
-0.34229872218009966
-0.34190237574717636
-0.3415077602501929
-0.3411148966231983
-0.3407237895306642
-0.3403344536031489
-0.3399469008173567
-0.3395611412373675
-0.339177191149641
-0.3387950627951146
-0.3384147651337826
-0.33803631015328794
-0.33765971363434294
-0.3372849828157089
-0.33691213596367836
-0.3365411813929825
-0.33617212995502554
-0.3358049975714437
-0.3354397956192377
-0.33507652903856555
-0.33471521991732955
-0.3343558739816121
-0.3339985047462366
-0.3336431262856116
-0.3332897456952834
-0.3329383790426005
-0.3325890389137195
-0.33224173332994106
-0.331896476913139
-0.33155328171481635
-0.33121215649820523
-0.3308731161744241
-0.3305361652980075
-0.33020132831727034
-0.32986860830032394
-0.32953802113595726
-0.32920957275518586
-0.3288832774769945
-0.32855915041003736
-0.3282371976246845
-0.32791743697906484
-0.3275998746168614
-0.32728452087142973
-0.3269713944622991
-0.32666049845905337
-0.3263518519370186
-0.32604546195502165
-0.32574133922181375
-0.3254394989614354
-0.3251399451191905
-0.3248426974409681
-0.3245477638981474
-0.3242551536625017
-0.3239648820102604
-0.32367695727191137
-0.3233913917984601
-0.32310819444694605
-0.3228273800686003
-0.3225489585124337
-0.32227293805143165
-0.3219993308616831
-0.3217281532227815
-0.3214594071164989
-0.3211931093468867
-0.32092927092756945
-0.32066790420366587
-0.32040900779282894
-0.3201526072775143
-0.3198987113606773
-0.3196473251249824
-0.3193984618446728
-0.3191521307747581
-0.31890834396297485
-0.3186671131035611
-0.3184284473702686
-0.31819235742578555
-0.31795885626290216
-0.3177279489998624
-0.317499651006629
-0.3172739713319968
-0.3170509206164519
-0.3168305053447182
-0.31661274261828953
-0.3163976404139519
-0.3161852044329458
-0.3159754503458039
-0.31576838780165245
-0.3155640245681728
-0.31536237300332587
-0.31516344010015196
-0.3149672399851013
-0.3147737791212362
-0.3145830675948409
-0.31439511694747974
-0.31420994523770024
-0.3140275442342215
-0.31384793991516435
-0.3136711317018942
-0.3134971386416096
-0.31332596465559537
-0.3131576185849425
-0.31299211005397043
-0.31282945543235935
-0.31266965639219835
-0.31251272603864966
-0.3123586724530334
-0.3122075111201665
-0.3120592403436947
-0.3119138791796652
-0.3117714325964801
-0.3116319146944953
-0.31149532647456113
-0.3113616850275023
-0.31123099083462735
-0.31110326614940703
-0.31097851207988825
-0.310856736892348
-0.3107379489562305
-0.31062215813966687
-0.31050937941941237
-0.310399615549724
-0.310292876355043
-0.31018917208702723
-0.3100885115800049
-0.3099909018290202
-0.30989635340784116
-0.3098048740715722
-0.3097164745454219
-0.3096311617565351
-0.3095489413036409
-0.3094698265010791
-0.30939382436421276
-0.3093209450707882
-0.30925119425696895
-0.30918457897861173
-0.3091211120400008
-0.3090607995740153
-0.3090036495948366
-0.3089496700215353
-0.3088988702955249
-0.3088512578080902
-0.30880683880924065
-0.30876562287288056
-0.3087276226388484
-0.3086928405828201
-0.30866128128565434
-0.3086329641169388
-0.3086078847453824
-0.30858605755329355
-0.30856749008390927
-0.3085521849490446
-0.3085401555603968
-0.308531409326039
-0.30852595237909386
-0.30852379105418287
-0.3085249312053924
-0.30852938800680096
-0.30853716029567807
-0.3085482565405616
-0.3085626886312926
-0.30858046083787954
-0.30860158196709025
-0.3086260580786687
-0.3086538957001728
-0.30868510070497013
-0.3087196831717456
-0.30875765034692565
-0.3087990059640687
-0.30884375735281944
-0.30889191193640475
-0.30894347917015397
-0.3089984641880493
-0.30905686842980157
-0.30911870722153784
-0.30918398053046264
-0.30925269882071477
-0.30932486405558046
-0.30940048925217467
-0.30947957584931485
-0.3095621286175026
-0.30964816352489516
-0.30973767518910394
-0.30983067389490226
-0.3099271670408248
-0.31002716032356253
-0.31013066035999326
-0.31023767147882714
-0.3103481998306464
-0.3104622519129977
-0.310579833080408
-0.31070095262864833
-0.31082560871481807
-0.31095381366499414
-0.3110855699249839
-0.3112208839428148
-0.31135976119773423
-0.3115022058316111
-0.3116482275917146
-0.311797829046735
-0.3119510117873605
-0.3121077878776641
-0.31226815685434756
-0.3124321255946563
-0.3125997033748972
-0.3127708889156203
-0.3129456876162082
-0.3131241103700577
-0.31330615794671773
-0.31349183326357244
-0.3136811472135442
-0.3138740932386524
-0.3140706938996252
-0.3142709377806936
-0.31447483575125906
-0.3146823908434724
-0.3148936117991423
-0.31510849426552445
-0.31532705018228413
-0.3155492841480454
-0.3157751939817346
-0.31600478958281397
-0.3162380685892956
-0.3164750466883167
-0.31671571494610296
-0.31696008797439656
-0.3172081605652151
-0.31745994232909297
-0.3177154375304602
-0.3179746453251181
-0.31823757485220644
-0.3185042232117198
-0.31877459793426616
-0.3190487056324846
-0.31932654346194567
-0.31960812097919594
-0.3198934336373072
-0.32018249437696034
-0.3204752974476085
-0.3207718531983521
-0.32107215459314864
-0.3213762206350019
-0.32168404061479744
-0.3219956235965485
-0.32231096919762126
-0.3226300846338584
-0.3229529710761384
-0.3232796242833436
-0.32361005900267226
-0.32394426573762586
-0.32428225980908765
-0.32462403679207974
-0.3249695964537124
-0.3253189444075019
-0.3256720842746953
-0.3260290134599212
-0.32638973889646344
-0.32675426052793943
-0.32712258203925226
-0.32749470562934235
-0.32787062892225616
-0.32825035977743994
-0.3286338973513936
-0.3290212435237177
-0.32941239708322995
-0.32980736517373127
-0.33020614409325183
-0.33060874285021313
-0.3310151515913005
-0.3314253839487561
-0.33183943354876283
-0.3322573054968758
-0.33267899898884895
-0.3331045140558495
-0.33353385568990374
-0.3339670229598731
-0.33440401122928826
-0.33484483060240205
-0.3352894811119532
-0.3357379571035579
-0.33619026487099263
-0.3366464015526553
-0.3371063701408754
-0.33757017066717865
-0.3380378041560649
-0.33850927129323316
-0.3389845706492405
-0.33946370570028267
-0.3399466727902209
-0.34043347700997356
-0.34092411265734457
-0.3414185846700143
-0.34191689322188695
-0.34241903101538984
-0.3429250090378383
-0.3434348194865672
-0.3439484639130916
-0.34446594698910044
-0.34498725903081956
-0.3455124045775953
-0.34604138548939123
-0.3465742003862591
-0.34711084490597877
-0.34765131981904074
-0.34819562668026804
-0.34874376891328257
-0.34929573448462453
-0.3498515298069453
-0.3504111557735369
-0.3509746042882137
-0.3515418823687221
-0.3521129850490254
-0.35268791028065516
-0.35326665883566316
-0.35384922572289246
-0.3544356160882869
-0.35502582281055367
-0.3556198457792402
-0.35621768573641244
-0.3568193417781162
-0.3574248102045347
-0.3580340838018353
-0.35864716916394374
-0.3592640652435111
-0.359884762453129
-0.36050926300460007
-0.3611375649842718
-0.36176966926267246
-0.36240556838972837
-0.36304526388191277
-0.3636887507701571
-0.3643360308372733
-0.3649870932557646
-0.36564194876443995
-0.3663005848394516
-0.3669630026004609
-0.3676291951430087
-0.3682991680181343
-0.3689729098123569
-0.3696504240042313
-0.3703317053864302
-0.37101675117408156
-0.37170555463195815
-0.37239812125873506
-0.373094442346879
-0.3737945170633556
-0.37449833720838227
-0.37520590477198423
-0.37591721831529773
-0.3766322649696786
-0.37735104683854237
-0.3780735663750493
-0.37879981205407165
-0.3795297840885674
-0.3802634748309014
-0.38100088548265065
-0.381742008892918
-0.3824868430673707
-0.38323538152117054
-0.3839876232839874
-0.38474356380723324
-0.385503197808096
-0.3862665196417002
-0.38703353115198547
-0.38780422087492167
-0.38857858690246555
-0.38935662748081695
-0.3901383368067269
-0.39092370678213384
-0.3917127392212214
-0.39250542499842256
-0.39330175801109624
-0.394101740139826
-0.3949053568302718
-0.39571261352689435
-0.3965234999362857
-0.39733801273398245
-0.3981561405850249
-0.3989778874954522
-0.3998032437981463
-0.40063220360011764
-0.4014647660789938
-0.4023009225007875
-0.40314066531284964
-0.4039839898888543
-0.40483089783491727
-0.40568137329684434
-0.4065354185889211
-0.4073930217571574
-0.4082541839079322
-0.409118892702759
-0.40998714472485787
-0.41085893486858843
-0.4117342574318021
-0.4126131041977533
-0.41349547251637175
-0.41438134914004965
-0.41527073620020805
-0.4161636252015165
-0.4170600095446066
-0.41795988008790125
-0.41886322852962515
-0.41977005701767917
-0.4206803547158273
-0.4215941094064226
-0.42251132489393245
-0.4234319838019709
-0.4243560876452201
-0.42528362573418527
-0.4262145905873847
-0.4271489743311734
-0.42808677840064036
-0.42902798483996635
-0.4299725903072499
-0.43092059070679595
-0.43187197655926085
-0.4328267395875005
-0.4337848731317554
-0.43474636967372576
-0.43571122247593413
-0.43667942471611504
-0.4376509675759123
-0.4386258421797132
-0.4396040384506153
-0.440585558288688
-0.4415703877636853
-0.4425585174451756
-0.44354994143465964
-0.4445446521040602
-0.4455426435734795
-0.4465438964189181
-0.4475484174827109
-0.44855618986191315
-0.44956720792326715
-0.4505814659070373
-0.4515989503411899
-0.45261965497803813
-0.45364357287656487
-0.45467069538338284
-0.4557010107791133
-0.45673451484398575
-0.45777119133938426
-0.4588110407838686
-0.45985405236400967
-0.4609002112159134
-0.46194951339526114
-0.4630019499040686
-0.46405751070459084
-0.4651161855715026
-0.46617796801143463
-0.4672428491384932
-0.46831081604908026
-0.46938186394523834
-0.47045598125116916
-0.47153315641946686
-0.47261338323590973
-0.47369665260366206
-0.4747829563575859
-0.47587227677355404
-0.47696461149949626
-0.47805995251575856
-0.47915828527582016
-0.4802596006943093
-0.4813638913582236
-0.48247114261902474
-0.483581349485291
-0.4846945024577157
-0.4858105856923769
-0.4869295961707165
-0.4880515202538092
-0.48917634937443777
-0.4903040703815776
-0.491434674223958
-0.492568149498769
-0.4937044914743709
-0.49484368377350463
-0.49598571597411945
-0.4971305830690981
-0.4982782726971038
-0.4994287681635559
-0.5005820626961792
-0.5017381509038861
-0.5028970112557994
-0.5040586396843202
-0.5052230279825348
-0.5063901640379856
-0.5075600314347466
-0.50873262218927
-0.5099079259667187
-0.5110859341716292
-0.5122666303203649
-0.5134500040315458
-0.5146360526682138
-0.5158247549595146
-0.5170161047145712
-0.5182100858767731
-0.5194066898457523
-0.5206059084497392
-0.5218077260705724
-0.5230121331133563
-0.5242191185954962
-0.5254286708506117
-0.5266407704998983
-0.5278554149310317
-0.5290725924409023
-0.5302922868458994
-0.5315144884116967
-0.5327391854553086
-0.5339663661612962
-0.5351960182934904
-0.5364281319537455
-0.5376626901985982
-0.5388996818381013
-0.5401391018850389
-0.541380927678644
-0.5426251589538643
-0.5438717694407237
-0.5451207570437219
-0.5463721068709418
-0.5476258046577503
-0.548881842328002
-0.5501402032197902
-0.5514008779232912
-0.5526638532980206
-0.5539291124101321
-0.5551966474194286
-0.5564664460444585
-0.5577384945019241
-0.5590127795889631
-0.5602892873311278
-0.5615680070429522
-0.562848922595117
-0.5641320277664362
-0.565417300594532
-0.5667047398384533
-0.5679943202748546
-0.5692860358818513
-0.5705798727103413
-0.5718758154024753
-0.5731738570062895
-0.5744739738660013
-0.5757761642274897
-0.5770804056050509
-0.5783866886368378
-0.579695003237319
-0.5810053311964013
-0.5823176597530059
-0.5836319784916729
-0.5849482679018636
-0.5862665213300073
-0.5875867240156963
-0.5889088600446932
-0.5902329156280082
-0.5915588793354633
-0.5928867361160132
-0.5942164740798144
-0.5955480781740948
-0.5968815309163182
-0.5982168241538877
-0.5995539436161843
-0.600892870594341
-0.6022335997090666
-0.6035761073592032
-0.6049203882421754
-0.6062664226251815
-0.607614195877547
-0.6089636978230849
-0.6103149139639226
-0.6116678276775999
-0.6130224284277254
-0.614378696166452
-0.6157366269096485
-0.6170961957653616
-0.6184573960811109
-0.6198202058810225
-0.6211846157455397
-0.6225506149155903
-0.6239181835462042
-0.6252873073338735
-0.6266579752895064
-0.62803016972605
-0.6294038787030166
-0.6307790878727386
-0.6321557777413325
-0.6335339407904825
-0.6349135562261778
-0.636294613977081
-0.6376770972841608
-0.6390609934425331
-0.6404462868001979
-0.641832959786052
-0.6432210032511569
-0.6446103989853875
-0.6460011276152162
-0.6473931842460455
-0.648786548946742
-0.6501812045857959
-0.6515771440565724
-0.6529743422528745
-0.6543727928749858
-0.6557724732255423
-0.6571733767600664
-0.6585754817754418
-0.6599787794033509
-0.661383245919076
-0.6627888759372054
-0.664195648657054
-0.6656035492130722
-0.6670125650256129
-0.6684226776546686
-0.669833875812182
-0.6712461409830862
-0.6726594593181763
-0.6740738167701397
-0.6754891960447598
-0.6769055843416658
-0.6783229632516327
-0.679741319574387
-0.6811606377456005
-0.6825809038984199
-0.6840021003332745
-0.6854242121436211
-0.68684722505463
-0.6882711224480196
-0.6896958895152258
-0.6911215109488656
-0.6925479713515106
-0.693975255853209
-0.6954033459729516
-0.6968322291036836
-0.6982618910738385
-0.6996923098429788
-0.7011234809885696
-0.7025553810791048
-0.7039879962460699
-0.7054213071426482
-0.7068553043428343
-0.7082899714945361
-0.7097252891808173
-0.7111612424023801
-0.712597819197901
-0.7140349987947527
-0.7154727707343334
-0.7169111173605632
-0.7183500222710554
-0.7197894690134722
-0.7212294471470668
-0.7226699315127251
-0.7241109141349188
-0.72555237783016
-0.7269943052434872
-0.7284366801452175
-0.7298794884132543
-0.7313227148640088
-0.7327663411243667
-0.7342103558754194
-0.7356547369891169
-0.7370994753101913
-0.7385445485826256
-0.7399899458341591
-0.7414356486889302
-0.7428816437883538
-0.7443279116275822
-0.7457744379278348
-0.7472212083209632
-0.7486682085674681
-0.7501154173545925
-0.7515628218152808
-0.7530104077704551
-0.7544581552319396
-0.7559060488575896
-0.7573540796268167
-0.7588022231644785
-0.7602504669503188
-0.7616987962755053
-0.7631471918322331
-0.7645956410775062
-0.7660441274552025
-0.7674926352560911
-0.7689411415271302
-0.7703896416392143
-0.771838114138565
-0.7732865428656587
-0.7747349124003329
-0.7761832056113428
-0.7776314060059837
-0.779079504574667
-0.7805274773746649
-0.7819753118239484
-0.7834229900866833
-0.7848705000723565
-0.7863178238101596
-0.7877649429274223
-0.7892118432016266
-0.7906585088023073
-0.7921049263008421
-0.7935510736760409
-0.7949969405386652
-0.7964425070244888
-0.7978877629549798
-0.799332683581636
-0.8007772640091728
-0.8022214791914876
-0.8036653200189343
-0.805108760754566
-0.8065517970879974
-0.8079944030948133
-0.8094365689589694
-0.8108782778099906
-0.8123195135095342
-0.8137602612663184
-0.8152005007475351
-0.8166402196005687
-0.8180794018539191
-0.8195180307108599
-0.8209560938637792
-0.8223935668570239
-0.823830443545251
-0.8252667016768103
-0.8267023282498228
-0.8281373068340063
-0.8295716238399823
-0.831005253855341
-0.832438194601414
-0.833870423905818
-0.8353019258162905
-0.8367326815138639
-0.8381626810316357
-0.839591903490217
-0.8410203374525816
-0.8424479644084973
-0.8438747726747121
-0.8453007404611996
-0.8467258577813759
-0.8481501028718146
-0.8495734649891882
-0.850995926929205
-0.852417471808923
-0.8538380832519955
-0.8552577488319738
-0.8566764542407874
-0.858094179050442
-0.8595109058646744
-0.8609266267821674
-0.8623413219163787
-0.8637549768114515
-0.8651675711131468
-0.8665790952329009
-0.8679895322939515
-0.869398866954562
-0.8708070802898642
-0.8722141608094486
-0.8736200910047932
-0.8750248542720231
-0.876428440368522
-0.8778308264781083
-0.8792320025544133
-0.8806319522476633
-0.8820306590334792
-0.8834281083314779
-0.8848242850153564
-0.8862191714734474
-0.8876127554193163
-0.889005020465803
-0.8903959491405736
-0.891785528180137
-0.8931737432042411
-0.894560582259405
-0.8959460183857241
-0.8973300473659152
-0.8987126470999884
-0.9000938127916451
-0.9014735189926434
-0.9028517524867105
-0.90422850070303
-0.9056037445313105
-0.9069774742931757
-0.9083496717471681
-0.909720324935318
-0.9110894141087259
-0.9124569260730411
-0.9138228481561415
-0.9151871623350093
-0.9165498559667993
-0.9179109123704533
-0.9192703176889878
-0.9206280573551933
-0.9219841163502418
-0.9233384792342557
-0.9246911307163613
-0.9260420579497113
-0.9273912447425728
-0.9287386775541545
-0.9300843414891647
-0.931428218833022
-0.9327702977992178
-0.9341105629872466
-0.9354489988748567
-0.9367855955869698
-0.9381203352078632
-0.9394531992985311
-0.9407841809587011
-0.9421132585191777
-0.9434404249425281
-0.9447656592928112
-0.9460889489952892
-0.9474102823589031
-0.9487296429558139
-0.9500470140554846
-0.9513623861611111
-0.9526757437667212
-0.9539870674239929
-0.9552963483411838
-0.9566035736748318
-0.9579087249709751
-0.9592117904531182
-0.9605127554078523
-0.9618116042281262
-0.9631083259083394
-0.9644029033721874
-0.9656953281998966
-0.9669855787441399
-0.9682736450937948
-0.9695595124986607
-0.9708431679813554
-0.9721245981119031
-0.973403786997899
-0.9746807222103815
-0.9759553906116384
-0.9772277804119229
-0.9784978702943058
-0.9797656527230136
-0.9810311139160529
-0.9822942409488686
-0.9835550181523237
-0.9848134312091954
-0.9860694689140409
-0.9873231144415289
-0.9885743606286783
-0.9898231842798908
-0.9910695828608692
-0.9923135376121412
-0.9935550357979983
-0.9947940625918613
