1025
1.3827941604247471
1.3813499453400022
1.3799045773044554
1.3784580679867515
1.3770104237077145
1.375561647308048
1.3741117526517503
1.3726607413332366
1.3712086201599387
1.3697554041578328
1.3683010868796792
1.3668456848011532
1.3653892023048524
1.3639316485026975
1.3624730300368264
1.3610133534289621
1.3595526209545319
1.3580908486409777
1.3566280389094518
1.3551641993371635
1.353699340775594
1.3522334655246255
1.3507665841916006
1.3492987015544429
1.3478298301198843
1.3463599716592032
1.3448891366177556
1.3434173319243032
1.3419445656416662
1.3404708448907203
1.3389961771065182
1.337520569649329
1.336044029478627
1.334566570624983
1.3330881920057822
1.3316089067268957
1.3301287244903257
1.3286476455896734
1.3271656806398417
1.325682844010708
1.3241991355677873
1.322714567841686
1.3212291487150989
1.3197428812631056
1.3182557803188648
1.3167678499068596
1.3152790987465381
1.313789537436754
1.312299170216699
1.3108080062711587
1.3093160562596267
1.3078233252018692
1.3063298203460694
1.3048355603231063
1.3033405364246466
1.3018447702095721
1.3003482639464852
1.2988510340144346
1.2973530781923903
1.2958544102796932
1.294355038027458
1.2928549687572986
1.2913542152507618
1.2898527816968448
1.2883506781369327
1.2868479141590758
1.285344495191448
1.2838404336139886
1.2823357361024545
1.2808304097473713
1.2793244653992197
1.2778179138932804
1.2763107592071887
1.2748030124980685
1.273294684171551
1.2717857853601056
1.27027631604061
1.2687662911155426
1.2672557208362567
1.265744609647193
1.2642329702833703
1.2627208092159952
1.2612081372221402
1.25969496224304
1.2581812918981305
1.2566671412791852
1.2551525135395756
1.2536374166960174
1.2521218664323812
1.250605867805941
1.249089427015859
1.247572562281856
1.2460552722233729
1.2445375743093392
1.243019472875405
1.2415009835516302
1.2399821063154244
1.2384628540126565
1.23694324139366
1.2354232709892548
1.2339029568414517
1.2323823087745975
1.2308613296556963
1.2293400335140485
1.2278184333183813
1.2262965327145248
1.2247743433012246
1.223251877642494
1.2217291376348804
1.2202061404281752
1.2186828907399931
1.2171594012181435
1.2156356841335108
1.2141117414749685
1.212587591690038
1.2110632335314757
1.2095386880952117
1.2080139594975583
1.2064890561183483
1.204963991506821
1.203438773196542
1.201913414815873
1.2003879193704998
1.1988622985860709
1.1973365676356456
1.1958107309140646
1.1942848024512016
1.1927587916752982
1.191232702910508
1.189706550620333
1.1881803460830849
1.1866540952652072
1.1851278128937737
1.1836015058346334
1.1820751846476232
1.180548861133488
1.179022541904279
1.17749623562303
1.175969959227755
1.1744437232996807
1.1729175294121268
1.1713913939895733
1.1698653250349464
1.1683393340331005
1.1668134273210247
1.1652876229090376
1.1637619208996572
1.1622363413851324
1.160710891177308
1.1591855783620155
1.1576604118559108
1.1561354057652067
1.1546105718997843
1.1530859130334918
1.1515614485644214
1.1500371834517034
1.1485131323916595
1.1469893011912948
1.1454657018881
1.1439423418875878
1.142419235217171
1.1408963963219192
1.139373825487417
1.1378515375388125
1.1363295498447519
1.134807864375727
1.1332864907349254
1.1317654493705256
1.130244741151888
1.1287243793638084
1.1272043821654687
1.125684744500755
1.1241654881916319
1.1226466188158286
1.1211281521658976
1.1196100958498438
1.1180924590063117
1.1165752564679918
1.115058497078556
1.1135421856780765
1.112026336313921
1.110510970050335
1.108996080602908
1.1074816895855948
1.1059678074436103
1.1044544371919742
1.1029415958144204
1.1014292916138653
1.0999175388317854
1.0984063469136947
1.0968957228541967
1.0953856779755569
1.0938762262973416
1.0923673800310765
1.0908591437751267
1.089351536045739
1.087844558438884
1.086338227011816
1.0848325533315815
1.0833275456452907
1.0818232141768878
1.0803195770840353
1.0788166348390873
1.0773144044883487
1.0758128960685556
1.0743121174444727
1.0728120851390672
1.071312804617032
1.0698142856732378
1.0683165454160697
1.0668195894424324
1.0653234293008247
1.0638280794602
1.062333545610781
1.060839849284124
1.0593469841270526
1.0578549736894862
1.056363821965733
1.0548735465187113
1.053384155834185
1.0518956557700272
1.0504080661330013
1.048921387671398
1.047435637675923
1.045950830263769
1.0444669658848074
1.0429840664139494
1.0415021338402466
1.0400211826853507
1.0385412266849592
1.0370622708656814
1.03558433541147
1.034107420040704
1.0326315411619755
1.0311567108830555
1.029682935452011
1.0282102309151184
1.0267386042263176
1.025268069822356
1.023798634968471
1.0223303107610027
1.020863113291267
1.019397049634977
1.0179321261729564
1.0164683632370766
1.015005765319531
1.01354434293971
1.01208410568231
1.0106250785451212
1.0091672554284183
1.0077106486122427
1.0062552759447878
1.0048011477836505
1.0033482718101954
1.0018966619680896
1.000446323875287
0.9989972733426874
0.9975495182687687
0.9961030698376884
0.9946579420124134
0.9932141422489569
0.9917716821270046
0.9903305715690507
0.9888908265527608
0.9874524500479954
0.9860154547397515
0.9845798568502319
0.9831456629159022
0.9817128818801034
0.9802815284037035
0.9788516111204538
0.9774231442851088
0.9759961323774274
0.9745705912928775
0.9731465326363262
0.9717239632879174
0.9703028864924583
0.9688833336846668
0.9674652947698135
0.9660487953352496
0.9646338333452681
0.9632204273776684
0.9618085886571532
0.9603983298115978
0.9589896488982487
0.9575825707371007
0.9561770996153393
0.9547732478387978
0.9533710191926061
0.9519704371681968
0.9505715015520629
0.949174228762319
0.9477786206717953
0.9463847015250418
0.9449924720724167
0.9436019502398654
0.9422131329830963
0.9408260415279776
0.9394406853807212
0.938057076754288
0.9366752250609557
0.9352951336853056
0.933916820657591
0.9325402944562811
0.9311655645664302
0.9297926412830085
0.9284215379004489
0.9270522610277427
0.9256848240937482
0.9243192336484576
0.9229555023405537
0.9215936430142758
0.9202336631572221
0.9188755727638255
0.9175193791527653
0.9161650984909967
0.9148127406703626
0.9134623111634271
0.9121138237801355
0.9107672869559282
0.9094227122144977
0.9080801097391924
0.9067394877197945
0.905400860230659
0.9040642349350135
0.9027296180890445
0.901397024791237
0.9000664682615422
0.8987379452638179
0.8974114817686081
0.8960870791601253
0.8947647475874904
0.8934445017238373
0.8921263473924473
0.8908102937168624
0.889496349562201
0.8881845304955805
0.886874845720353
0.8855672959864016
0.8842619019645178
0.8829586723134691
0.8816576109975583
0.8803587314591993
0.8790620418249603
0.8777675515662468
0.8764752721488189
0.8751852161447677
0.8738973859767762
0.8726117938364341
0.8713284540689618
0.8700473722000326
0.8687685595467962
0.8674920215395151
0.8662177710119813
0.8649458206729622
0.863676172701887
0.8624088434473958
0.8611438368234795
0.8598811693769184
0.8586208406507494
0.8573628674322116
0.8561072604899899
0.854854016934583
0.8536031607790373
0.85235469755504
0.8511086309781828
0.8498649747211452
0.8486237357895396
0.84738492566607
0.8461485526516545
0.8449146255806929
0.8436831542014592
0.8424541431883794
0.841227610429998
0.8400035586275564
0.838781998620416
0.8375629391550364
0.8363463894213056
0.835132358708496
0.8339208519185181
0.8327118804089435
0.8315054595275783
0.8303015871016683
0.8291002805336242
0.8279015462154753
0.8267053891144951
0.8255118231679403
0.8243208567666162
0.8231324934071098
0.8219467451102467
0.820763624059559
0.8195831294349081
0.8184052849065835
0.8172300771732274
0.8160575342176056
0.8148876575716075
0.8137204553881642
0.8125559329038676
0.8113941082386756
0.8102349799349742
0.809078557037805
0.8079248559653912
0.8067738758363322
0.8056256342820535
0.8044801264428326
0.803337374320321
0.8021973744565204
0.8010601445399199
0.7999256876712653
0.7987940095919086
0.7976651243803248
0.7965390350224465
0.7954157542104635
0.7942952871918524
0.7931776383026425
0.792062822774436
0.7909508385614297
0.7898417078733951
0.7887354215937411
0.7876320020641279
0.7865314462063726
0.7854337762287797
0.7843389776235015
0.7832470751364117
0.7821580727381221
0.7810719767494445
0.7799887920426254
0.7789085269834968
0.7778311987287829
0.7767567992735475
0.7756853504532534
0.7746168444650762
0.773551296873849
0.7724887172408064
0.7714291111056963
0.7703724819336597
0.7693188442504109
0.7682681991609865
0.767220554912743
0.7661759176808798
0.7651342949104663
0.7640956985786417
0.7630601278265151
0.7620275914709268
0.7609980996332603
0.7599716604418321
0.75894827490435
0.7579279556209514
0.7569106997226679
0.7558965305684697
0.7548854358786145
0.7538774349354342
0.752872528586128
0.7518707242771412
0.7508720330017941
0.7498764543613463
0.7488839983478548
0.7478946773795849
0.7469084872143984
0.7459254346448181
0.7449455342773273
0.7439687854609411
0.7429952005537815
0.7420247800577052
0.7410575318267045
0.7400934609491719
0.7391325752233597
0.7381748809241185
0.7372203807908461
0.7362690850850611
0.7353209947826245
0.73437612188359
0.7334344684698006
0.7324960356512021
0.7315608421526707
0.7306288791605074
0.7297001614037624
0.7287746926193968
0.7278524718660512
0.7269335171861148
0.72601782737144
0.7251054033985262
0.7241962549657094
0.7232903907355677
0.7223878125725538
0.721488525754028
0.720592529469852
0.7196998427929092
0.7188104607116877
0.7179243876354299
0.7170416363359187
0.7161622038135779
0.715286097643126
0.7144133250779808
0.7135438880376739
0.7126777959908961
0.7118150462250189
0.7109556509482593
0.7100996121889366
0.7092469311297215
0.7083976135279225
0.707551666234996
0.7067090993375167
0.7058699076358427
0.7050340958725582
0.704201676831018
0.7033726484398477
0.7025470177511874
0.7017247837893096
0.7009059572847525
0.7000905384174675
0.6992785343886706
0.6984699435471368
0.6976647828194926
0.6968630373876656
0.6960647257759435
0.6952698454136204
0.6944784061304335
0.693690401515336
0.6929058474709827
0.6921247392721245
0.691347081948341
0.6905728809877926
0.6898021432937467
0.6890348642920482
0.6882710508242382
0.6875107066284106
0.6867538404265505
0.6860004464371733
0.685250529804638
0.684504104947666
0.6837611640512633
0.6830217078152382
0.6822857473331602
0.6815532800809843
0.6808243151065284
0.6800988514370698
0.6793768906740476
0.6786584379382918
0.6779434981718606
0.6772320698545662
0.6765241563474601
0.6758197614019102
0.6751188925345405
0.6744215407276677
0.6737277197526341
0.6730374292828611
0.6723506678234101
0.6716674388836877
0.6709877508756558
0.6703115974254874
0.669638986595559
0.668969921131203
0.6683043964092579
0.6676424262116877
0.6669839994468957
0.6663291251025529
0.6656778045038326
0.6650300447573881
0.664385838252824
0.6637451915240118
0.6631081079882202
0.6624745834984899
0.6618446243430068
0.6612182341083731
0.660595413361618
0.6599761553131575
0.6593604738521639
0.6587483615942329
0.6581398271897831
0.6575348629872576
0.6569334777680931
0.6563356708787398
0.6557414431083873
0.6551507933769607
0.6545637274622692
0.6539802404094769
0.6534003432542427
0.6528240258443896
0.652251291721478
0.6516821433507116
0.6511165846289083
0.6505546177313081
0.6499962328410187
0.6494414371339003
0.6488902358563432
0.648342618149577
0.647798597224084
0.647258164473428
0.646721323630908
0.6461880763274511
0.6456584237211572
0.645132356615118
0.6446098875637896
0.6440910121878638
0.6435757268273019
0.643064035155494
0.6425559367024714
0.6420514326848181
0.6415505224015571
0.6410532046056181
0.6405594761571355
0.6400693420292579
0.6395828007821326
0.639099857468849
0.6386204976576189
0.6381447292973045
0.6376725530115547
0.6372039665456116
0.6367389704837823
0.6362775593562761
0.6358197462035243
0.635365514200215
0.6349148701988945
0.6344678127630395
0.6340243360373923
0.6335844472057046
0.6331481411796677
0.6327154159570993
0.6322862697281653
0.6318607055307451
0.631438717596605
0.6310203130045187
0.630605479839962
0.630194219316928
0.6297865367365373
0.6293824234868115
0.6289818814317469
0.6285849074055386
0.6281915028747644
0.6278016623811825
0.6274153837677813
0.6270326707948849
0.6266535150384639
0.6262779169240599
0.6259058796447529
0.6255373954196387
0.6251724614113906
0.6248110771688468
0.6244532465637673
0.6240989601514765
0.6237482148868867
0.623401013052289
0.6230573516616321
0.6227172247628665
0.6223806386706356
0.6220475815605907
0.6217180526705187
0.6213920541406724
0.62106957821146
0.6207506226123628
0.6204351869092475
0.6201232685928116
0.6198148644687832
0.6195099734284896
0.6192085860008988
0.6189107058069651
0.6186163290382857
0.618325446393762
0.6180380583993398
0.6177541686461525
0.6174737684611932
0.6171968485040458
0.6169234188446197
0.6166534679910672
0.6163869893972045
0.616123980508668
0.6158644452089838
0.6156083742592585
0.6153557672651073
0.6151066149696959
0.6148609202372415
0.6146186781681601
0.6143798756588766
0.6141445199446744
0.6139126022893322
0.6136841220533281
0.6134590741538213
0.6132374495085253
0.6130192503198335
0.6128044687549736
0.6125931010352321
0.6123851402244098
0.6121805952488318
0.6119794489961088
0.6117816967811177
0.6115873380260592
0.6113963698521793
0.6112087838485398
0.6110245772649602
0.6108437437921843
0.6106662787913741
0.6104921819728808
0.6103214462917964
0.610154061419887
0.6099900328986569
0.6098293418614786
0.6096719999756883
0.6095179913406484
0.6093673122628603
0.6092199598957193
0.6090759243578414
0.608935207219152
0.6087977970427219
0.6086636903061069
0.6085328865882002
0.6084053752214761
0.6082811496242311
0.6081602060959311
0.6080425409909648
0.607928145521124
0.6078170176880147
0.6077091515128014
0.6076045346537429
0.6075031719330984
0.6074050444084903
0.6073101599581178
0.6072185029973527
0.6071300717517925
0.6070448594460529
0.6069628562346627
0.6068840656000012
0.6068084679488582
0.6067360699598972
0.6066668590536999
0.6066008254290499
0.6065379694144613
0.6064782824219527
0.6064217553155685
0.6063683894335138
0.6063181701656174
0.60627108854073
0.6062271460484324
0.6061863341448263
0.6061486416420802
0.6061140669669505
0.6060825985627932
0.6060542318071915
0.6060289643614675
0.606006783333023
0.6059876811783268
0.6059716571312355
0.6059586936093279
0.6059487950227855
0.6059419449552463
0.6059381408023313
0.6059373792310637
0.605939646446198
0.605944934417448
0.6059532420403346
0.6059645539567263
0.6059788728879891
0.6059961769282406
0.6060164726490125
0.6060397425033898
0.6060659876463761
0.6060951964652327
0.6061273550753532
0.6061624637876181
0.6062005120924304
0.6062414905280031
0.6062853953199868
0.6063322132456294
0.6063819385718435
0.6064345663704066
0.6064900831774871
0.6065484864252496
0.6066097632364781
0.606673907218462
0.6067409090031081
0.606810760208944
0.6068834576450721
0.60695898416384
0.6070373371052803
0.6071185131706724
0.6072024915105438
0.6072892696736839
0.6073788424956167
0.6074711918072268
0.6075663206131666
0.6076642106303022
0.6077648629721896
0.6078682582516057
0.6079743933799948
0.6080832566988498
0.6081948454494663
0.608309141672593
0.6084261433670752
0.6085458391660323
0.6086682193449318
0.6087932779266456
0.6089210014958076
0.6090513822368087
0.6091844132087564
0.6093200822806312
0.6094583805378484
0.6095992994111133
0.6097428320686709
0.6098889644351402
0.6100376907626144
0.6101889978683167
0.610342878423147
0.6104993240446724
0.6106583233205535
0.610819868073742
0.6109839471843399
0.6111505516054537
0.6113196722488281
0.6114912972859318
0.6116654204713089
0.6118420305872833
0.612021113909697
0.6122026696937369
0.6123866740291193
0.6125731267523334
0.6127620157158846
0.6129533351936312
0.613147068055789
0.6133432059285887
0.6135417414264329
0.613742664738341
0.6139459608503961
0.6141516256835985
0.6143596436880256
0.6145700051696754
0.6147827026360809
0.6149977256955772
0.6152150574334422
0.6154346982982724
0.6156566293840345
0.6158808424191862
0.6161073281375955
0.6163360753953546
0.61656707358317
0.6168003099773689
0.6170357775199461
0.6172734602879257
0.6175133545813231
0.6177554436962492
0.6179997214836236
0.6182461733422664
0.6184947909610187
0.618745560031531
0.6189984747041035
0.6192535224253649
0.6195106895592797
0.6197699642010741
0.6200313405080777
0.6202948051610209
0.6205603439691509
0.6208279516742496
0.6210976151747412
0.6213693167458766
0.6216430549006904
0.6219188128294597
0.6221965796350427
0.6224763479510463
0.6227581002708203
0.6230418293740718
0.6233275225409687
0.6236151749373716
0.623904763601082
0.6241962828095677
0.6244897218584263
0.6247850681618201
0.6250823120994368
0.625381443054945
0.6256824403666837
0.6259853027368074
0.6262900137483539
0.62659656480865
0.6269049384820051
0.6272151281635729
0.6275271225001989
0.6278409084880961
0.6281564745479029
0.6284738046685433
0.6287928963423612
0.6291137306236886
0.629436298775855
0.6297605838304403
0.6300865838949687
0.6304142736979934
0.6307436509089681
0.6310746976527204
0.6314074132180953
0.6317417712249
0.6320777717847269
0.6324153955870586
0.6327546320702296
0.6330954689240745
0.6334378926138619
0.6337818971022999
0.6341274659541455
0.6344745876527814
0.6348232488120451
0.6351734345816833
0.6355251442381388
0.6358783509557128
0.6362330544628623
0.6365892350301708
0.6369468824553104
0.6373059824637759
0.6376665336583913
0.6380285075773321
0.6383918990285989
0.6387566971620329
0.6391228930319145
0.639490465746881
0.6398594105050687
0.6402297086841146
0.6406013522774111
0.6409743237518908
0.64134861661842
0.6417242142216784
0.6421011077252224
0.6424792814611856
0.6428587240035741
0.6432394240695323
0.6436213701509593
0.6440045463318436
0.6443889372135307
0.6447745366153752
0.6451613337180003
0.6455493078883975
0.6459384512910253
0.6463287488897113
0.6467201944689006
0.647112768623585
0.6475064586233676
0.6479012536705628
0.648297145394672
0.6486941135476663
0.6490921507241145
0.6494912451037577
0.6498913768565063
0.6502925421262816
0.6506947208028028
0.6510979041958487
0.6515020788874955
0.6519072305944654
0.6523133485165705
0.6527204205119486
0.6531284311136372
0.6535373680517544
0.6539472230281675
0.6543579791108748
0.6547696225171092
0.6551821372936897
0.6555955249784603
0.6560097576041303
0.6564248329829592
0.6568407246325001
0.6572574331351468
0.6576749412161019
0.6580932352772376
0.6585123061254016
0.6589321348849514
0.6593527118888515
0.659774021709926
0.6601960565616176
0.6606188007280178
0.6610422400736181
0.6614663635660792
0.6618911579338699
0.6623166116002065
0.6627427094677526
0.6631694385361174
0.6635967873573861
0.6640247431462734
0.6644532935964265
0.6648824226578516
0.665312121212708
0.6657423726433928
0.666173167078048
0.6666044929705217
0.667036334332821
0.6674686798675682
0.6679015183989099
0.6683348301677982
0.6687686065810804
0.6692028403933719
0.6696375086509724
0.6700726078160995
0.6705081149861662
0.6709440274993898
0.6713803274697047
0.6718170016066619
0.6722540367025006
0.672691425256975
0.6731291469892323
0.6735671920684614
0.6740055524558172
0.6744442102789253
0.674883150403045
0.6753223644731736
0.6757618388409378
0.6762015587519763
0.6766415161560123
0.677081693225808
0.6775220793353381
0.6779626581748437
0.6784034239743522
0.6788443606191232
0.6792854557131598
0.679726694823947
0.680168065444147
0.6806095574170935
0.6810511566841964
0.6814928491788885
0.6819346191925919
0.6823764656257676
0.6828183668244824
0.6832603104355133
0.6837022829367335
0.684144275138881
0.6845862739730059
0.6850282657040812
0.6854702399799181
0.6859121782744643
0.6863540784152066
0.6867959163940597
0.6872376850106798
0.6876793715621496
0.6881209657853662
