1025
2.0278213957623663
2.0291441325883905
2.0304598129629023
2.0317684386323998
2.0330700041401246
2.0343644877135776
2.035651903639189
2.0369322266338266
2.0382054556202522
2.0394715977191047
2.040730616393167
2.0419825276334174
2.043227316642303
2.0444649799422154
2.0456955115079536
2.046918902956594
2.0481351396863077
2.0493442262464834
2.050546151745803
2.051740910611782
2.0529285017658365
2.05410890712963
2.0552821294270482
2.0564481570038105
2.0576069938383164
2.0587586203032067
2.059903038353448
2.061040238267512
2.0621702190857487
2.063292968318386
2.0644084811743535
2.065516757394896
2.066617779712541
2.067711562653344
2.06879808033199
2.0698773383890536
2.0709493348803236
2.072014047216236
2.0730714790839357
2.0741216349788454
2.07516449282427
2.0762000603814235
2.077228330932928
2.0782492877234184
2.0792629365731288
2.0802692706978525
2.0812682844505885
2.0822599734516536
2.083244331123321
2.0842213495461928
2.085191033775293
2.0861533648700927
2.08710834503123
2.0880559855518426
2.088996246421186
2.08992915415869
2.090854686972848
2.091772861809423
2.0926836516759204
2.0935870589740047
2.094483080904802
2.0953717098547697
2.096252952274453
2.0971267924914825
2.0979932321639336
2.0988522690589204
2.099703889249237
2.100548101119505
2.101384894231611
2.1022142593633655
2.103036200669669
2.1038507180772723
2.1046577990961888
2.1054574395862087
2.1062496496371654
2.1070344183473235
2.107811732872108
2.1085815973501383
2.1093440167727833
2.110098970683946
2.1108464714139843
2.11158650471001
2.112319077060886
2.1130441754545926
2.113761800533994
2.114471957949134
2.1151746345355247
2.115869824368783
2.1165575378925765
2.1172377676153875
2.117910498828667
2.1185757531685834
2.119233499596982
2.1198837572856597
2.1205265149119827
2.121161779096702
2.121789530227005
2.1224097725381394
2.1230225138966117
2.1236277423387464
2.1242254588777114
2.1248156706302153
2.1253983555746667
2.1259735213326123
2.1265411739460816
2.1271013014929974
2.1276539040623894
2.1281989877310843
2.128736535570831
2.12926656178196
2.1297890479511645
2.1303040081006044
2.130811440824599
2.1313113297817967
2.13180369345059
2.132288505367514
2.132765789785779
2.1332355352544488
2.133697732946127
2.1341523912757654
2.1345995053868014
2.135039083493541
2.1354711098095307
2.1358955874320786
2.136312521833729
2.1367219082744344
2.137123752042102
2.1375180491771553
2.1379047869220527
2.1382839757749967
2.1386556225826716
2.1390197080422673
2.1393762511112184
2.139725242797447
2.1400666778227015
2.1404005685984706
2.1407269017018735
2.1410456770148216
2.141356904299005
2.1416605908514352
2.141956713568946
2.142245290395629
2.1425263097416765
2.142799780726769
2.1430656963410946
2.1433240670220943
2.143574878825806
2.1438181460087202
2.1440538670204448
2.1442820338430844
2.1445026503044082
2.144715720079409
2.144921247404952
2.14511921539001
2.1453096477110427
2.145492536237276
2.1456678843538857
2.1458356834351444
2.1459959432786673
2.14614865863795
2.146293830020076
2.146431476914933
2.1465615760207517
2.1466841346834005
2.1467991675730276
2.1469066671909225
2.147006625265953
2.1470990633534077
2.1471839670503488
2.147261344386204
2.147331206352255
2.147393531347837
2.1474483376240827
2.147495617350672
2.1475353866261027
2.147567638675558
2.1475923756753095
2.1476096032354346
2.1476193217051094
2.1476215199298982
2.1476162146703044
2.147603419494472
2.1475831074235363
2.14755530101639
2.1475200077209844
2.14747720383378
2.1474269134111372
2.1473691351786988
2.1473038670339566
2.1472311231768932
2.147150892871706
2.1470631787621812
2.146967993206081
2.1468653372553232
2.1467552074854734
2.1466376161434266
2.1465125540000995
2.1463800319130963
2.146240056963934
2.1460926202350556
2.145937727756702
2.145775403846794
2.145605622219311
2.1454284045525394
2.1452437488247944
2.145051653365065
2.144852135089016
2.1446451862110236
2.1444308081463004
2.144209014402021
2.143979802156127
2.1437431745599587
2.14349914261373
2.1432477030475345
2.14298887846994
2.142722639280233
2.142449011100493
2.1421679879984334
2.141879589155257
2.1415838123542463
2.141280651978949
2.1409701250390047
2.140652221458629
2.1403269601739265
2.1399943479315016
2.1396543695777015
2.139307052683913
2.138952380939124
2.138590372030159
2.1382210299448077
2.1378443509545844
2.1374603589857335
2.1370690372528687
2.1366703978046844
2.1362644526450834
2.1358511956834754
2.135430637810279
2.1350027831947824
2.134567642816458
2.1341252107219475
2.1336754969038974
2.133218512075499
2.132754260396312
2.132282732340982
2.131803958067195
2.131317927018011
2.130824644845108
2.1303241119201006
2.1298163678341853
2.1293013779414123
2.128779154646512
2.1282497193429526
2.1277130666925914
2.1271692133788487
2.126618155911635
2.1260599015878343
2.1254944571370955
2.1249218310947287
2.124342019351882
2.1237550468598707
2.123160903384129
2.122559600719574
2.1219511445741777
2.121335550487862
2.1207128080108015
2.1200829300435875
2.119445935977405
2.1188018150372474
2.1181505776683367
2.117492236990112
2.116826791976297
2.1161542591358424
2.1154746354660996
2.1147879363093463
2.1140941679035623
2.11339333452631
2.112685419197312
2.1119704784270206
2.1112484781625276
2.1105194511957013
2.1097833809707724
2.1090402888087145
2.1082901864541634
2.107533078430249
2.1067689591213425
2.10599785225181
2.1052197586780697
2.104434688973692
2.1036426339922056
2.1028436334747105
2.102037666768032
2.101224754198919
2.100404893026736
2.099578109569648
2.0987443912955834
2.09790377311097
2.0970562254727003
2.0962017766797993
2.095340439319337
2.0944722219175644
2.093597131346123
2.0927151589878994
2.0918263305645937
2.0909306513143333
2.0900281259444253
2.0891187633359114
2.088202574690513
2.0872795658896677
2.0863497465458223
2.0854131202313715
2.0844697005861454
2.0835195056033413
2.0825625262351446
2.0815987789345973
2.0806282692372795
2.079651009276759
2.0786670145753763
2.0776762810529363
2.0766788218951473
2.0756746501370062
2.0746637730196364
2.0736461961163046
2.0726219317514887
2.0715909936794574
2.070553386116002
2.069509105843987
2.0684581766180834
2.067400618605179
2.0663364096678443
2.0652655901415824
2.064188151949628
2.0631041062523936
2.062013476618723
2.0609162547015774
2.0598124518580185
2.058702082994727
2.0575851591195016
2.056461694378574
2.055331678676527
2.054195144142016
2.0530520973941395
2.051902535310072
2.0507464765447883
2.0495839260170383
2.0484148982373145
2.0472394041747086
2.046057454412015
2.044869055208937
2.043674212836291
2.0424729443757212
2.041265263602101
2.040051175797462
2.0388306858957406
2.0376038053735783
2.036370562665124
2.035130942357285
2.0338849725772667
2.0326326544115525
2.031374009385425
2.030109030852869
2.0288377424826005
2.027560159141025
2.026276266235866
2.0249861041117265
2.0236896725697413
2.0223869817355458
2.0210780401243404
2.0197628589995675
2.018441452467356
2.0171138323126994
2.015780006767673
2.0144399880768593
2.0130937780825215
2.0117414091382795
2.0103828714028644
2.0090181877208697
2.007647366122788
2.006270417355172
2.004887357141852
2.0034981849327695
2.0021029197932556
2.0007015810585256
1.9992941651544154
1.9978806962420705
1.9964611825819958
1.9950356218727197
1.9936040464429614
1.9921664659261658
1.9907228739535365
1.9892732942832971
1.9878177440061457
1.9863562191869988
1.98488876104309
1.9834153333699382
1.9819359910718
1.9804507285232966
1.9789595630865435
1.9774624940570584
1.9759595573693587
1.9744507447402893
1.9729360672299234
1.9714155542396237
1.9698892034587683
1.9683570434456004
1.9668190547042907
1.9652752852422113
1.9637257182322394
1.9621703917614337
1.9606093000029838
1.9590424577656687
1.9574698868125142
1.9558915845328357
1.9543075844758182
1.952717885554361
1.9511224920459156
1.949521434602746
1.9479147109436121
1.9463023497153016
1.9446843435818504
1.9430607251916312
1.9414314909167818
1.939796677046442
1.9381562584532144
1.9365102831564933
1.934858743026908
1.9332016667681928
1.9315390512988408
1.9298709160214094
1.9281972908565006
1.9265181569425351
1.9248335611188716
1.9231434801710987
1.9214479467524408
1.9197469826604674
1.9180405894402779
1.9163287793355874
1.9146115768100764
1.9128889830431999
1.9111610187604147
1.9094276916553596
1.9076890144375824
1.9059450123669115
1.904195682137238
1.9024410483195342
1.9006811186274108
1.8989159185832885
1.897145444747972
1.8953697262394693
1.8935887575142667
1.8918025781131635
1.8900111752720512
1.8882145797703367
1.8864127952502632
1.8846058434483337
1.8827937381157587
1.8809764854556241
1.879154102913851
1.8773266196860128
1.8754940261812434
1.8736563387799219
1.8718135875637942
1.8699657733934876
1.8681129168787125
1.8662550294444566
1.8643921249107462
1.862524217325216
1.8606513175333714
1.8587734468762793
1.8568906113805022
1.8550028353303532
1.853110119472801
1.8512124951389572
1.8493099611396315
1.8474025355728823
1.8454902497390113
1.8435730877420153
1.8416510858031843
1.8397242529116018
1.8377925921913378
1.8358561405604719
1.8339149011582028
1.8319688837680306
1.8300181020605242
1.8280625820650114
1.826102336991692
1.8241373728379462
1.8221676936693982
1.8201933438146893
1.818214320316778
1.8162306327203173
1.8142423135612316
1.8122493560606259
1.8102517869687402
1.8082496220675845
1.8062428718598273
1.8042315615666509
1.8022156871602923
1.8001952789694593
1.798170350082285
1.7961409082085382
1.7941069672680814
1.7920685460372205
1.7900256768561862
1.7879783508209064
1.7859265805686686
1.7838704026665948
1.7818098221043406
1.77974485102245
1.7776754989120944
1.775601795229242
1.7735237439391447
1.7714413690389967
1.769354674526635
1.7672636971776663
1.765168418270919
1.763068878102379
1.7609650848521168
1.7588570649369755
1.7567448109146195
1.7546283593350518
1.7525077122384694
1.750382889944251
1.7482539076949584
1.7461207906707563
1.7439835311312528
1.7418421616998472
1.739696689088306
1.737547142993581
1.7353935278949228
1.7332358507327321
1.731074150230416
1.728908434359905
1.7267386967812726
1.7245649761187074
1.7223872793144452
1.7202056305427742
1.7180200301880906
1.715830509402764
1.7136370736042397
1.711439746746702
1.7092385368293042
1.707033460974266
1.7048245385508964
1.7026117865731745
1.7003952087923944
1.6981748370060257
1.6959506812261194
1.6937227509581612
1.6914910659459732
1.6892556501413942
1.6870165031837248
1.6847736522166685
1.6825271187969835
1.6802768993608759
1.6780230359709707
1.6757655183338513
1.6735043760731336
1.6712396186211613
1.6689712821976437
1.6666993560994585
1.6644238699280345
1.6621448401796857
1.6598622709321957
1.6575761882859283
1.6552866132966755
1.6529935608772586
1.6506970265556802
1.6483970545967814
1.6460936398391242
1.6437868143283194
1.6414765774759856
1.6391629623212756
1.6368459784778364
1.6345256382345092
1.6322019601081912
1.629874963115446
1.6275446567526102
1.625211073915859
1.6228742103914384
1.620534088148226
1.6181907221317302
1.615844137124932
1.613494354278259
1.6111413680205853
1.6087852043670783
1.6064258957275075
1.604063430254314
1.6016978526077688
1.599329155530495
1.5969573677167952
1.59458250538557
1.5922045891245407
1.589823610633399
1.5874396162688114
1.585052612626781
1.582662608253955
1.5802696241479812
1.5778736810616958
1.5754747915378187
1.5730729721771985
1.5706682391911408
1.5682606088801962
1.5658500962043016
1.56343672504274
1.5610205144056937
1.558601458265621
1.5561795882997942
1.553754926283137
1.551327481581449
1.548897269174296
1.5464643014646149
1.544028625914141
1.5415902169986293
1.5391491169284786
1.536705333441272
1.5342588770623045
1.5318097773607404
1.5293580458097178
1.5269036938191332
1.5244467402043036
1.5219872085677582
1.5195251042573972
1.5170604639223482
1.5145932793813985
1.5121235713834245
1.5096513749117184
1.5071766933252164
1.504699541085703
1.5022199399569696
1.4997379084104483
1.4972534558844481
1.4947665992357102
1.492277363904599
1.4897857560476657
1.4872917980379181
1.4847955108108037
1.4822969043339256
1.479795994059297
1.477292789982515
1.4747873351645295
1.4722796246826864
1.4697696697066307
1.4672575011238727
1.4647431343955732
1.4622265796802691
1.4597078633939875
1.4571869932470614
1.454663981464745
1.452138863066258
1.449611632311272
1.4470823196795874
1.444550932354933
1.4420174999678568
1.4394820327196445
1.4369445510626577
1.4344050564062667
1.4318635814999077
1.4293201440752838
1.426774746103007
1.424227406399125
1.4216781595373866
1.419127011736728
1.4165739667564998
1.4140190676377271
1.4114623150425103
1.4089037168729381
1.40634329535426
1.4037810796888346
1.4012170813169655
1.3986513106390908
1.3960837803087633
1.3935145213233897
1.390943548808334
1.388370854983117
1.3857964846832538
1.383220438768538
1.3806427499907243
1.378063424347997
1.3754824712627838
1.372899916838692
1.3703157738392782
1.3677300568428816
1.365142784282031
1.3625539911211073
1.359963669429253
1.357371837525433
1.3547785249352162
1.3521837380605142
1.3495874968441932
1.3469898158255098
1.3443907139756899
1.3417901996850379
1.3391883046671769
1.3365850434104785
1.3339804109991356
1.3313744529397837
1.3287671557514182
1.326158571927862
1.323548689711507
1.3209375339280676
1.3183251267752032
1.3157114719509242
1.3130965965631574
1.3104805102016641
1.307863229483728
1.305244784558131
1.3026251772376936
1.300004424989521
1.2973825453575991
1.2947595548955118
1.2921354787252484
1.2895103207612806
1.2868841112830156
1.2842568463528132
1.2816285670901835
1.2789992577002667
1.2763689682974366
1.2737376982741013
1.271105461733457
1.2684722857864918
1.2658381655506916
1.2632031497641834
1.260567222837972
1.2579304236767124
1.255292760419565
1.2526542400587573
1.2500148906983377
1.2473747288157022
1.2447337610916138
1.2420920193962561
1.2394495027895462
1.2368062335991266
1.2341622288474854
1.2315175075584106
1.2288720823050996
1.2262259692681368
1.2235791818881006
1.2209317398403037
1.2182836678261575
1.215634967685829
1.2129856565589845
1.2103357645663915
1.2076852840257615
1.2050342567928791
1.2023826755283475
1.1997305737705004
1.1970779658859279
1.1944248591999027
1.1917712721627636
1.1891172238316463
1.186462724766723
1.1838078033422537
1.181152450031493
1.1784967086540943
1.1758405746178906
1.1731840861791767
1.170527242406679
1.1678700531990829
1.1652125455116755
1.1625547398235117
1.159896638594464
1.1572382663527392
1.154579635074282
1.151920756804567
1.149261663724488
1.14660235027611
1.1439428502275535
1.141283165686099
1.1386233196968678
1.1359633206006898
1.1333031886436389
1.1306429457828067
1.1279825935045964
1.1253221562210614
1.12266166123705
1.1200010982946478
1.1173404972101268
1.1146798782829321
1.112019236363498
1.1093586158005873
1.1066980073938164
1.1040374462376683
1.1013769268865348
1.0987164839646453
1.0960561126962618
1.0933958559654846
1.0907357003772709
1.0880756762581505
1.0854158007021595
1.0827560797825173
1.0800965382242402
1.077437180952416
1.074778034675122
1.072119107071078
1.0694604113247916
1.066801970793203
1.0641437899353008
1.0614858928355524
1.0588282931768445
1.0561710011784176
1.053514031361428
1.0508574051934316
1.0482011342443527
1.0455452315196025
1.0428897157940908
1.040234600696052
1.0375798999211092
1.034925627410731
1.0322717982374847
1.0296184348283184
1.0269655416973738
1.0243131344212246
1.0216612420346787
1.0190098506227308
1.016358995742289
1.0137086872811125
1.0110589508468653
1.0084097844716504
1.005761202020485
1.003113232360531
1.0004658861043687
0.9978191686110287
0.9951731080457323
0.9925277036849082
0.9898829771591775
0.9872389435686202
0.9845956190207681
0.9819530044068688
0.9793111404563014
0.9766700195073542
0.9740296577952957
0.9713900771370436
0.96875129191133
0.9661133111985998
0.963476148720406
0.9608398241709525
0.9582043410634628
0.9555697297900372
0.9529359850266079
0.9503031407342176
0.9476711971206234
0.9450401741211554
0.9424100797522781
0.9397809379348908
0.9371527564613178
0.9345255474254603
0.9318993183672006
0.9292740998395622
0.9266498959273928
0.9240267166325442
0.9214045857337902
0.9187835170848649
0.9161635038563363
0.9135445828756757
0.9109267603134936
0.908310044468312
0.9056944587299236
0.9030800089329863
0.9004667078102291
0.8978545677506239
0.8952436244478503
0.8926338582240892
0.8900252985020369
0.8874179589091233
0.884811851267152
0.8822069913912303
0.8796033941842962
0.877001055564105
0.8744000089058768
0.8718002587679906
0.8692018230224962
0.8666047054893716
0.8640089221049699
0.8614144938221556
0.8588214302731189
0.8562297419592108
0.853639437251421
0.8510505439502569
0.8484630583630216
0.8458770079260949
0.8432923858922196
0.840709231105169
0.8381275263875348
0.8355473093770879
0.8329685729064442
0.8303913564091706
0.8278156411186249
0.8252414677592161
0.822668831120522
0.8200977462855489
0.8175282272658503
0.8149602837133785
0.8123939377673484
0.8098291948087121
0.807266064774226
0.8047045655678525
0.802144698532123
0.7995864974921763
0.7970299513145878
0.7944750850276048
0.7919219071994905
0.7893704308932322
0.7868206604918556
0.7842726349964778
0.7817263293636536
0.7791817736822019
0.7766389782986339
0.7740979647216533
0.7715587286880486
0.7690212961057418
0.7664856666454511
0.7639518598819184
0.7614198750688054
0.7588897434922501
0.7563614567155876
0.7538350464852678
0.7513105096017424
0.7487878614716789
0.7462671167456127
0.7437482886863115
0.7412313799288484
0.7387163989555695
0.7362033699344371
0.733692308703599
0.7311832050831252
0.7286760810356329
0.7261709471338232
0.7236678263046374
0.7211667126818645
0.718667624145329
0.71617056631409
0.7136755616945866
0.7111826125037989
0.7086917315623177
0.7062029334067886
0.703716216420165
0.7012316107668046
0.6987491138613541
0.6962687350859441
0.6937904919260662
0.6913143916702955
0.6888404433911991
0.6863686647116839
0.6838990584314015
0.6814316369413382
0.6789664165369537
0.6765034024510106
0.6740426031489883
0.6715840187788094
0.6691276917124952
0.6666736049902139
0.6642217836839236
0.6617722128652331
0.6593249275071834
0.6568799360217044
0.6544372390274661
0.6519968585091009
0.6495587889574601
0.6471230505970615
0.6446896428024661
0.6422585894483892
0.6398298965680288
0.6374035654818356
0.6349796158235806
0.632558049718501
0.6301388818316496
0.6277221205532014
0.6253077736371339
0.6228958503384296
0.620486362888022
0.6180793206142549
0.6156747307265504
0.6132726028384585
0.6108729458849954
0.608475767349889
0.6060810859750487
0.6036889036459842
0.6012992312701111
0.5989120780936815
0.5965274438220565
0.5941453448435128
0.5917658006027198
0.5893888005619634
0.5870143716619934
0.5846425041998842
0.5822732219722362
0.5799065312500021
0.5775424322159038
0.5751809411138238
0.5728220697958306
0.5704658173269097
0.5681121926724434
0.56576121987073
0.5634128922488462
0.5610672145044313
0.5587242078887894
0.5563838718268103
0.5540462193576614
0.5517112598493688
0.5493789938008579
0.5470494407253921
0.544722589626351
0.5423984718965263
0.5400770825081764
0.5377584335167139
0.53544253003721
0.5331293790697355
0.5308189932718445
0.5285113763583927
0.5262065360435081
0.5239044745651508
0.5216052186928383
0.5193087600410482
0.5170151067366547
0.5147242655898603
0.5124362473963632
0.510151064008067
0.5078687150766097
0.5055892182443479
0.5033125620197354
0.5010387822967879
0.4987678552908762
0.4964998032967173
0.49423463192476214
0.49197235152394586
