1025
0.6723478123069155
0.6703526915054905
0.6683522232456403
0.6663464224895067
0.6643353004206443
0.6623188429659628
0.6602970855841456
0.6582700083617571
0.656237627162043
0.6541999665529594
0.6521569953060373
0.6501087492796749
0.6480552244170118
0.64599643106753
0.6439323782954852
0.6418630701717838
0.6397885040519494
0.637708699596398
0.6356236591567828
0.6335333914899983
0.6314379102063621
0.6293372072151535
0.6272313014174533
0.6251201941607719
0.6230039050048412
0.6208824245986562
0.6187557703588656
0.6166239454971899
0.6144869644471493
0.6123448264323095
0.6101975392603933
0.6080451212335491
0.6058875621056873
0.603724897184069
0.6015571100886281
0.5993842209203004
0.5972062441736413
0.5950231648599004
0.5928350053582971
0.5906417846881915
0.5884434899719221
0.5862401471083989
0.5840317633761081
0.5818183313944596
0.5795998733729351
0.5773763984721274
0.5751479131236239
0.5729144257764415
0.5706759455874028
0.5684324761648987
0.5661840406689223
0.5639306273671731
0.5616722572137244
0.5594089582654997
0.5571406952083577
0.5548675173164936
0.5525894108380317
0.5503064136157859
0.5480185071093218
0.5457257077104258
0.5434280275328192
0.5411254728300956
0.5388180657510191
0.5365058023529304
0.5341886995825452
0.5318667707160899
0.5295400114445104
0.5272084484927267
0.5248720831325508
0.52253091897952
0.5201849766189032
0.5178342702139414
0.5154788002832866
0.5131185752559053
0.5107536243523372
0.5083839459136181
0.5060095425609703
0.5036304311789008
0.5012466363281665
0.49885814288970953
0.4964649854412409
0.4940671580349802
0.4916646862538573
0.48925756612894933
0.4868458145754821
0.4844294530857969
0.4820084802059701
0.4795829040149195
0.4771527513412533
0.47471802944723207
0.4722787317633766
0.4698349031509911
0.46738651737650033
0.4649336144544258
0.46247619456815153
0.4600142807692628
0.45754786276568954
0.4550769612120261
0.45260159988917575
0.4501217799964534
0.4476375159148615
0.44514883307015235
0.44265571729264136
0.44015819198286354
0.4376562805440957
0.43514998309373865
0.432639312686478
0.4301242928092534
0.4276049172387577
0.4250812174090706
0.42255318425292054
0.42002085159760344
0.41748423153850006
0.4149433171094257
0.4123981471356569
0.409848703100475
0.40729502910503157
0.4047371268574179
0.40217499676200397
0.39960866645116944
0.39703814252598874
0.394463451213237
0.39188458652371644
0.3893015674375355
0.3867144123338552
0.38412313337147924
0.3815277498747729
0.3789282709319343
0.3763246944490414
0.37371704823731566
0.371105357565483
0.3684896085484232
0.365869841554215
0.36324605981567937
0.36061826890767057
0.3579865013936015
0.35535075253748283
0.352711037408239
0.35006738058348
0.34741980792336513
0.3447683033732974
0.34211290424258406
0.3394536076196709
0.33679044133602615
0.3341234111393782
0.33145254204013425
0.3287778322447742
0.32609931234665374
0.3234169951208606
0.3207308846116662
0.3180409998598946
0.31534735895727495
0.31264998079026723
0.30994885728333205
0.3072440339534589
0.3045355143350602
0.3018233148589168
0.29910743928686256
0.29638791351816135
0.2936647470790842
0.29093794981730287
0.2882075641669234
0.28547357301839016
0.2827359983312449
0.2799948723874994
0.27725020201336165
0.27450198744594245
0.2717502699590699
0.26899504542069047
0.26623633913603667
0.2634741751962118
0.26070854313884007
0.25793947760309116
0.25516698183841835
0.2523910908454289
0.24961180911027858
0.2468291536311857
0.24404314330773705
0.24125379205957853
0.2384610999061213
0.23566510253041054
0.23286582746212312
0.23006325619080553
0.22725742958797035
0.22444837116000085
0.22163606134023797
0.21882054824460398
0.21600184090697744
0.21317994790807088
0.21035490337497792
0.2075267065011967
0.20469537257473797
0.20186093082212703
0.1990233949412237
0.1961827744498304
0.19333909721019688
0.19049236463682775
0.18764260378204406
0.18478983727047948
0.18193406410090815
0.17907530648528225
0.17621360872275316
0.17334894880973875
0.17048136828354205
0.16761087618205864
0.16473748343063593
0.16186122400965136
0.15898210147947503
0.1561001308172228
0.15321533907840093
0.15032773802824442
0.14743734240771197
0.1445441794232648
0.1416482589923439
0.13874961905575783
0.1358482375455121
0.13294415634747805
0.13003738264283377
0.12712795370751848
0.12421587695629989
0.12130115931713419
0.11838383198338685
0.11546389724145423
0.11254139142650829
0.1096163325852427
0.10668871692827955
0.10375858961694082
0.10082594178686692
0.09789080987415548
0.09495320908334662
0.09201314753674393
0.08907066734516982
0.08612576026420986
0.08317845193758029
0.0802287707863098
0.0772767206837599
0.07432232551121928
0.07136560532812478
0.06840658459340376
0.06544526676796719
0.062481677507849415
0.05951584023393361
0.05654777491989883
0.0535774783203669
0.050605002337210096
0.04763034420851545
0.044653522790757474
0.04167455014182523
0.03869348828693868
0.035710303788926444
0.03272502510768115
0.029737690215886944
0.026748302211289286
0.023756897534567625
0.020763478603683806
0.017768070124730816
0.014770688305810123
0.011771358400977623
0.008770083051089355
0.005766908068801587
0.002761829449891984
-0.00024512633603571165
-0.0032539398580324974
-0.0062645802930570895
-0.009277051310607727
-0.012291324004276597
-0.01530736306529289
-0.018325173399489587
-0.021344727972341392
-0.0243660010298284
-0.027388982716829362
-0.030413641847959097
-0.0334399696728278
-0.03646793673419148
-0.03949752583577255
-0.042528718427450055
-0.04556152803220254
-0.04859587094272976
-0.05163177871479409
-0.054669201876620374
-0.05770814883366772
-0.0607485825204458
-0.06379047817937812
-0.06683382098883203
-0.06987860314933982
-0.0729247890157613
-0.07597236543894059
-0.07902130803944143
-0.08207161836892311
-0.08512323642167292
-0.0881761778707833
-0.09123040831269207
-0.09428591733769437
-0.09734266547106729
-0.10040065831336084
-0.10345983845101715
-0.10652023551073694
-0.10958180466350406
-0.11264451801005516
-0.11570835543533028
-0.11877329898771818
-0.12183934949318673
-0.12490646543343076
-0.12797462844338883
-0.13104382424008068
-0.13411403208776143
-0.13718522803641922
-0.14025739385881286
-0.1433305102288679
-0.146404561104196
-0.1494795205537042
-0.15255535529590963
-0.15563206921343184
-0.15870963093001297
-0.16178802348230933
-0.1648672238515352
-0.16794720177969805
-0.17102795368590473
-0.174109454340588
-0.17719167679106976
-0.18027460273628315
-0.1833582188008161
-0.18644249606842275
-0.18952741105026083
-0.19261294773042084
-0.19569910445858354
-0.19878583925224913
-0.20187311752722983
-0.20496095914573012
-0.20804930539184077
-0.21113815673645145
-0.2142274910383329
-0.21731726753914868
-0.22040749157631045
-0.22349813917489592
-0.22658917896467515
-0.22968059490022996
-0.23277235594136436
-0.23586446759165255
-0.23895688132198606
-0.24204958069683966
-0.24514256041699678
-0.24823578930105106
-0.25132925297698255
-0.2544229231672967
-0.2575167793456718
-0.26061080076231663
-0.2637049681228455
-0.2667992685021522
-0.2698936726921516
-0.2729881523368928
-0.27608269494710214
-0.2791772860676016
-0.28227190361974974
-0.285366501005388
-0.28846109396082353
-0.29155563717579136
-0.29465012094761384
-0.29774451261210066
-0.3008388098697109
-0.30393297766344546
-0.3070269888069286
-0.3101208538425555
-0.313214514402944
-0.3163079655311929
-0.31940118168550774
-0.32249414960437767
-0.3255868463983859
-0.3286792466000919
-0.3317713280523559
-0.3348630731928945
-0.3379544594157127
-0.3410454772050921
-0.34413607864368856
-0.34722627001219425
-0.35031601402815293
-0.35340529449681757
-0.3564940907804241
-0.35958237455951336
-0.3626701417070098
-0.3657573598588445
-0.36884399996138545
-0.37193005715543037
-0.37501549559301184
-0.3781002986186552
-0.3811844630327349
-0.38426793965357636
-0.3873507095176291
-0.3904327764207472
-0.39351410178613055
-0.3965946600144982
-0.3996744466403701
-0.4027534052940751
-0.40583157514838586
-0.40890888071559917
-0.41198532377711655
-0.4150608735408512
-0.41813552760801104
-0.42120923326740173
-0.42428199389623833
-0.42735379140842006
-0.4304245833743835
-0.433494363469428
-0.43656309181570613
-0.4396307886624773
-0.44269738495877753
-0.4457628981943028
-0.4488272728891425
-0.4518905124293438
-0.45495259198825033
-0.45801347733730163
-0.46107316887470234
-0.46413161553607063
-0.4671888149867546
-0.47024475682996963
-0.47329939731341053
-0.4763527308044333
-0.47940472097237125
-0.4824553666396038
-0.4855046251823087
-0.48855249431670916
-0.49159892450142284
-0.49464394075099527
-0.49768747723516604
-0.5007295428806088
-0.5037700921273502
-0.5068091258115308
-0.5098466142563007
-0.5128825158948492
-0.515916848878918
-0.518949549923993
-0.5219806428154121
-0.5250100822807102
-0.5280378355551272
-0.5310638981187444
-0.5340882479655583
-0.5371108511584995
-0.5401317017300077
-0.5431507675475629
-0.5461680355295436
-0.5491834863817551
-0.5521970836877997
-0.5552088258358273
-0.5582186779496467
-0.5612266283570083
-0.5642326395956714
-0.5672367118944333
-0.570238804339886
-0.5732389195881579
-0.5762370059149546
-0.579233072582583
-0.5822270802002582
-0.5852190184431147
-0.5882088550324279
-0.5911965722744288
-0.5941821566906901
-0.597165583481308
-0.6001468108643919
-0.6031258491147152
-0.6061026731762219
-0.6090772415855296
-0.6120495507325031
-0.6150195724741842
-0.6179872865499284
-0.6209526730047699
-0.6239157110375589
-0.6268763855503677
-0.629834664557983
-0.6327905385494028
-0.6357439726887403
-0.6386949645270046
-0.6416434707696858
-0.64458949207962
-0.6475329975705943
-0.6504739505710907
-0.6534123660874912
-0.6563481961358817
-0.6592814266389718
-0.6622120514160315
-0.6651400214577322
-0.6680653302842561
-0.6709879609667683
-0.6739078974023115
-0.67682510285302
-0.6797395567236443
-0.6826512521773718
-0.6855601804646522
-0.6884662835246814
-0.6913695618091851
-0.6942700036589646
-0.6971675633442789
-0.7000622505945355
-0.7029540270335191
-0.7058428720318528
-0.7087287701731378
-0.7116116882709562
-0.7144916291981509
-0.7173685539136455
-0.7202424435117206
-0.7231132845004362
-0.7259810617245609
-0.7288457482968002
-0.7317073016137496
-0.7345657311638634
-0.7374210215735639
-0.7402731241126839
-0.743122029394274
-0.7459677240035192
-0.748810193233877
-0.7516493988136581
-0.7544853345377234
-0.7573179696548709
-0.7601472964773504
-0.7629732714281919
-0.765795913031793
-0.768615172461423
-0.7714310367345648
-0.774243472774271
-0.7770524881988734
-0.7798580375629516
-0.7826601184485349
-0.7854587009117756
-0.7882537688449323
-0.7910452873753089
-0.793833269593052
-0.7966176690568703
-0.7993984806873664
-0.8021756658801497
-0.8049492158568188
-0.8077191265509228
-0.8104853466570433
-0.8132478632957721
-0.816006688798113
-0.8187617724515777
-0.8215131049115897
-0.8242606564514324
-0.8270044288977126
-0.8297443779145965
-0.8324805012654172
-0.835212768094161
-0.837941167609327
-0.8406656786007057
-0.8433862765756276
-0.8461029440805585
-0.8488156721424316
-0.8515244233372192
-0.8542291863174342
-0.8569299488648779
-0.8596266859598397
-0.8623193700922965
-0.8650080014015751
-0.8676925465186809
-0.8703729782481567
-0.8730493030482419
-0.8757214684972521
-0.8783894884123908
-0.8810533267299671
-0.8837129736605599
-0.8863683825525662
-0.889019569329416
-0.8916664975468209
-0.8943091482469363
-0.8969475167050612
-0.8995815729307176
-0.9022112899831678
-0.9048366512716517
-0.9074576634613241
-0.9100742725596463
-0.9126864881486978
-0.9152942702612323
-0.917897621227641
-0.9204964999126617
-0.9230908979001589
-0.9256808014268364
-0.928266187747745
-0.9308470363676148
-0.9334233357745236
-0.9359950474159661
-0.9385621783062004
-0.9411247025717944
-0.943682604400931
-0.946235855088168
-0.9487844286277037
-0.9513283352771947
-0.9538675457154188
-0.9564020183488515
-0.9589317728490931
-0.961456754841988
-0.9639769769336723
-0.9664924045144354
-0.969003019592349
-0.9715087996530287
-0.9740097579451577
-0.9765058377368286
-0.978997033883695
-0.9814833387541051
-0.9839647293915108
-0.9864411807612828
-0.988912682430752
-0.9913792150807617
-0.9938407621554568
-0.9962973036547323
-0.9987488272371969
-1.0011953040306916
-1.0036367151871168
-1.0060730697496778
-1.0085043319596554
-1.010930477080748
-1.0133514968756918
-1.015767378347299
-1.0181781065698716
-1.0205836255140617
-1.022983973471137
-1.0253790972202173
-1.0277689941009929
-1.0301536517589551
-1.0325330396399808
-1.0349071449955811
-1.037275958142868
-1.039639459064543
-1.0419976216043312
-1.0443504448414094
-1.0466978849471054
-1.0490399574857514
-1.051376639732062
-1.053707892202329
-1.056033712864472
-1.0583540920889525
-1.060669003263265
-1.0629784294947207
-1.0652823620358853
-1.0675807845263285
-1.0698736704893475
-1.0721610156230583
-1.074442795189255
-1.0767189907772254
-1.078989592351531
-1.081254584338491
-1.0835139626538703
-1.0857676739021553
-1.0880157305320735
-1.090258124713859
-1.0924948209899925
-1.0947258056187483
-1.0969510696035967
-1.0991705878713325
-1.101384352738313
-1.1035923559834266
-1.1057945563095763
-1.1079909699514339
-1.110181559869227
-1.112366326372162
-1.114545235112583
-1.1167182784491432
-1.1188854374512307
-1.1210467163397448
-1.1232020782812044
-1.1253515060252544
-1.127495003641931
-1.1296325538749412
-1.1317641188283984
-1.1338896951347723
-1.136009285536011
-1.138122840392193
-1.1402303663633258
-1.1423318584064874
-1.1444272951239243
-1.1465166456210252
-1.148599899874254
-1.1506770552798646
-1.1527480992375048
-1.1548129990656646
-1.1568717420520593
-1.1589243454246387
-1.1609707580939375
-1.1630109863915838
-1.1650449936979677
-1.1670727809426322
-1.1690943419993978
-1.1711096518166824
-1.173118699449506
-1.1751214749981738
-1.1771179582035036
-1.1791081170743838
-1.1810919652386445
-1.1830694873965815
-1.1850406513869662
-1.1870054604418363
-1.1889638926307549
-1.19091593896714
-1.1928615802328806
-1.1948008159197123
-1.1967336119417202
-1.198659955419436
-1.2005798639714946
-1.2024932839243154
-1.204400242149226
-1.2063006780182282
-1.2081946159155443
-1.2100820299484654
-1.2119629000957002
-1.213837229479112
-1.2157049941273397
-1.2175661861900864
-1.219420793361799
-1.2212687861136553
-1.2231101696665225
-1.22494493005543
-1.2267730526234382
-1.2285945260311524
-1.2304093220405123
-1.2322174501912304
-1.234018876184632
-1.2358136141149096
-1.237601619890135
-1.2393829231741964
-1.241157467690957
-1.242925261708214
-1.2446862982094815
-1.2464405483859877
-1.2481880303271393
-1.2499286884022978
-1.25166255083454
-1.2533895785865945
-1.2551097688414663
-1.2568231217357548
-1.258529611085026
-1.2602292235532526
-1.2619219601712501
-1.2636077899533376
-1.2652867241693835
-1.266958738497216
-1.2686238260246265
-1.2702819694910763
-1.2719331604261503
-1.273577391162062
-1.2752146507059443
-1.276844924464568
-1.2784681895287853
-1.2800844549677013
-1.2816937063431153
-1.28329591633376
-1.2848911029608456
-1.2864792222993195
-1.288060295077731
-1.2896342856218137
-1.2912011887071193
-1.2927610025576983
-1.2943137122053536
-1.2958593064277024
-1.2973977781368167
-1.2989291043355415
-1.3004533045489612
-1.3019703348644205
-1.3034802094680535
-1.3049828902281526
-1.306478389195656
-1.307966703101587
-1.3094478079864718
-1.3109216867446902
-1.312388348074998
-1.3138477714520682
-1.3152999500271418
-1.3167448808380213
-1.3181825303819532
-1.319612919893382
-1.3210360144123743
-1.3224518220012387
-1.3238603237050683
-1.3252615201310276
-1.3266553952921085
-1.3280419339660567
-1.3294211417768693
-1.3307930009116649
-1.3321574863316592
-1.3335146215459663
-1.3348643797554673
-1.3362067462678806
-1.33754173821332
-1.3388693100624327
-1.340189484757514
-1.341502228826812
-1.3428075604705234
-1.344105443406081
-1.345395900393939
-1.3466788832441596
-1.3479544228143676
-1.3492224916483586
-1.3504830772076732
-1.3517361855756116
-1.352981795510839
-1.35421991278526
-1.3554505117909754
-1.3566735983762783
-1.3578891653831902
-1.3590971926533697
-1.3602976898012589
-1.3614906358895051
-1.3626760241638727
-1.3638538554028194
-1.3650241216560548
-1.3661868062357256
-1.3673419076431832
-1.3684894208621998
-1.369629334181227
-1.3707616409280696
-1.3718863363482494
-1.373003415278343
-1.374112869291501
-1.3752146813858919
-1.3763088597651338
-1.37739539561224
-1.378474264268203
-1.379545495140163
-1.380609055579065
-1.3816649447875986
-1.382713142630235
-1.3837536643885016
-1.3847865042557819
-1.3858116374645169
-1.3868290632888103
-1.3878387870520839
-1.3888407853336886
-1.3898350723765782
-1.3908216312681494
-1.3918004580405636
-1.3927715428449796
-1.3937348972491672
-1.394690482014384
-1.395638320296223
-1.396578403583198
-1.3975107180054755
-1.3984352551300077
-1.3993520192465263
-1.4002610039765142
-1.4011621970690622
-1.4020556081152669
-1.4029412098921334
-1.4038190246550377
-1.404689018528089
-1.4055512073049918
-1.4064055771519597
-1.4072521306140962
-1.408090851670825
-1.4089217427050877
-1.409744801464106
-1.4105600320197498
-1.4113674078534622
-1.4121669382967998
-1.4129586225196442
-1.4137424446148292
-1.4145183991237988
-1.4152865096514933
-1.4160467422829743
-1.4167991010047156
-1.4175435904604254
-1.4182801946630728
-1.419008916762655
-1.4197297583966255
-1.4204427150206576
-1.421147753905476
-1.421844915328431
-1.4225341747651332
-1.4232155292255548
-1.4238889764289095
-1.4245545103994166
-1.4252121264995914
-1.4258618432151091
-1.4265036322785127
-1.4271375006319809
-1.4277634405796682
-1.4283814598415783
-1.4289915550267345
-1.4295937098293252
-1.4301879282851437
-1.430774210072655
-1.4313525579309134
-1.4319229531431827
-1.4324854124821889
-1.433039915139511
-1.4335864841729944
-1.4341250850406346
-1.434655753315073
-1.4351784532491432
-1.4356932112102896
-1.4361999906694907
-1.4366988287861953
-1.4371896892647775
-1.4376725920901885
-1.4381475330775255
-1.4386145085004365
-1.439073520435235
-1.439524554954396
-1.439967621325338
-1.440402720525117
-1.4408298422968244
-1.4412490014369443
-1.4416601705610024
-1.4420633750395042
-1.4424586023391122
-1.4428458517676663
-1.4432251233882776
-1.4435964263986458
-1.4439597257501213
-1.4443150676619547
-1.4446624285241183
-1.445001810929283
-1.4453332030400614
-1.4456566219583382
-1.4459720525480313
-1.446279507907808
-1.4465789803864415
-1.446870484355492
-1.4471539950358727
-1.4474295396594437
-1.4476970891497754
-1.447956666565216
-1.448208265925302
-1.4484518832664575
-1.4486875170581184
-1.448915179892661
-1.449134874427292
-1.449346586170383
-1.4495503093855056
-1.4497460738276748
-1.4499338655649734
-1.4501136861873114
-1.4502855222776099
-1.4504493965738816
-1.4506053009267377
-1.4507532437963016
-1.4508932139277766
-1.4510252203666631
-1.4511492648182143
-1.4512653437834313
-1.4513734742269124
-1.4514736330084177
-1.451565837933347
-1.4516500950651114
-1.4517263966799474
-1.4517947471095494
-1.4518551537825004
-1.4519076067323538
-1.4519521199995222
-1.4519886913079287
-1.4520173189298984
-1.452038008878691
-1.4520507664925337
-1.4520556076994795
-1.4520524952134393
-1.4520414643245705
-1.4520225005028216
-1.4519956381926826
-1.4519608485662694
-1.4519181353132598
-1.4518675156583745
-1.451808976208046
-1.451742539849694
-1.451668196734024
-1.4515859639222946
-1.4514958267525777
-1.4513977928654023
-1.451291877565217
-1.4511780695911436
-1.4510563853788563
-1.4509268208455004
-1.4507893806111938
-1.4506440704800818
-1.450490896267376
-1.450329858016663
-1.4501609588310271
-1.4499842060591093
-1.4497996046592148
-1.44960715711084
-1.4494068732990708
-1.449198742322063
-1.448982778706849
-1.4487589856422707
-1.4485273669535552
-1.4482879392116936
-1.448040697013241
-1.4477856334711663
-1.4475227770717018
-1.447252110140228
-1.446973660106576
-1.4466874154859497
-1.446393381149549
-1.4460915771678098
-1.4457819953805557
-1.4454646391341306
-1.445139525247886
-1.444806659256211
-1.4444660254435675
-1.4441176507859175
-1.4437615442943854
-1.4433976950023397
-1.4430261217479912
-1.4426468216445976
-1.4422598023171151
-1.4418650773310642
-1.4414626377665543
-1.4410525167261072
-1.4406346886201873
-1.4402091773128438
-1.4397759839960023
-1.439335117186409
-1.4388865859192195
-1.4384303901456081
-1.437966541817352
-1.4374950475968657
-1.4370159196907224
-1.436529144039113
-1.4360347451490605
-1.4355327295603972
-1.4350231058106389
-1.4345058767220311
-1.4339810429849464
-1.4334486234249866
-1.4329086099010264
-1.432361035128783
-1.4318058693355766
-1.4312431608203402
-1.4306728961999486
-1.4300950859618238
-1.4295097336845328
