1025
0.1575604050966206
0.1553985192892643
0.1532395391146347
0.1510834852049934
0.14893035624555614
0.14678012127238554
0.14463282193857543
0.14248842001040318
0.14034692167248233
0.13820835903075743
0.13607266215592684
0.13393987919333908
0.13180999104931898
0.12968300364923038
0.12755891417833315
0.125437716670134
0.12331938803822533
0.12120395701337391
0.11909140639892792
0.11698173509277042
0.11487495413595793
0.1127710346797836
0.11066999306039027
0.10857181346101917
0.10647651722456976
0.10438407106653311
0.10229448954882354
0.10020776270281415
0.09812389620306285
0.09604287578849656
0.0939647003897914
0.09188937415941126
0.08981687573079822
0.08774724323070766
0.08568042743890393
0.08361645201286289
0.08155532157928663
0.07949699495419392
0.07744148656137623
0.07538881929207067
0.07333895100531244
0.07129190582437463
0.06924767749977026
0.06720623724006541
0.06516760930516866
0.06313178058991163
0.06109874803637353
0.05906851317177419
0.05704106307360667
0.05501639127110094
0.05299451303911243
0.05097539821790116
0.048959051598705755
0.046945510936605955
0.04493469019372786
0.042926654965202
0.04092136502056109
0.03891886232810638
0.03691909066209465
0.03492206553352151
0.032927784160185894
0.030936235036192507
0.028947438072710326
0.026961363869509168
0.02497801983809099
0.022997405876265645
0.021019497769053097
0.01904431632179239
0.01707184402349864
0.015102065475267656
0.013134992269415686
0.011170629364053863
0.00920895070989589
0.007249955033065901
0.005293661852240025
0.003340059327117428
0.0013891132363847653
-0.0005591584648878702
-0.0025047461476697497
-0.0044476869267440705
-0.006387956250576549
-0.008325579074465466
-0.010260542769189732
-0.012192868642502143
-0.014122557930429084
-0.01604959231182561
-0.017974001778892426
-0.019895797959921385
-0.02181495396018229
-0.02373148896330809
-0.02564543042728691
-0.02755673166394976
-0.029465458342990216
-0.031371568517243965
-0.0332750883533471
-0.03517599886136753
-0.0370743463263232
-0.03897012008601941
-0.04086330046515296
-0.042753918861016316
-0.04464196760308552
-0.046527436873615866
-0.0484103732625032
-0.05029075907000673
-0.052168581909069305
-0.05404387174758452
-0.05591662685221033
-0.05778683575143587
-0.05965453947629378
-0.06151970607701495
-0.06338237486838329
-0.06524252198214207
-0.06710014835831041
-0.06895529410780334
-0.07080791993523351
-0.07265808788908015
-0.07450574478988736
-0.07635092141254686
-0.07819363623437443
-0.0800338746959246
-0.08187165083983731
-0.08370695001021461
-0.08553981141608821
-0.0873702314677255
-0.0891981963730378
-0.09102372750903436
-0.09284681376127843
-0.0946674665142807
-0.09648571890453489
-0.09830155199197528
-0.10011495835348021
-0.10192597833533183
-0.1037345800573387
-0.10554078770526958
-0.1073446133596122
-0.10914604060550413
-0.11094510064745176
-0.11274180150087093
-0.11453612210208972
-0.11632805649452277
-0.11811765980502499
-0.11990489980914658
-0.12168980332499643
-0.12347236047275224
-0.1252525946174225
-0.12703048258763483
-0.1288060687844504
-0.13057932156757843
-0.13235025507337198
-0.13411889225764118
-0.13588523549854306
-0.13764927993816647
-0.13941102319932583
-0.14117051025881017
-0.14292769735950409
-0.14468261260843573
-0.14643525076265568
-0.14818564015919744
-0.1499337697296146
-0.15167966091337867
-0.15342331336060372
-0.15516469895692586
-0.1569038775699523
-0.15864083837993506
-0.16037555555671687
-0.162108062804851
-0.16383838182883906
-0.1655664716640061
-0.16729237819548784
-0.16901609355278743
-0.1707375960182272
-0.17245695326188817
-0.1741741272704758
-0.17588914675076778
-0.17760198738894134
-0.17931267332828527
-0.18102121264498874
-0.18272759867779498
-0.18443184277775584
-0.18613398113050558
-0.1878339914989883
-0.18953184519589378
-0.19122762116771122
-0.19292127630244343
-0.19461280903875558
-0.1963022777181079
-0.19798964609190597
-0.19967492872914624
-0.20135813338730105
-0.20303925034844603
-0.20471831271875246
-0.20639532538796887
-0.208070274231862
-0.2097431659163457
-0.2114140258938264
-0.21308283366171332
-0.2147496284393977
-0.21641439609883104
-0.21807713543361112
-0.21973787465031477
-0.22139661678196595
-0.22305332331904867
-0.2247080626692499
-0.22636080261057331
-0.2280115588059236
-0.22966034994420512
-0.23130715209743827
-0.23295199778673856
-0.23459489837038758
-0.2362358337929901
-0.23787482945272104
-0.23951189066533526
-0.24114700688168708
-0.2427802039030124
-0.2444114406967933
-0.24604080394726163
-0.24766824507817584
-0.2492937973264424
-0.25091743282944906
-0.2525391706234904
-0.2541590407362263
-0.25577701451879853
-0.2573931372583824
-0.25900738210151747
-0.2606197455717573
-0.2622302820703315
-0.26383894347320574
-0.265445782539332
-0.267050779617303
-0.2686539370103744
-0.2702552833048906
-0.27185477986917195
-0.27345248446771137
-0.2750483828877005
-0.2766424683972794
-0.27823477159501786
-0.27982528080925906
-0.28141401040423386
-0.2830009512807072
-0.2845861323815177
-0.2861695522614872
-0.287751199740009
-0.2893310894727213
-0.2909092569818693
-0.29248565527566345
-0.29406032514610825
-0.2956332729702516
-0.29720451505808354
-0.2987739818644138
-0.3003417690186375
-0.30190786997434416
-0.3034722550684767
-0.30503494838711565
-0.3065959445625901
-0.30815525840075836
-0.30971290298463494
-0.31126887434759476
-0.31282317995815084
-0.31437584039507566
-0.31592682775441483
-0.31747617854758076
-0.31902388875038584
-0.3205699669346983
-0.3221143965633896
-0.3236572215786211
-0.32519843525787107
-0.32673801448152656
-0.32827599850402084
-0.32981239070882684
-0.33134717999061086
-0.33288038785924984
-0.3344119990159653
-0.3359420448474323
-0.3374705095773676
-0.33899739811986157
-0.34052272708925274
-0.34204655082996555
-0.343568765347877
-0.34508947356354025
-0.3466086168988895
-0.3481262587759928
-0.34964237032200796
-0.3511569488774678
-0.35267000119730485
-0.3541815740442945
-0.35569162405214316
-0.3572001773844041
-0.3587072325389347
-0.36021283188954273
-0.36171690997020267
-0.3632195339358332
-0.36472067979169737
-0.36622038413290464
-0.3677186009288284
-0.3692153829660116
-0.37071068246321714
-0.37220458434854153
-0.37369704523339814
-0.37518806529190457
-0.3766776464748534
-0.37816579743844303
-0.37965256111262646
-0.3811379031513647
-0.3826218373365632
-0.3841043756152069
-0.38558552249603745
-0.3870652745145154
-0.38854364703016436
-0.39002063800608083
-0.3914962670075389
-0.3929705273638379
-0.3944434057419943
-0.39591493945340933
-0.3973851219204619
-0.39885396805999573
-0.4003214683256404
-0.40178761797930174
-0.40325244990307224
-0.4047159567386435
-0.40617813998142216
-0.4076390056122042
-0.4090985631600505
-0.41055681690382967
-0.41201375748629915
-0.41346940211510047
-0.4149237802052579
-0.4163768671263752
-0.41782864568683287
-0.4192791908034794
-0.42072843361270956
-0.4221764202900448
-0.42362315240178483
-0.42506860611308966
-0.42651281983881234
-0.4279557970863555
-0.4293975372177819
-0.4308380320229245
-0.4322772818923307
-0.4337153365092578
-0.43515214838669125
-0.43658772901860676
-0.4380221129909505
-0.4394552851535057
-0.4408872606446047
-0.44231803778620576
-0.44374761656113804
-0.4451759962105859
-0.4466031993623675
-0.4480292319683522
-0.44945408032685946
-0.45087775027423055
-0.452300251099357
-0.4537216020139139
-0.45514180078610433
-0.45656081903744855
-0.4579787120578269
-0.45939544648413033
-0.46081105015607304
-0.46222549835330057
-0.46363883895396973
-0.4650510432996502
-0.4664621071471193
-0.4678720936509721
-0.4692809376494047
-0.47068866568853673
-0.4720952932157103
-0.4735008198562423
-0.47490525287296964
-0.47630858796682
-0.4777108292145334
-0.47911198565024454
-0.48051205830540045
-0.481911072731776
-0.4833089855780304
-0.4847058437355633
-0.48610163015648317
-0.4874963539390696
-0.4888900194958892
-0.4902826237365091
-0.4916741947264004
-0.4930647208150073
-0.4944541826531406
-0.4958426254516837
-0.49723001938629424
-0.4986163766915543
-0.5000017289315213
-0.501386039181147
-0.5027693149274897
-0.5041515955880714
-0.5055328612427062
-0.5069131005321895
-0.5082923574223153
-0.5096705649263376
-0.5110478363201332
-0.5124240768874319
-0.5137993282410972
-0.5151735865447533
-0.5165468792208188
-0.5179191571463393
-0.5192904713332837
-0.5206608249697185
-0.5220301811541841
-0.5233985812861944
-0.5247659875369702
-0.5261324729377208
-0.5274979636308409
-0.5288625259954111
-0.5302261081632749
-0.5315887492285335
-0.5329504518867432
-0.5343111956780168
-0.5356710142448957
-0.5370298707999623
-0.538387793547703
-0.5397448038438493
-0.5411008643519322
-0.5424560177979848
-0.5438102180317244
-0.5451635269521443
-0.5465158922124855
-0.5478673594959016
-0.5492178716463986
-0.5505675257270616
-0.5519162425177631
-0.5532640624108119
-0.5546109659235365
-0.5559569846559975
-0.5573021096017423
-0.5586463011034254
-0.5599896362662732
-0.5613320414528205
-0.5626736001598734
-0.5640142709965116
-0.5653540391382583
-0.5666929274018492
-0.5680309459409164
-0.5693680674870438
-0.5707043226490419
-0.57203970059296
-0.5733742134457193
-0.574707863340575
-0.5760406260375893
-0.5773725427122729
-0.5787035944302811
-0.5800337869401385
-0.5813631013458499
-0.582691575588335
-0.5840191779338184
-0.5853459553624804
-0.5866718426726942
-0.5879969132565525
-0.5893211213800472
-0.5906444942755973
-0.5919670197985959
-0.593288691805656
-0.5946095350256706
-0.5959295397105437
-0.5972486743279745
-0.5985669932483414
-0.599884493655097
-0.6012011387102795
-0.6025169608129515
-0.6038319412453805
-0.6051460947487938
-0.606459420361755
-0.60777192072066
-0.6090835991393938
-0.6103944456157013
-0.611704478685896
-0.6130136773439434
-0.614322071105783
-0.615629624731728
-0.6169363689277356
-0.6182423074342681
-0.6195473924288091
-0.6208516960851078
-0.6221551704140214
-0.6234578278400146
-0.6247596968321534
-0.6260607234792441
-0.6273609367355262
-0.6286603521952971
-0.6299589643894786
-0.6312567511592664
-0.6325537209478979
-0.6338498871194046
-0.6351452767127216
-0.6364398218851441
-0.6377335669426623
-0.6390265207458512
-0.6403186446357497
-0.6416099842743292
-0.6429005179075867
-0.6441902403682132
-0.64547916339586
-0.6467672634514834
-0.648054582511616
-0.6493410845302917
-0.6506267766682149
-0.6519116768346043
-0.6531957834038957
-0.6544790876645755
-0.6557615535291338
-0.6570432339907508
-0.658324131695917
-0.6596041998968906
-0.6608834649880325
-0.6621619263032369
-0.6634396010190226
-0.6647164562405847
-0.6659925156557576
-0.6672677600098206
-0.6685422161790094
-0.6698158284378509
-0.6710886806776747
-0.6723607094383909
-0.673631935861939
-0.6749023323826996
-0.676171950665894
-0.6774407375849092
-0.6787087259582465
-0.6799759067933878
-0.6812422754716057
-0.6825078115831538
-0.6837725623095378
-0.6850364960640879
-0.6862996243418994
-0.6875619158231828
-0.6888234019455087
-0.6900840910706204
-0.6913439293447167
-0.6926029451257713
-0.6938611748360805
-0.695118569217854
-0.696375149559331
-0.69763089198032
-0.6988858247974659
-0.7001399257347866
-0.7013932051775242
-0.7026456457685394
-0.7038972653247034
-0.7051480594342221
-0.7063980193974816
-0.7076471332649795
-0.708895437874836
-0.7101428886128524
-0.7113894972044594
-0.7126352783969838
-0.7138802229811169
-0.7151243066236459
-0.7163675670222267
-0.7176099758174401
-0.7188515216060599
-0.7200922436921557
-0.72133208103073
-0.7225710935786677
-0.7238092470182309
-0.7250465506221129
-0.726282962871495
-0.7275185384359888
-0.7287532465165948
-0.7299870817759365
-0.7312200703195847
-0.7324521864894064
-0.7336834178225209
-0.7349137652810399
-0.736143272234386
-0.737371872642406
-0.7385996108692315
-0.7398264487941585
-0.7410524241858926
-0.7422774968961383
-0.743501677062992
-0.7447249691933229
-0.7459473706840349
-0.7471688670063102
-0.7483894757568088
-0.7496091523302757
-0.7508279435262022
-0.7520458336385037
-0.7532628193400837
-0.7544788794102127
-0.7556940016882626
-0.7569082337456404
-0.7581215469466682
-0.7593339068371641
-0.7605453717279937
-0.7617558744734101
-0.7629654631502818
-0.7641741101969924
-0.7653818109688115
-0.7665885539204174
-0.7677943896689285
-0.7689992488285428
-0.7702031505072827
-0.7714061095387721
-0.7726081096723331
-0.7738091419309073
-0.775009206485939
-0.7762083011239005
-0.7774064239955947
-0.7786035771648286
-0.779799750734283
-0.7809949314443954
-0.7821891031403042
-0.7833823197925317
-0.7845745405456254
-0.7857657518353048
-0.7869559639772015
-0.7881451729286474
-0.7893333898103051
-0.7905205404629723
-0.7917067116241949
-0.7928918481311853
-0.7940759598305045
-0.7952590608641263
-0.7964411130826763
-0.7976221275670867
-0.7988021095924711
-0.7999810526179381
-0.8011589351469998
-0.8023357770814104
-0.8035115303139705
-0.8046862457116649
-0.805859908863625
-0.8070324756730126
-0.808203974579279
-0.8093743979743516
-0.8105437369474556
-0.8117119786850648
-0.8128791364479679
-0.8140452057608347
-0.8152101593997259
-0.8163740198672637
-0.8175367702947574
-0.8186983903477957
-0.8198588954976979
-0.8210182845155617
-0.8221765595958112
-0.8233336659383769
-0.8244896438608307
-0.8256444980390379
-0.826798194500534
-0.8279507309461819
-0.8291021186845898
-0.830252322985882
-0.8314013681626661
-0.8325492530985159
-0.8336959370056399
-0.8348414570995277
-0.8359857868460604
-0.8371289315252731
-0.838270865466491
-0.8394115946511819
-0.8405511044436257
-0.841689423717201
-0.8428265119162095
-0.8439623632609442
-0.845097004941267
-0.84623042247084
-0.8473625714704721
-0.8484934718775744
-0.849623147285336
-0.8507515303700262
-0.8518786527154514
-0.8530045278497181
-0.8541291395347387
-0.8552524510606585
-0.856374473994479
-0.8574952064805975
-0.858614658344991
-0.859732790946684
-0.8608496024752005
-0.8619651397978451
-0.8630793355689359
-0.8641922158969066
-0.8653037446764446
-0.8664139338993122
-0.8675227968144394
-0.8686303023892358
-0.8697364566479102
-0.8708412554616255
-0.8719446951398688
-0.8730467183137299
-0.874147378403347
-0.8752466664567291
-0.8763445502875724
-0.8774410360331193
-0.8785361190691253
-0.8796297926710946
-0.8807220499809375
-0.8818128965726035
-0.8829022954179528
-0.8839902474440935
-0.8850767872706278
-0.8861618476316252
-0.8872454899236643
-0.8883276257138619
-0.8894083092064866
-0.8904875190814004
-0.8915652359563229
-0.8926414806291092
-0.8937162182581664
-0.8947894635108855
-0.8958612064915941
-0.8969314106321529
-0.8980001006136739
-0.8990672694742599
-0.9001329060365223
-0.9011969997571642
-0.902259536024557
-0.9033205202589759
-0.9043799249474948
-0.905437785357818
-0.9064940389007259
-0.9075487491785263
-0.908601834836713
-0.9096533305557057
-0.9107032257868927
-0.9117514981100056
-0.9127981787963027
-0.913843195064638
-0.9148866109152349
-0.915928363025166
-0.9169684669415769
-0.9180069353039155
-0.9190437316245141
-0.9200788517890234
-0.9211123075613064
-0.9221440545344911
-0.9231741243141374
-0.9242025049935323
-0.9252291736967826
-0.9262541217763716
-0.9272773547211737
-0.9282988558698613
-0.9293186301302306
-0.9303366604483347
-0.9313529190155119
-0.9323674289612939
-0.9333801826374547
-0.9343911398398963
-0.935400346979482
-0.9364077379407095
-0.9374133553687573
-0.9384171574836864
-0.9394191321096782
-0.9404192957303737
-0.9414176379288407
-0.9424141353361076
-0.9434088017442562
-0.9444015928916699
-0.9453925639858358
-0.9463816405257458
-0.9473688627077775
-0.9483541733930996
-0.949337597003682
-0.9503191443469095
-0.9512987775594373
-0.9522764852641558
-0.9532522827342268
-0.9542261413887116
-0.9551980676491195
-0.9561680552159117
-0.9571360659245884
-0.9581021322966138
-0.9590662097759136
-0.9600283188074933
-0.9609884366189927
-0.9619465680350109
-0.9629026978188392
-0.9638567990082801
-0.9648089001715209
-0.9657589691633379
-0.9667069715587616
-0.967652958837304
-0.9685968903971673
-0.9695387450205005
-0.9704785616731928
-0.9714162680985998
-0.9723519096274742
-0.9732854315338261
-0.9742168742893775
-0.9751461912974101
-0.9760734084547772
-0.9769984655395294
-0.9779214125918922
-0.9788422065744598
-0.9797608402083648
-0.9806773196789623
-0.9815916169466898
-0.9825037460033221
-0.9834136787565322
-0.9843214136879209
-0.9852269503084481
-0.98613026675997
-0.9870313690228086
-0.9879302308829031
-0.9888268529775857
-0.9897212282163717
-0.9906133544379936
-0.991503209707683
-0.9923907884376341
-0.9932760877273723
-0.9941590903561498
-0.9950397921030235
-0.9959181848164922
-0.9967942599691033
-0.9976680117832425
-0.9985394140536322
-0.9994084758636907
-1.0002751928348252
-1.0011395197221036
-1.002001514336973
-1.0028611195460087
-1.0037183374369074
-1.004573134925814
-1.005425539942984
-1.0062755423741563
-1.0071231061703718
-1.0079682280579747
-1.0088109208797233
-1.0096511445707417
-1.0104889220240512
-1.0113242323584613
-1.0121570602590364
-1.0129873946305537
-1.0138152576427573
-1.0146405816512776
-1.0154634051891864
-1.0162837128747528
-1.0171014811122787
-1.0179167025267117
-1.0187293751190059
-1.0195394941714642
-1.0203470364590066
-1.0211520170411996
-1.0219543908315791
-1.022754187644377
-1.0235513608716544
-1.0243459278375848
-1.0251378667806454
-1.0259271832253911
-1.0267138438786725
-1.027497852185649
-1.0282792056816559
-1.0290579064685206
-1.0298339110942116
-1.0306072288845434
-1.0313778616635874
-1.0321457750796783
-1.032910962992659
-1.033673458195881
-1.0344332000408396
-1.0351902000761184
-1.0359444563540088
-1.0366959379584726
-1.0374446582453736
-1.0381906014941946
-1.0389337630801752
-1.0396740885768039
-1.0404116383872921
-1.0411463692402199
-1.0418782700488718
-1.0426073358873869
-1.0433335505215917
-1.0440569003754963
-1.044777417573257
-1.0454950450676235
-1.0462097949065885
-1.0469216451981773
-1.0476306106165585
-1.0483366686020084
-1.0490397979996922
-1.0497399958233837
-1.0504372569357996
-1.0511315858545411
-1.0518229345309789
-1.0525113317258734
-1.0531967398824533
-1.0538791886936298
-1.0545586118212829
-1.0552350679881384
-1.0559084943643042
-1.0565789212636123
-1.057246279791405
-1.057910632747098
-1.0585719072276083
-1.0592301335156267
-1.0598852957841995
-1.0605373826738027
-1.0611863915169282
-1.0618322884968505
-1.0624750811513939
-1.0631147636330738
-1.0637513200112096
-1.0643847618362707
-1.0650150276731627
-1.065642168628449
-1.066266135265967
-1.0668869367163136
-1.0675045582897242
-1.0681190059624428
-1.0687302110044379
-1.0693382476338262
-1.0699430668852763
-1.0705446594445336
-1.071142995184026
-1.07173810452539
-1.0723299431281916
-1.0729185312352965
-1.0735038395264505
-1.0740858868828538
-1.0746646235600479
-1.0752400782501645
-1.07581220527419
-1.076381022263902
-1.0769465126803375
-1.0775086605356508
-1.0780674520016678
-1.0786228965956994
-1.079174994639168
-1.0797237063103433
-1.0802690128554029
-1.0808109507618004
-1.081349487001232
-1.0818846169498284
-1.0824163028189682
-1.0829445727206268
-1.083469406845086
-1.083990802041537
-1.0845087232978012
-1.0850231881280685
-1.0855341755043848
-1.086041669268229
-1.0865456909201592
-1.0870461873082522
-1.087543181964342
-1.0880366610818457
-1.088526605894263
-1.0890130157390234
-1.0894958798390524
-1.0899751779889348
-1.090450916739337
-1.0909230840549848
-1.0913916535471477
-1.0918566317494165
-1.0923180139668507
-1.0927758120603703
-1.0932299438566573
-1.0936804671558082
-1.0941273329055994
-1.0945705926617957
-1.0950101777411272
-1.0954460889663697
-1.0958783328228212
-1.096306876217999
-1.0967317440261113
-1.0971529059347793
-1.0975703737352889
-1.0979841084885338
-1.0983941117507028
-1.0988003898425627
-1.0992029160081038
-1.099601692985922
-1.0999967024160913
-1.1003879410287818
-1.1007754032684693
-1.1011590779828575
-1.1015389519958303
-1.1019150163825686
-1.1022872702140711
-1.102655698526358
-1.1030202995184473
-1.103381061613651
-1.1037379601524515
-1.1040910024041033
-1.104440174133165
-1.1047854643317463
-1.1051268894109263
-1.105464422932417
-1.1057980304656794
-1.106127750074662
-1.1064535302421188
-1.10677540748686
-1.1070933331519095
-1.1074073114817502
-1.1077173467665327
-1.1080234202355819
-1.1083255096408111
-1.1086236330282586
-1.1089177765965585
-1.1092079004978401
-1.1094940272025984
-1.1097761582974248
-1.110054258167675
-1.1103283334459835
-1.110598371916677
-1.110864355372255
-1.1111262961662929
-1.1113841646511844
-1.1116379875876805
-1.1118877096102222
-1.1121333481217845
-1.1123748877515478
-1.112612327861835
-1.1128456608641046
-1.1130748672379653
-1.113299947358097
-1.1135208951002473
-1.1137377162182496
-1.1139503535412525
-1.114158839009874
-1.1143631631296926
-1.1145633200287266
-1.1147592913160895
-1.1149510629106987
-1.1151386402310588
-1.1153219963151004
-1.1155011617456478
-1.1156760673958475
-1.1158467716210925
-1.1160132349555816
-1.1161754518815015
-1.1163334059917356
