1025
-1.7233909770726241
-1.7217218973421926
-1.7200481929531268
-1.718369882665318
-1.716686972872589
-1.7149994422728179
-1.7133073307555382
-1.7116106109093805
-1.709909296289847
-1.7082034147421152
-1.7064929193875262
-1.7047778528861421
-1.703058205443436
-1.701333986493525
-1.6996052010325657
-1.6978718500911025
-1.696133923849534
-1.6943914454945914
-1.69264441142357
-1.6908928272487207
-1.689136706208562
-1.6873760325487903
-1.6856108257946618
-1.6838410810070819
-1.6820668199170563
-1.6802880238580264
-1.6785047109543225
-1.6767168794527605
-1.6749245423214072
-1.673127693103857
-1.6713263381448582
-1.669520491549812
-1.6677101385739679
-1.665895318358942
-1.6640760013061175
-1.662252211370004
-1.6604239596763077
-1.6585912220290948
-1.6567540189712548
-1.654912372492594
-1.653066259100969
-1.6512157061718913
-1.649360716401032
-1.6475012752654492
-1.6456374068255486
-1.6437691134219483
-1.64189639932724
-1.640019271114224
-1.6381377312858463
-1.6362517802699472
-1.6343614403969058
-1.6324666931952951
-1.6305675559426405
-1.6286640617453105
-1.626756155859616
-1.6248438970867884
-1.6229272618208228
-1.621006292414845
-1.6190809562365478
-1.6171512708625813
-1.6152172448095263
-1.613278878436881
-1.6113361959534864
-1.609389183943229
-1.6074378582973916
-1.605482228429496
-1.6035222836863887
-1.6015580513430685
-1.5995895266370914
-1.5976167068753333
-1.5956396119868947
-1.5936582547133538
-1.591672626610375
-1.5896827334944543
-1.5876886050890506
-1.5856902358056784
-1.5836876161764406
-1.581680765982026
-1.5796697062449463
-1.5776544146863847
-1.5756349247388475
-1.5736112246133032
-1.5715833377050683
-1.5695512543080457
-1.567514987670555
-1.5654745598268618
-1.5634299605062567
-1.561381191778406
-1.559328283649951
-1.5572712353516835
-1.5552100338917443
-1.553144728200966
-1.5510752773519556
-1.5490017259065003
-1.546924066396514
-1.5448423220567362
-1.5427564711196309
-1.540666532652803
-1.5385725317758927
-1.5364744596169744
-1.5343723297351541
-1.532266165632424
-1.5301559413698236
-1.5280416814927011
-1.5259234077023909
-1.523801111052871
-1.5216748030688552
-1.5195445053942043
-1.517410200458378
-1.5152719236341237
-1.513129654891479
-1.5109834290618167
-1.5088332549914683
-1.5066791157869708
-1.5045210539568534
-1.5023590353752927
-1.500193112311998
-1.498023276064812
-1.4958495224630657
-1.4936718766759256
-1.4914903410717375
-1.489304940418773
-1.4871156583852718
-1.4849225108966864
-1.4827255179259489
-1.4805246817658113
-1.4783200219749986
-1.476111542278538
-1.473899231286472
-1.4716831172189804
-1.4694632219987243
-1.4672395231229036
-1.465012062929972
-1.4627808363516959
-1.4605458445938704
-1.458307118717328
-1.456064645971739
-1.4538184360963842
-1.4515685157502576
-1.44931490718243
-1.4470575809488362
-1.4447965773390556
-1.4425318864812022
-1.4402635335733023
-1.4379915162402535
-1.4357158621443218
-1.4334365568433656
-1.4311536343662674
-1.4288671014926035
-1.4265769540287656
-1.424283207807964
-1.4219858785456971
-1.4196849827680538
-1.4173805009796294
-1.4150724827221457
-1.4127609232245217
-1.410445837550408
-1.408127220063525
-1.4058050964122915
-1.4034794666575412
-1.4011503407440766
-1.3988177606947814
-1.3964816955945776
-1.3941421668779257
-1.391799208417306
-1.3894528159269497
-1.3871029840985718
-1.3847497584015185
-1.382393122737447
-1.3800330993616559
-1.3776697156256168
-1.375302942931972
-1.3729328210044651
-1.3705593447481068
-1.3681825499229527
-1.365802433309842
-1.3634190067431053
-1.3610322880731744
-1.3586422859611975
-1.3562489895101524
-1.3538524352056125
-1.3514526543818624
-1.3490496088141775
-1.3466433449604418
-1.3442338832406
-1.341821191215803
-1.3394053175789042
-1.336986267765767
-1.334564046127617
-1.332138684218163
-1.3297101714169801
-1.3272785197413344
-1.3248437577529302
-1.3224058947322028
-1.3199649320939557
-1.317520898252517
-1.3150737845295386
-1.3126236168159522
-1.3101704143272084
-1.307714169132018
-1.3052548985356225
-1.3027926509561683
-1.3003273887218696
-1.297859155713375
-1.2953879553871388
-1.2929137917957807
-1.2904367005430406
-1.2879566751498708
-1.285473724773069
-1.2829878791434075
-1.2804991400210393
-1.2780075193587168
-1.2755130425179375
-1.2730157103168673
-1.2705155677965525
-1.2680125708341186
-1.2655067695544748
-1.2629981600358546
-1.26048678128913
-1.2579726356719765
-1.25545571977416
-1.2529360688368594
-1.2504136715637486
-1.2478885662836159
-1.2453607704935328
-1.2428302642303244
-1.240297100401564
-1.2377612569866951
-1.2352227698585003
-1.2326816516455936
-1.230137901547058
-1.2275915660575436
-1.2250426220282058
-1.2224910956060062
-1.2199370126764852
-1.2173803682763975
-1.214821186439858
-1.2122594794968906
-1.2096952714374785
-1.2071285574226107
-1.2045593595429305
-1.2019877013396127
-1.199413594863991
-1.1968370289336385
-1.1942580599309107
-1.1916766748113896
-1.1890928880443334
-1.1865067051467129
-1.1839181983988643
-1.1813273134152122
-1.178734076045147
-1.1761385273262182
-1.1735406629970222
-1.1709405156265027
-1.1683380840881632
-1.1657333849890417
-1.1631264343830074
-1.1605172509892967
-1.1579058322840596
-1.1552922248015518
-1.152676415459476
-1.150058428375018
-1.1474382773545313
-1.1448159930075361
-1.1421915614044897
-1.1395650084503086
-1.1369363710925597
-1.1343056348697256
-1.1316728212454907
-1.129037956335118
-1.126401042151437
-1.1237621103439435
-1.1211211593345254
-1.1184782188365154
-1.1158333029860046
-1.1131864223912555
-1.1105375515622795
-1.1078867901288991
-1.1052340831734455
-1.1025794899206927
-1.099922985222621
-1.097264608635159
-1.0946043831055603
-1.0919423195063265
-1.0892784109102223
-1.0866127009439481
-1.0839451937571876
-1.081275910169277
-1.0786048373860697
-1.0759320457062236
-1.073257502702189
-1.0705812455218302
-1.0679032719074522
-1.0652236294124877
-1.0625422990425244
-1.0598593424718374
-1.0571747117893435
-1.0544884575202993
-1.0518006032619962
-1.0491111657466758
-1.0464201587432507
-1.0437275696335693
-1.0410334441830762
-1.0383377933284694
-1.035640626950068
-1.0329419619846143
-1.0302418194239968
-1.027540210872161
-1.0248371544680694
-1.0221326578869523
-1.01942674588362
-1.016719450611089
-1.01401075830408
-1.0113006982364172
-1.0085892810854344
-1.0058765290548095
-1.0031624696937034
-1.000447097222618
-0.9977304353408054
-0.9950125071660513
-0.9922933261815959
-0.9895729028269716
-0.9868512589806071
-0.9841284189131705
-0.9814043906808977
-0.9786791695013333
-0.9759527965772994
-0.9732253067965709
-0.9704966630256852
-0.9677669346298781
-0.9650361082707228
-0.9623042033226662
-0.959571260268513
-0.9568372653124904
-0.9541022379815525
-0.9513662037803379
-0.9486291816772671
-0.9458911958701118
-0.9431522290707602
-0.940412336065393
-0.9376715280199047
-0.9349297994723776
-0.9321871819814354
-0.9294436836775373
-0.9266993289070212
-0.9239541359689599
-0.921208122618703
-0.9184612987940158
-0.9157136747646268
-0.9129652791408831
-0.9102161344909319
-0.9074662492067234
-0.9047156308590314
-0.9019642983019479
-0.8992122989177286
-0.8964596055827314
-0.8937062652002534
-0.8909522785164733
-0.8881976811667182
-0.8854424605480846
-0.8826866558035686
-0.8799302909490117
-0.8771733396965511
-0.8744158694834967
-0.8716578784733047
-0.8688993822759249
-0.8661403939373691
-0.8633809308882118
-0.8606210155744873
-0.8578606661934001
-0.8550998949676086
-0.8523387209581228
-0.8495771452546564
-0.8468152209995281
-0.8440529294891131
-0.8412903073686575
-0.8385273661730223
-0.8357641220331364
-0.8330005993437184
-0.8302367948392784
-0.8274727385887392
-0.8247084611804246
-0.821943953768846
-0.8191792550662315
-0.8164143764406628
-0.8136493113230844
-0.8108841119024427
-0.8081187917633832
-0.8053533372821226
-0.8025877858802205
-0.79982216370095
-0.7970564608705591
-0.7942907445844225
-0.7915249498621958
-0.7887591670791114
-0.7859933833327012
-0.783227624730576
-0.7804618866762746
-0.7776962269341208
-0.7749306277721463
-0.772165104395922
-0.7693997032841234
-0.7666344166439428
-0.7638692894129554
-0.7611042844767413
-0.7583394797058461
-0.7555748424389256
-0.7528104334539254
-0.7500462388482101
-0.7472822794648294
-0.7445185883280593
-0.74175515667918
-0.7389920371587154
-0.7362292236288828
-0.7334667188610581
-0.7307045705451888
-0.7279427700216693
-0.7251813617576577
-0.7224203281505657
-0.7196597203078559
-0.7168995269789854
-0.7141398053409596
-0.7113805072568546
-0.7086217096238389
-0.7058633937334983
-0.7031056029344736
-0.7003483269651213
-0.6975915934293091
-0.6948354481710348
-0.6920798534506613
-0.689324883577826
-0.6865704935906849
-0.6838167333840723
-0.681063634388801
-0.6783111936658733
-0.6755594260911798
-0.6728083676279326
-0.6700580143020859
-0.6673083953215131
-0.6645595178452611
-0.661811397422542
-0.6590640708790784
-0.656317526353339
-0.6535717992151496
-0.6508268965429301
-0.6480828551513794
-0.6453396627768792
-0.6425973624165631
-0.6398559379470727
-0.6371154503026255
-0.6343758705771367
-0.6316372446538173
-0.6288995718078946
-0.6261628820158092
-0.6234271918486088
-0.6206925046425212
-0.6179588430734153
-0.6152262497048893
-0.6124947008050746
-0.6097642169371972
-0.6070348420869436
-0.6043065701143411
-0.6015794287578939
-0.5988534297374969
-0.5961285889533988
-0.5934049226045756
-0.5906824415230039
-0.5879611740550488
-0.5852411225659534
-0.5825223204686631
-0.5798047609880863
-0.5770884893392978
-0.5743734954389463
-0.571659801642722
-0.5689474531983345
-0.5662364145343778
-0.5635267389380435
-0.5608184332384307
-0.5581114940650146
-0.5554059758800614
-0.5527018751642205
-0.5499991998151724
-0.5472979643849875
-0.5445982042836823
-0.5418999329529903
-0.5392031516916294
-0.5365078582764815
-0.5338141191550483
-0.531121919928869
-0.528431267550026
-0.5257422082236928
-0.5230547209292409
-0.5203688416660369
-0.5176845878568487
-0.5150019676934335
-0.5123210144708628
-0.5096417116170363
-0.50696410097296
-0.5042881949212726
-0.5016139966012023
-0.4989415197346104
-0.496270786301663
-0.4936018411417348
-0.49093465890812665
-0.4882692508411138
-0.4856056689314781
-0.48294391113252627
-0.4802839878273248
-0.4776259044982632
-0.4749697007173279
-0.47231537264811835
-0.4696629503293661
-0.4670124297376201
-0.4643638628252546
-0.4617172065216927
-0.4590725186545915
-0.45642980195377114
-0.4537890902795107
-0.4511503597486978
-0.44851366148622684
-0.44587898747745563
-0.44324636094517234
-0.44061579636925713
-0.43798732520137323
-0.43536092257331843
-0.43273663233344883
-0.4301144542774037
-0.4274944271788587
-0.4248765465999302
-0.4222608125963395
-0.41964727930391704
-0.41703594784285114
-0.41442679552052136
-0.4118198758938038
-0.40921518844906696
-0.40661276206461905
-0.4040125851577629
-0.401414697969328
-0.39881909746980343
-0.39622581178871524
-0.39363484188057424
-0.3910462041137171
-0.38845991871400254
-0.38587600193643623
-0.3832944469890132
-0.38071529524009845
-0.3781385506210471
-0.3755642161512218
-0.37299231225457297
-0.37042286655218576
-0.36785586503359
-0.36529134056910956
-0.36272931636287675
-0.36016977285405477
-0.35761276815863224
-0.3550582709261244
-0.35250631797998094
-0.34995691167729137
-0.34741009973984444
-0.34486585006107084
-0.34232419903120215
-0.33978516071455045
-0.33724872798584754
-0.33471493102011984
-0.33218379154731265
-0.32965532052726026
-0.327129496034839
-0.32460637900733896
-0.3220859461401823
-0.31956823745133506
-0.31705323723357204
-0.31454098708297
-0.3120314885974931
-0.30952474792417556
-0.30702078155356666
-0.30451960706353626
-0.30202122545506943
-0.2995256778065605
-0.2970329416132958
-0.2945430390836973
-0.2920559804959737
-0.289571792649844
-0.28709049616660787
-0.28461206591866856
-0.28213653080728973
-0.27966393034046294
-0.2771942286484978
-0.2747274860862364
-0.2722636744862589
-0.26980282677532713
-0.26734495471797337
-0.2648900772848032
-0.26243816430464106
-0.25998927863154225
-0.2575434152485685
-0.25510057240445844
-0.2526607696125977
-0.25022402575713176
-0.24779034581743276
-0.24535974154739643
-0.24293222390453442
-0.2405078039174173
-0.23808649054400247
-0.2356683075496269
-0.2332532706113742
-0.23084135236633047
-0.22843258991376064
-0.2260270032341171
-0.22362459125024423
-0.2212253623939046
-0.2188293204123702
-0.21643652893878298
-0.2140469271621959
-0.2116605694766046
-0.20927745166178163
-0.2068975740641143
-0.2045209695310573
-0.20214763985436093
-0.19977758684290187
-0.19741082460186707
-0.19504737559411428
-0.19268723099846286
-0.1903304352755769
-0.18797695642871617
-0.1856268117630782
-0.183280042642953
-0.1809366365071729
-0.17859659987569731
-0.17625995129424454
-0.1739267039451037
-0.1715968554091051
-0.16927041586148694
-0.16694741007881148
-0.1646278297770622
-0.16231169443906038
-0.15999902101837463
-0.15768980754875764
-0.15538406145705375
-0.1530817809791506
-0.1507830202787426
-0.1484877519157413
-0.14619597586032218
-0.14390772548265574
-0.14162300782653067
-0.13934182087916924
-0.1370641904410001
-0.13479010998679838
-0.13251958096923383
-0.13025264340040021
-0.1279892680476305
-0.12572948693209904
-0.12347329284277596
-0.12122071621288479
-0.11897175469117496
-0.11672642324759075
-0.11448470424438344
-0.1122466334826532
-0.11001222105501152
-0.10778145011945625
-0.10555433267569692
-0.10333090734688508
-0.10111116439119554
-0.0988950897349471
-0.09668273648263233
-0.09447408510640239
-0.09226912863514998
-0.09006788420383911
-0.08787038103797935
-0.08567661781638508
-0.08348659161118417
-0.0813003030950801
-0.07911778418121618
-0.07693903969906485
-0.07476403541236393
-0.0725928265961377
-0.0704253938056684
-0.06826177143812916
-0.06610194867260863
-0.06394592021584541
-0.061793709272036534
-0.05964531617954137
-0.05750074434847983
-0.0553600036015754
-0.0532231321447379
-0.05109009484862248
-0.04896090114148266
-0.046835579615354866
-0.044714119644524625
-0.04259653317781754
-0.04048282325207836
-0.03837300016598547
-0.03626705637329938
-0.03416502382133455
-0.03206690507769285
-0.02997266973750573
-0.02788237318059725
-0.025795970020147614
-0.023713527585882882
-0.021635003519743002
-0.019560417673250757
-0.01748978539385027
-0.015423090554991286
-0.013360356837026202
-0.011301577967249062
-0.009246759639429874
-0.0071959304790257346
-0.005149070920145743
-0.0031061878082007466
-0.0010672883279180577
0.0009676221425503489
0.0029985240207311857
0.005025433280445387
0.007048321570332652
0.009067218652842188
0.011082077505805157
0.013092948267646273
0.015099768769216922
0.017102563420145066
0.019101331296190054
0.021096049795291394
0.023086750432815637
0.025073373796963564
0.02705596996191184
0.02903449602456582
0.031008961870880092
0.032979379197410084
0.03494572375019036
0.036907991270951575
0.03886619411443107
0.04082030172170028
0.042770339668616486
0.04471629397638457
0.04665815933356061
0.048595927384663694
0.05052960093249755
0.05245917629843399
0.05438465481769064
0.05630602715267438
0.05822327536016406
0.06013642058294276
0.062045457985859864
0.06395036061760281
0.06585116591244115
0.06774782699183099
0.06964038080459321
0.07152879481587492
0.07341306896305178
0.07529321547738854
0.0771692276069941
0.07904109733254208
0.08090883167384226
0.08277240679531025
0.08463186392421601
0.0864871531300669
0.08833830710734815
0.09018528572398654
0.09202811529072272
0.09386680416148684
0.09570133125487058
0.0975316869457757
0.09935789203307328
0.10117992979437984
0.10299780520141598
0.10481152276976853
0.10662105306764064
0.10842643076741414
0.1102276237132163
0.11202465362217091
0.11381750672182019
0.11560619409531483
0.11739070687331861
0.11917103303310952
0.12094719569097792
0.1227191787335336
0.12448696121564498
0.12625058638178047
0.12801002906467152
0.1297652803393687
0.1315163747799273
0.13326326256766668
0.13500598521410245
0.13674450865615081
0.13847886813498045
0.1402090306269328
0.1419350300568635
0.14365681944470537
0.14537444755966591
0.14708788869107675
0.14879713990675547
0.15050221681729523
0.15220310344122462
0.1538998175716178
0.15559233996543953
0.15728068354103455
0.1589648521748701
0.16064483241094488
0.16232064276669195
0.163992268533016
0.1656597129534912
0.16732298472810436
0.16898208566394599
0.17063700562973344
0.17228775122464343
0.17393432682419527
0.1755767269961111
0.17721495502550097
0.1788490140884243
0.18047890698385924
0.18210463471887234
0.183726185646135
0.18534357866468765
0.18695681403207728
0.18856586887652924
0.19017079369414505
0.19177155458357684
0.1933681614698941
0.1949605975152685
0.19654889291509434
0.19813305072780263
0.19971304878435794
0.2012888957913005
0.2028606095264257
0.20442816890702334
0.20599160205959413
0.20755089912624916
0.20910606132845388
0.21065708814781375
0.21220400514375834
0.21374676992774494
0.21528542263002698
0.2168199624675942
0.21835037954853667
0.21987667637998792
0.22139886459871602
0.2229169479705877
0.2244309200505434
0.22594080205241468
0.2274465693242506
0.22894825805497537
0.230445837727098
0.23193933511576834
0.23342874349301865
0.2349140764778372
0.2363953205322906
0.23787248958762727
0.23934559043312567
0.24081463739803857
0.24227960584200392
0.24374051608663452
0.2451973784050293
0.24665017958822877
0.24809892348390353
0.24954364897743103
0.2509843207026423
0.25242095562352324
0.25385356686607646
0.2552821420368545
0.256706698672055
0.2581272423733395
0.25954377940640755
0.2609562765561273
0.2623647946902723
0.2637693111582777
0.26516983019039686
0.2665663590767438
0.2679588983351408
0.2693474500252393
0.2707320486730026
0.272112664799524
0.2734893181605162
0.27486200575892383
0.276230748680753
0.277595547096898
0.27895639289200813
0.2803132972100161
0.28166626956424395
0.2830153233534997
0.28436043856306914
0.2857016489892669
0.2870389355356046
0.2883723370635263
0.2897018149825214
0.2910274261164836
0.2923491337917066
0.29366697775977163
0.29498091825337985
0.29629101481552217
0.2975972256389133
0.29889958698722446
0.30019810071406533
0.301492770484266
0.3027836073684884
0.30407060099756467
0.30535376981148227
0.30663312431232836
0.3079086615563632
0.30918040673748354
0.31044832953347945
0.3117124766099721
0.31297283250243285
0.3142294103080004
0.31548221518801417
0.3167312670296719
0.3179765268513636
0.31921806475435616
0.3204558569346536
0.32168991306477296
0.32292022397331493
0.3241468243059781
0.32536969730222304
0.3265888708951818
0.32780433912034274
0.32901613052697704
0.33022421929856344
0.3314286469178979
0.3326293868013369
0.3338264716603153
0.33501990251950536
0.3362096817081095
0.33739581386352024
0.33857832175860686
0.3397572182727706
0.3409324893773275
0.34210413532306905
0.3432722006359327
0.3444366750211132
0.3455975677709061
0.34675486688684176
0.3479086094759108
0.34905879236159376
0.3502054328547335
0.35134851972848996
0.35248807647372726
0.3536241080683032
0.35475661681323795
0.3558856325411658
0.3570111308547452
0.35813314318880163
0.3592516803093596
0.3603667395439205
0.3614783353252409
0.3625864790760765
0.3636911676501715
0.36479242318013
0.3658902513143643
0.3669846510998822
0.3680756404154515
0.36916323163248144
0.37024745118339125
0.371328253560459
0.37240569448883015
0.3734797577482866
0.3745504955857054
0.37561787479331726
0.37668190786414263
0.3777426201574553
0.3788000008159889
0.37985408571477475
0.3809048669058394
0.38195237186720693
0.3829965863700419
0.3840375265737625
0.3850752165518704
0.38610964921165236
0.3871408472188544
0.38816881182621854
0.3891935551353686
0.3902150901072931
0.391233427086305
0.39224857146579395
0.3932605334411645
0.3942693269248144
0.3952749614642056
0.3962774480212627
0.39727679969149976
0.39827301062297554
0.39926610354340186
0.4002560857207773
0.40124296721404584
0.402226774510906
0.4032075054015105
0.4041851524803035
0.40515975954051475
0.40613130625770455
0.40709983493307206
0.4080653304749377
0.4090278079563001
0.4099872925449212
0.4109437821208745
0.4118972818159117
0.4128478188689929
0.4137954031962033
0.41474001931441123
0.4156817038548669
0.41662047412236325
0.4175563191743624
0.4184892650935687
0.41941931492225204
0.4203464777105753
0.4212707777048868
0.4221922068203185
0.42311080861266875
0.424026554626436
0.4249394782584768
0.42584958391371663
0.42675688764661157
0.4276614023604022
0.4285631311533082
0.4294620923726962
0.430358297570316
0.4312517675324605
0.4321424811296589
0.43303047717475196
0.4339157663012837
0.434798361365086
0.4356782681873643
0.4365554910602036
0.4374300547375211
0.43830195342772355
0.4391712308471601
0.4400378500142421
0.4409018754874965
0.4417632933064493
0.4426221179123325
0.4434783555681124
