1025
-0.13212083377122202
-0.13169238004283135
-0.13126347905895122
-0.13083413384784537
-0.13040436024646082
-0.12997417142816214
-0.12954357453136406
-0.12911258216179197
-0.12868120852571133
-0.12824945725655748
-0.12781735319238238
-0.1273848985761381
-0.12695210678722396
-0.12651898649668647
-0.12608555156663215
-0.1256518131875952
-0.12521778856647145
-0.12478347835122462
-0.12434889994224557
-0.12391406515157048
-0.12347898141852653
-0.12304366455351705
-0.1226081228718529
-0.1221723715436536
-0.12173641568494623
-0.12130027282575472
-0.12086395076950827
-0.12042746183354483
-0.1199908172741555
-0.1195540286288845
-0.11911710546007392
-0.11868006381821421
-0.11824291088277604
-0.11780565363122018
-0.11736831384056298
-0.11693089417659311
-0.1164934062778423
-0.11605586674135113
-0.11561828730600388
-0.11518066998081028
-0.11474303389420894
-0.11430538658217075
-0.11386774007688555
-0.11343010860428525
-0.11299249589440177
-0.11255492044904569
-0.1121173905332409
-0.11167991306173884
-0.11124250606884774
-0.11080517748464516
-0.11036793786685073
-0.10993079757222626
-0.1094937725331252
-0.10905686129652671
-0.10862009237849807
-0.10818346388605622
-0.10774699120267338
-0.10731067865819023
-0.10687454863185292
-0.10643860413567058
-0.10600285738037907
-0.10556732144070963
-0.10513200115620627
-0.10469691284083472
-0.1042620653726793
-0.10382746981194996
-0.10339313776270574
-0.10295907743226115
-0.10252530075354428
-0.1020918203391053
-0.10165864493920455
-0.10122578196170877
-0.10079324857136451
-0.1003610511804436
-0.09992920046004876
-0.09949770083337887
-0.09906657703078807
-0.09863582884537646
-0.09820546973480744
-0.09777550905195906
-0.0973459587025
-0.09691682777983401
-0.09648812802476112
-0.09605986766795944
-0.09563205995300433
-0.09520470828505691
-0.09477782931152463
-0.09435143536647933
-0.09392552817957246
-0.09350012461082714
-0.09307523410200909
-0.09265086103792165
-0.09222702399932403
-0.09180372584049959
-0.09138098114607837
-0.09095879338417569
-0.09053718163498957
-0.09011615294849927
-0.08969571048987472
-0.08927587323214971
-0.08885664411164325
-0.08843803472169609
-0.08802006030769419
-0.08760272460776977
-0.08718603532180134
-0.08677000874917097
-0.08635465013265171
-0.08593996761372405
-0.08552597930998211
-0.08511268554542661
-0.08470010043264979
-0.0842882322711084
-0.08387708699389289
-0.08346668065444868
-0.08305701495831423
-0.08264811107042896
-0.08223996515644214
-0.08183259458400317
-0.08142600610684549
-0.0810202085554606
-0.08061521107033048
-0.08021102077887736
-0.07980765322740693
-0.07940511647990735
-0.07900341023703103
-0.07860255420342951
-0.07820255081009699
-0.07780340923390382
-0.07740514373702263
-0.07700775888345089
-0.07661126527619387
-0.07621567089029756
-0.07582098243101125
-0.07542721236349252
-0.07503436628522953
-0.07464245456501639
-0.07425148678480901
-0.07386147435594083
-0.07347241631728496
-0.07308432399876641
-0.072697213394565
-0.07231108716642536
-0.07192595284933297
-0.07154182038535155
-0.07115870286062906
-0.07077659758165186
-0.07039552556548866
-0.07001548313769196
-0.06963648285754338
-0.06925853555051657
-0.06888165086864413
-0.06850583246124793
-0.06813108628371309
-0.0677574271995628
-0.06738485619549488
-0.06701338657486676
-0.06664301959189622
-0.06627376893147625
-0.0659056401575894
-0.06553864738245918
-0.0651727885257374
-0.06480807248365411
-0.0644445154985579
-0.06408211931161255
-0.06372088448651168
-0.06336083068493528
-0.06300196240045369
-0.06264427744170133
-0.06228779359142704
-0.061932517535760095
-0.06157844428126911
-0.061225601375552545
-0.0608739819656147
-0.06052359785913811
-0.06017445236761646
-0.05982655509419745
-0.059479915642099424
-0.059134534595775654
-0.05879042080748936
-0.05844758815125767
-0.05810604140166031
-0.057765772930963216
-0.057426809858062706
-0.057089146495090115
-0.05675279080187112
-0.056417753562793424
-0.05608404096015622
-0.05575165845982531
-0.055420606583828934
-0.05509089694266293
-0.05476253941369208
-0.054435538236736566
-0.05410989701171023
-0.05378561975433041
-0.05346271993778897
-0.05314119513359938
-0.052821060867722196
-0.05250231841270205
-0.052184974011483434
-0.05186903277341938
-0.05155450352268977
-0.05124138549465982
-0.05092969308314009
-0.05061942741216444
-0.05031059357929905
-0.050003200642390916
-0.04969724828088272
-0.04939274855430049
-0.049089708812765025
-0.04878812460197719
-0.04848801039396832
-0.04818936843816303
-0.04789220142087274
-0.04759652197735474
-0.047302320225823064
-0.047009622888913784
-0.04671841822398149
-0.046428721422212715
-0.046140531539082166
-0.045853853134973685
-0.045568698641290525
-0.045285060367723846
-0.04500295720044579
-0.04472238756187949
-0.044443349321208386
-0.04416586221195019
-0.04388991707814905
-0.04361552720542689
-0.043342696023097066
-0.0430714226787564
-0.042801718645542226
-0.04253357860700988
-0.04226701970620529
-0.04200203860397712
-0.041738640013072946
-0.04147683248916758
-0.04121661263001863
-0.04095799245534655
-0.04070097077024821
-0.040445554248784155
-0.04019174834303155
-0.0399395492010648
-0.0396889686015998
-0.03944001114846902
-0.03919267378195044
-0.03894696538509408
-0.03870289018708685
-0.03846045324693894
-0.03821964418770083
-0.03798048249898807
-0.0377429718736022
-0.03750710793309978
-0.037272892618730964
-0.03704033763048281
-0.036809437192929714
-0.03658020538624181
-0.03635263557391511
-0.03612673813326815
-0.03590251136910848
-0.035679959087925046
-0.03545908484750116
-0.03523989132991546
-0.035022383841168785
-0.03480656010025053
-0.034592428874743744
-0.03437999310631274
-0.034169249617051915
-0.03396020255310414
-0.03375286021761957
-0.03354721883680378
-0.03334328355752212
-0.033141052543161846
-0.03294053690997699
-0.03274173284492551
-0.03254463985337926
-0.032349267365224865
-0.032155621682060764
-0.03196368587072203
-0.0317734844668252
-0.03158500092509812
-0.03139825292849538
-0.031213233851421048
-0.031029944198734578
-0.03084838212620393
-0.030668568208236463
-0.030490483498712712
-0.030314138410501325
-0.03013953388973211
-0.029966678178697283
-0.02979555892230551
-0.029626189078798246
-0.02945856215310666
-0.02929269338937092
-0.029128565005933183
-0.02896618856339766
-0.028805561994748843
-0.028646697411315602
-0.02848958385044954
-0.028334226072857998
-0.02818062268441022
-0.02802877493166464
-0.02787869137397653
-0.02773036408321957
-0.027583798578891566
-0.02743899476987472
-0.027295953275983956
-0.027154672081053658
-0.027015157217894686
-0.02687740296545613
-0.026741416424324184
-0.02660719463518046
-0.026474736811636278
-0.026344043954919252
-0.026215118141238634
-0.02608796349389076
-0.02596257215383103
-0.025838946363071012
-0.02571709054900407
-0.025597000296472834
-0.025478679072683787
-0.02536212562823809
-0.025247336189262743
-0.025134318342117146
-0.025023064011738042
-0.024913577804942383
-0.024805859084259748
-0.024699906508508767
-0.02459571671882553
-0.024493301988118867
-0.024392644161661706
-0.024293752903594257
-0.02419662652512561
-0.024101262685663535
-0.024007660442417086
-0.023915821244122875
-0.023825750704872542
-0.023737433697109376
-0.023650876328755004
-0.02356608542883331
-0.02348304828634045
-0.02340176471764807
-0.02332224092028989
-0.023244471082102616
-0.0231684556394456
-0.02309419591336559
-0.023021686893971816
-0.022950923415832956
-0.02288191582322159
-0.02281465616596534
-0.022749137685387343
-0.022685366889430163
-0.022623337800363474
-0.02256305340717067
-0.022504508476044394
-0.022447701723418263
-0.022392633610682295
-0.022339298088783394
-0.022287699792392368
-0.022237826647077564
-0.02218969102445007
-0.02214328009686888
-0.022098591581578068
-0.022055636489607976
-0.022014397609183813
-0.02197487368703827
-0.02193707531123385
-0.021900989378303117
-0.02186661762395366
-0.02183395590262583
-0.021803002780446806
-0.021773756201831543
-0.021746212993966597
-0.02172037536669943
-0.021696231618615447
-0.021673784638983857
-0.02165303173225574
-0.021633969314115993
-0.02161659464094587
-0.021600906746697183
-0.021586904230786973
-0.021574583707401035
-0.021563932848257045
-0.021554963508420715
-0.021547662186706028
-0.021542027688076934
-0.0215380603543481
-0.02153575393945775
-0.021535106062635687
-0.02153611593157661
-0.021538779730244345
-0.021543087276821405
-0.021549049080570967
-0.02155664358538332
-0.021565890264615736
-0.021576765504264017
-0.02158927184536783
-0.021603409675635062
-0.021619174971637265
-0.02163655578014762
-0.021655559994209435
-0.021676180720442813
-0.02169840497554555
-0.021722242899174005
-0.021747678313105114
-0.02177471890661297
-0.02180335008255928
-0.021833577216952935
-0.021865388738570076
-0.02189878361276119
-0.021933760735658128
-0.021970311487327986
-0.02200843339786378
-0.022048121608983437
-0.02208937247606234
-0.02213218489525414
-0.022176546503657624
-0.022222467417643752
-0.022269921783808492
-0.022318929353207183
-0.02236946572875068
-0.022421539752013726
-0.022475130216259447
-0.022530257415976817
-0.02258689943806546
-0.02264505064605142
-0.02270471325141635
-0.0227658829665742
-0.022828554541201123
-0.022892711811731897
-0.022958367115194337
-0.023025499874355704
-0.02309412195079289
-0.0231642191790978
-0.023235785020333927
-0.023308813680053934
-0.02338330664861856
-0.023459249437108077
-0.023536643211342516
-0.023615483755391912
-0.0236957655382466
-0.023777481528723606
-0.023860621749255528
-0.023945191127775316
-0.024031181817193843
-0.0241185824303231
-0.02420738768573606
-0.024297598361276648
-0.02438920318100503
-0.024482207044039736
-0.0245765846786938
-0.024672353835708306
-0.02476949161950942
-0.024868000978769747
-0.024967876738892187
-0.025069104258105948
-0.025171687491614796
-0.02527561602830931
-0.02538087972411221
-0.025487481437591678
-0.02559541607876072
-0.025704669332507236
-0.025815241221559152
-0.025927118011471448
-0.026040302813177086
-0.026154787029207517
-0.026270565395443316
-0.026387627843772857
-0.026505970568359714
-0.026625589195355806
-0.0267464747274236
-0.026868624119522188
-0.026992025883672253
-0.027116674991234026
-0.027242576821264155
-0.027369704192115072
-0.02749806895383657
-0.027627654718759675
-0.02775845718989909
-0.027890476099069417
-0.02802369200092469
-0.028158105302839593
-0.028293716820953455
-0.02843051101350739
-0.0285684798923658
-0.028707622449390357
-0.028847928156713457
-0.02898939845329728
-0.029132012265435204
-0.029275774828284515
-0.029420676847180603
-0.029566707173033537
-0.029713863037365982
-0.029862138483951188
-0.030011522734008346
-0.0301620123756402
-0.030313595111304235
-0.03046627245889996
-0.030620028541768245
-0.030774859997667683
-0.030930766438392352
-0.031087734251236104
-0.031245756383783865
-0.03140482035447726
-0.031564929566534596
-0.03172607401194114
-0.03188823950387653
-0.032051427931499475
-0.03221562515440664
-0.032380831341661837
-0.032547032503402074
-0.03271422566984819
-0.03288239957669987
-0.03305155506986264
-0.0332216664304791
-0.033392751376855545
-0.03356478368027478
-0.03373776496241729
-0.033911680329984775
-0.03408653434181329
-0.03426230532218817
-0.034438993248060705
-0.03461659435077723
-0.034795094281739575
-0.034974485556564426
-0.035154763999149866
-0.03533592501413347
-0.035517955827278604
-0.03570084440949334
-0.03588459628835931
-0.0360691955055168
-0.0362546260371761
-0.0364408948697686
-0.036627991249700446
-0.036815901758462395
-0.03700462516796959
-0.03719414672968302
-0.037384459834930564
-0.037575564776771105
-0.037767445787435266
-0.03796009401896916
-0.03815350738942761
-0.038347677416275115
-0.038542595685565464
-0.03873824463021844
-0.03893463451269943
-0.03913174308959045
-0.03932956440198579
-0.03952809568861586
-0.039727328905292715
-0.03992724725459977
-0.0401278531295688
-0.04032913253220937
-0.04053107795214321
-0.04073368705692244
-0.04093694018240103
-0.04114084306598943
-0.04134538011520356
-0.04155054268462741
-0.04175631998201644
-0.04196271217871272
-0.0421697066809686
-0.042377293018973035
-0.042585470292323735
-0.04279422352046834
-0.04300354493332054
-0.043213426414857384
-0.04342386908477599
-0.043634851569972766
-0.04384637278719543
-0.04405841873373553
-0.04427099050780918
-0.04448407382538806
-0.0446976598280502
-0.04491174093386517
-0.045126312738228154
-0.045341360200742184
-0.0455568831560099
-0.04577286184057372
-0.0459892998673267
-0.04620618660339569
-0.04642351098579979
-0.04664126100326834
-0.04685942899064573
-0.04707801622017405
-0.04729700614091936
-0.04751638977958071
-0.04773616748339459
-0.047956318524887645
-0.04817684275672331
-0.04839772961252069
-0.0486189697057582
-0.048840552662037656
-0.049062479903751205
-0.0492847316183066
-0.0495073036110024
-0.049730190986242304
-0.04995338084199902
-0.05017686761476445
-0.050400638510722774
-0.050624687672160225
-0.05084900665832109
-0.05107359347307005
-0.05129843010059911
-0.051523511714041126
-0.05174882207557882
-0.0519743696046355
-0.05220013613801753
-0.05242611298942179
-0.052652293436796914
-0.05287866461551775
-0.05310522685854847
-0.053331957162756675
-0.05355886051325225
-0.05378592541107386
-0.054013139607779995
-0.054240503588962055
-0.054467996630277266
-0.05469561741297129
-0.05492335744141872
-0.05515120932108665
-0.05537916087470398
-0.05560720597361052
-0.05583532991409388
-0.056063533747299645
-0.056291807476874844
-0.05652013509738812
-0.056748518408374055
-0.05697693983796657
-0.05720539732716145
-0.05743387664884056
-0.05766237511072334
-0.05789088418113808
-0.058119388430251426
-0.05834788778047159
-0.05857637301193706
-0.058804826133809086
-0.059033247642755526
-0.05926163119366771
-0.059489961929097154
-0.05971823037164481
-0.0599464340580912
-0.0601745637756382
-0.060402608443706936
-0.06063055943904087
-0.06085841384322043
-0.0610861502908358
-0.06131377413205254
-0.06154127278264412
-0.06176863614295414
-0.06199585645195737
-0.06222293012464412
-0.062449841433127845
-0.06267658484997692
-0.06290315303883946
-0.06312953404460388
-0.06335572587993375
-0.06358171502908962
-0.06380749474802025
-0.06403306214597641
-0.06425840441064049
-0.06448350636927382
-0.06470836731307356
-0.06493298314615152
-0.06515733367632576
-0.0653814170331611
-0.06560522981761299
-0.06582876208892235
-0.06605199839871173
-0.06627493864274143
-0.06649756588102843
-0.06671988145063706
-0.06694187032734444
-0.06716352549499156
-0.0673848471769046
-0.06760581709356453
-0.06782643090138295
-0.06804667947391524
-0.06826655340566753
-0.0684860509049348
-0.06870515590664379
-0.06892386615537033
-0.06914217090560035
-0.0693600699489153
-0.06957753464410286
-0.06979457456391726
-0.07001118080398991
-0.07022734386359314
-0.07044304858079022
-0.07065829600057424
-0.07087307332520973
-0.07108737758816763
-0.07130119707879566
-0.07151452098000123
-0.07172734628277964
-0.07193966542193128
-0.07215146460264714
-0.07236274703803061
-0.07257349026411565
-0.07278369500374518
-0.07299335481383645
-0.07320245902613025
-0.07341100457715453
-0.07361897333598166
-0.07382636848682568
-0.07403317938712653
-0.07423939217166951
-0.0744450051282481
-0.07465001143331874
-0.07485440224558834
-0.07505816590762428
-0.07526130397961912
-0.07546379679427277
-0.0756656424318044
-0.07586683900266282
-0.0760673684492039
-0.07626723482810263
-0.07646641813730214
-0.07666492183982684
-0.07686273110652342
-0.07705984305596324
-0.07725624967191533
-0.0774519369323479
-0.07764691132279099
-0.07784115024863898
-0.07803465432684083
-0.07822741941996651
-0.07841943059425868
-0.0786106844124925
-0.078801175535963
-0.07899088806722081
-0.07917982140474662
-0.07936797744382126
-0.07955533331392542
-0.07974188660271546
-0.07992763688016782
-0.08011256685553612
-0.08029667840808156
-0.08047996067707136
-0.0806624031865224
-0.08084400202694242
-0.08102475357628415
-0.08120464244176154
-0.08138367385204517
-0.081561829642897
-0.08173910962462899
-0.08191550581247418
-0.08209100286791421
-0.08226560332644131
-0.08243930266345913
-0.08261208340223548
-0.08278395135962176
-0.08295488516305513
-0.08312489585384614
-0.08329395996108602
-0.08346208291529393
-0.08362924853780523
-0.0837954530050851
-0.0839606968246569
-0.08412496509884916
-0.08428825544855885
-0.08445056085070753
-0.0846118699859162
-0.08477218416083859
-0.08493149190597031
-0.08508978756048464
-0.0852470650105331
-0.08540331557407002
-0.08555853723909923
-0.08571272201673791
-0.08586586378500723
-0.08601795744788346
-0.08616898873770996
-0.08631896447537767
-0.08646786917275742
-0.08661569290492462
-0.08676244230488431
-0.08690810463990863
-0.08705267003087108
-0.08719614236872006
-0.0873385038623793
-0.08747975777021065
-0.08761988798046887
-0.08775889872953362
-0.08789678281376678
-0.08803352959738789
-0.08816913338641637
-0.0883035938437825
-0.08843689823656518
-0.08856904583366093
-0.08870002810644244
-0.08882983766840448
-0.08895847215909672
-0.08908592853738508
-0.08921219322327129
-0.08933726597770345
-0.089461143343093
-0.08958381397002228
-0.08970527226941052
-0.08982551858555707
-0.08994454092814672
-0.09006233900528172
-0.09017890666609175
-0.090294235334832
-0.09040832175671562
-0.0905211586516501
-0.09063274370119637
-0.09074306990414671
-0.09085213047119026
-0.09095992380653076
-0.09106644173494269
-0.09117167792351508
-0.09127563232072863
-0.09137829050306008
-0.09147966185475226
-0.09157973088819285
-0.09167849525520462
-0.091775945289125
-0.09187208235313064
-0.09196690041897232
-0.09206039218654846
-0.09215255188146183
-0.09224337973410227
-0.09233286475331859
-0.09242100625874797
-0.09250780133027202
-0.0925932387191854
-0.09267731628373378
-0.09276003568538992
-0.09284138136050721
-0.09292135616556296
-0.09299995395805503
-0.0930771672797696
-0.0931529960773432
-0.09322743172503745
-0.09330047412332201
-0.09337211533736811
-0.09344235449456566
-0.09351118219000056
-0.09357859656958685
-0.09364459358571785
-0.09370916852667087
-0.09377231669704279
-0.09383403770258318
-0.09389432044689179
-0.09395316356012845
-0.09401056554452554
-0.09406652256184286
-0.09412102649412367
-0.09417407387488459
-0.09422566560174107
-0.09427579046065422
-0.09432444803050996
-0.09437163885074477
-0.09441734993965316
-0.09446158515352462
-0.09450433795001542
-0.09454560024718099
-0.09458537843940829
-0.0946236588922621
-0.09466044245530995
-0.09469572010102557
-0.09472949761017822
-0.09476176664047292
-0.09479252197558877
-0.09482176245001787
-0.09484948215932873
-0.09487567591805462
-0.09490035005211346
-0.09492349037442663
-0.094945099814016
-0.09496517039323489
-0.09498370638072781
-0.09500069542765208
-0.09501613881828876
-0.0950300314389932
-0.09504237130840809
-0.09505316037439991
-0.09506238268457375
-0.09507004510236533
-0.0950761413695716
-0.09508067323216679
-0.09508362668684386
-0.09508501281390508
-0.09508482186763086
-0.09508305290700647
-0.09507969258707558
-0.09507475388275612
-0.09506822025772314
-0.09506009755238769
-0.09505038072925737
-0.09503906771042604
-0.09502615737270705
-0.09501164131322093
-0.09499551894831389
-0.09497778838651912
-0.09495845090933919
-0.09493750409425308
-0.094914932498487
-0.09489075289346269
-0.09486494457821788
-0.09483751862299615
-0.09480846788435776
-0.0947777919516518
-0.09474547780643928
-0.09471153987194503
-0.0946759688955296
-0.09463875990164766
-0.09459990631188049
-0.09455941880445998
-0.09451728364088705
-0.09447350797692361
-0.09442808216116906
-0.09438101135638413
-0.09433228744622126
-0.09428191068891503
-0.09422988046469295
-0.09417619270122425
-0.09412084639718339
-0.09406383903288451
-0.09400516741659123
-0.0939448320253568
-0.09388283628576874
-0.09381917054932784
-0.09375383245923363
-0.09368682624065007
-0.09361814716475625
-0.09354779630494149
-0.09347576504188923
-0.09340205865228104
-0.09332667663693821
-0.09324961540853602
-0.09317086636656367
-0.0930904404763578
-0.0930083275406157
-0.09292452590445524
-0.09283904203473205
-0.09275186613616154
-0.09266300560057254
-0.09257245182953142
-0.09248020557803181
-0.09238626985485213
-0.09229063697457895
-0.09219330939844894
-0.09209428602247695
-0.09199356818859766
-0.09189114581535611
-0.09178702609720628
-0.09168120846784673
-0.09157369459634368
-0.09146446796160365
-0.09135354553402059
-0.09124091373801632
-0.0911265857958183
-0.09101054766552007
-0.09089280492888334
-0.09077335466348609
-0.09065219423143886
-0.09052932899094594
-0.09040475502699125
-0.09027847388584964
-0.09015048013552046
-0.09002077686057429
-0.08988936348954675
-0.08975624066048893
-0.08962140406815458
-0.08948485385568927
-0.08934659283106267
-0.08920662125087786
-0.08906493520102073
-0.08892153487951215
-0.08877642097604878
-0.0886295956941436
-0.08848105368084365
-0.0883308014989933
-0.08817883152702898
-0.08802514666374796
-0.08786974882711748
-0.08771263512259377
-0.08755380470066149
-0.08739326434202968
-0.08723101085064412
-0.0870670364061111
-0.08690135274234863
-0.08673395015090753
-0.0865648403883843
-0.08639401002074716
-0.08622146892592679
-0.0860472123307166
-0.08587124593133774
-0.08569356188123418
-0.085514168839221
-0.08533306333092593
-0.08515024296803698
-0.08496571028416475
-0.08477946992738151
-0.0845915182751469
-0.08440185439865004
-0.08421048432871778
-0.08401739971043082
-0.08382260916508835
-0.08362611177300817
-0.08342790817123263
-0.08322799480462292
-0.08302637441546191
-0.08282304724806258
-0.08261801769843181
-0.08241128437065826
-0.08220284609670056
-0.08199270483648957
-0.08178086279809774
-0.08156732589647477
-0.08135207879152936
-0.08113513504805299
-0.08091649488138684
-0.08069615925004874
-0.0804741257493218
-0.08025039695924231
-0.08002497262230905
-0.0797978546484278
-0.07956904813314702
-0.07933854470305192
-0.07910635508724287
-0.07887247732992246
-0.07863691148405065
-0.07839965641180988
