1025
-0.1127078048947467
-0.11361912937910434
-0.11453190509947853
-0.11544612112103063
-0.1163617720124295
-0.11727885844207353
-0.11819736520570957
-0.11911729455848498
-0.12003863956352116
-0.12096138621900242
-0.1218855447480886
-0.12281109791167123
-0.12373804377902964
-0.12466637462310456
-0.12559608501039926
-0.12652717005728661
-0.12745962913295686
-0.12839344835897512
-0.12932862604294
-0.13026515608801809
-0.13120302924503416
-0.1321422458058425
-0.13308279567705752
-0.13402467611725918
-0.13496787555093803
-0.13591239513167552
-0.13685822507889342
-0.13780536090707227
-0.13875379508996244
-0.13970352378602635
-0.1406545407682444
-0.14160683900659124
-0.14256041583400558
-0.14351525624113678
-0.14447136493320656
-0.14542872958062514
-0.14638734223828287
-0.1473472057266245
-0.1483083101222098
-0.1492706427885689
-0.15023420682673178
-0.15119898999870446
-0.15216498670969777
-0.1531321967073034
-0.15410060693966357
-0.1550702142206418
-0.15604101206176077
-0.15701299260300203
-0.15798615251250156
-0.15896048571695875
-0.1599359819964083
-0.16091264060214786
-0.16189045419156048
-0.16286940609719328
-0.16384950949441815
-0.164830742040925
-0.1658131055551212
-0.1667965833675594
-0.1677811814712915
-0.1687668884611629
-0.16975369801453416
-0.17074160542331362
-0.17173059884235153
-0.1727206776030983
-0.17371183285499445
-0.17470405719536053
-0.17569734860506603
-0.17669169520104447
-0.17768709342123196
-0.17868353922005215
-0.17968102273591124
-0.18067953521739905
-0.18167907542166656
-0.1826796355269215
-0.18368120444780145
-0.18468377614577913
-0.18568735204085207
-0.18669191978794686
-0.18769747002411308
-0.1887040031039819
-0.18971150632217854
-0.1907199773161598
-0.19172940600562433
-0.19273978892210164
-0.19375111932434722
-0.19476338471317356
-0.19577658465703543
-0.19679071402137985
-0.19780575863425393
-0.19882171560138864
-0.19983858300156687
-0.20085634251254975
-0.20187500114800103
-0.20289454158719814
-0.20391496230254996
-0.2049362504389377
-0.20595840927265616
-0.2069814282694705
-0.20800529470724904
-0.20903000851170692
-0.21005555922772778
-0.21108193740974324
-0.21210914540589496
-0.21313717105081278
-0.21416600341780878
-0.21519564179280487
-0.21622607746486483
-0.21725729978491207
-0.2182893104681552
-0.2193220938568452
-0.2203556504452223
-0.2213899674257247
-0.2224250363128451
-0.22346085857791184
-0.2244974169051871
-0.22553471754928048
-0.22657273994921007
-0.22761148331309403
-0.2286509433253528
-0.2296911084533818
-0.2307319739010833
-0.23177352807405685
-0.23281577192020989
-0.23385869631540884
-0.23490228923931608
-0.23594654820194633
-0.23699146201453095
-0.23803702481082348
-0.23908323605674323
-0.24013008310332704
-0.24117755630839316
-0.24222565578211144
-0.24327436659462698
-0.2443236858716557
-0.24537360744420864
-0.24642411995176577
-0.24747522174502212
-0.24852690660822055
-0.24957916066505362
-0.25063197471440224
-0.2516853527991676
-0.25273927932865237
-0.2537937514350294
-0.25484875894355086
-0.2559042989489651
-0.25696035686736596
-0.2580169353856026
-0.2590740177956552
-0.2601315994808409
-0.26118967688680406
-0.2622482427067712
-0.26330728670564796
-0.2643667998151426
-0.26542678392944297
-0.266487220515188
-0.2675481078869214
-0.2686094355349007
-0.26967120154432006
-0.2707333952874531
-0.271796013171128
-0.2728590456879655
-0.27392247857759305
-0.27498631702071075
-0.27605054950715247
-0.27711516117100277
-0.2781801522469319
-0.27924551840423756
-0.2803112412039272
-0.281377323279285
-0.2824437541352191
-0.28351051928643156
-0.2845776270088666
-0.28564505888736835
-0.2867128130856231
-0.28778087549725945
-0.2888492428685402
-0.2899179087230159
-0.29098686221891357
-0.29205609752439826
-0.2931256143303863
-0.2941953994322241
-0.2952654362066994
-0.2963357352144
-0.29740627722917196
-0.29847705370845784
-0.29954806864581124
-0.30061930553916427
-0.3016907592323762
-0.30276242150619365
-0.30383428277869334
-0.3049063414922344
-0.3059785898826973
-0.3070510161174629
-0.3081236124485583
-0.3091963768045266
-0.31026929479672993
-0.31134236764151413
-0.31241558283828025
-0.31348893152681717
-0.3145624108830546
-0.31563601321076523
-0.31670972118180557
-0.3177835413233472
-0.31885745774788243
-0.3199314649199974
-0.32100555855997337
-0.32207972432851456
-0.32315396106770405
-0.3242282626222516
-0.32530261509415087
-0.32637701609329856
-0.327451457836797
-0.32852592894382027
-0.3296004270445671
-0.33067493324221103
-0.3317494594223695
-0.33282398475806296
-0.3338985086978559
-0.33497301592234285
-0.3360475019561248
-0.3371219651047693
-0.33819638914226097
-0.3392707766174304
-0.3403451124618308
-0.341419386557237
-0.3424936031076642
-0.34356774192517525
-0.3446418063909748
-0.3457157835742353
-0.3467896644771621
-0.34786344740976877
-0.3489371143679923
-0.35001067033448346
-0.35108410264792533
-0.3521574013461718
-0.35323056467877323
-0.35430358053171196
-0.35537644421559145
-0.35644914457624427
-0.35752167925540584
-0.35859403950783825
-0.359666213299593
-0.36073819594945317
-0.36180998646922574
-0.362881565421595
-0.36395293335197926
-0.36502408302623723
-0.3660950092022476
-0.3671656870857451
-0.3682361299516454
-0.36930632783435224
-0.3703762649998284
-0.37144593727308617
-0.37251533638356643
-0.3735844553871559
-0.37465328982452883
-0.37572182896789535
-0.3767900666616133
-0.3778579978452288
-0.3789256083937402
-0.3799928971762109
-0.3810598548611047
-0.382126474812555
-0.3831927441661425
-0.38425866450110846
-0.385324225698845
-0.3863894136977978
-0.3874542281217137
-0.38851866179998085
-0.3895827031954763
-0.3906463482872904
-0.391709584962706
-0.39277241224498893
-0.39383481741933724
-0.3948967926661974
-0.3959583337270992
-0.39701944386856325
-0.3980800904031765
-0.3991402892053803
-0.40020001714206405
-0.40125928078919393
-0.4023180643620786
-0.40337635888982554
-0.4044341565552603
-0.405491461101997
-0.40654825221975743
-0.40760452811422965
-0.40866027968968377
-0.409715508056722
-0.4107701896191538
-0.4118243310040512
-0.4128779179340177
-0.4139309512089697
-0.4149834102676848
-0.4160352989756432
-0.41708659859842434
-0.4181373196678956
-0.41918744307880174
-0.42023696096942337
-0.42128586485991826
-0.42233414831955696
-0.4233818127002342
-0.4244288414746386
-0.42547522943129973
-0.4265209706657454
-0.42756605776923057
-0.4286104810210032
-0.4296542360612441
-0.4306973133348684
-0.43173970923794946
-0.4327814136927718
-0.4338224154672671
-0.4348627136225555
-0.4359022989897473
-0.43694116690796564
-0.43797930568766275
-0.43901670651274993
-0.4400533683614944
-0.44108928069011283
-0.44212443621337716
-0.44315882740458673
-0.4441924477268359
-0.4452252905016503
-0.446257344724117
-0.4472886060543036
-0.44831907259944664
-0.4493487305265662
-0.45037756782244914
-0.45140559344060655
-0.45243278246596763
-0.4534591374956191
-0.45448465069574345
-0.4555093084936236
-0.4565331106889364
-0.4575560501333906
-0.4585781190995986
-0.459599306271291
-0.4606196040071862
-0.4616390156808721
-0.46265752174307145
-0.46367511654398796
-0.4646917998917485
-0.4657075600653068
-0.4667223922107087
-0.46773628821424706
-0.46874923954649195
-0.46976123722288987
-0.47077227955133155
-0.4717823587740889
-0.47279146313778536
-0.4737995870965284
-0.474806723751109
-0.47581286983446125
-0.47681801603237717
-0.47782214867017575
-0.4788252715985653
-0.4798273691095831
-0.4808284398978556
-0.4818284696128969
-0.4828274617882603
-0.483825401327143
-0.4848222792584049
-0.4858181024746637
-0.48681284737141434
-0.4878065118637654
-0.4887990926776155
-0.4897905804908965
-0.4907809695128634
-0.49177025054934365
-0.4927584168307467
-0.49374546226283034
-0.4947313791165559
-0.49571616543837893
-0.49669980332223057
-0.49768229508629735
-0.49866362957697913
-0.49964380073616327
-0.5006228015868525
-0.5016006238487573
-0.5025772659190885
-0.5035527174068171
-0.5045269652765998
-0.5055000131747918
-0.5064718456355932
-0.5074424579047562
-0.508411848969167
-0.5093800033184966
-0.5103469147506002
-0.5113125840538463
-0.5122769992163085
-0.5132401495857476
-0.5142020381730987
-0.5151626411689385
-0.5161219773550818
-0.5170800168434803
-0.5180367614392121
-0.5189922031275845
-0.5199463400807551
-0.5208991533640049
-0.5218506473653579
-0.5228008149162577
-0.5237496396857106
-0.5246971242704823
-0.5256432517652067
-0.5265880313667636
-0.5275314386979845
-0.5284734813703035
-0.5294141401158151
-0.5303534158005775
-0.531291302265984
-0.532227786752587
-0.5331628692138679
-0.534096534578974
-0.5350287811653602
-0.5359596064312011
-0.5368889943555836
-0.5378169481262541
-0.5387434479136349
-0.5396685024715681
-0.5405920908880031
-0.5415142171687102
-0.542434859658886
-0.5433540347814878
-0.5442717163233302
-0.5451879050635806
-0.5461025909262768
-0.547015772925821
-0.5479274420549348
-0.5488375812730663
-0.5497462014919497
-0.5506532783687028
-0.5515588238706772
-0.5524628211397324
-0.5533652598078975
-0.5542661371744311
-0.55516544908562
-0.5560631814327937
-0.5569593342835599
-0.5578538983680945
-0.5587468689716462
-0.5596382392601279
-0.560527996465066
-0.5614161431022514
-0.5623026683145183
-0.5631875650119983
-0.5640708225765673
-0.5649524423500909
-0.5658324100832174
-0.5667107299060822
-0.5675873783815752
-0.5684623671814293
-0.5693356774831104
-0.570207308868111
-0.5710772520884358
-0.5719454977096798
-0.572812045287602
-0.5736768851314157
-0.5745400030925066
-0.5754014049470886
-0.5762610832295239
-0.5771190221692495
-0.5779752226530785
-0.5788296726868609
-0.5796823698390579
-0.5805333065776038
-0.5813824768967132
-0.5822298740081097
-0.5830754893807116
-0.5839193204495554
-0.5847613555238494
-0.5856015944602192
-0.5864400225760958
-0.5872766395673393
-0.5881114409428578
-0.5889444076348944
-0.5897755499355406
-0.5906048500971088
-0.5914323041865911
-0.5922579124952563
-0.5930816551990796
-0.5939035327509979
-0.5947235426784674
-0.5955416760119311
-0.5963579213590022
-0.5971722747179301
-0.5979847317588155
-0.598795292495987
-0.5996039343814906
-0.6004106617079031
-0.6012154696522949
-0.6020183426980721
-0.6028192846515146
-0.6036182845274574
-0.604415334215496
-0.6052104302101643
-0.6060035605655499
-0.6067947284146566
-0.6075839187816773
-0.6083711273550476
-0.6091563519169485
-0.6099395853912457
-0.6107208192065628
-0.6115000390698164
-0.612277250765052
-0.6130524482728525
-0.6138256146335871
-0.614596750097759
-0.615365847326196
-0.6161329046458405
-0.6168979080741206
-0.6176608566602826
-0.618421739859555
-0.619180557860225
-0.619937290751453
-0.6206919526723137
-0.6214445218848662
-0.6221949978906715
-0.6229433678594383
-0.6236896377049226
-0.6244337882909585
-0.625175821749883
-0.6259157300105753
-0.6266535054957506
-0.6273891375864439
-0.6281226307414608
-0.628853972474403
-0.6295831585006074
-0.6303101757079669
-0.6310350263487788
-0.6317577051284997
-0.6324781932840604
-0.6331964931818771
-0.6339126057296103
-0.6346265139917844
-0.6353382174031237
-0.6360477039462229
-0.6367549737187858
-0.6374600174484902
-0.6381628301734515
-0.638863402325489
-0.6395617324073427
-0.6402578135364875
-0.640951637995301
-0.6416431962334607
-0.6423324924331151
-0.6430195094874044
-0.6437042444266307
-0.6443866951890297
-0.6450668540210166
-0.6457447089770795
-0.6464202634631693
-0.6470935049734637
-0.6477644256168658
-0.64843302846658
-0.6490992936144373
-0.6497632297315303
-0.6504248229862007
-0.651084069413238
-0.6517409545812947
-0.6523954851117649
-0.653047648548872
-0.6536974377491465
-0.6543448533895394
-0.6549898839156901
-0.6556325209580787
-0.6562727593365516
-0.6569106034885991
-0.6575460325503033
-0.6581790512825533
-0.6588096452668406
-0.6594378182441827
-0.6600635554028274
-0.6606868534860619
-0.6613077078341616
-0.6619261131903592
-0.662542060022833
-0.6631555477537242
-0.6637665600409416
-0.6643751029189755
-0.6649811673810149
-0.6655847468553321
-0.6661858312624837
-0.6667844126429515
-0.667380497014223
-0.6679740719641816
-0.6685651247506658
-0.6691536635336195
-0.6697396674050361
-0.6703231420607936
-0.6709040763801477
-0.6714824638013983
-0.6720582967204729
-0.6726315814501023
-0.6732022968974404
-0.6737704424466501
-0.6743360165238126
-0.6748990098950214
-0.6754594159299165
-0.676017228943445
-0.6765724435132104
-0.677125054420294
-0.6776750577625048
-0.6782224448976661
-0.6787672087588817
-0.679309339624409
-0.6798488460297439
-0.6803857131335603
-0.6809199331027896
-0.681451503083717
-0.6819804168367907
-0.6825066727000543
-0.6830302485148048
-0.6835511590681066
-0.6840693874591465
-0.6845849304166562
-0.6850977869071814
-0.6856079427195408
-0.68611539602324
-0.6866201429799876
-0.6871221776640015
-0.6876214900614083
-0.6881180800004829
-0.6886119316371381
-0.6891030520439
-0.6895914329806115
-0.6900770598186136
-0.6905599347752654
-0.6910400504839257
-0.6915174010567837
-0.6919919783912888
-0.6924637810791084
-0.6929328036124218
-0.693399034682008
-0.6938624753880714
-0.6943231172954197
-0.6947809504069132
-0.6952359744248825
-0.6956881845944235
-0.6961375759166752
-0.6965841323959439
-0.6970278584248756
-0.6974687502809335
-0.6979067959763108
-0.6983419905725646
-0.6987743324283038
-0.6992038080575571
-0.6996304199342112
-0.7000541625690362
-0.7004750228491482
-0.7008930040359473
-0.7013080968635031
-0.7017202967946055
-0.7021295947584527
-0.7025359872604824
-0.7029394666173755
-0.7033400352227472
-0.7037376794767365
-0.7041323940756969
-0.7045241810575461
-0.7049130322156257
-0.7052989332763508
-0.7056818848663868
-0.7060618884006727
-0.7064389236261059
-0.7068129939956183
-0.7071840983501095
-0.707552229139069
-0.7079173732711929
-0.7082795301147954
-0.7086386937990051
-0.708994863414381
-0.7093480258411122
-0.709698176730429
-0.7100453226323505
-0.7103894441372758
-0.7107305428744364
-0.7110686072770821
-0.7114036353615927
-0.7117356266737602
-0.7120645695545799
-0.7123904619252373
-0.7127132986179823
-0.7130330756272845
-0.7133497745886153
-0.7136634044795254
-0.7139739595918146
-0.714281428993333
-0.7145858089195859
-0.7148870956567195
-0.7151852832360626
-0.7154803668639407
-0.7157723432502474
-0.7160612005130852
-0.7163469354006117
-0.7166295513714951
-0.7169090295471457
-0.7171853806912126
-0.7174585803257072
-0.7177286370472633
-0.7179955427269571
-0.7182592892534385
-0.7185198776217883
-0.7187772956319197
-0.719031543786601
-0.7192826157819179
-0.7195304997855847
-0.7197751977002826
-0.720016704706828
-0.7202550143639154
-0.7204901202801453
-0.7207220171052596
-0.7209507005663518
-0.7211761622106172
-0.7213984062286344
-0.7216174146756344
-0.7218331986792116
-0.7220457361139088
-0.7222550321391296
-0.722461079727331
-0.7226638715098173
-0.7228634101561014
-0.7230596764186613
-0.7232526817080821
-0.7234424073060585
-0.723628854131079
-0.7238120217010539
-0.7239918979034284
-0.7241684790303732
-0.7243417642203295
-0.7245117396932726
-0.7246784097100556
-0.724841769403395
-0.7250018085227893
-0.725158522586646
-0.7253119103397053
-0.7254619635998159
-0.725608681162467
-0.7257520557884143
-0.7258920777045467
-0.726028749162805
-0.7261620654950182
-0.7262920142766742
-0.7264186032732679
-0.7265418139986034
-0.7266616531567958
-0.7267781086977688
-0.7268911737573491
-0.7270008497854193
-0.7271071317961058
-0.7272100103135707
-0.7273094868394091
-0.7274055471159115
-0.7274982017851763
-0.7275874302167838
-0.7276732391020059
-0.7277556125042902
-0.7278345524962124
-0.7279100595617966
-0.7279821213369098
-0.7280507334664971
-0.7281158957358261
-0.7281775986813062
-0.7282358418451254
-0.7282906201539838
-0.728341922917952
-0.7283897541260143
-0.7284341012381125
-0.7284749660499847
-0.7285123409241382
-0.7285462238736183
-0.7285766091846391
-0.7286034874569852
-0.7286268632861013
-0.7286467262172399
-0.7286630656536647
-0.7286758912393337
-0.7286851910483498
-0.728690957311434
-0.7286931966930178
-0.7286918901360956
-0.7286870454088853
-0.7286786470411639
-0.7286667023473702
-0.7286511986332439
-0.7286321381715986
-0.7286095058817625
-0.7285833102098456
-0.7285535386874852
-0.7285201879659882
-0.7284832564008344
-0.7284427353690797
-0.728398625765373
-0.7283509195849057
-0.7282996129648258
-0.728244703962295
-0.7281861859817871
-0.7281240569684571
-0.7280583089147207
-0.7279889406985296
-0.7279159471661512
-0.7278393264458357
-0.7277590714136232
-0.7276751780450396
-0.7275876437632789
-0.7274964625086906
-0.7274016314152609
-0.727303146252966
-0.7272010027415465
-0.7270951979833606
-0.7269857238084497
-0.7268725796047979
-0.7267557633463251
-0.7266352618395182
-0.7265110869032028
-0.7263832231553292
-0.7262516691521737
-0.7261164154047157
-0.7259774664634557
-0.7258348176161534
-0.7256884594231543
-0.7255383887872014
-0.725384607051216
-0.7252271030311662
-0.7250658799425961
-0.7249009317167547
-0.7247322524513674
-0.7245598379826392
-0.7243836918681402
-0.7242037968169892
-0.7240201598065976
-0.7238327752701744
-0.7236416365211547
-0.7234467403152786
-0.7232480840619819
-0.7230456654729127
-0.7228394772587264
-0.7226295214957311
-0.7224157861339174
-0.7221982760007725
-0.7219769796143557
-0.7217518990148387
-0.721523027623034
-0.7212903654306779
-0.7210539030915952
-0.720813639698192
-0.7205695736797826
-0.7203217036961339
-0.7200700187199733
-0.7198145190870104
-0.7195552041959415
-0.7192920643785953
-0.7190250973272471
-0.7187543088256972
-0.7184796835632529
-0.7182012234680818
-0.7179189262372363
-0.7176327835209872
-0.7173427978253775
-0.7170489633047119
-0.7167512778803655
-0.7164497284387729
-0.7161443272167171
-0.7158350633062598
-0.7155219328655588
-0.7152049337446778
-0.7148840608955471
-0.7145593100586839
-0.7142306880015761
-0.713898180091407
-0.7135617883425523
-0.7132215064586406
-0.7128773372450625
-0.7125292736555011
-0.7121773104971261
-0.7118214461323255
-0.7114616781575469
-0.7110980072307507
-0.7107304207118161
-0.7103589243692788
-0.7099835094027855
-0.7096041810960663
-0.7092209235574046
-0.7088337497136296
-0.7084426444820682
-0.7080476135409355
-0.7076486402617984
-0.7072457386734703
-0.7068388911750684
-0.7064281040344571
-0.7060133728236746
-0.7055946944732807
-0.7051720677963232
-0.7047454839109315
-0.70431494430196
-0.7038804466262709
-0.7034419874815158
-0.7029995685452166
-0.7025531745814365
-0.7021028179495346
-0.7016484852825499
-0.7011901795633597
-0.7007278965825197
-0.7002616370045632
-0.6997913846525622
-0.6993171563949814
-0.698838940663204
-0.6983567344611631
-0.6978705306478905
-0.6973803363027273
-0.696886140533628
-0.6963879479710602
-0.695885751343485
-0.6953795547233155
-0.6948693469385758
-0.6943551334345466
-0.6938369045694622
-0.6933146635768171
-0.6927884066101178
-0.6922581298658339
-0.6917238299922375
-0.6911855090322557
-0.6906431673387978
-0.6900967954664837
-0.6895463890722985
-0.6889919563570944
-0.6884334896359043
-0.6878709883678883
-0.6873044435488359
-0.6867338616465023
-0.6861592388522099
-0.6855805735762224
-0.6849978580286755
-0.6844110972491615
-0.6838202855412936
-0.6832254195095453
-0.68262650476311
-0.682023529077547
-0.6814164985353626
-0.6808054091696717
-0.6801902577480526
-0.6795710444320205
-0.6789477664798738
-0.6783204200965397
-0.6776890070446955
-0.677053524983163
-0.6764139677838932
-0.6757703378103022
-0.6751226344704555
-0.6744708607078377
-0.6738149978553408
-0.673155060610272
-0.6724910371605827
-0.6718229406757754
-0.6711507551941358
-0.6704744823357052
-0.6697941234885753
-0.6691096719512328
-0.6684211340016865
-0.6677285035947633
-0.6670317837010145
-0.6663309662457307
-0.6656260526159559
-0.6649170444891997
-0.6642039370028633
-0.6634867309598389
-0.6627654231308586
-0.6620400139752393
-0.6613105029212583
-0.6605768879427616
-0.6598391671402648
-0.6590973392131985
-0.6583514054366577
-0.6576013624710204
-0.6568472116966205
-0.6560889506172739
-0.6553265751467556
-0.6545600880364248
-0.6537894868958991
-0.6530147698714704
-0.6522359425620652
-0.651452999716767
-0.6506659342841903
-0.6498747566496987
-0.6490794557290456
-0.6482800416784243
-0.6474765036337591
-0.6466688447208903
-0.645857066524375
-0.6450411668203098
-0.6442211408864524
-0.6433969950260608
-0.6425687267872283
-0.641736328742534
-0.6408998072223897
-0.6400591641817425
-0.6392143930875582
-0.6383654962848672
-0.6375124733657691
-0.6366553206739258
-0.6357940430099173
-0.634928635709302
-0.6340591055130387
-0.6331854418961029
-0.632307650016188
-0.631425728302052
-0.6305396783965634
-0.6296495001126142
-0.6287551905418106
-0.6278567514283054
-0.6269541834457646
-0.6260474898603443
-0.6251366584873852
-0.6242216990361694
-0.6233026111511647
-0.6223793954971849
-0.6214520492547699
-0.6205205716085878
-0.6195849652847109
-0.6186452264889545
-0.6177013638140841
-0.6167533637002018
-0.6158012412882985
-0.6148449897466276
-0.6138846097759859
-0.6129200994786258
