1025
-0.6578962866405825
-0.6569809140879206
-0.6560572062582639
-0.6551251651995676
-0.6541847891457055
-0.6532360758957272
-0.6522790277253705
-0.6513136423575668
-0.6503399188284913
-0.6493578608748355
-0.6483674617724081
-0.6473687261010574
-0.6463616528200886
-0.6453462433235023
-0.644322497399451
-0.6432904153187103
-0.6422499951056987
-0.6412012423228542
-0.6401441550998743
-0.6390787344262018
-0.6380049832986445
-0.6369229005082605
-0.6358324889392053
-0.6347337485542534
-0.6336266836049913
-0.6325112929745959
-0.6313875799571693
-0.630255546201716
-0.6291151938542666
-0.6279665250265652
-0.6268095422285094
-0.6256442468361649
-0.6244706420756113
-0.6232887332549298
-0.6220985185206303
-0.6209000039809182
-0.6196931932367827
-0.618478086062767
-0.6172546864927584
-0.6160230016618773
-0.6147830311042479
-0.6135347804651743
-0.6122782533664123
-0.6110134515716324
-0.6097403826263854
-0.6084590478954535
-0.6071694523717689
-0.6058716019989929
-0.6045654986682184
-0.603251147933331
-0.6019285552877
-0.6005977247931715
-0.5992586600409318
-0.5979113716917428
-0.596555856440557
-0.5951921259779082
-0.5938201831159191
-0.592440036991157
-0.5910516878797882
-0.589655144750595
-0.5882504129654706
-0.5868374978246602
-0.5854164078154193
-0.5839871468961553
-0.5825497222109564
-0.5811041405152333
-0.5796504073141029
-0.5781885308772954
-0.5767185172591802
-0.5752403726213567
-0.5737541049786757
-0.5722597227884646
-0.5707572306609862
-0.5692466376581832
-0.5677279515883964
-0.5662011821605811
-0.5646663317024371
-0.5631234119595199
-0.561572430787413
-0.5600133952029372
-0.5584463142949665
-0.5568711959482462
-0.5552880488681202
-0.5536968818352305
-0.5520977024606795
-0.5504905228050336
-0.5488753487228686
-0.5472521886317029
-0.5456210552463618
-0.5439819553345854
-0.5423348975940984
-0.5406798953127401
-0.539016953405224
-0.5373460854286514
-0.5356672988047357
-0.5339806068330087
-0.5322860149624803
-0.530583535041052
-0.5288731803415064
-0.5271549574515408
-0.5254288797163598
-0.5236949574762605
-0.5219531986005285
-0.5202036164423207
-0.5184462235358829
-0.5166810278840629
-0.5149080421968388
-0.5131272790629612
-0.5113387459214026
-0.509542458420965
-0.5077384259998139
-0.5059266614453961
-0.5041071782368206
-0.5022799847147834
-0.5004450971602807
-0.49860252229374796
-0.4967522783269937
-0.49489437452336177
-0.49302882350220634
-0.49115563922851624
-0.48927483372657504
-0.48738642143519273
-0.48549041207215116
-0.48358681954357063
-0.4816756604698255
-0.479756944439799
-0.47783068737852596
-0.47589690269438734
-0.4739556013083212
-0.4720067991462518
-0.47005051010316967
-0.4680867472135434
-0.4661155262443095
-0.46413685973009444
-0.4621507628195533
-0.46015724999965096
-0.45815633460184796
-0.45614803022140943
-0.4541323555198769
-0.45210932485162125
-0.4500789491748604
-0.4480412464493796
-0.4459962313990763
-0.4439439192601996
-0.44188432334380057
-0.4398174635600452
-0.43774334987631364
-0.43566200333044103
-0.4335734376309369
-0.4314776676199611
-0.4293747083349268
-0.42726457797267453
-0.42514729350782515
-0.42302286757616825
-0.4208913206075304
-0.418752666325819
-0.41660692396102345
-0.41445410770734825
-0.41229423504814927
-0.41012732085703213
-0.40795338504851675
-0.40577244556007386
-0.4035845148632234
-0.4013896126755637
-0.39918775978208443
-0.3969789686049169
-0.39476325706605697
-0.3925406476927514
-0.39031115319340864
-0.38807479241055015
-0.3858315879814396
-0.38358154917012993
-0.3813247002995924
-0.3790610571788562
-0.37679064035630355
-0.3745134668715755
-0.3722295542427873
-0.36993892364411385
-0.36764159279775965
-0.36533757743323847
-0.36302689768635193
-0.3607095786152213
-0.3583856301500055
-0.3560550771681205
-0.35371793847050453
-0.3513742303960199
-0.34902397431494364
-0.3466671890667838
-0.3443038967076721
-0.3419341152786784
-0.33955786289894313
-0.3371751600160408
-0.33478602800155194
-0.3323904879202091
-0.32998855646008257
-0.3275802580023865
-0.3251656080867382
-0.32274462971880025
-0.32031734355196817
-0.3178837695885414
-0.3154439277298779
-0.3129978420974786
-0.31054552885854775
-0.3080870115992102
-0.305622311295718
-0.3031514474064913
-0.30067444394357135
-0.2981913192932181
-0.2957020941244016
-0.29320679363378327
-0.2907054359792009
-0.288198043522572
-0.2856846395411958
-0.28316524276676974
-0.2806398811115355
-0.27810856714985094
-0.2755713299586343
-0.2730281875498909
-0.2704791651986113
-0.2679242844389919
-0.2653635646361957
-0.262797033314339
-0.2602247070971227
-0.25764661161476815
-0.2550627717707452
-0.25247320427626624
-0.2498779377444006
-0.2472769906912306
-0.2446703872389384
-0.24205815236028327
-0.23944030590302928
-0.23681687563451054
-0.2341878789129476
-0.23155334219598267
-0.22891328901203908
-0.2262677405466522
-0.22361672335189708
-0.2209602581678675
-0.2182983706988039
-0.2156310830608497
-0.21295841875476068
-0.21028040471455064
-0.20759706210721446
-0.20490841340747917
-0.20221448676803283
-0.1995153033704336
-0.1968108871631932
-0.1941012617791444
-0.19138645834829232
-0.18866649314231307
-0.1859413908701293
-0.18321117964077543
-0.1804758842992381
-0.1777355266275752
-0.17499013418813972
-0.1722397279211867
-0.16948433611911934
-0.16672398128043642
-0.16395868949784112
-0.16118848637710464
-0.15841339597734236
-0.155633443630055
-0.1528486537752883
-0.15005905423291152
-0.14726466672743038
-0.14446551714413655
-0.14166163359031023
-0.13885304012074154
-0.1360397605090567
-0.1332218226866552
-0.13039925122365761
-0.12757207364529768
-0.12474031206591472
-0.12190399508786998
-0.11906314935452501
-0.11621779819982944
-0.1133679646286769
-0.11051368452789964
-0.10765497329810263
-0.10479186521496921
-0.10192437957374471
-0.09905254667848612
-0.09617639314965308
-0.09329594672959776
-0.09041122621037634
-0.08752226645112844
-0.08462909021093493
-0.08173172472684163
-0.07883019323999685
-0.07592452882969693
-0.07301475280261542
-0.07010089513885462
-0.06718297722943649
-0.06426103381343139
-0.06133508679858471
-0.05840516580434836
-0.055471291674756854
-0.052533497033166156
-0.04959180775899329
-0.04664625200654429
-0.04369685645666876
-0.04074364471405677
-0.03778664792674405
-0.034825891850289205
-0.03186140365583009
-0.028893210623331743
-0.0259213415934281
-0.022945821700718586
-0.01996668056529389
-0.016983943234059305
-0.013997638570260353
-0.01100779503322226
-0.008014439492598365
-0.005017598960693408
-0.0020172994234750954
0.0009864279189382257
0.003993555990578765
0.007004059209844315
0.010017907771014788
0.013035075195594792
0.016055532855339148
0.01907925213260589
0.022106207226381697
0.025136367442121527
0.02816970642826737
0.031206197247768654
0.03424581012550022
0.03728851551848929
0.04033429174723465
0.04338310238911333
0.04643492383136787
0.04948972767462994
0.05254748393318036
0.05560816547984134
0.05867174474010577
0.06173819499078062
0.06480748339016164
0.06787958311577455
0.0709544700508845
0.07403211027150974
0.07711247583467919
0.08019554140201482
0.08328127654990126
0.08636965353599864
0.08946064449517623
0.09255421958407807
0.09565034854480364
0.09874900740822898
0.1018501654183697
0.10495379145580037
0.10805985986888018
0.11116834044700025
0.11427920676950072
0.11739242829356777
0.1205079756240169
0.12362582256220142
0.12674593745144222
0.12986829451611195
0.1329928608665034
0.13611961339256876
0.13924851902924384
0.14237954846353681
0.14551267910592378
0.14864787472240487
0.1517851077841517
0.1549243536766889
0.15806557996552126
0.16120875927880302
0.16435386167324761
0.1675008587410942
0.17064972165744408
0.17380042124202444
0.17695293076230129
0.18010721696075319
0.18326325370507413
0.1864210116358952
0.18958046167350032
0.1927415747754039
0.19590432223071402
0.19906867657090216
0.20223460799913534
0.20540208369542065
0.2085710809713655
0.21174156612133962
0.21491351133048187
0.21808688925892375
0.2212616689698622
0.22443782164664516
0.22761532028350953
0.2307941347619898
0.2339742337621146
0.2371555937857573
0.24033817780799702
0.24352196779666185
0.24670692505877848
0.24989302386147363
0.2530802361087131
0.2562685336746278
0.2594578831163254
0.26264826062747426
0.26583963642550446
0.2690319773912034
0.27222526001325426
0.2754194501406798
0.2786145249781569
0.28181044944080447
0.285007199907375
0.28820474317964795
0.29140305234544606
0.2946020999570337
0.29780185431777556
0.3010022883949878
0.30420337194178737
0.3074050769157496
0.31060737617159967
0.31381023723231577
0.317013637061048
0.32021753824542826
0.32342192195728925
0.3266267510796971
0.3298320027732692
0.3330376406025395
0.33624364750236535
0.33944998622012146
0.342656628814938
0.3458635485961021
0.3490707176268972
0.3522781069924644
0.35548568298537886
0.3586934248987894
0.361901296879519
0.3651092781201993
0.3683173358241603
0.37152544058358244
0.3747335641789206
0.37794168060448297
0.3811497573569703
0.38435776906475916
0.3875656872067499
0.3907734835912683
0.3939811294055171
0.39718859391131095
0.4003958530842754
0.4036028777892821
0.4068096374307691
0.4100161035952561
0.41322225092076936
0.4164280484364899
0.41963347295235265
0.4228384873430226
0.4260430739734298
0.42924719753642815
0.43245083336078155
0.4356539534097282
0.43885652651662727
0.44205852880207874
0.44525993033097727
0.4484607006001733
0.4516608166723499
0.45486025074905284
0.4580589709219257
0.4612569527280783
0.4644541649799209
0.46765058365210616
0.47084617996644335
0.47404092687758237
0.47723479542647396
0.4804277584977883
0.48361978996986577
0.48681086049488975
0.49000094473306177
0.4931900125012968
0.49637803771071326
0.49956499686175176
0.502750854732184
0.5059355918453187
0.5091191764581754
0.512301582352963
0.5154827856637074
0.5186627529524305
0.5218414605916005
0.525018884464582
0.5281949944289278
0.5313697623843269
0.5345431637137424
0.5377151707344447
0.5408857600836667
0.544054898085316
0.547222563488859
0.5503887293645264
0.5535533659238505
0.5567164498229318
0.5598779540047156
0.563037850516286
0.5661961145514154
0.5693527173701852
0.5725076364745982
0.5756608416388868
0.5788123082930752
0.5819620124581723
0.5851099265369225
0.5882560236774675
0.5914002752839549
0.5945426602543624
0.59768315201966
0.6008217209274808
0.6039583448340511
0.6070929957600133
0.6102256510826752
0.6133562818896479
0.6164848645850005
0.619611371994294
0.622735781885794
0.6258580614576127
0.6289781957601096
0.6320961514359408
0.6352119070308984
0.6383254340648833
0.6414367127209941
0.6445457114295643
0.6476524093252248
0.6507567816006715
0.6538588014850635
0.6569584431411469
0.6600556848118211
0.6631505014048017
0.6662428670295557
0.6693327546462937
0.6724201450758985
0.675505011515026
0.6785873244431877
0.6816670659372952
0.6847442115502951
0.6878187335859889
0.6908906108830185
0.6939598159652325
0.6970263261512563
0.700090119613789
0.7031511699928019
0.7062094526063849
0.7092649460551623
0.712317626226834
0.7153674690474148
0.7184144474385116
0.7214585449873208
0.7244997319114487
0.727537986035157
0.7305732862013935
0.7336056087647651
0.7366349268977541
0.739661222075968
0.7426844682326808
0.7457046423781477
0.7487217245759508
0.7517356862035495
0.7547465110645525
0.7577541728334095
0.760758648799127
0.7637599144210927
0.7667579514571936
0.7697527352245261
0.772744242261789
0.7757324534249376
0.7787173437387481
0.7816988904881838
0.7846770718547869
0.7876518700186542
0.790623256731023
0.7935912141303296
0.7965557169819473
0.7995167481123895
0.8024742823559414
0.805428298539626
0.8083787752669186
0.8113256926061714
0.8142690263027549
0.8172087585036945
0.8201448626037984
0.823077323126794
0.8260061176997364
0.8289312241905388
0.8318526200453351
0.8347702840729027
0.8376842005115867
0.8405943450417162
0.8435006954826871
0.8464032364077724
0.849301941078329
0.8521967933042505
0.8550877714178289
0.8579748544812531
0.8608580217522329
0.8637372577355584
0.8666125365301898
0.869483840356404
0.8723511511657497
0.8752144471370819
0.8780737093211872
0.8809289167573449
0.8837800505349946
0.8866270916094958
0.8894700227707983
0.8923088210334855
0.8951434684251393
0.8979739424493305
0.9008002316486987
0.9036223126001438
0.9064401660192485
0.9092537738334586
0.9120631161060888
0.9148681773170823
0.91766893200911
0.9204653690114613
0.9232574670933598
0.9260452072926271
0.9288285745868141
0.9316075459956241
0.9343821060205103
0.9371522369235006
0.9399179212450167
0.9426791391113928
0.9454358746590078
0.9481881064511697
0.9509358219544878
0.9536790025182151
0.9564176273818935
0.9591516832955331
0.9618811502111104
0.9646060127122189
0.9673262516872214
0.9700418523527841
0.972752798012792
0.9754590687608905
0.9781606515155516
0.9808575288097853
0.9835496806480591
0.9862370940998232
0.9889197534094363
0.9915976404529611
0.9942707372206666
0.9969390308035845
0.9996025052390749
1.0022611427462411
1.0049149276671636
1.0075638463534013
1.0102078778781467
1.0128470122950004
1.0154812326027545
1.0181105217687703
1.020734865995607
1.0233542510021592
1.025968659346026
1.0285780766449986
1.0311824880529514
1.0337818775688845
1.036376233543818
1.0389655382994327
1.041549777838135
1.0441289405339462
1.046703009865207
1.0492719682296185
1.0518358044620804
1.0543945070798153
1.0569480555928494
1.059496439765703
1.062039647516888
1.064577664543165
1.0671104734214978
1.0696380639565561
1.072160419725769
1.074677530969966
1.077189381029838
1.0796959572586924
1.0821972508236692
1.084693243402737
1.087183924182315
1.0896692791821094
1.0921492955567216
1.0946239634052526
1.0970932665931104
1.0995571949012333
1.1020157352460604
1.1044688776497047
1.106916601876874
1.1093589029657753
1.1117957688432716
1.114227186150771
1.1166531409587208
1.1190736245300754
1.1214886236424548
1.123898128209939
1.126302125880935
1.1287006034543625
1.1310935512146738
1.1334809595736406
1.1358628131551463
1.1382391073243852
1.1406098232493458
1.1429749549595387
1.1453344915952013
1.1476884212731255
1.15003673570091
1.152379420326022
1.1547164688027982
1.1570478696332533
1.159373610059103
1.1616936826240574
1.1640080778887534
1.1663167850980232
1.1686197930288675
1.1709170948969478
1.1732086773573758
1.1754945322812038
1.1777746531247062
1.1800490253967537
1.1823176459428284
1.1845804990909996
1.186837580867389
1.1890888793876648
1.1913343870729
1.1935740959587724
1.1958079933827372
1.198036077360611
1.2002583325010532
1.202474753909617
1.2046853349036521
1.206890063709708
1.2090889336783628
1.2112819378655382
1.2134690642959447
1.2156503088620947
1.2178256663607634
1.21999512342063
1.2221586740825534
1.2243163135510602
1.2264680307696747
1.2286138216915017
1.2307536777009942
1.2328875895772302
1.2350155527868485
1.2371375611385063
1.239253604373373
1.2413636812219022
1.2434677793686846
1.2455658963681884
1.2476580242483126
1.249744153670125
1.251824282174942
1.253898404298629
1.2559665098783408
1.2580285978520291
1.2600846563445476
1.2621346873154284
1.2641786775765955
1.2662166268186092
1.2682485250631115
1.27027436846067
1.2722941550256428
1.2743078752887418
1.2763155259584817
1.2783171020996746
1.280312596617713
1.2823020078096277
1.284285329103615
1.2862625551324163
1.2882336828638803
1.2901987057076716
1.2921576214261778
1.294110424877853
1.2960571121265752
1.2979976793127093
1.2999321192658762
1.3018604331437382
1.3037826135853616
1.3056986544846334
1.3076085583054617
1.309512318402641
1.3114099294204724
1.3133013927089858
1.3151866992792878
1.3170658504197876
1.31893883802605
1.3208056642779338
1.3226663242450094
1.3245208148101213
1.32636913157678
1.3282112754481694
1.3300472403771948
1.33187702560014
1.3337006282573844
1.335518044749186
1.3373292747407162
1.3391343162693727
1.340933164884009
1.3427258204995116
1.3445122816500283
1.3462925449906757
1.3480666080230737
1.3498344718354107
1.3515961322313985
1.353351590028276
1.3551008430182125
1.3568438888690895
1.358580727358783
1.3603113565673983
1.3620357764979207
1.3637539856403884
1.3654659825901323
1.367171767964873
1.368871339424702
1.3705646963952893
1.3722518407654272
1.3739327673366555
1.3756074828093756
1.3772759819654659
1.378938265741904
1.380594331911664
1.3822441837759392
1.3838878205486704
1.3855252413023058
1.387156445867591
1.388781437043487
1.3904002121701586
1.3920127740622465
1.3936191235675337
1.3952192591477715
1.396813182050104
1.3984008962874128
1.3999823974610102
1.4015576904405425
1.403126775277131
1.404689652314232
1.406246323762801
1.4077967901201156
1.4093410543146145
1.4108791159731062
1.4124109790078132
1.4139366419268098
1.4154561086795705
1.4169693797982803
1.418476458256678
1.4199773450673163
1.4214720440875588
1.4229605546327415
1.424442879814683
1.425919023332295
1.4273889878017096
1.4288527734118115
1.4303103833747446
1.4317618222497435
1.4332070894960607
1.4346461891992863
1.4360791269589512
1.4375059010222975
1.4389265176067665
1.4403409790778197
1.4417492865981458
1.4431514472534974
1.4445474611030855
1.4459373327872636
1.4473210628965607
1.4486986601175522
1.4500701254817856
1.4514354620978205
1.4527946745099012
1.4541477654673214
1.4554947382852816
1.4568356016130544
1.458170354278776
1.459499003071942
1.460821550389935
1.462138003709336
1.463448364036931
1.4647526365768808
1.4660508259294243
1.4673429367208397
1.4686289759092233
1.4699089429444028
1.4711828465241992
1.4724506901843435
1.4737124810744158
1.4749682191955866
1.4762179162973672
1.477461573359168
1.478699197639542
1.4799307890754982
1.4811563603475828
1.482375910615579
1.483589449192925
1.4847969807026884
1.4859985110060323
1.487194046532522
1.4883835900070577
1.489567149085145
1.4907447294122873
1.4919163382454885
1.4930819823310184
1.4942416618011305
1.4953953909633997
1.4965431687983641
1.4976850065698692
1.4988209090740625
1.499950883630995
1.501074931435608
1.5021930670709271
1.503305293696181
1.5044116169214437
1.5055120416887557
1.5066065797789683
1.5076952335895286
1.5087780136459443
1.5098549241813033
1.510925975094973
1.5119911706879134
1.513050519620936
1.5141040284457326
1.5151517049500765
1.5161935563296247
1.5172295894831478
1.5182598113416512
1.5192842308923686
1.5203028575813964
1.521315695665512
1.522322752170442
1.5233240384022027
1.524319560126464
1.5253093265850022
1.5262933424229825
1.527271618939874
1.5282441645743081
1.5292109862269985
1.530172089602296
1.531127487599915
1.532077185120131
1.533021190210967
1.533959515015619
1.5348921636374693
1.5358191485420793
1.5367404755036396
1.5376561539046263
1.5385661936245472
1.5394706015108892
1.5403693869042105
1.5412625594679443
1.5421501283599506
1.54303209944211
1.5439084845349758
1.5447792930852682
1.5456445355734736
1.5465042138818639
1.5473583453115107
1.5482069332743362
1.549049994017841
1.5498875302215223
1.5507195539626
1.5515460744071825
1.5523670996325545
1.5531826421082455
1.5539927099667585
1.5547973138928228
1.5555964612220863
1.556390163309649
1.5571784301806804
1.5579612714493576
1.5587386963133183
1.5595107144642195
1.5602773371935346
1.561038574647127
1.5617944357771174
1.5625449308115773
1.5632900698342351
1.5640298646595032
1.564764323234292
1.5654934583866054
1.5662172780596415
1.56693579283049
1.5676490144874318
1.5683569525050347
1.5690596165588118
1.5697570207645128
1.5704491737242183
1.5711360829087404
1.5718177642684388
1.5724942238039787
1.5731654775728297
1.573831530609244
1.574492397185498
1.5751480873252195
1.5757986132054826
1.5764439824573797
1.5770842100543345
1.5777193052976985
1.5783492773167684
1.5789741391685392
1.5795939034655981
1.5802085793535137
1.5808181779016288
1.5814227121817819
1.5820221901908231
1.582616626341901
1.5832060312159821
1.5837904170777002
1.5843697925846547
1.5849441704891656
1.5855135621843373
1.58607798041592
1.586637436249814
1.5871919401141055
1.5877415042437522
1.5882861410652593
1.5888258641245248
1.5893606784823788
1.5898906010436824
1.590415643363653
1.5909358175829276
1.5914511337625832
1.5919616042780074
1.5924672410902332
1.5929680556626427
1.5934640624086438
1.5939552684944662
1.594441691130955
1.5949233401766356
1.5954002275364152
1.5958723641181443
