1025
0.9025494814727482
0.9035885235343354
0.9046236649994325
0.905654908845286
0.9066822560259487
0.9077057195192252
0.9087252922173938
0.909740990072239
0.9107528128987546
0.9117607593053331
0.9127648471453729
0.9137650707850522
0.9147614392178932
0.9157539564378384
0.9167426256096629
0.9177274529778905
0.9187084462486056
0.9196856074894622
0.9206589423729103
0.9216284550850746
0.9225941488864814
0.9235560345119459
0.9245141129070623
0.9254683908613112
0.9264188699654395
0.9273655612433886
0.9283084666999804
0.9292475932597432
0.9301829434788087
0.9311145262874505
0.9320423478225054
0.9329664076230317
0.9338867203133017
0.9348032806536097
0.9357161020789883
0.9366251874552806
0.9375305393766876
0.9384321725162365
0.939330086155695
0.940224283848294
0.9411147787559051
0.9420015700537507
0.9428846638575876
0.943764072440982
0.944639797642793
0.945511843325463
0.946380217411716
0.9472449271762284
0.9481059768066764
0.9489633755783786
0.9498171235755375
0.9506672363775854
0.9515137137655206
0.9523565568720831
0.9531957870689354
0.9540313965110544
0.9548634005763484
0.9556917949186906
0.9565165952738948
0.9573378071782093
0.9581554357436426
0.9589694883166451
0.959779967750513
0.960586885078291
0.961390244447672
0.9621900508385451
0.962986317084014
0.9637790432789544
0.9645682397218318
0.965353915471838
0.9661360733851162
0.9669147195023741
0.9676898632230443
0.9684615133538363
0.969229668791343
0.9699943432938104
0.9707555436103376
0.971513276968084
0.9722675434059257
0.9730183618491357
0.9737657284278711
0.9745096581211693
0.9752501512612904
0.9759872221614925
0.976720874844597
0.9774511137021644
0.97817794996799
0.9789013917069174
0.9796214417420321
0.9803381074591268
0.9810514044494215
0.9817613268422206
0.9824678964737152
0.9831711102587843
0.9838709796550347
0.9845675087606054
0.9852607125998097
0.9859505955302803
0.9866371617480885
0.9873204212674146
0.9880003824192882
0.988677046696178
0.9893504318449757
0.9900205423247899
0.9906873814357954
0.991350960631457
0.9920112886643419
0.9926683688253229
0.9933222149505597
0.9939728291498582
0.9946202274515107
0.9952644089796169
0.99590538274191
0.9965431638206466
0.9971777507362575
0.9978091621325698
0.9984373959458274
0.9990624629966195
0.9996843777307118
1.0003031417606614
1.0009187663535994
1.0015312543611161
1.0021406208063035
1.0027468716042895
1.0033500153501977
1.0039500579563323
1.0045470069140647
1.0051408723567712
1.0057316681326658
1.006319397503037
1.00690406319886
1.0074856859883443
1.0080642632530668
1.0086398069899707
1.0092123301005704
1.0097818324725978
1.0103483305708176
1.0109118317172885
1.0114723423434169
1.0120298650808885
1.012584419757431
1.0131360064448998
1.0136846415255596
1.014230327270548
1.0147730748783257
1.0153128912029972
1.015849788857162
1.0163837724629932
1.0169148505066374
1.0174430355241992
1.0179683341486072
1.0184907546930295
1.019010304735992
1.0195270013676674
1.0200408417064417
1.0205518382995926
1.0210600010109254
1.021565342057779
1.0220678663693354
1.0225675834078514
1.0230645071559084
1.0235586341882261
1.0240499854947984
1.024538568626506
1.0250243868753046
1.0255074499112797
1.025987774232324
1.0264653599435856
1.026940222148995
1.027412365648279
1.027881799097935
1.028348537804319
1.0288125861314248
1.029273957573006
1.0297326537911857
1.0301886882166138
1.0306420688916345
1.0310928053195
1.0315409071597943
1.0319863887081326
1.0324292512369004
1.0328695026187191
1.033307162035063
1.033742231095656
1.0341747156462922
1.0346046395714235
1.0350319980952456
1.0354568043396273
1.0358790723506734
1.0362988025309623
1.0367160107381714
1.0371307074833078
1.0375428972830296
1.037952591258526
1.0383598001864842
1.0387645305642117
1.039166796336471
1.0395666034563207
1.0399639587281344
1.040358879674545
1.0407513725998019
1.0411414367654568
1.0415290964068933
1.0419143514479632
1.0422972150381873
1.04267769848094
1.0430558054653138
1.043431549698618
1.0438049411255432
1.044175987682586
1.0445446988334302
1.0449110861687432
1.0452751554676423
1.0456369176207134
1.0459963772775636
1.0463535555617032
1.046708455820399
1.047061089470345
1.047411458925208
1.047759578547028
1.0481054605179334
1.0484491118028978
1.0487905450967363
1.0491297634921224
1.0494667783888099
1.0498016047321224
1.050134243899038
1.0504647149761863
1.050793019712688
1.0511191702875124
1.0514431789035223
1.0517650471107838
1.052084792754066
1.052402424131384
1.0527179462530325
1.0530313738956647
1.0533427161635074
1.053651979785277
1.053959173118484
1.0542643115856984
1.0545674012504176
1.0548684515311684
1.0551674692482664
1.055464473483314
1.0557594608851457
1.0560524491144254
1.05634344754148
1.0566324681909767
1.0569195053235076
1.0572045872835933
1.057487719317913
1.057768904702858
1.0580481600873661
1.0583254853810136
1.0586008996379865
1.0588744070854113
1.059146021068599
1.0594157464934217
1.059683601317048
1.0599495832545405
1.0602137117462005
1.0604759932811278
1.0607364365714946
1.0609950472811556
1.0612518436064253
1.061506830688862
1.0617600125878932
1.0620114090101913
1.0622610245613306
1.0625088676946035
1.0627549512524286
1.062999280819194
1.0632418682451947
1.0634827202095085
1.0637218479817008
1.0639592595318623
1.0641949777841024
1.0644289889899972
1.0646613192665384
1.0648919698279287
1.0651209582698502
1.0653482885411518
1.065573968394354
1.0657980102347855
1.06602042387189
1.0662412170993447
1.066460400034044
1.0666779801435406
1.0668939744173223
1.067108378431927
1.0673212139586197
1.0675324862226734
1.0677422050356336
1.067950376151126
1.0681570174644714
1.0683621227778608
1.0685657202994712
1.068767811592819
1.0689684015584655
1.0691675000381875
1.0693651172798377
1.0695612696750947
1.0697559595134192
1.0699491954179257
1.070140989533233
1.0703313509184573
1.0705202876949476
1.0707078086175053
1.0708939249783864
1.071078645997461
1.0712619793554463
1.0714439288432767
1.071624513846322
1.0718037383730212
1.0719816120852208
1.0721581448543875
1.0723333410300369
1.0725072159231717
1.0726797775968901
1.0728510314999173
1.073020987759554
1.073189659662995
1.0733570503128251
1.0735231696406478
1.0736880271674965
1.0738516404628626
1.0740140091293944
1.0741751368639665
1.0743350470199682
1.0744937363589264
1.0746512203185155
1.0748075075319465
1.0749625983742945
1.075116513217464
1.0752692589007877
1.0754208377306618
1.0755712645798092
1.075720541577014
1.0758686871241192
1.0760157008347044
1.0761615931310575
1.076306377516376
1.076450059448019
1.076592649968022
1.0767341537929598
1.0768745807432125
1.0770139403476093
1.0771522389289696
1.0772894902525667
1.077425700525371
1.0775608730632722
1.077695021159029
1.0778281550520479
1.0779602834702497
1.0780914036053748
1.078221539518629
1.078350689937203
1.078478866555464
1.0786060753575613
1.0787323290187198
1.078857632687768
1.0789819920004775
1.0791054257119685
1.0792279295663496
1.0793495187916202
1.0794701961448274
1.0795899761871495
1.079708865311044
1.0798268701085707
1.079943998113531
1.0800602588346337
1.08017565987509
1.0802902131932473
1.0804039175307258
1.0805167913481928
1.0806288357072962
1.0807400609955429
1.080850475339362
1.0809600830254544
1.0810688991731756
1.0811769268076514
1.0812841727900395
1.081390648306654
1.081496357394834
1.0816013094677233
1.0817055191460838
1.0818089828408977
1.0819117089710268
1.0820137155535345
1.082115002725817
1.082215578161846
1.0823154530608374
1.0824146244030097
1.082513120249674
1.0826109295963902
1.0827080684808685
1.0828045390946555
1.0829003573716938
1.0829955190486278
1.0830900392470189
1.0831839276708737
1.0832771848211453
1.0833698207781293
1.0834618379459082
1.0835532588346908
1.083644072399074
1.0837343004965236
1.0838239372606604
1.0839129997872763
1.0840014930863557
1.0840894194569008
1.0841767951721555
1.0842636144070665
1.0843498922267278
1.0844356395834087
1.0845208557549286
1.0846055506597052
1.0846897301496354
1.0847734036607648
1.0848565738107336
1.0849392523380248
1.0850214377849066
1.0851031509314968
1.0851843833328108
1.0852651550778882
1.0853454605641921
1.0854253158071776
1.0855047239652158
1.0855836855742433
1.085662219961331
1.0857403194101884
1.085818005543478
1.0858952767895285
1.0859721349569653
1.0860485938685844
1.0861246578695682
1.086200330105927
1.0862756219430205
1.0863505346030935
1.0864250779147522
1.086499259423313
1.086573079839666
1.086646551046033
1.0867196740713714
1.0867924604657022
1.0868649092940603
1.0869370341449618
1.0870088339087993
1.0870803222678538
1.087151496683159
1.0872223705099289
1.0872929460320637
1.0873632314256905
1.087433227522853
1.0875029438890838
1.0875723870937253
1.0876415623173594
1.0877104671651423
1.0877791189062243
1.0878475211042573
1.087915672433311
1.0879835846666652
1.0880512620552802
1.0881187080675447
1.0881859291811
1.0882529307297262
1.0883197215940774
1.0883863016845865
1.0884526809123767
1.0885188590500947
1.0885848486479686
1.0886506464729753
1.0887162667554489
1.0887817071161772
1.0888469713182323
1.0889120752071968
1.088977014602058
1.0890417968288437
1.089106431789762
1.0891709152228017
1.0892352566081125
1.0892994604939665
1.089363536095984
1.0894274815176253
1.0894913001416764
1.0895550037871962
1.0896186001938344
1.0896820813211412
1.0897454579632255
1.089808739436768
1.0898719201327527
1.0899350170192255
1.0899980264696998
1.090060953890565
1.0901238050788473
1.0901865803093087
1.0902492918275337
1.0903119381971893
1.0903745234837503
1.0904370530389298
1.0904995353873135
1.0905619716223052
1.0906243576931878
1.0906867079182385
1.0907490293966466
1.0908113154943575
1.0908735725909045
1.0909358094712998
1.0909980306202123
1.0910602337828856
1.0911224277300198
1.0911846128349667
1.0912467961036867
1.0913089759584245
1.091371166359136
1.0914333633534423
1.0914955714049093
1.0915577904094438
1.0916200328148973
1.0916822946583682
1.0917445854843462
1.091806903080265
1.0918692545943327
1.0919316366384826
1.0919940663938827
1.092056534571808
1.0921190523603974
1.09218161592725
1.0922442299152177
1.092306906640082
1.0923696372771285
1.0924324244369452
1.0924952859180628
1.092558212620066
1.0926212104291921
1.0926842796287184
1.0927474322265953
1.092810658268388
1.0928739702008174
1.0929373661844768
1.093000851274276
1.0930644276385975
1.093128095910515
1.0931918622037788
1.0932557289706046
1.0933196945514334
1.0933837646015618
1.0934479434077982
1.093512230942002
1.093576628374449
1.0936411439034266
1.0937057752252695
1.0937705211071815
1.0938353935621938
1.0939003832730025
1.0939655034096756
1.094030750648134
1.0940961312835291
1.0941616361206372
1.0942272803298787
1.094293059547509
1.0943589763472943
1.0944250369635407
1.0944912404319076
1.0945575848196718
1.0946240730975927
1.0946907156924932
1.0947575024568905
1.0948244457988048
1.094891539499816
1.0949587921190005
1.0950261969059436
1.09509376023073
1.0951614854880503
1.0952293715004706
1.0952974205657995
1.0953656351684742
1.0954340108206417
1.0955025570797559
1.0955712725970346
1.095640160444888
1.0957092184248018
1.0957784441206033
1.0958478489081747
1.0959174311903739
1.0959871818933926
1.096057116581418
1.096127223613732
1.0961975153157997
1.0962679860744393
1.0963386370054378
1.0964094677474565
1.0964804901857288
1.0965516911206623
1.0966230759175886
1.0966946489775737
1.0967664099150658
1.09683835551666
1.096910490834217
1.0969828150369294
1.097055329396183
1.097128031720014
1.0972009272541103
1.0972740107398253
1.0973472839700762
1.0974207547196153
1.097494417860261
1.0975682706442835
1.097642316848689
1.0977165599296903
1.0977909988377348
1.097865620637069
1.0979404463897782
1.098015461166381
1.0980906725298505
1.0981660801834308
1.098241681606833
1.0983174767509563
1.0983934687813508
1.0984696561545868
1.0985460355755499
1.0986226134635533
1.0986993793405249
1.0987763448002537
1.0988535072707335
1.098930858661142
1.099008402301449
1.0990861434333832
1.0991640755861067
1.0992421997592607
1.0993205173405798
1.099399028028124
1.099477728753426
1.0995566221455801
1.0996357040612756
1.0997149755971387
1.0997944365204442
1.0998740858486633
1.099953929905572
1.100033951959157
1.1001141621727117
1.1001945635798311
1.1002751475225023
1.1003559142744959
1.1004368644713132
1.1005179965421186
1.1005993096156592
1.1006808070453498
1.1007624770915179
1.1008443325531452
1.1009263617803466
1.1010085724642036
1.101090954690635
1.101173510250844
1.1012562375027588
1.101339142206629
1.101422214974451
1.1015054533007578
1.1015888630049997
1.1016724428866305
1.1017561834975496
1.1018400865195768
1.1019241574414491
1.102008382462938
1.1020927681622437
1.1021773158873434
1.102262021869926
1.1023468792050661
1.1024318863179698
1.10251704916417
1.1026023644733658
1.1026878244267098
1.102773427849327
1.102859184696051
1.102945079805397
1.1030311193707973
1.103117292195503
1.1032036033384018
1.1032900528749188
1.1033766361858102
1.1034633511923602
1.103550198545579
1.1036371713411781
1.103724265211309
1.103811485370369
1.1038988295418033
1.1039862879173508
1.1040738676596802
1.104161560674207
1.1042493681066887
1.104337283943428
1.1044253126679042
1.1045134437924065
1.1046016739022375
1.1046900143019287
1.1047784463168793
1.1048669826094042
1.104955603568746
1.1050443210841512
1.1051331267110358
1.1052220157469423
1.1053109914637778
1.1054000493381118
1.1054891860377938
1.1055783999525404
1.1056676829261776
1.1057570384930107
1.1058464633735554
1.1059359541441744
1.1060255097158187
1.106115118149967
1.1062047894408764
1.106294509797918
1.1063842864432774
1.1064741053378546
1.1065639790386492
1.1066538885699837
1.1067438371877125
1.1068338259483617
1.1069238434745992
1.1070139000327175
1.1071039752980858
1.107194080129395
1.107284203445965
1.1073743441046222
1.1074645033364818
1.1075546735894684
1.1076448499881024
1.107735034312189
1.1078252170467051
1.10791540336228
1.1080055818230459
1.1080957551810902
1.108185916272926
1.1082760612946272
1.1083661910749152
1.1084562998913943
1.1085463838630032
1.1086364350886764
1.1087264582845608
1.1088164474199536
1.108906394133534
1.108996304229133
1.1090861625142263
1.109175977562386
1.1092657350544277
1.1093554359436542
1.1094450779760092
1.1095346549321505
1.1096241655212284
1.109713604281494
1.109802965704952
1.1098922544735483
1.109981456465196
1.1100705752977156
1.110159597508506
1.1102485280180845
1.1103373642773584
1.1104260981911895
1.1105147218494973
1.1106032394336565
1.110691643555527
1.1107799295736915
1.1108680976587606
1.1109561331422622
1.1110440455239414
1.111131820119236
1.1112194593374034
1.1113069554354154
1.1113943085176803
1.1114815113043102
1.111568559143201
1.1116554508248817
1.111742180892677
1.111828738999721
1.111915131908701
1.1120013493146848
1.1120873853307958
1.112173244476808
1.1122589094707311
1.1123443874088161
1.112429665632835
1.1125147490313865
1.1125996212631826
1.1126842930122391
1.1127687423356887
1.1128529805907146
1.1129369967030596
1.1130207830525476
1.1131043421556073
1.1131876641739762
1.1132707498653711
1.113353586272234
1.1134361769923389
1.113518516363837
1.1136005939036746
1.1136824141435673
1.113763966614331
1.1138452458025092
1.1139262522219266
1.1140069798590349
1.1140874201500293
1.1141675717922985
1.1142474306359287
1.1143269906200644
1.1144062464398339
1.1144851948736627
1.1145638324339597
1.114642152866586
1.1147201477236757
1.114797819142516
1.114875160364961
1.1149521609929887
1.1150288283612726
1.1151051489721364
1.1151811198106856
1.1152567313546908
1.1153319866917606
1.1154068812916484
1.1154814030745632
1.1155555497135117
1.1156293200865461
1.1157027033232887
1.1157757023407195
1.1158483069585758
1.115920514927473
1.115992318750071
1.1160637195240841
1.1161347005115492
1.1162052674515683
1.1162754143322404
1.1163451335975039
1.1164144175354147
1.116483266656459
1.1165516743341823
1.1166196333326446
1.1166871443897062
1.1167541939725183
1.1168207884707484
1.1168869100680185
1.1169525630818165
1.1170177385112874
1.1170824335689702
1.1171466401467882
1.1172103553795987
1.1172735747059157
1.1173362966622824
1.1173985076503872
1.1174602084536966
1.117521394202647
1.1175820565973023
1.1176421891146582
1.1177017976273993
1.1177608663094045
1.117819391559857
1.1178773727107767
1.1179348005219731
1.117991670176591
1.1180479816062563
1.1181037279169759
1.1181588927681523
1.1182134877168812
1.1182674996505593
1.118320924059738
1.11837375556567
1.1184259884418015
1.118477617393555
1.1185286442636921
1.1185790555750592
1.118628848841301
1.1186780180643978
1.1187265607403873
1.118774473809766
1.1188217448243234
1.1188683722786206
1.1189143514680773
1.1189596783138818
1.1190043439025752
1.1190483486366787
1.1190916803221358
1.1191343433925807
1.1191763215428097
1.119217622427311
1.1192582277310443
1.1192981443132095
1.1193373544998717
1.1193758660327173
1.1194136623338895
1.1194507453200953
1.1194871093453629
1.1195227481604846
1.119557657759476
1.119591828815034
1.1196252605631336
1.1196579484252287
1.119689882332127
1.1197210641396504
1.1197514804704911
1.119781132708174
1.1198100153706254
1.1198381198631582
1.119865442750101
1.1198919826262148
1.1199177221218395
1.1199426722150028
1.119966819529432
1.1199901609120348
1.1200126875035945
1.1200343982333436
1.120055284692824
1.1200753450024938
1.12009457290417
1.120112967528451
1.1201305147126845
1.1201472204623915
1.1201630665303033
1.1201780585725643
1.120192188407562
1.120205449199782
1.1202178353722247
1.1202293466156492
1.120239977374567
1.1202497180676263
1.120258560923864
1.1202665121301618
1.1202735608277112
1.1202797017330925
1.1202849252841502
1.1202892341320376
1.1202926191022229
1.1202950786092583
1.1202966043001856
1.1202971912626856
1.1202968368590809
1.1202955340202145
1.1202932825767855
1.12029006888017
1.1202858928043882
1.1202807531093304
1.1202746403489816
1.120267549361451
1.1202594794982064
1.1202504195019365
1.1202403698817498
1.1202293229536429
1.1202172746770438
1.1202042194836517
1.1201901537629255
1.1201750778307846
1.1201589735357342
1.1201418457635088
1.1201236853226137
1.1201044978252028
1.1200842678249823
1.1200629893921639
1.1200406645441245
1.120017281814329
1.1199928434984778
1.1199673401037396
1.119940772286118
1.119913128771651
1.1198844058043365
1.119854603828082
1.1198237113297633
1.1197917303957108
1.1197586527297374
1.1197244733105887
1.119689188121819
1.119652794367571
1.1196152856405022
1.11957665652491
1.119536903450924
1.1194960233675944
1.119454009234918
1.119410860953485
1.1193665663923564
1.1193211250087651
1.1192745324841438
1.119226784022726
1.1191778788281548
1.1191278086684713
1.11907656611928
1.1190241540748311
1.1189705606803573
1.1189157883650633
1.1188598290052763
1.1188026755306513
1.1187443315738166
1.1186847853432818
1.1186240336660465
1.1185620752420056
1.1184989066097217
1.1184345148826056
1.1183689046905492
1.118302072038992
1.1182340064687057
1.1181647097686978
1.1180941724548181
1.1180223933867532
1.1179493694681042
1.1178750905111614
1.1177995640749714
1.117722773189768
1.1176447208200457
1.1175654008331695
1.117484808964933
1.1174029429339511
1.1173197961988224
1.1172353667323125
1.1171496502364078
1.1170626436563056
1.1169743381974235
1.1168847341604566
1.1167938276221054
1.1167016154159892
1.1166080924579949
1.1165132517073433
1.11641709470109
1.1163196105059645
1.1162208053225917
1.1161206615635313
1.1160191907858001
1.1159163807361125
1.1158122292513282
1.1157067313224998
