1025
-0.836223263025759
-0.6041124883601655
-0.41975169259293865
-0.2904924401022618
-0.21636332217919532
-0.1905419492388079
-0.20074832138673895
-0.23129237434905225
-0.26544958952039716
-0.28786117603456607
-0.28670788443356127
-0.2554390059624507
-0.1938366891100771
-0.10819422888260219
-0.010442921633631497
0.08378274732068546
0.1579093045474297
0.19752721363290823
0.19317249570293155
0.14213556082522455
0.048858953434979195
-0.07615023780803573
-0.21857045209847936
-0.3630593543776669
-0.49587564493149916
-0.6067391688878503
-0.6896304326037176
-0.7425743341554573
-0.7667281270661707
-0.7652163553359559
-0.742106837382912
-0.7017493253640983
-0.6484894447415672
-0.5866137943189466
-0.5203305065938243
-0.4536431194668964
-0.3900880861918371
-0.33241217486077296
-0.28231428291823707
-0.2403529455338403
-0.20605100146481456
-0.1781581642201494
-0.15499877187016337
-0.13484492777093454
-0.11629321477617036
-0.09864839190958687
-0.08230289870100933
-0.0690472743525264
-0.06218472401784997
-0.06629750833870862
-0.08655713305157951
-0.12758747160548678
-0.1920478909381389
-0.279247943059425
-0.384179892589226
-0.4973244911489392
-0.6054444228733578
-0.6933575323835615
-0.7464322512364333
-0.7533358627883016
-0.7084533777880206
-0.6134202603952307
-0.47738119610937757
-0.31586386515629766
-0.1484715644731544
0.004133504413390855
0.12333762873222927
0.1951668031766589
0.21191579554007753
0.17262389888117874
0.08247784855616054
-0.04856548338004497
-0.2075394592401654
-0.38022762503198326
-0.552644511592056
-0.7121042382215537
-0.8478776504273143
-0.9515222357198658
-1.0169913417446388
-1.040604017385782
-1.0209142758367293
-0.9584881793534423
-0.8555951180990293
-0.7158430840304483
-0.543818010870083
-0.3448021232771595
-0.12462953606899603
0.11031021689867557
0.35297334894999915
0.5955740409098433
0.8296340296329944
1.0462691520203429
1.2367431040671537
1.3932280935944352
1.5096323846674222
1.5823159755828573
1.6105342146325095
1.5965184041851368
1.5451947967812136
1.4636208131415873
1.36025020946465
1.244121174939442
1.124014188183085
1.0075894853359033
0.9005207298348916
0.8057001075826985
0.7226725326060254
0.6475109819917855
0.5733197188069881
0.4914268014498259
0.3931279213580308
0.2716374510256222
0.12377312167298544
-0.04908924551711942
-0.24108857236677117
-0.4429967146215001
-0.6440916100692133
-0.8342594912317469
-1.0057196016146057
-1.1538733736427578
-1.2770529419193672
-1.3753005384095014
-1.4486388626191908
-1.4954816754671292
-1.511812265303407
-1.4915208395327977
-1.4279098984616279
-1.3159751426336517
-1.154784610245312
-0.9492092084164824
-0.7104250664165797
-0.45495134372218066
-0.20238859108145302
0.027642795153604106
0.21868516135064803
0.36007034981177766
0.44846763073893003
0.48807583984524094
0.4894598329505769
0.46729136651918945
0.43746159333198315
0.4141544592186883
0.40747603104421076
0.4221054188806061
0.4571804867845294
0.5073117033112887
0.5643231740379661
0.6191508265763807
0.6633490499197134
0.689867312702447
0.6930810960340996
0.6683734114958675
0.6117397831568615
0.5198582989443311
0.39083602950527874
0.225503358265607
0.028814169572645043
-0.1892483515417758
-0.4137915924809928
-0.6264072695172832
-0.8076846594659951
-0.940307066510495
-1.0119702142653504
-1.0173750170547213
-0.9588005852471664
-0.8451747726171805
-0.6899930450847283
-0.50874734898456
-0.3166105195731975
-0.12695233359945793
0.04909610255646972
0.20222833921993466
0.32421314737918894
0.4074204704788082
0.4450772427293749
0.4323643714219118
0.36807397979456147
0.2562577042349534
0.10721811284920064
-0.06265381078777163
-0.23237534748886435
-0.3790136843227634
-0.48097594907160607
-0.5212837843239994
-0.4901693830871056
-0.38648092684142854
-0.21764209771786322
0.0017876298425827267
0.252621367987311
0.5140870055788804
0.7667892319425857
0.995042279002684
1.188213651187453
1.3409783488506073
1.452638450322009
1.5258448917096112
1.565126048522046
1.5755796918839486
1.5619546954025982
1.5281906383759578
1.4773493223819274
1.4117965062560212
1.3334823539711338
1.244208434607175
1.1458273643413872
1.0403694313267147
0.9301130235183781
0.8176134385777348
0.7056921998865923
0.5973821129064419
0.4958299431249858
0.40417423333840174
0.32542807676960345
0.26239408233133804
0.21761890189160124
0.1933655437466316
0.19155700949259555
0.21363644337307075
0.26030214673266777
0.3311082744136405
0.42396784524767184
0.5346456466698988
0.6563754825152308
0.7797653696504169
0.8931495560183021
0.9834929144026179
1.0378478969620641
1.0452215789009371
0.9985654343760716
0.8964983469817027
0.7443542253067384
0.5542279168492428
0.3438662442523428
0.13447622422970032
-0.05225204528268661
-0.19743622965361363
-0.28804838714915043
-0.31917624536307887
-0.295074162027523
-0.22877239698732169
-0.140252895809497
-0.05344434421436646
0.007502016567046883
0.022060350003283238
-0.02332720067667738
-0.13296749306983066
-0.3010757876725836
-0.5125232288492967
-0.7450564475361606
-0.972631077338106
-1.1693178900513133
-1.3131454266700744
-1.3892534607504403
-1.391848451384036
-1.3246597816832408
-1.1998613179719133
-1.0356998796463093
-0.8533078386469589
-0.6733218062200876
-0.5129506422575929
-0.3840250684747602
-0.2923366943969149
-0.23828192206958257
-0.2185278650631389
-0.2281833861129354
-0.26284953080250334
-0.3199776292571493
-0.399177534287098
-0.5014427510698498
-0.6276022084678741
-0.7765611093207927
-0.9439665374142685
-1.1217946683321294
-1.2990498728005786
-1.463399381247578
-1.6032732302579806
-1.7098386765289222
-1.7783406110333841
-1.8085320344796225
-1.8041985302384675
-1.772002084615829
-1.719973552254437
-1.655971590306344
-1.586349212054543
-1.5149850032714243
-1.4427799614302557
-1.3676882602125866
-1.2853131271565272
-1.1900308430241817
-1.0765035919825239
-0.9413319620128833
-0.7845219347701045
-0.6104343618465478
-0.4279589910805685
-0.24979531461418192
-0.09089511129072701
0.03370928878962948
0.11133240363992397
0.1338811355288523
0.09947434024147182
0.013071229706950955
-0.11408841714242281
-0.2661872476709911
-0.42536208109382573
-0.5745251199488011
-0.6998357729193211
-0.7922626481999029
-0.8479300075212804
-0.8673035333481169
-0.8536175431769987
-0.8111548685549425
-0.7439808436891641
-0.655505625104639
-0.5488907641841902
-0.4279651350234526
-0.29810960247584106
-0.16658721231578505
-0.042025574420940855
0.06689481996538724
0.1531671711935794
0.2130416868974451
0.246937181812312
0.25936876137832704
0.2578917147382723
0.25135203416585156
0.2479061284537205
0.2532863096791728
0.2696672197761048
0.2952987981110785
0.32488886134795336
0.35059444049173255
0.36342648967327323
0.354864300957823
0.3184784809714312
0.2513524357810917
0.1550777880396161
0.03610763488972676
-0.09468380478310773
-0.22325377506568844
-0.3342945778930231
-0.4134527905378055
-0.44942310559800125
-0.43548590643479396
-0.37019320660064803
-0.2571338964145314
-0.10395631856784016
0.07898612391722457
0.27993780852004524
0.48664933727165344
0.6867544684639081
0.8677315859541271
1.0167709588332727
1.1209462478341872
1.1680011006943936
1.1478354457252415
1.0544874051256508
0.8881577052097496
0.6567005228548491
0.3760515031928375
0.06926840834328689
-0.23583538166039522
-0.51015962599427
-0.7273186621765476
-0.867459949322268
-0.9201882815589346
-0.8860379724615238
-0.776208533849939
-0.6106163815667662
-0.4146412890767365
-0.21518724112188387
-0.036775711934700944
0.10167307251652981
0.18891175828737808
0.22209873010558243
0.20626058534474348
0.1527420344004157
0.07699043937537821
-0.003978026249439456
-0.07413400050121727
-0.12077065013074191
-0.1364063805067486
-0.1200431887395065
-0.07757023102741505
-0.02114410505230514
0.03250658679914736
0.06471122016244038
0.0580451457058096
-0.0005068805080764145
-0.11708845833357062
-0.2898078978595316
-0.5092066347626939
-0.7602998227475372
-1.0257144743300222
-1.2891449034309659
-1.538252765212258
-1.766298472922794
-1.9721576096357687
-2.158835156668786
-2.3309967582861035
-2.492266893144951
-2.6430406557683863
-2.7793421429905574
-2.8929290839595
-2.972507398609908
-3.0056798145767836
-2.9811561872988595
-2.8907872938705963
-2.7310969865884407
-2.5041192135753807
-2.217460348250969
-1.8835978310347052
-1.5185125457452484
-1.1398505812786488
-0.7649137456338482
-0.4088508523100832
-0.08341409097019187
0.2034765896935134
0.44734230957114696
0.6461713644373788
0.7993104610837793
0.9067211710452807
0.9689610707043643
0.9879498779667151
0.9682295743921051
0.9181603857022413
0.8504252949888695
0.781383759585043
0.7291680598169431
0.7108280992766913
0.7391555970832339
0.8199465353635692
0.9503602265675543
1.1187572603757572
1.3060536840979688
1.4883265591169443
1.6402172610268981
1.7386143253724475
1.7661197788554341
1.7138591982889615
1.5832536737136964
1.3864361409579031
1.1451006362744494
0.8877572958638823
0.6456356134452106
0.4477910877893387
0.31623981605212403
0.26207121089536184
0.2833958959990914
0.36566192498895744
0.48437939324686874
0.6097549641498858
0.7122991367644667
0.7682507092792823
0.7637224000837513
0.6967863696827852
0.5771962850693337
0.4239548781892893
0.2613550084798825
0.11436179055050825
0.004232732389950446
-0.05487850431275089
-0.05785572545838995
-0.008915552714758721
0.07963344074749437
0.18984875829271405
0.30136341661036126
0.3948007012463253
0.45483356508783884
0.47238606608177863
0.445614918328419
0.3795289355716791
0.2843731037149298
0.17316480471699752
0.05895183414575175
-0.04759299649856728
-0.13973784630930405
-0.21515637949819763
-0.27532756247189893
-0.32417403587837096
-0.36639983233602064
-0.40599677922105354
-0.44526042046133046
-0.4844475902696551
-0.5219988573477411
-0.5551121857622678
-0.5804264819351711
-0.5946430594345086
-0.5950262438711944
-0.5798142067324015
-0.5485897145051454
-0.5026041412335869
-0.4449593206854737
-0.3804956871443323
-0.31526432475077754
-0.2555832176552163
-0.20685037248219298
-0.17243058141580184
-0.15297384483110302
-0.14642695737191705
-0.14878914250722072
-0.15541192884498514
-0.1624461062764482
-0.16797114273292227
-0.1724322590070574
-0.17823021804495323
-0.18858449584616938
-0.2060320007194167
-0.23105156069427957
-0.26127847195969045
-0.291599838958849
-0.31515289615916603
-0.3249665393903455
-0.3157781515732744
-0.28549010751905257
-0.23582756196298865
-0.17199463362057785
-0.10142757883830693
-0.03201588181103115
0.02968321772997299
0.07972468935369122
0.11721458958299424
0.14385089213495608
0.16279527589501278
0.1773014296348973
0.18957081411723814
0.2001939514033388
0.20831423164808935
0.21240547631596393
0.21136817907183825
0.20557441804416304
0.19753301817917523
0.19196967391131126
0.1952698563931502
0.21437254570911415
0.25531020915080116
0.3216645320977302
0.41325192341136324
0.5253601694837351
0.6488069628704676
0.7709616070031967
0.8776645406003968
0.955734442640587
0.9955435822168969
0.9930515302325071
0.9507703340463775
0.8773867886220924
0.7861197426279318
0.6922287654141666
0.6103017352399317
0.5519651833126937
0.5244869692754597
0.5304469125146487
0.5683447658421172
0.633794172332271
0.720870898133119
0.8232424275131405
0.9348570816847016
1.0501500502792032
1.1638747393025304
1.2707585283294536
1.3652052304324256
1.441231316898981
1.4927449462555238
1.5141733214776985
1.5013356952704413
1.4523707076146803
1.3684843888504132
1.254307521364796
1.117738017898506
0.96927144123264
0.8209482764635438
0.6851263811093347
0.5732959415079172
0.4950979498974658
0.4576192166092436
0.4649609893524117
0.5180446692951192
0.6146294681090096
0.7495470916619915
0.9151732217909128
1.1021327966182908
1.3001822205057973
1.4991566571955652
1.6898490729825992
1.8647142366586653
2.0183499357794314
2.147761303647052
2.2524276571630533
2.3341570068397686
2.3966606814409923
2.4447597926648528
2.48318980744411
2.5151038635566794
2.5405471231090564
2.555307496626253
2.5505678079992524
2.5136535717598636
2.429910155634562
2.285427578203591
2.0700624501776583
1.7800748091453806
1.4197496712695015
1.0015967009920337
0.5450516224350457
0.07394587802891767
-0.3867240225120565
-0.8140715466871296
-1.1900178557906778
-1.5029595934353068
-1.7482052033237752
-1.9272467458511229
-2.0461613787138653
-2.1135795691765105
-2.1386948678737148
-2.1297223865668995
-2.093061157285858
-2.033216524850807
-1.953340920387979
-1.8561037491411085
-1.7445402752855956
-1.6225681757026291
-1.4949833964436972
-1.36691486310941
-1.242882400614637
-1.125721018206135
-1.0156836655516635
-0.9100080715355663
-0.8031407654634996
-0.6876705540833411
-0.5558574899977545
-0.4014827496701101
-0.22162788550095752
-0.017958239932981363
0.20283982943527362
0.4296396802041863
0.6484043609132316
0.8443629782275023
1.0043733998516198
1.1189752861475701
1.183725639042275
1.1995856154346587
1.1723376712717186
1.1112051396973819
1.0269894945575877
0.9301187098065511
0.8290077901448512
0.7290661541389368
0.632546718245647
0.5392327410503165
0.4477382763562286
0.3570162184754361
0.2675882349391151
0.18207696661176048
0.10483035750500788
0.04072483607367885
-0.006476741797664984
-0.03565835979288808
-0.049223646150795324
-0.05294874639004507
-0.054776864345186305
-0.06285801148525308
-0.0833829993790225
-0.11882843928745425
-0.16710190535777347
-0.22180465671552718
-0.2735086671378424
-0.3116779897787356
-0.3267258870900085
-0.3117143419806083
-0.2633485950355032
-0.18214061896814812
-0.07184355276818309
0.06156715474855092
0.21101387864121413
0.3692221348152939
0.5292270324500983
0.684478807228183
0.8287130095867611
0.9558419743088221
1.060102359824498
1.13656657803975
1.1819442446899875
1.195438678325997
1.1793499840932944
1.1391614108584671
1.0829916356763323
1.020484557094234
0.9613712271152293
0.9140210107813929
0.884285240330406
0.8748443537263199
0.8851412829620606
0.9118608127101125
0.9498230915339874
0.9931053809938001
1.0361821787955514
1.0748731614975684
1.1069118279604073
1.1320049866112076
1.1513508236895327
1.1667133993637324
1.1792845176760527
1.188655585806944
1.1922296707210756
1.185307697081567
1.1618981518045315
1.116078064326727
1.0435431679116443
0.9428930355598025
0.816239878959025
0.6689059729575948
0.5082399178636713
0.3418614024839029
0.17585105169297374
0.013463309940260938
-0.14518020930192177
-0.302242866175918
-0.4603673655221393
-0.6204530080916029
-0.7797536087262148
-0.9310034770650045
-1.0630098997465522
-1.1627157074542962
-1.2182674947075744
-1.2222764305743914
-1.174346002787858
-1.0821057155272855
-0.9603837533645948
-0.8286544826498463
-0.7073586458550453
-0.6139834080187697
-0.5598317978929314
-0.5482073133636309
-0.574358415557356
-0.627081258622614
-0.6914879526183405
-0.7522095214897951
-0.7962664537798989
-0.8149998060498197
-0.8047536353684018
-0.7663464311541576
-0.7036692488811833
-0.6219262910699177
-0.5260539798288539
-0.4197277881390341
-0.30514216296579555
-0.1835008698051033
-0.055955968159864
0.07536589430412768
0.2065929989684903
0.33182321137110676
0.44339032648913257
0.5325957387890374
0.590720997286724
0.6101139621813291
0.5851816694784968
0.51319237461293
0.3948478272316575
0.234607529064724
0.04072784772742746
-0.17505531585500048
-0.39828465265343294
-0.6130257118281245
-0.8035442774121561
-0.9562308345040097
-1.0614651830529311
-1.1150567838437986
-1.1189341583678458
-1.0808886905298258
-1.0133693830916677
-0.9315226715073673
-0.8508234942377425
-0.7847184643806291
-0.7426904600808834
-0.729068614124051
-0.7427694450909448
-0.7779877541627694
-0.8256839311124107
-0.8755643571059378
-0.9181533738318826
-0.9465368899424501
-0.9574331093896621
-0.9514054567630498
-0.9322381279851127
-0.9056882258130048
-0.8779532872386708
-0.85421613912126
-0.8375549583556794
-0.8283754926222345
-0.8243890257304002
-0.8210670333100816
-0.8124631985392698
-0.7922853624468028
-0.7550913046980433
-0.697453262249786
-0.6188955498318508
-0.5223921180711848
-0.414252393799039
-0.3033364166681939
-0.19969926085814282
-0.11291605306845871
-0.05042695951308682
-0.016235266270502424
-0.010199642686211343
-0.02802273353599622
-0.06190027516769248
-0.10169249163198955
-0.13641893251515705
-0.1558495110057457
-0.15195257134240786
-0.11996489127615624
-0.05888306881027315
0.028740109492554802
0.13767240466684189
0.26136260716860166
0.39345113763687745
0.5290355259198001
0.665355356684548
0.8017357828843111
0.9388642458489348
1.0776879138153999
1.2183316499990697
1.35940741255291
1.4979288177749295
1.6298201681683313
1.7507996124119576
1.8572943078295523
1.9470482945366285
2.0192037442222586
2.0738266216054333
2.11104243884453
2.1300833616036474
2.1285846423341197
2.102398888649198
2.0460485881919235
1.9537586812075225
1.820855201394343
1.6452222246222683
1.4284931990236254
1.1767061369908658
0.9002532826792257
0.6130813050649148
0.33122916043854667
0.07091400747847558
-0.1535257062141876
-0.33146768310280283
-0.4572766507510366
-0.5307560164035291
-0.5566890882187968
-0.543568876341888
-0.50178253341985
-0.441615657674598
-0.37145380167726
-0.29649490973909304
-0.2181770285477154
-0.13440104430777797
-0.040504065931493735
0.06918205422109552
0.19946897552003967
0.35252427598319197
0.5265757553677833
0.7154723772032853
0.9093016411360386
1.0960089976015517
1.2636868843331046
1.4029884748900165
1.509052018161121
1.5824296104712798
1.6287724672547566
1.6573545500265858
1.6788155640871214
1.7026847092554516
1.7352626202900765
1.7783016545091288
1.8286904850702856
1.8790975622614141
1.9193307350991178
1.938069279811328
1.924623380293666
1.8704466359624752
1.7702283968863288
1.6224875351057513
1.429658219565404
1.1977013845933446
0.9353061651964972
0.6527798031512706
0.3607702210925519
0.0690164077109631
-0.21464291779903633
-0.48478073729407295
-0.7382669022588028
-0.9735246143303374
-1.1893386575806442
-1.3835606526941766
-1.5521353531966495
-1.6888159664347382
-1.7857430238927816
-1.8347843877593029
-1.8292700729808389
-1.7656055704555873
-1.6442744741452047
-1.4699405765689115
-1.2506590348749524
-0.9964941060576801
-0.7180131506228519
-0.4251255098391824
-0.12656986490255323
0.169907298107058
0.4568994438568594
0.7265994575946567
0.9703783366218184
1.17896416165978
1.3432739894157424
1.4557011798073916
1.5114761779382944
1.5096655179899054
1.4534738514984225
1.3497343084499835
1.2077376111119595
1.0377651662224865
0.8497785146014505
0.6526454118970872
0.4540772882126817
0.26118783740046914
0.08135089188882409
-0.07708241523944
-0.2046132112260469
-0.2912028358677616
-0.32763492431120955
-0.3073510038660767
-0.22830326970887668
-0.09432485868588174
0.08438396382817981
0.2918493199560855
0.5079429725139017
0.7107492252926044
0.8792553946584941
0.9958971448694595
1.0485401261447884
1.0315996886320444
0.9461616674320966
0.7991422423569053
0.6016896934054468
0.3671608084874346
0.1090737978296897
-0.16057423959653885
-0.43233849554338794
-0.6995898198337772
-0.9580890744288089
-1.2051166252463925
-1.4384886396912449
-1.6557785798250593
-1.853958055429269
-2.029513167421243
-2.1789324041636333
-2.2993485804073615
-2.389082255738273
-2.447884432617003
-2.4767926947202796
-2.477656864037874
-2.4525077933726602
-2.4029947943839955
-2.330084053162223
-2.2341073574249237
-2.1151188532907157
-1.973411472012381
-1.8100047863499427
-1.626953465335241
-1.4274165628913342
-1.2155279803809826
-0.9961734820247586
-0.7747862405421145
-0.5572262014938547
-0.34973467492286053
-0.15888645955168101
0.00857760699563371
0.14615203064208843
0.24826921910976904
0.31128192432359086
0.33458619108215776
0.3216224761709338
0.2804073272976885
0.2232514533866202
0.16544923234317926
0.12297734537848945
0.10955808454964462
0.13372274560907257
0.19663904754916176
0.2913683141346259
0.40389318984214023
0.5157895402743876
0.6079511318136404
0.6644651092921108
0.6756864622929919
0.6397900273445217
0.5625159387164916
0.4553265797254461
0.332600848091208
0.2086815772752828
0.09552014595705909
0.0013732506968341075
-0.06938512123601245
-0.11562938393806974
-0.1385247567066397
-0.14074974338944846
-0.12622537989332214
-0.10039805561727669
-0.07084254351171151
-0.04776397347953854
-0.04393939356392515
-0.07376205759062988
-0.1513018835950143
-0.2876072605165526
-0.4877621408551005
-0.7483936141215694
-1.0563346445072548
-1.3889605072469964
-1.716365794030166
-2.005115292556613
-2.222904673394881
-2.3432226509038303
-2.3490918032905976
-2.2351865502336765
-2.008016847315352
-1.6843065469100567
