1025
0.2597622722723495
0.13243290796730017
-0.018563679238984415
-0.173033575800087
-0.31031818762800845
-0.41277970686662196
-0.4689002994940242
-0.47534569413609656
-0.43756957020662235
-0.36884189990646843
-0.2878976046276205
-0.21566026601180047
-0.17165922526613742
-0.17080489334978424
-0.22110914990685435
-0.32274271552598216
-0.46853816527470254
-0.6457310156026976
-0.8384593716745015
-1.0303942047298067
-1.2069000385125581
-1.3563288074162958
-1.4703631796584764
-1.5436412074330932
-1.5730966408794993
-1.5574669556917806
-1.4972558097744146
-1.3951643900634358
-1.256744989750232
-1.090887253521291
-0.9097750570145496
-0.7281258554775111
-0.5617639526971179
-0.42578573614807863
-0.33267842733863734
-0.2907379357604743
-0.3030295769483885
-0.3670059136075596
-0.47478717887265104
-0.6140412663628019
-0.7693608818030815
-0.9240021626778446
-1.0618064673133394
-1.1690804583544634
-1.236181259736491
-1.2585685680880347
-1.237155301382254
-1.1779023187763777
-1.0907327499290729
-0.9879542651842694
-0.8824489757248648
-0.7859124384345734
-0.7074017552163215
-0.6523992277345527
-0.6225209784055692
-0.6159013715620486
-0.6281665320219171
-0.6537844526821174
-0.6874724122982082
-0.7252924982164901
-0.765109962651872
-0.8062407279706352
-0.8483511641203096
-0.8899332931185786
-0.9268758925686965
-0.9517056273197358
-0.9539382263696229
-0.921675202375295
-0.8441872920991862
-0.7148670753208914
-0.5337376580419255
-0.30875544509953634
-0.055444964975311144
0.2051352973160541
0.4496258951663134
0.656007176286252
0.8067921296481111
0.8911190696098269
0.9054734572786409
0.8531780529523644
0.7430801025501037
0.5879480399784448
0.4029752500467667
0.20456150244381155
0.009323466929166788
-0.1668293689813453
-0.30969475949537234
-0.4078710968451387
-0.4538142961292457
-0.4446375669155454
-0.3824430680400533
-0.2740781555433644
-0.13035774247808257
0.035076085843573655
0.20702726723749318
0.36995206826882193
0.5089970920327958
0.6108845511418958
0.6647390774030583
0.6629505023494976
0.6020831818240975
0.48370912376643155
0.31492127716270857
0.10823900793507218
-0.11931076416652481
-0.3479733807845368
-0.5577068340694032
-0.7308679310771089
-0.8546140673814197
-0.9225189297569808
-0.9350691292002941
-0.8989688816970616
-0.8254537463553371
-0.7280247696863389
-0.6201078361606558
-0.513105422880241
-0.4151641314701884
-0.3307816209855788
-0.26117717402329305
-0.20519541087732013
-0.16042735910440947
-0.12422286330786074
-0.09432721270289293
-0.06899064914930006
-0.04655418284498845
-0.024679921238742294
0.00046990749884289764
0.034739622297555645
0.08585354069855526
0.16249767918262642
0.2726909556583858
0.42177661372128233
0.610540800595041
0.8339998179564357
1.081266027439419
1.336634018948967
1.5817022573981663
1.7980625076728272
1.9699412693811653
2.086211975032415
2.1414007214673876
2.1356100655158485
2.0735802844393327
1.96329697811061
1.8145814913472236
1.6379746698880997
1.4440106908272001
1.242772582092432
1.0435104749138715
0.8541286420879367
0.6804884968543805
0.5256620411313991
0.3894132890243884
0.26821018268204905
0.15595137928772349
0.04536523621510935
-0.07021370235099754
-0.19516227689561688
-0.3304739514016545
-0.47358955491846505
-0.6192024591789135
-0.7607651168863653
-0.8921871464115555
-1.0091548975675444
-1.109644579931139
-1.1934959195266697
-1.261252500196662
-1.3127349062750375
-1.345901462089296
-1.3564425011928838
-1.338293583050929
-1.284937959856152
-1.1911081063055227
-1.0543734905704738
-0.8761480442828613
-0.6618407264653492
-0.42013770010319046
-0.16165915742107997
0.10259963816987995
0.36260139399831237
0.6100389313912692
0.8384184527499926
1.0425643394160753
1.2178468776217388
1.3595155747891212
1.4624685397672263
1.5216256683922884
1.532862242608947
1.494274378655432
1.4074470981825211
1.2783984745008365
1.1179580319247995
0.9414580125984392
0.767729245243504
0.617478759750107
0.5111914281126497
0.4667618481228133
0.49713638889910816
0.608313835786479
0.7980795970130808
1.055791920452934
1.3633798498096499
1.6974727207042637
2.0323209830013735
2.3429696867710152
2.608080145438887
2.8118929888911066
2.94506192474606
3.0043879349712115
2.991750488593375
2.912681160567557
2.775016735285517
2.5879233011448646
2.3613692729785924
2.1059314491133465
1.8327134441101582
1.553164611467385
1.2786855031668176
1.0200357227145458
0.7866633012930726
0.5861149643501776
0.42366112267840894
0.3022018956814082
0.22244303300866805
0.1832693670451425
0.18220917206263018
0.2158758204191952
0.28028865605040365
0.3710101889303134
0.4830884666996861
0.6108554905818532
0.7476899314215947
0.8858846408920272
1.016749353867237
1.1310212590089008
1.2195664889804725
1.2742643247701246
1.2889082718440104
1.2599552289621563
1.187004538186673
1.0729669301155071
0.9239526542883688
0.7489374947477319
0.5592472045434426
0.3678532411085066
0.18843417517349215
0.03416604008966276
-0.08371994253315398
-0.15744775729444382
-0.18398233704969286
-0.16573275682748692
-0.11036609861255539
-0.02960594955025115
0.06284072941601439
0.1538114767806566
0.23307801746310583
0.29499975026378106
0.33902507359570155
0.36894190569073304
0.3911304978154451
0.4123444444496726
0.4376568809434568
0.46913042445554254
0.5055361767580513
0.5431374632613236
0.5772607914767046
0.6041781359176864
0.622763628770942
0.6354665401230135
0.6483290899568027
0.6700197322001117
0.7100918028250839
0.7768614880873845
0.8753893309441313
1.0060275741901832
1.16386721064874
1.3392137591255455
1.5189898294677209
1.6887638665123064
1.8349863017276073
1.9470012097564815
2.018483743291165
2.048095817719934
2.039308058706428
1.999468178154011
1.9382890482498942
1.8659902560690775
1.791368605983933
1.7201014310511806
1.65358966710963
1.5885996770259698
1.517843503952422
1.4314506623315357
1.3190706304327136
1.1721694846130304
0.9860133737122755
0.7609013370764626
0.5024065114932245
0.22064415647214944
-0.07117911839273114
-0.3585441890576245
-0.6273331221607592
-0.8651983344488251
-1.0624789432227633
-1.2127114717051781
-1.3128654267735957
-1.3634249520750144
-1.3683578062740192
-1.3349126213013642
-1.2731229731744358
-1.1949108650070726
-1.112777532191616
-1.0382121978879593
-0.9800819656014613
-0.9433309335144897
-0.9282819301346437
-0.9307072585852793
-0.9426599515855674
-0.9538944080565026
-0.9536053630164023
-0.9321954424316138
-0.882826647756584
-0.8025811334969428
-0.6931151397579126
-0.5607245392396546
-0.4157669001164691
-0.2714348590982229
-0.14197147682225392
-0.0405526218251162
0.022805668837447432
0.0428843902497123
0.020049814313543003
-0.040039011370765605
-0.12777981296741167
-0.23173054609004035
-0.340946298277031
-0.4469484987391697
-0.5448173943158156
-0.6331473552559186
-0.7129413001746924
-0.7858440994173783
-0.8523209685454884
-0.9104053442769993
-0.9554593831422739
-0.9810646424039291
-0.9807938618907532
-0.9503245117678958
-0.8892321927500967
-0.8018844935896954
-0.6971130844797659
-0.5866950748405206
-0.48301552074747306
-0.39651354624656643
-0.3335699455196454
-0.2953632793775594
-0.2779477438232152
-0.27347300908753414
-0.27217303014183253
-0.2645805298821057
-0.2434181431584889
-0.20476633378944278
-0.1483535948380778
-0.07707332984321387
0.003977725573358466
0.08857675827367213
0.17026769348061918
0.2429261638652109
0.3010334158855316
0.339824473058525
0.35549936387344155
0.34559968329533836
0.30950025991518615
0.2488254079023408
0.16754678315057228
0.07159266531684287
-0.03202555155024278
-0.1363591410583539
-0.23559165702090026
-0.32568278854458604
-0.40438437653680276
-0.4706658983186945
-0.5238179977134083
-0.562625269196815
-0.5849607869668485
-0.5879717269120098
-0.5687788909546141
-0.5254094157970762
-0.4576055310219767
-0.36722726107044107
-0.258149259932407
-0.13575257228069604
-0.0062407139922717805
0.12398344089383627
0.24874599432697803
0.3623494156355729
0.45976479276481425
0.5369130321385519
0.5910979438020346
0.6215198641769769
0.629685095250672
0.6194969146684308
0.596888997487257
0.5690113079242259
0.5431358283284394
0.5255469654253844
0.5206792720210563
0.5306701799346483
0.5553517496636677
0.5925745001162568
0.6386864605472886
0.6890005271574294
0.7381565653727712
0.7803819257298343
0.8097306986226421
0.8204075068693143
0.8072482517779997
0.7663553082296805
0.69580039178932
0.5962475012978182
0.47133375080186607
0.3276808411475109
0.17448225519225538
0.022698162900243724
-0.11603132204718711
-0.23059105173350788
-0.3115323626496503
-0.3519871125572035
-0.34823766335549267
-0.29989252098619595
-0.20968818491780133
-0.08299802774140912
0.07283266695603179
0.2491957204489481
0.43685896894965703
0.6264579018490768
0.8088133840274027
0.9751055497066466
1.116986092113336
1.2267454888696268
1.2976521886018444
1.324535322840397
1.3045914175137932
1.2382774825418867
1.1300446691306423
0.9886140762628527
0.8265351151015804
0.6589075492295515
0.5013633276623619
0.3676335049261981
0.2671935969193777
0.20352552827471676
0.173431290728182
0.16760702721964107
0.17240166803221893
0.17242250196931422
0.15347897246621067
0.10530888521472992
0.023602571125455805
-0.08900413691256504
-0.22310231570862107
-0.36378829580805455
-0.49282425647949407
-0.5913400841701003
-0.6426724668143496
-0.6349306218126408
-0.562923439537319
-0.4291717454924995
-0.24385135145277553
-0.02365591068568686
0.2102788956372187
0.43510188600936384
0.6292180336228462
0.7750377606789627
0.8610558793425842
0.8829243200141061
0.8433759054899661
0.7510911210842302
0.6188182668486556
0.46119890520305623
0.2927722160703467
0.12652531809260167
-0.026845795600006887
-0.1590329270726561
-0.26382293257855033
-0.3367420888991159
-0.3749037040511773
-0.3771592925503635
-0.34445392580268946
-0.28013893485861524
-0.18996458444815326
-0.08157763485562194
0.0364576199514229
0.1558925840309537
0.2699333066169333
0.373943937677793
0.46551624715523426
0.54393171929377
0.6092618678299329
0.6614800483966516
0.699942932344044
0.7234467300048293
0.7308302875882824
0.7218729396597466
0.6981040498703368
0.6631516523429652
0.6224053124847829
0.5819993137472135
0.5473579866687365
0.5217085209669959
0.5050095672275005
0.49365548567891654
0.48112163361904525
0.4594661192029208
0.4213610087271889
0.36215526354578115
0.2814249323922562
0.18356959269043585
0.07725458337773784
-0.026183113610002633
-0.11494593498403621
-0.17900153392907933
-0.21172818114352757
-0.21058804412041232
-0.1767695669501986
-0.11408179416517746
-0.027605858417199678
0.07737190402391153
0.19580785302373904
0.3227066924094785
0.4525703867361584
0.5789496763235714
0.6945208369164457
0.7918748709257083
0.8648669205213779
0.9100713376291072
0.9277540668834228
0.9218762847556611
0.898956083330801
0.8660270727436528
0.82828926447233
0.7872103812737228
0.739738314930046
0.6789579599701981
0.5960814021440618
0.4832504126564608
0.33638496059546713
0.1572979058491378
-0.04549868826734314
-0.2575243940157859
-0.460447947881959
-0.6351291651484756
-0.7649445779023035
-0.838732661809465
-0.8528072893426418
-0.8116924823819763
-0.7274732225542965
-0.6178895587819649
-0.5034926792476365
-0.4043183249898953
-0.33661054280275243
-0.31014355203646665
-0.3266304678426356
-0.37956084149550623
-0.45557015741337
-0.5371372615054716
-0.6060910512752283
-0.6471750480474899
-0.6508566224513732
-0.6147259641113022
-0.5431867160908206
-0.4455990024556456
-0.3334537323593229
-0.21739787305710287
-0.10491840236003473
0.0007598381671058706
0.1004026507465398
0.19736288956242
0.2955669807889644
0.39750449549979416
0.5027381135873707
0.6072342245297263
0.7035656103482908
0.7818374196970027
0.8310784942112948
0.8408221634502453
0.8026415438459129
0.7114631311025171
0.566529499610025
0.37191041865653235
0.13648572044391244
-0.12663742678278347
-0.4012453001563207
-0.6695664248885277
-0.9140615970696011
-1.119222079134294
-1.2731400806586393
-1.3686518936481857
-1.4039134114974907
-1.3823354442731237
-1.3118774174445256
-1.2037764331409027
-1.0708767242913024
-0.9258100071580158
-0.7793328138229941
-0.6391198528937434
-0.5092249247970052
-0.39026643619125356
-0.28021818298334633
-0.17554842476353846
-0.07239970162984012
0.032448999973018325
0.14097637714069083
0.25367471251487433
0.3695829304572818
0.48649404038226884
0.6012759880014176
0.7103036144663384
0.8100246299688487
0.897646653022744
0.9718459814265794
1.0333073401562756
1.0848647610484443
1.1310666687208646
1.1771339736315882
1.2274764103119378
1.2841121907120474
1.345431733059044
1.4057170239060948
1.455671211833281
1.483964512360627
1.479524817117831
1.4340679684242978
1.344240423223207
1.2127808374029525
1.048305111429197
0.8636462240185252
0.6730579274448953
0.4889185761234423
0.31875069977888165
0.1633423250622456
0.016514584117926345
-0.13331443828985123
-0.3000654875284703
-0.4961103205209878
-0.728456948467589
-0.995909702331582
-1.2878963849211544
-1.5852819089152066
-1.8630398496346405
-2.0942368126529343
-2.2544984962482326
-2.326037867872859
-2.3004523703746718
-2.1797996300125044
-1.9758561226199918
-1.707848818798082
-1.3992344184997119
-1.07422920502248
-0.7547540628389433
-0.4582834477586251
-0.1968288358453969
0.022988230783680928
0.1990486989706667
0.33244540695803027
0.4262147702250518
0.4844117793936083
0.5116626836513929
0.5131233252976798
0.49461598714345933
0.4626672313203416
0.42423908994734677
0.3861050198348883
0.3540046770308988
0.3318419027953687
0.3212142547702499
0.32146782482083813
0.33029393573277527
0.3446930602118889
0.36199960991120006
0.38063901284557816
0.40038314623684795
0.4220455583468344
0.4467509691683753
0.47505841662911447
0.5062690285164827
0.5381945097754125
0.5675207750115588
0.5907130350688401
0.6052271698638196
0.6106675682806281
0.6095045178749741
0.6070541693672887
0.6106186712764318
0.6279349309623888
0.6653113650633994
0.7259603790106994
0.8090044449644493
0.9094441916606243
1.019087880862322
1.1281552135705395
1.2270887994182167
1.3080942993374116
1.3660780736698341
1.3988886177222941
1.4069943635200914
1.3928617218917934
1.3602991396935997
1.3139320238282814
1.2588348454022347
1.2002415218000941
1.1432262012117476
1.09229371955098
1.050906620294462
1.0210541580118193
1.0029997148407723
0.9953135863346025
0.9952234969112568
0.9992263816207103
1.0038345271362736
1.0062976541141528
1.0051543406196481
1.0005117872469127
0.9940167312098345
0.9885461445633535
0.9877012953796965
0.995222338660208
1.0144449642339506
1.0478921661937344
1.0970384730154439
1.1622177414504735
1.2425947847119625
1.336110439330636
1.4393496786641853
1.5473605100837518
1.6535330907141816
1.7496918961000594
1.8265295802228398
1.8744196949130612
1.884519157734442
1.8499620353940072
1.766899256278586
1.635172903202255
1.458510453222613
1.2442401598917012
1.0026174110551802
0.745888155299684
0.4872054171789774
0.23948716965357938
0.014290248401564747
-0.17921160483488643
-0.33502892769289155
-0.4508070923043743
-0.5278251036484903
-0.570519258231838
-0.5856138067108541
-0.5810355138910185
-0.5648342454410129
-0.5443095792656794
-0.5254643579964353
-0.512803672187231
-0.509412262075552
-0.5172020112535687
-0.537226696572586
-0.5699932034645117
-0.6157271443121478
-0.6745558340046721
-0.7465539811615226
-0.8315805253604738
-0.928849802436888
-1.0362460913759168
-1.1494999274220672
-1.2614608237179818
-1.361771692431981
-1.437230519384194
-1.4729985580079994
-1.4546046361095761
-1.3704593342662794
-1.2144025776386833
-0.9877253844336502
-0.700162402199728
-0.3695366149711907
-0.020005355534467764
0.3208602701633575
0.6256993698016191
0.8710944242591082
1.0408056989312362
1.127990037049376
1.136051884448676
1.0779785511479398
0.9742296675588941
0.8494669762842462
0.7286093575173325
0.6328526574300402
0.5763614558742846
0.5642747693864998
0.5924444025363393
0.6489665414413935
0.7171527702656466
0.7792347578054277
0.8199235085333849
0.8290159128426848
0.8025428361509229
0.7423878063246389
0.6547286077728854
0.5479291960400734
0.43055547629226715
0.31001192163700997
0.19198018547182902
0.08051470485211766
-0.021565255537984985
-0.1123820994178917
-0.19105763585723487
-0.25813022230797183
-0.3161028400709227
-0.36976774377220806
-0.4259904526581899
-0.49281925685127526
-0.5780390098994015
-0.6875066431508228
-0.8237060475726462
-0.9849082093071689
-1.1651467680836176
-1.3549902731504628
-1.542891056165786
-1.7167752879954357
-1.86552901037725
-1.9801143728224575
-2.0541812711275185
-2.0841813128551028
-2.0691090445463565
-2.0100654357039156
-1.90984680811219
-1.7727070336565434
-1.6043346824933091
-1.411960864594011
-1.2044100000686704
-0.991867556903605
-0.7851918290927308
-0.5947374167823679
-0.42884810435213117
-0.2923531969540117
-0.1854956225742487
-0.10368308716357391
-0.03827732079499087
0.021637700745940708
0.08685730249340583
0.16558471923966006
0.2614946199541583
0.37280765722113995
0.4925769994356344
0.6100615574721531
0.7127922169547356
0.7888113463480878
0.8286084603843401
0.8264466464124792
0.7809915386039571
0.6953273583219409
0.5765179636125043
0.4348452299814694
0.2827816548298678
0.1336988309381229
0.0003297247201939468
-0.1069019880066063
-0.1814401514887082
-0.22169880555310467
-0.23136860668005424
-0.2187178340051696
-0.19491338838175654
-0.1716542460563389
-0.1586184031036088
-0.1613017795831022
-0.17974546826094842
-0.20843265053620383
-0.2373567743202429
-0.2540008176379075
-0.2457901850668661
-0.20252003818443115
-0.11830571783741577
0.007269267664098859
0.1689679141820992
0.35666446752334074
0.5568892410029584
0.7548580934513154
0.9366137429151803
1.090892035502316
1.2103835984239388
1.292184848188209
1.3373989371587416
1.3500225377888444
1.3354000437484073
1.298613009126388
1.2431815693852595
1.1703828516670263
1.079348897718886
0.9679160701286786
0.8339971240454459
0.6770854256555688
0.4994311304500157
0.30648919480061687
0.10643286709931414
-0.09119007127275869
-0.27729245570527716
-0.44501733393164994
-0.5908718807461197
-0.7148428596522298
-0.8194457663417208
-0.9080273158735673
-0.9829049277352144
-1.0439844920547987
-1.0883240206921934
-1.1107708990948253
-1.1054249956379927
-1.0674100798237605
-0.9943666038319944
-0.8872203849722169
-0.7500644921261201
-0.5892990386513545
-0.41239575065704687
-0.22672714314852419
-0.03882104197694198
0.145783103307868
0.32212022747709274
0.48506275290408146
0.6286071002580798
0.7455354778254911
0.8277002407192041
0.8669857253365276
0.8567713534717158
0.7935211435425603
0.678031008818032
0.5159223907487869
0.31717318302474656
0.09476101310900253
-0.1372404847337607
-0.36562237014494664
-0.5795866567160771
-0.7715785200739682
-0.937355453794507
-1.0754755198637438
-1.1865180484999214
-1.2723496575123818
-1.3356381804207402
-1.3796549447834678
-1.4082576266824685
-1.4258613641052273
-1.4372061394803843
-1.4468084769774525
-1.4581182814820381
-1.472547668786571
-1.4886513338397656
-1.501773537594819
-1.504407988319478
-1.487346066187094
-1.4414578280281376
-1.359730724602965
-1.239063958934633
-1.0813381683435201
-0.8934568975358775
-0.6863358872058654
-0.4731062772176093
-0.2670009810988749
-0.07944497405706549
0.08123648511665306
0.21029511830466777
0.30627159321556113
0.37018555502805567
0.4045377931442354
0.41243664805318925
0.3970527277788416
0.36145888983248214
0.3087738760903576
0.24243387636175137
0.16638676321173515
0.08504198750696094
0.002904163489914406
-0.07605474065710621
-0.14910727892636713
-0.2153132845301947
-0.275646202291848
-0.33255740821581053
-0.38901143471846106
-0.44722767700154026
-0.5075173701094582
-0.5676397602515819
-0.6229837549134606
-0.6676304887227652
-0.6960441417482197
-0.704882425016732
-0.6943185458371031
-0.6683786951701853
-0.6341014373794657
-0.5997213784294874
-0.5724282311898597
-0.5564239207800588
-0.5519251925708755
-0.5554590093042994
-0.5613765265590116
-0.5641150375891956
-0.560498740419762
-0.5513603858645246
-0.5419770607496283
-0.5411654527959106
-0.5592598954436551
-0.6054922332527007
-0.6854352818555909
-0.7991415519510251
-0.9404320518325281
-1.097521886382767
-1.2548757039807985
-1.3959261689726055
-1.5061085943089885
-1.5755917836772433
-1.601132674912285
-1.5866464605202204
-1.5423436094008687
-1.4825967072299713
-1.4229976292956845
-1.3772709765228555
-1.3547557918707123
-1.3590237380720953
-1.3878959680685965
-1.43473812305062
-1.490572393625169
-1.5463563695224272
-1.5947995848964112
