1025
-0.304901691912186
-0.28666731311432986
-0.2821063583557886
-0.28606581057255154
-0.2925549853846122
-0.2963523684668006
-0.2942099108536503
-0.2853440272908562
-0.27110633973031667
-0.25397180505440187
-0.23619675749985894
-0.2186114819584221
-0.1999727853867955
-0.17711426846786907
-0.14585497053765886
-0.10236104810230952
-0.04450006373336273
0.027259432730291338
0.1096808558169154
0.19735122888453932
0.283825069729862
0.36298249766413915
0.430260492611461
0.48351277315483876
0.5233850104496747
0.5531985241141414
0.5783897167997895
0.6055677523364517
0.6412668841449038
0.6905149830781052
0.755420472046635
0.8340638020745231
0.9200139594733844
1.0027275811918126
1.0689148375417878
1.1047082621815665
1.098224393734263
1.0419537799197458
0.9344182632953357
0.7807072964788967
0.5917953802014698
0.382854621458821
0.1710065681512206
-0.0269639566600755
-0.1964928781731936
-0.3264742071010095
-0.40983061676211
-0.4435680941218404
-0.4285323271187857
-0.36904430834603796
-0.2724847681281956
-0.14878320679525675
-0.00970515373959446
0.13214757836892296
0.26461085914718613
0.37735925367916134
0.4631757648439354
0.5187972048220243
0.5451092205732933
0.5466183051542844
0.5303158447902037
0.5042038396922813
0.47581709736487887
0.45103259638040316
0.43332698172797435
0.4234858694676529
0.4196498309574122
0.41754781079035325
0.41082415780229703
0.39147380342531296
0.35049774177636195
0.2789176161664086
0.16921377362482556
0.017090858873325586
-0.17671497260986488
-0.40501739399991055
-0.6536130017587242
-0.9019214032777121
-1.124954279718511
-1.296434008538798
-1.3925919279680878
-1.3959742613799095
-1.2985260102444125
-1.1033289067122765
-0.8246188891254149
-0.4860465609487644
-0.11749469826192334
0.24895070701400693
0.5831300592547367
0.8603126519944386
1.0635226696346045
1.1844312401872852
1.2228857673609923
1.1854268171320306
1.0833013291996916
0.9304837407789486
0.7420785827403652
0.5332578523066053
0.3186665778074901
0.11208599121482557
-0.07388425788254685
-0.22828344328900343
-0.34240610077847117
-0.41046358012010303
-0.43010308321168167
-0.4026032970521217
-0.332641622965955
-0.2276389252388406
-0.09679467429213255
0.05000155382833774
0.20317304130292949
0.35419427957552396
0.49596104435292854
0.6227928388241566
0.7301749976040046
0.8144247673929591
0.8724840673121681
0.9019878689578399
0.9016430809873277
0.8718166117538451
0.8151231322530195
0.7367674417816029
0.6444483787325836
0.5477519517400907
0.45710386732994923
0.3824630002516741
0.3319838011372115
0.3108544622705671
0.32045689348131684
0.3579331075170524
0.41620768116827
0.48450767126247235
0.5494128999004106
0.5964266684073197
0.6119614336956415
0.5855017250297393
0.5115856909725557
0.39119634415394156
0.23221296630889646
0.04874033689736816
-0.14063797652228166
-0.31541487437112814
-0.4561029739158749
-0.547088943900228
-0.5789543750212229
-0.5499113504317673
-0.46612624536441083
-0.34085206990889466
-0.19245773805065652
-0.04162735975217038
0.09182236130234893
0.19194281196041643
0.24890569347455715
0.26008045489270276
0.22977407486003493
0.16778703489615554
0.08721028379403524
0.0020263260004910865
-0.07495692885902888
-0.13349316941593342
-0.16651249612542088
-0.17010056642458574
-0.14310989043049763
-0.08667817294161242
-0.0038362910850734274
0.10074557996197697
0.22093873842150016
0.3493812475802291
0.47784820619048735
0.5978000812696964
0.7010591344863328
0.7804994759864049
0.830613747910254
0.8478473434002463
0.8306605200781564
0.7793666557291685
0.6958677997164178
0.5834342524181254
0.44663454509936446
0.2914243626881969
0.12528495708304496
-0.04278128010062658
-0.20258989169230796
-0.34354050754742965
-0.45573518009689856
-0.5312085820931483
-0.564944034042493
-0.5553926309036525
-0.5043776625631529
-0.4164880187151894
-0.29824619986675305
-0.15739521013015967
-0.0025520372469666256
0.15673966741374476
0.30976708903488304
0.44458651104906177
0.5485141111257738
0.6093664093824317
0.6173512190363901
0.5671993999281107
0.45992180931067045
0.30356440778766913
0.11254188343500295
-0.09449446302670339
-0.29786862646036244
-0.48043940194315016
-0.6306313593162172
-0.7441750708174617
-0.8241381836004293
-0.879297531652384
-0.9213489161634895
-0.9617371107022353
-1.0089324555783283
-1.0667838081554653
-1.1342213020183365
-1.20619219067107
-1.2754109483733909
-1.3343671605009222
-1.377071007572203
-1.4001783460802804
-1.4033492715711609
-1.388885952080501
-1.3608277577727403
-1.323749227270544
-1.2815246675716359
-1.2363106493003133
-1.1879605379446971
-1.1340179505816932
-1.0703308872722825
-0.9921892465220012
-0.8957415827384488
-0.7793345770521433
-0.6443897665157986
-0.4955147458573871
-0.33973829169434316
-0.18501337465892342
-0.038373208404858535
0.09573149173773958
0.2164017002928301
0.32623849017792567
0.43024762102250813
0.5340028371314295
0.641605162157384
0.7540368584300075
0.8683779388555569
0.9780833839864521
1.0742131429358013
1.1472708460522452
1.1892052197385916
1.1951601353420025
1.1646726975318868
1.1021459145327681
1.0165236058998988
0.9201747839434725
0.8270891440285908
0.750622304230467
0.7011940341332947
0.6844669882960253
0.7005277458269229
0.7443967960509866
0.8078291099348371
0.8819412194338431
0.9598781397303172
1.0386604677106757
1.1195873494053428
1.2070482960503466
1.3061452704793919
1.419939376876713
1.5472581008353699
1.6817903582946665
1.812747569418483
1.926856697019941
2.0110622205228657
2.0551698353830674
2.0537804304249976
2.007155757191965
1.9209943677028467
1.8053561130312081
1.6730919478789636
1.5381203803814918
1.4137994018525122
1.3115428434332788
1.2397658368727884
1.203220342376256
1.202770604162358
1.235627578655117
1.2959958174929382
1.3760017609242108
1.4667051970817355
1.558982215922482
1.6441235813142046
1.714100566917506
1.7615705963328894
1.7797804119315037
1.7625445565471345
1.704427926101879
1.6011676581683552
1.450270203795247
1.2516503821483504
1.0081600840497187
0.725883223851649
0.41413150116390707
0.0851375167790944
-0.24651312406286632
-0.5646492164267418
-0.8524207629748438
-1.09329557184577
-1.2721025573030516
-1.376074544540112
-1.3958310542287662
-1.3262303638941462
-1.1670204482872395
-0.9232337061758704
-0.605293841707503
-0.22882015906774666
0.1858872604297959
0.6147186770639478
1.0310394767166569
1.4074355417961188
1.7178986041465465
1.94030450978952
2.0588843145915936
2.066267781093261
1.9646546985971667
1.765776693082592
1.4895382787664333
1.1615091158238433
0.80969181151299
0.4611325667676657
0.13893782642107197
-0.13987471061109255
-0.36546978783023737
-0.5352209021827444
-0.6528142389048932
-0.7266639384418653
-0.7679081645686223
-0.7882673579915016
-0.7980520472137157
-0.804603623253022
-0.811413787910847
-0.8180750792109406
-0.8210636086460024
-0.8151751230330798
-0.7952784384064024
-0.7579704474420835
-0.7027455642095395
-0.6324258535820716
-0.5527952278756672
-0.47158118505745866
-0.3970724408222068
-0.33671196207606635
-0.29595839869213647
-0.2775903618964534
-0.2814854397445484
-0.3047895719485572
-0.3423379117663468
-0.3872017326663938
-0.4312931870716602
-0.4660181055973296
-0.48298865050387857
-0.4747794913981576
-0.43565461445255704
-0.3621487730126383
-0.2533952556895805
-0.11115715699556329
0.060388265176373454
0.25499512976261496
0.4647062921063974
0.6801741528544121
0.8909982108503719
1.0862056044279995
1.2549966407398914
1.3877866363595313
1.47743484982685
1.520422347014584
1.5176808004402975
1.4748104682825518
1.4015468055522275
1.3105022362254986
1.2153738878709055
1.1289285783569774
1.0611282736648822
1.017735230284697
0.9996435874764756
1.0030432410466696
1.0203626037897937
1.041795083255111
1.05712202273556
1.057521055512511
1.037089353230714
0.9938919403799666
0.9304316689503429
0.8535037159948129
0.7734380302475743
0.7027669766284168
0.6544103773389798
0.6395634370224025
0.6655915499781444
0.7343352925676523
0.8412494655267472
0.9756973097860798
1.1224936641870893
1.2644896255273472
1.3857062006773944
1.4743510362036898
1.5250533462308138
1.539832581404261
1.527620304102614
1.5024876209180498
1.4809947798260934
1.47921086634574
1.5099372105159772
1.5805462018144028
1.6916815357087525
1.8369159648560525
2.0033570024565357
2.1731217928368713
2.3255379895343555
2.4398408986505116
2.4980284372399097
2.487440279561388
2.402600480333796
2.245949089403635
2.0272930124824433
1.7620853236592469
1.4689132205617141
1.1667513408506625
0.87256204407599
0.5996926042599883
0.3572769508314232
0.15057324167861352
-0.01806246960430158
-0.1479942107242049
-0.23934404193463427
-0.29255970542305026
-0.308619912210733
-0.2897534859909143
-0.24035039277102657
-0.16763790383268365
-0.08172469367425457
0.005214859888426661
0.08057601867726
0.1334515075034498
0.1567161370646899
0.14848059173290745
0.11246094998701112
0.057096231649276206
-0.006403993349990673
-0.06659695582560683
-0.1142824266764341
-0.1442973705916316
-0.15621258894667053
-0.15382654244876193
-0.14367846584886884
-0.1330518633004429
-0.12804535363113376
-0.13222927306881213
-0.14620821385076338
-0.16813247817339916
-0.19492408485419796
-0.2237824269460831
-0.25346497021615866
-0.2849175356941406
-0.32103318383404345
-0.36558855989976474
-0.4216620795225636
-0.49000428059269063
-0.567857589310668
-0.648605341657309
-0.722405261682209
-0.7777003064991429
-0.8032757507555489
-0.7904054024882936
-0.7346272860358859
-0.6367973352472142
-0.5032467315246507
-0.3450605574719865
-0.17665605817296745
-0.013938733538014909
0.1276516989208764
0.23491657261908447
0.2982689206639195
0.31255962941298404
0.2773149755596276
0.19643486302500235
0.07747858769563994
-0.06928760858311263
-0.23190173054261148
-0.39763664898853546
-0.5537849469723524
-0.6883158089345364
-0.7904818524412593
-0.8514642964796336
-0.8650966236602362
-0.8286155604694619
-0.7432903148134794
-0.6147216424895946
-0.4526161796218459
-0.26993581412749706
-0.08147245303410158
0.09794569121180019
0.25530424101498483
0.3809794175621743
0.46978672917226055
0.5213833862442984
0.540051995337695
0.5339957665781546
0.5143075762300642
0.4937426807378719
0.48536472507379713
0.5010940136895691
0.5502005008634663
0.6378540841196672
0.7639395307770652
0.9224102695663576
1.1014452736583704
1.2845656680301358
1.4526795240735808
1.586803903948681
1.6710249126719734
1.6951533346823173
1.6565453336937381
1.560687557762703
1.4203704796192405
1.2535520417158394
1.0802899153625911
0.9193348924173832
0.7850730975991083
0.6854464381829396
0.6212686768566705
0.5870338459837542
0.5729643628786708
0.5677626570375458
0.5613904576350122
0.547237375817796
0.5232362591415711
0.491771036341012
0.458519298958525
0.4306014685019349
0.4145266642516033
0.4144241313940771
0.43094713330172657
0.4610655235019798
0.49875863776239854
0.5364167958652957
0.5665945721925243
0.5836712533753154
0.5849937196177919
0.5712132448671269
0.5457531194025509
0.5135982446525637
0.4798006621555105
0.4481771131860287
0.42060255155341103
0.3970952066986498
0.3766114887330653
0.35821511426420927
0.3421430006770098
0.33031414761292627
0.3260145524967216
0.33278299494215585
0.35282084368851646
0.3854493909736058
0.4261663146224561
0.4666939192888478
0.4961161802804027
0.5028693020660926
0.47709156451674667
0.4127363514467289
0.308932128502355
0.17029920190059294
0.006224285401351824
-0.17064307114128416
-0.3462472770266082
-0.5068871451062288
-0.6405302358513407
-0.7375111525126262
-0.7906406883600395
-0.7949106171674317
-0.7470580813266725
-0.6452427782780346
-0.4890031149766351
-0.2795285751611835
-0.020157525780667828
0.2830788557002855
0.6210711869369845
0.9815707811009561
1.349535625752697
1.7078719536700138
2.038486008771307
2.323525128142624
2.5466875875606507
2.6944986354066716
2.757462916193157
2.7309986543449933
2.6160419962402868
2.4192018270176647
2.1523703625607493
1.8317640855741582
1.476472889677611
1.1067011820603547
0.7419555861817957
0.3994419158789657
0.09287500608870128
-0.16820050012712687
-0.37859497164491684
-0.5372666866059636
-0.646857337951432
-0.7130803073755662
-0.7440106029738256
-0.7492618101248629
-0.7390067510281504
-0.7228280000121501
-0.7084712444407301
-0.7006876265832865
-0.7004409921982759
-0.7047702107424686
-0.7075052075078644
-0.7008446937590499
-0.677559543910203
-0.6333599433418999
-0.5688326745375843
-0.4903723274256352
-0.40971418958310457
-0.3419979805592353
-0.3026777723536707
-0.30394215121408774
-0.3515138305808862
-0.44268146325832525
-0.566158895377295
-0.7039232280173562
-0.8346729575581243
-0.9381206176843259
-0.9991197090122573
-1.0106841796208714
-0.9752625523761458
-0.9040732363625547
-0.8147532890512386
-0.7278990252277655
-0.6632204757863326
-0.6360015665133442
-0.6544131648066941
-0.71804055708476
-0.8178097051498675
-0.9373367657334184
-1.055560835509488
-1.1503282021510561
-1.2023860545289768
-1.1990682563538804
-1.1368974926458832
-1.0224583483393281
-0.8712303185340234
-0.7045434361991221
-0.5452987373751216
-0.4134256598961379
-0.32211341901699864
-0.2756280994564113
-0.2690868462315676
-0.29005326466656267
-0.32140343624332807
-0.3447032340937516
-0.3433637133526626
-0.305049214085741
-0.2230981499715465
-0.09697302865596716
0.06808506767268183
0.26197520946031466
0.4710356667602777
0.6795803544496716
0.8715535045951638
1.0321658793718287
1.1493379513522695
1.21475897250496
1.2244125755551336
1.1785274699046355
1.0810551543259461
0.9388958094707689
0.7611299218963602
0.5584391671596095
0.3427402478870012
0.12688096625488499
-0.07585385489580473
-0.25264645525512874
-0.39251206787030984
-0.4879394094059257
-0.5364130810544443
-0.5413507121830003
-0.512087731365365
-0.46278647024037933
-0.4104420948299971
-0.3723955259447661
-0.36386218190470776
-0.3959278748231353
-0.47429339348739935
-0.5988481353009051
-0.7639945324429628
-0.9595672104129839
-1.1721849966351559
-1.3869001524276499
-1.5890231182507828
-1.7659775205462018
-1.9089856736084392
-2.0143294011763038
-2.0839158047928996
-2.1249345869898746
-2.1485339647029043
-2.1676483387827887
-2.1943377104142714
-2.237180422456404
-2.2993298800360145
-2.377754750024467
-2.4639287469828357
-2.5458734988040486
-2.6110873783854145
-2.649631394405678
-2.65658151679883
-2.6332230641317516
-2.5867079006854397
-2.5283102232004935
-2.470771680649355
-2.4254187870133204
-2.399722796189988
-2.395783310142533
-2.409932461226761
-2.433376175231425
-2.4535930063192852
-2.456135741340294
-2.4265143416595714
-2.351934114759445
-2.222763978059363
-2.0336761585393206
-1.7844194463001235
-1.4801800555877926
-1.131478160364103
-0.7535687567984588
-0.36536800907976
0.01200566022448721
0.3569309523471062
0.6490581804720612
0.8710118588838123
1.0099134669542775
1.05864769620451
1.016795876620828
0.8911294684666324
0.6955198760781804
0.45011807152738353
0.179722246826015
-0.08861077787348068
-0.3284737460762594
-0.5171341820011054
-0.6381843846149757
-0.6833522898301185
-0.6531567037612659
-0.5563187789388645
-0.4080866180141828
-0.22782495769748218
-0.03632075305455587
0.14675575293159182
0.30489749766862967
0.42613012195866284
0.5036747918108216
0.535991224452853
0.5263446014246214
0.48203782945401324
0.41340792245450025
0.33263326314547675
0.2523671348490919
0.18422334458314513
0.13719472025584387
0.11616939480770884
0.12079085923131343
0.1449471908360191
0.1771383929398571
0.20184384563240437
0.20180739587595936
0.16092240805027305
0.0672008703829399
-0.08477949584875479
-0.292493087323911
-0.545476382359786
-0.8267424966616008
-1.115289124875558
-1.3891523472350165
-1.628375417361206
-1.817344701963768
-1.9461531986495582
-2.0109105142370445
-2.0131477825304036
-1.958612537524979
-1.855794556719032
-1.7144846112066776
-1.5445790050075274
-1.355239053050285
-1.1544233348879587
-0.9487460533823739
-0.7435803062727178
-0.5433170598554188
-0.3516987404155521
-0.17215805212147864
-0.008096905304650919
0.13696522231103214
0.2594487422253047
0.35603551506791015
0.4242567361430916
0.46325435533046955
0.47451828889232295
0.4623352352107292
0.4337054687140563
0.39760820683289844
0.363695155916418
0.3406928501456388
0.3349143594362241
0.3492621295879346
0.3829464411172993
0.4319074311632288
0.48970759231164296
0.5485438281471116
0.600057283335064
0.6357771002662398
0.6472516643229368
0.6261064094768544
0.5643449368451412
0.4551452715647871
0.2942135968116363
0.0815046294582394
-0.1771139725476919
-0.4688042361712697
-0.7738277378141598
-1.0670603476840774
-1.3209338813361564
-1.5094020812410616
-1.6122039413247586
-1.6185361250813655
-1.5293113643991727
-1.3574676086150783
-1.1262299484703207
-0.8656888060631766
-0.6084113873451787
-0.38495188785425266
-0.22004634193809292
-0.13002161467101345
-0.12161913561427785
-0.1921429394559307
-0.3306611068029116
-0.519933512241846
-0.7387665195021258
-0.9645461988649799
-1.175729329384002
-1.3540678149005576
-1.4863338168505267
-1.565338889559537
-1.5901237192429813
-1.5653263002826057
-1.4998785419660248
-1.405288164710954
-1.2938048986057284
-1.176744281590731
-1.0631721673847816
-0.9590700536596413
-0.8670307894994889
-0.7864829418446011
-0.7144017590503006
-0.6464203610303366
-0.5781978070331744
-0.5068363545962111
-0.432088065072072
-0.3570781652405285
-0.28832336022492366
-0.23494546307173672
-0.20715830868453866
-0.2142973854570817
-0.26280863641588303
-0.3546604120216139
-0.4865598598560165
-0.650154314927379
-0.8331358877599303
-1.020928835973341
-1.1985071620992216
-1.3519114563275076
-1.469200790939968
-1.5408215111352634
-1.5596045265835863
-1.5207248265727988
-1.421922691565879
-1.264109156680715
-1.0522288367997963
-0.7960338462356322
-0.5103259680987647
-0.21429865205107695
0.07016083792097826
0.3210415012684291
0.5192024479862198
0.6511826277307899
0.7112298609132784
0.7021241137777362
0.6346413365252869
0.5257923445336876
0.39620187592314243
0.26712051070029574
0.1575760685193809
0.08208726272217912
0.04921291068707781
0.06103269314486592
0.11348977490979321
0.1974056625553222
0.2999259796018909
0.4061743278787134
0.5009570797939863
0.5704343251747653
0.6037086460477059
0.5942603556680393
0.5410854823492999
0.44931275259170894
0.33004646367934065
0.19924883189157122
0.07564986854281422
-0.022082026120474555
-0.07843298003039721
-0.0837728115601274
-0.03610035149260041
0.05862962422933086
0.18770913050800367
0.3341517212084555
0.479877279360767
0.6088958634549333
0.7098224025455178
0.7772613575431178
0.8118967195893787
0.8194173812218135
0.8086305045076158
0.7892328433179318
0.769723825245219
0.755873572114431
0.750023565143327
0.751313844736101
0.7567193715189753
0.7625764410627937
0.7661405759043106
0.7666928561927653
0.7658299186005963
0.7668138045291879
0.7731535376356486
0.7868442086826528
0.80681454599705
0.8280880440061155
0.8419630860593105
0.8372346610160332
0.8022047579715
0.7270381649980064
0.6059536411962372
0.4387936628700856
0.23165603146388697
-0.003543950111461645
-0.2505165485478427
-0.4908031331973125
-0.706362878552978
-0.882085715401894
-1.0077902535156282
-1.0793740291424385
-1.098968087141528
-1.0741615487987506
-1.016542736659378
-0.9399001099300659
-0.8584191679695842
-0.7851222942220061
-0.7306773613943726
-0.7026024279860487
-0.7048499958233785
-0.7377605350678449
-0.798396841876044
-0.8812649484285602
-0.9793687871035905
-1.0854457732442806
-1.1931338320359413
-1.2977847406154899
-1.396704074852877
-1.488760664435334
-1.5735171735061246
-1.6502074753784821
-1.7169511716717398
-1.770517001507791
-1.8067484762874038
-1.821519231353309
-1.811883679073992
-1.7770049171758064
-1.7185057321963209
-1.6400773999348213
-1.5464303367382695
-1.4418981729079103
-1.3291378878459277
-1.2083579035214103
-1.0773518269725217
-0.9323621006943105
-0.7695251236171798
-0.5864506589430808
-0.3834365572116289
-0.16393940201410248
0.06582649633785365
0.2979963787417032
0.5244774123714205
0.7382187076719124
0.9339554161236361
1.1082724285324295
1.2590856938043853
1.3848305271738521
1.48371400280379
1.5533253804480147
1.5907444528802832
1.593108773706967
1.5584597326147556
1.4866224693579002
1.3798922022933133
1.243377917692793
1.0849559498141772
0.914873472668727
0.7450885232828672
0.5884341129499856
0.45766404874198063
0.364406471583493
0.3180456674903049
0.32458754204290313
0.3856293379430037
0.4976192623599964
0.6516181635731004
0.8337344073513463
