1025
-0.6542335932424079
-0.5717855980655777
-0.4693889406533292
-0.35099538823806065
-0.22005873206724388
-0.0796872671528455
0.06688554131146321
0.21574869636758923
0.36193031553282595
0.4993722540951512
0.6213404793305082
0.7212263194258706
0.7935950426803544
0.835282593170137
0.8463308020219108
0.8305746786203726
0.7957412868209075
0.7529823625635802
0.7158425938851017
0.6987602114484546
0.7152936447905688
0.7763421080145385
0.888650034737298
1.0538372864190735
1.2680845584172922
1.5224595945767112
1.8037419129787933
2.0955354884091904
2.379469054162001
2.636359156463711
2.8473115804344915
2.9948138729761764
3.0638897554449125
3.0433368680564787
2.9269742427100334
2.7147266595641244
2.413312972237374
2.036313694129194
1.6034735829266253
1.1392271277371133
0.6705825400363349
0.22462443986888966
-0.17403173408212103
-0.505491303280761
-0.756245381332837
-0.9200493463656592
-0.9979304175717049
-0.9973604963405975
-0.9307417245527698
-0.8134427644417517
-0.6616828745542301
-0.4905774301268988
-0.3126243832197083
-0.13682574772939277
0.031486607911121886
0.19019010452381804
0.33946367416162176
0.48068900667810166
0.6154170973286416
0.7445938296472522
0.8681380352459893
0.984862500712162
1.0926537961371992
1.1887969776167282
1.270343952752427
1.3344634836924616
1.3787553119837226
1.4015413646620625
1.4021525379198105
1.3812073162897485
1.3408368791473542
1.2847674680687375
1.218149428902644
1.1470457610654947
1.077570936935857
1.014788779839075
0.961597915516308
0.9179041183251505
0.8803596874644559
0.8428312969506739
0.7975695567647886
0.7368565106147204
0.6547681358695061
0.5486528474486582
0.42000150420308335
0.2745389591521818
0.1215505205827864
-0.027382762368061298
-0.15996345660243833
-0.2647634576484533
-0.3325431805103551
-0.3571192436426754
-0.33571623360041075
-0.26886596620212383
-0.1600212310391486
-0.015098550187540936
0.15786614238834135
0.3488710296494017
0.5459811946099281
0.7354422017929904
0.9021304272812438
1.0305372368184678
1.106319867570934
1.1182352967669276
1.060082042609796
0.9321813460338879
0.7419725708875201
0.5034713599449241
0.23559572304473203
-0.04036602171226906
-0.30366243628122974
-0.5367843586929568
-0.7274385351728488
-0.8694375725723495
-0.9624194367462104
-1.010592472368338
-1.0209238238082528
-1.0012872251034297
-0.9590322962623978
-0.900250739150643
-0.8297572182499913
-0.7515598814382706
-0.6694474901565086
-0.5873160677458277
-0.5089963834718576
-0.4375735404574485
-0.37442694769703977
-0.31837420148276296
-0.2653144414675893
-0.20862613561152427
-0.1403275529313539
-0.05274375151095761
0.05976242069061136
0.19947733057939673
0.3648026112226762
0.5506238208330154
0.7494362295007748
0.9528733262249107
1.1532006301403934
1.3443972992642659
1.5226182424564727
1.6860430798030228
1.8342999271840543
1.9677453413021395
2.086865727654658
2.1919586047917936
2.2831035602627616
2.3603030079906775
2.423612061763174
2.473106367727038
2.5086411450809036
2.5294864548400313
2.53402300883454
2.5197016237640644
2.4833940271446093
2.422121074177359
2.3339949206465405
2.219116482493662
2.080166322348102
1.9225119929500822
1.7537875963631082
1.5830278240313485
1.4195189087541138
1.2715541757043625
1.1452716117616033
1.0437332395742762
0.9663951705823632
0.909102544307217
0.864698359339928
0.8242379704503419
0.7786576098555141
0.7205946045997195
0.6459591579412663
0.5548654461926381
0.45166178690406217
0.3440265044661031
0.2413481553531389
0.1528017474541453
0.08560177936035734
0.043836575699446406
0.028096983391075192
0.035874146499671
0.062494493436129755
0.10224673850262932
0.14935850929003164
0.19858396537218412
0.24532352922396303
0.28535970408159633
0.31441302666154086
0.327772402471701
0.3202268842014957
0.2864328749207117
0.22171681913538
0.12317298919492135
-0.00919329078751913
-0.17157401690198806
-0.3559857927487081
-0.5505835345503514
-0.7406860097048005
-0.9103932258977039
-1.0445619835027398
-1.1308443847846246
-1.161486037605698
-1.1346146690825634
-1.0548131683191588
-0.9328558673616794
-0.784592154765279
-0.629085081891113
-0.48624254692483987
-0.3742899875830274
-0.3074933149102016
-0.2945214924653926
-0.3377297340239779
-0.43346336688344456
-0.5732690383681169
-0.7457071859599982
-0.9383376707698615
-1.1394323490321658
-1.3390596369547216
-1.5293648671876565
-1.704089647923557
-1.8575772291081807
-1.9836446687231675
-2.0747326355067925
-2.1216641750596317
-2.1141797235571804
-2.042214541045659
-1.897699418483771
-1.676538909229765
-1.3803746381395294
-1.0177718991554197
-0.6045575396397209
-0.16316281909316213
0.279032893303381
0.6922161964075476
1.0472315711775484
1.318854254184049
1.4887726311385068
1.5478017638939874
1.4969298825183581
1.3469711736368062
1.116839576783949
0.8307248741725882
0.5146808825400441
0.19326294402424915
-0.11316607630247262
-0.3900129097597003
-0.6287501051612049
-0.8260863798518437
-0.9824229092441538
-1.1001239945565184
-1.1820764627648037
-1.2308238513731249
-1.248322537907474
-1.2361753944687306
-1.1961159917776205
-1.1305460085923322
-1.0430148223761402
-0.9386006240583827
-0.824158449375336
-0.7083510249545544
-0.6013280545442228
-0.5139367780328179
-0.45646146678576965
-0.4370731612728047
-0.46034071067671795
-0.5262197907404622
-0.629846939647056
-0.7622410803429374
-0.9117400132535868
-1.065785179112081
-1.2125981764700633
-1.3423871747491383
-1.4479301695348927
-1.524609189072867
-1.57012256102161
-1.5841299834443492
-1.5679980371119897
-1.5246714253065778
-1.4585749245276196
-1.3754072941242652
-1.2817345366648933
-1.1843908226808315
-1.0897957633899333
-1.0033433946956787
-0.928991794626592
-0.8690984838925008
-0.8244508604556987
-0.7943809815502703
-0.7768588171162978
-0.7685232784033736
-0.7647011578505222
-0.7595333332008272
-0.7463366927177872
-0.7182687864076632
-0.669250164502484
-0.5949805479220966
-0.49380683326441516
-0.36719781166397186
-0.21966062728274008
-0.058077238264339
0.10939600163981787
0.2745874100972285
0.4303895557819515
0.5713628458904612
0.6937070469757087
0.7946491321341838
0.8715041608477895
0.9208082989731192
0.9379420234387926
0.9175330547588327
0.8546777640014038
0.7467172307408039
0.5950500055329904
0.40635474262851284
0.1926891387952387
-0.029780559872750394
-0.24326193289617562
-0.43148262105000806
-0.5827092779550017
-0.6918440904976961
-0.7610488782366903
-0.7987630198204273
-0.8174283885496653
-0.8305630298346351
-0.8499348619745021
-0.8834634458504319
-0.9341944455433783
-1.0003700487434797
-1.076375337503031
-1.1542352518420858
-1.225356792044447
-1.2822893390999348
-1.3203379583337311
-1.3388694881967047
-1.342113804984748
-1.3392373736793068
-1.3435123440886663
-1.370547780257964
-1.435765223894737
-1.5515230631701074
-1.7244442058668634
-1.9535221517971026
-2.22945439329654
-2.535408267491536
-2.8491238827622256
-3.145976482249063
-3.4024243573387976
-3.5992026053859054
-3.7236984322829922
-3.771137221406202
-3.7444679859859282
-3.653097433949931
-3.5108220063684743
-3.333406617029068
-3.13624755482157
-2.9324565383544243
-2.7315573270534967
-2.5388455936124608
-2.3553651661380957
-2.178412102636102
-2.0024766218923724
-1.8205378210341614
-1.6256041552295315
-1.4123320580484529
-1.1784762569333302
-0.9258732099277173
-0.6606833540400499
-0.3927430577298263
-0.13408592803263397
0.10307503943029503
0.3084391583756733
0.47527194314523463
0.6012174677691102
0.6880998570828277
0.7408320215041482
0.7657979259085663
0.769205632924396
0.7558848437321564
0.728837091700007
0.6895966046402584
0.6392054476718457
0.5794257878646399
0.5137564474623542
0.44790002461601147
0.38950846424967045
0.347257268350927
0.3294917938702975
0.34279897732781656
0.3908593697209051
0.4738376604800776
0.5884103073147483
0.7283564132070569
0.8855007488697691
1.0507325267842047
1.2148463116792532
1.3690536257561923
1.5051614530049813
1.6155554824894172
1.6932067928755685
1.731905017297311
1.7268080680346933
1.6752301081018388
1.5774345941228873
1.4371283623976274
1.261404920698127
1.060047974293673
0.8443197344504884
0.6255366840448646
0.4138059500843099
0.21722829058748766
0.04169704000840029
-0.1087913656891007
-0.23156443291216972
-0.32474091041998693
-0.386969832699103
-0.4175163786221427
-0.4165993796798186
-0.3857718589189486
-0.32811958007171604
-0.2481294548716754
-0.1512098970357372
-0.04297485812024573
0.07151296054323203
0.18832826440166742
0.3049361017919029
0.42004234762871717
0.5330817051731964
0.6434798779277958
0.749886511971141
0.8495852597165917
0.9382455695063884
1.0101020388921849
1.0585549071555813
1.077104422502782
1.060478137666576
1.0057853291697567
0.9135278642044141
0.7883016406894979
0.6390338593797036
0.47862697739062243
0.3229331352613963
0.18907448398808532
0.093252271519217
0.04833170560341628
0.06161427166125054
0.1332694425582505
0.25585238185756687
0.41516301100689723
0.5924207073730916
0.7673973922626319
0.9218642299879304
1.0425653261487362
1.123004315079059
1.16362107869859
1.1703702592797252
1.1521587649818101
1.1179095132240746
1.0740917491359763
1.0233699963107319
0.9646432041322548
0.8943020673277141
0.808173996515364
0.7034634428319874
0.5800715142514608
0.44095190065580475
0.2915239274657101
0.13848489840266057
-0.011470084586727778
-0.15255445424491249
-0.2801775799085924
-0.3906716828485924
-0.48077271953305034
-0.547270005289338
-0.5871421958502206
-0.5982459267552309
-0.5803294575140768
-0.5359377007223208
-0.4707519974801879
-0.39308403753269044
-0.3125504021602085
-0.23826738883907392
-0.177098150148408
-0.13247786185020366
-0.10414253742744316
-0.08877466792014942
-0.08127891415393669
-0.07622682879367634
-0.06901782787970083
-0.056474334127644514
-0.03683841515634388
-0.00935933267605508
0.026226441905595657
0.07004515484681668
0.12211586616681147
0.18207417774046944
0.24873439792367566
0.319694164981412
0.39117060268283443
0.4581899098080471
0.5151613690703694
0.5567721461404281
0.5790510638212779
0.580378762317766
0.562185377673691
0.5291001009376901
0.488415201266682
0.4488934599789898
0.41914143994664116
0.4059288121497941
0.4128924605276297
0.43998921595829177
0.48386498866665817
0.5390480698457938
0.5996327965757349
0.6609730494083342
0.7208974752284658
0.7800890933907411
0.8414994220912622
0.9089265411564846
0.9851102786730112
1.0698342046374296
1.158544822410802
1.2419007646924058
1.306467993761311
1.336520219576013
1.3166401023665844
1.2346082515496544
1.0839692568631811
0.8657117037051628
0.5886886991693934
0.26869138562985057
-0.07360703439931815
-0.41538068303179576
-0.7344886341779284
-1.0118970022234497
-1.2333262670629659
-1.3899908419443356
-1.4785143198240513
-1.5002520720040196
-1.4603050651749736
-1.3664704551602118
-1.2282789986809621
-1.0561645555724515
-0.8607416068876169
-0.6521580463573518
-0.4395366215886059
-0.23058245981932807
-0.03146579419158414
0.152950781774758
0.31858325900180573
0.4614780508550061
0.5773227236899093
0.6613799468217234
0.708968213981924
0.7163907890609792
0.6820037018746328
0.6070136965930729
0.49566352490676
0.3546780901654981
0.19212635379297774
0.016083757458970564
-0.16643892453674658
-0.34993807620288914
-0.5301170014364123
-0.7030226098338586
-0.8640206926700597
-1.0070750432305977
-1.1246776716222047
-1.208527566314653
-1.2507746418465686
-1.2454433879337234
-1.1896026833082896
-1.0839633787816918
-0.9328066941612491
-0.7433778414144314
-0.5250259701366277
-0.2883835396686158
-0.04476701012756198
0.19418849396327714
0.41679129161995393
0.6116347917720888
0.7681464514644577
0.8773446985081257
0.9326718133648205
0.930695742615426
0.8714883792904388
0.7585805819218113
0.5985209274622819
0.40017293621408656
0.17393565722121826
-0.0689454374582866
-0.31688108329537407
-0.5582520362528464
-0.7816173589420898
-0.9759536646297238
-1.1310678576373465
-1.2382789461015242
-1.2913694451412094
-1.2876810573797537
-1.2291061341246041
-1.1226493697625457
-0.9802455466764334
-0.8176412643359553
-0.6523675742145675
-0.5010919421097645
-0.37686040188195313
-0.2868422614109368
-0.23112134192053674
-0.20284654628440302
-0.18972465475294784
-0.1765115360626557
-0.14793467742994498
-0.09142383912503982
0.0008596826256427514
0.13097561747571584
0.29516235887838954
0.484621819052729
0.686855772095999
0.8872819444185395
1.0709218743972895
1.2240196305301347
1.3354816588825849
1.3980180620631049
1.4088436449059791
1.3698058961220292
1.2868758841362888
1.1690641709436762
1.0269671335653399
0.8712524815994565
0.7114071692406534
0.5549821413223868
0.40740656186994045
0.2722719573009531
0.15187240990125336
0.04777187441778631
-0.038751337586593326
-0.10640971750500329
-0.153690378812958
-0.1786280862224012
-0.17854718797080366
-0.1498672186992382
-0.08815504873829032
0.011396676546778308
0.153000222721624
0.33893841760589966
0.568176464585393
0.8353269876454021
1.1303306456355187
1.4390379852930744
1.7446313231961394
2.029596520768261
2.277818965252986
2.4763714869136293
2.6166703151664676
2.6948496599001195
2.711386148231875
2.670145015283834
2.5770992006180506
2.438991968318856
2.2621870542519975
2.0518915737263863
1.8118550292996585
1.5445505901462564
1.2517431590525008
0.9352636133953953
0.5977638718855107
0.24324304529487814
-0.12278786334161884
-0.4935178492224214
-0.8613225688615647
-1.2183517138116517
-1.5570423135973008
-1.8704525126518181
-2.152416284159661
-2.3976134075416913
-2.6016876680052943
-2.761511982867271
-2.8756073241750717
-2.9446133435340442
-2.9716296574817576
-2.962233290704232
-2.9240381654064063
-2.8657802328976114
-2.796048979011475
-2.7219016341476063
-2.647654556948079
-2.574130317434085
-2.4985518358267056
-2.415140100726297
-2.3163245281434084
-2.1943518218072278
-2.0430078671998873
-1.859157869328948
-1.6438548231468004
-1.4028451901990164
-1.1463905109967423
-0.8884092299380753
-0.6450179838257246
-0.43261934915216405
-0.265746407504552
-0.15493118731101727
-0.10490261424229548
-0.11342259484207383
-0.17102000846761964
-0.2617738199775355
-0.36513674338353846
-0.4586046584138375
-0.520862464375614
-0.5349168140571952
-0.4906943054076247
-0.3866560110921301
-0.230145155744788
-0.03640970027011178
0.17352513465504965
0.37576988763316205
0.5467979823043956
0.6665064377328455
0.7207056963603349
0.702763288230952
0.6142677007434492
0.4647011861648363
0.27019991350729694
0.05154556146933603
-0.16840638959757703
-0.3675844306440522
-0.5274892212715645
-0.6355008367574253
-0.6863036108384186
-0.6821374278203528
-0.6317977282352457
-0.5485807849967974
-0.44762718376200034
-0.343267394075072
-0.24695850115543574
-0.16621604654001115
-0.10464678430286303
-0.0628741151719588
-0.039919640599362295
-0.03452663293328652
-0.04599450988121211
-0.07429367074922603
-0.1194742019642673
-0.18059608768869828
-0.2545416543889998
-0.3351026594718257
-0.41267092168102937
-0.4747262565034261
-0.5071392479841648
-0.49612379800412626
-0.43051864515344523
-0.3039788784384668
-0.11663820032323302
0.12413122573042899
0.40409025908609614
0.7036635472481225
1.0004328962374363
1.272189583108398
1.4999987345267258
1.6706918850335757
1.7783005026944392
1.8241674822668845
1.815778732082846
1.7646605030888474
1.6838959816097059
1.5858593753804227
1.4806350565183202
1.3753361354875722
1.2742559308627606
1.179574805498757
1.0922606151147891
1.0128435251012442
0.941866604357694
0.8799500737201723
0.8275141228291928
0.7842721806947589
0.7486458879207958
0.7172794026117835
0.6848402853512716
0.6442666210618833
0.5875347932707171
0.5068844060988431
0.396283266173982
0.25280563649920246
0.07758158035813506
-0.12393058664031986
-0.3424239608160342
-0.565860521460682
-0.7809705297749708
-0.9748238517819615
-1.1361987912389364
-1.2565719249509548
-1.3306715661173527
-1.356640644618288
-1.335917581101872
-1.2729554936728273
-1.1748640834319435
-1.0509911356740034
-0.9123904849045004
-0.7710865625091546
-0.6390706534801994
-0.5270564364738693
-0.443153448214879
-0.3917314710625329
-0.37278385374182177
-0.38201834006740837
-0.4117216652687798
-0.45221884246572436
-0.4935659424639396
-0.5270483522835401
-0.5461332372691178
-0.5467150455465104
-0.5267239695274931
-0.4853554408973619
-0.42226358728368313
-0.3370256551198052
-0.22905411052420696
-0.09796159090487933
0.05577114041609044
0.2300679214987954
0.4207270067649697
0.6212798217646178
0.8233146796679967
1.0172127384950833
1.193141867287795
1.3421078439724066
1.456877433696472
1.5326455245411001
1.567386102463387
1.5618753010270379
1.5193955875236866
1.4451390925034469
1.345353293010709
1.2263299574538846
1.0934176767756123
0.9502981089629153
0.7987581084660158
0.6390860812616392
0.4710390802606358
0.29512743516698753
0.11382761242485678
-0.06767674724275058
-0.24149671657828423
-0.3978289521331113
-0.5263429248053177
-0.617805754125448
-0.6655459458602723
-0.666445614965819
-0.6213194672990764
-0.534715616606186
-0.4142928180070887
-0.2699598898598061
-0.11291878210673326
0.0453215148023665
0.1939450867051797
0.3238253326228304
0.42844677606317294
0.5046158496689233
0.5527935016680083
0.5769204127842116
0.5837105539000259
0.5815232503469548
0.5790337965623474
0.5839625042256917
0.602078471159834
0.6365908512160405
0.6879252808949805
0.7538046656958495
0.8295385100273169
0.9084657500846056
0.9825577249196078
1.0432254503715757
1.08235461033992
1.093508754543775
1.0731241159881524
1.021421246116216
0.9427349044079602
0.8450488592528822
0.7387096670089924
0.6345318303657923
0.5417148495545939
0.4660893963805378
0.40914912664299874
0.36811616897607935
0.3369983966332036
0.3083220667038597
0.2750539592035616
0.23221151378485433
0.17778922472846026
0.1128493903860618
0.040858925256444314
-0.03346566500745978
-0.10545338179294343
-0.1715693467399622
-0.23004133636091245
-0.28089690851236077
-0.3254370305739633
-0.36530891849366337
-0.40143445958043505
-0.4330780372122556
-0.457291938315741
-0.46887294930650525
-0.4608352671640827
-0.42529529526317633
-0.3546056585861228
-0.24257521070648683
-0.08564774505072537
0.11605139527374544
0.35788345616819717
0.6301870363117203
0.9182359620722981
1.202820509341051
1.4615644241766395
1.6709828892547742
1.8091339196848977
1.8585545772417822
1.80904559995299
1.6598085444757285
1.420470725291979
1.1106632833104277
0.758038134096753
0.39489307377742816
0.05386994531223086
-0.23656879263127586
-0.45606690686058754
-0.5949502694757224
-0.6549462860874585
-0.6479253684043152
-0.592968511408748
-0.5124171306189029
-0.42774618721869906
-0.35607436017439614
-0.30790680655892594
-0.28637256807725586
-0.2878707375295931
-0.30376867680800157
-0.3226561365749732
-0.3326574435725786
-0.3234077826511981
-0.2874565259103005
-0.22101919227508796
-0.1241247481007276
-0.0002803909545744859
0.14419656322864818
0.30103929651822336
0.4609735558745914
0.6146637688428922
0.7536101048498028
0.8709504834494081
0.9621113069037212
1.0252311933392553
1.0612684657460376
1.0737133230923763
1.0678721441833203
1.0497758247365985
1.0248705259901105
0.9967464163330575
0.9662088395629698
0.9309648127582267
0.8860766414947789
0.8251476477526694
0.7420044897155041
0.6324914954592871
0.4959455840170034
0.335993970199248
0.16048650954097118
-0.01941387365437666
-0.19076968555077556
-0.3407046876529564
-0.45817811574169454
-0.5353927236324738
-0.5686389867695806
-0.5585025610214972
-0.5094760282067138
-0.4291021120070494
-0.3268277471945253
-0.21276767472245645
-0.09656564116983266
0.013495776003124122
0.11104527703883545
0.19181613450159735
0.25354177305289743
0.29566974275576674
0.31902803351565256
0.32554516599787314
0.3180500972210255
0.3000886705723961
0.2756318611403593
0.24855520926228813
0.2218512463548004
0.1966747682818769
0.17146022826448104
0.14142675584990574
0.09875309571302877
0.033556641551127975
-0.06441055274431351
-0.20365722693165633
-0.38889209867255864
-0.6194755012186649
-0.888735528962243
-1.1842903023656344
-1.489281415510116
-1.7842305309994604
-2.0491316467319365
-2.2654018135028258
-2.4174164413684687
-2.4935106073903723
-2.4864847790256444
-2.3937664064003483
-2.217417356920286
-1.9641341083786872
-1.6452799492661465
-1.2768562680577964
-0.8792149613629175
-0.47628424367688876
-0.09415095325273677
0.24099690567418283
0.5053615183169602
0.6800815710973394
0.7533767229754039
0.7218847360103922
0.5909523212978461
0.37386591477987013
0.09021711794932685
-0.23627326786302644
