1025
1.7834774257653954
1.943924564087149
2.085911131870484
2.2093520166781926
2.3127248484392817
2.3926054534502743
2.4439018834544215
2.460622294043294
2.43691680079877
2.3681478442051507
2.251821047544708
2.08828602652909
1.881149809643613
1.6373313478641782
1.3666620038097135
1.0809556170162653
0.7925664748992808
0.5126133180814074
0.24921717278640204
0.006201620773866539
-0.21732752200670719
-0.4262866334273058
-0.6278549964279293
-0.829012106313337
-1.0339605766736273
-1.242096190857432
-1.4470775115966947
-1.6372875652982224
-1.7976431245781987
-1.9123842381090774
-1.9682484647743341
-1.9573508314941688
-1.8791611016818481
-1.7411679645499512
-1.558092576177805
-1.3497994787336425
-1.138294975085717
-0.9443608646872256
-0.7844249827437142
-0.6682177010306452
-0.5976192462783357
-0.5668895892560308
-0.5642226119998579
-0.5743191574565264
-0.5814741539027041
-0.5725665228888223
-0.5393594516041762
-0.4796694910573128
-0.39721837652709047
-0.3002811142484787
-0.1995106826364368
-0.10548312468823147
-0.026526813792441685
0.03272000591001984
0.07179504915907883
0.09395644611791112
0.10500727957736676
0.111744315370203
0.12040248334501151
0.1354129769847929
0.15868947432477332
0.18953495106819843
0.22514201488732744
0.2615528411758106
0.29485542595788056
0.32233106159233627
0.34325264393816324
0.3590880739959511
0.3729980536887579
0.3887166727802656
0.40911172958049713
0.4348640935897103
0.46371139025127395
0.49054516821951694
0.5083709949316666
0.509835031902888
0.48880859969051943
0.4414947593286065
0.3666989908213482
0.2652261220548129
0.1387049049135117
-0.011633619180708545
-0.18567810453910538
-0.38430822267315845
-0.6084005298936862
-0.8573033531196501
-1.12734522390982
-1.4109652938595973
-1.6968637600090248
-1.971235937050751
-2.219796726931638
-2.4300475101692753
-2.593168385771101
-2.705049094101598
-2.766247018789942
-2.780982516953948
-2.755545601245919
-2.696618721609281
-2.6099912252746313
-2.4999758981098488
-2.3695972871949342
-2.2213802757284284
-2.058393822291153
-1.8851431612870584
-1.7079658282750647
-1.5347503837180623
-1.3740122699213302
-1.2335648491207283
-1.1191534568079868
-1.0334356230172423
-0.9755854882727031
-0.9416094192898091
-0.9252478715755271
-0.9191791460633666
-0.9161868427287044
-0.9100162384036838
-0.8957910096346263
-0.8700270020602919
-0.8304011852863384
-0.7754757054051538
-0.704541462434619
-0.6176647933042573
-0.515931197318028
-0.40180831371923587
-0.2795030051228162
-0.1551637565221682
-0.03678157200861156
0.06631825466390609
0.14441434555802532
0.18865044907034828
0.192378057965747
0.152253151013089
0.06877467993908383
-0.05391403351186942
-0.2089211239094992
-0.3879336764776098
-0.5825691032414365
-0.7853454899069926
-0.9900179002692239
-1.1912702131833908
-1.383992439204176
-1.5625216697498077
-1.7202316157923618
-1.8497261619563883
-1.9436785959302767
-1.9961337799362049
-2.003924265296821
-1.9677871244788383
-1.8928194256768283
-1.788060375364581
-1.6652001599596806
-1.536638813885263
-1.4132990059542216
-1.3026869418897111
-1.2076656351313875
-1.126252002539029
-1.0525041143557563
-0.9782867277661332
-0.8954696943575868
-0.7979971191167974
-0.6833095119824372
-0.5528010638946549
-0.4112908561398688
-0.2657821721127581
-0.12397541727121024
0.006980333384712414
0.12116768070794325
0.2139487311424003
0.2815825698050011
0.32077586979315187
0.3285266184957408
0.30246216988405356
0.2416307385982687
0.14748044147859332
0.024638485808881127
-0.11887454551807752
-0.2722087692796614
-0.4230160300764428
-0.5593098886249042
-0.6714513160233011
-0.7537928606559249
-0.8055655747394148
-0.8307504988796045
-0.8369101278031534
-0.8332159871306435
-0.8281331015879483
-0.8273447652142047
-0.8324723256782397
-0.8409542039154034
-0.8471358765807175
-0.8442748769857941
-0.8268893537088501
-0.7927668208939029
-0.7440428551205558
-0.6870315087954435
-0.6308555078838445
-0.5852716895064694
-0.5583120222506832
-0.5544016004371917
-0.573468553236653
-0.6112755761822365
-0.6608626666408329
-0.7146884810698626
-0.7668723664294174
-0.8149168135289805
-0.8604337567993027
-0.9086675373264291
-0.9669285586315458
-1.0423375273684534
-1.1394541603042088
-1.2583826200876589
-1.3938104368791104
-1.5351927020640976
-1.6680127811604029
-1.7758129496162194
-1.8425535138612965
-1.8548504598897615
-1.8037419337898346
-1.6857929797094737
-1.5035049436154997
-1.265102812523772
-0.9838133436550024
-0.6767354348285401
-0.363379494493642
-0.06395048507537757
0.20251492761644188
0.41998628537392424
0.5770299470936316
0.6679221457572131
0.6931073106803316
0.6589301539035931
0.5766980676669683
0.4612422289351254
0.32921243811357886
0.19734901291118304
0.08093314135486576
-0.007454865889648135
-0.05881688673081042
-0.0682649728227005
-0.03523265407437159
0.036597095942478626
0.13964014932947796
0.2630584255115554
0.39373807045969944
0.5176000075853974
0.6211698437371331
0.6932323507053633
0.7263033442618843
0.7176113829269979
0.6693260101603622
0.5879032349193539
0.48261648947757224
0.36354906231234835
0.23948127994187732
0.11616136403201052
-0.004620883323627406
-0.12492474866370037
-0.24954110386474773
-0.3841630317821929
-0.5333426548269238
-0.6988034393312416
-0.8785846951645527
-1.067254718913201
-1.2571058626069316
-1.4399397440231902
-1.6088665452948008
-1.7595474311125787
-1.8905083766330733
-2.002481751910951
-2.0970742872271066
-2.175294714240371
-2.2365172310941115
-2.2782946061394047
-2.2971289993047916
-2.2899704007052932
-2.2559591073918535
-2.197839461661962
-2.122562517572787
-2.0408201963874792
-1.965532651216607
-1.9095631702759681
-1.883109062515991
-1.8912929777914598
-1.9324640885845623
-1.99762305868688
-2.0712169373606355
-2.1333152939779585
-2.162897836653248
-2.1417037917725983
-2.057888418638293
-1.908680994577527
-1.7013896672396098
-1.4524418269900132
-1.1846035747095456
-0.9229621635520817
-0.690548673710928
-0.5045371681294251
-0.3737694458606147
-0.297988842912739
-0.26874198789446946
-0.27155069015949046
-0.28875737146787733
-0.30243384507396565
-0.2968777931126089
-0.26042706733658344
-0.1865155632843916
-0.07402047240402954
0.07300292280834478
0.246107453208343
0.43367917232947095
0.6224963712353453
0.79945766470519
0.9532454739967484
1.0756597974371083
1.1623994419443664
1.2131866732350463
1.2312915796704176
1.2226537719572272
1.1948664624740655
1.1562564109485898
1.11518186120969
1.0795320172784393
1.0563089003783177
1.0511499016437078
1.0677151592352765
1.106987128869027
1.1666546147408747
1.2408221851899708
1.320261158549901
1.3932980856398864
1.4472568324376558
1.4701923390072882
1.452544704312081
1.3883468388781786
1.2757433868911734
1.116782776632853
0.9166557469476372
0.682694731695036
0.42346802903100067
0.14819776318323255
-0.13345268641439453
-0.4113619703124699
-0.6749592700433744
-0.9135124660451096
-1.1168384421866324
-1.2763976734925133
-1.3865527990579702
-1.4456500784240456
-1.456567140710801
-1.426469870887012
-1.3657121510763126
-1.2860424659597844
-1.198484622290203
-1.1113730806558513
-1.0290066839911047
-0.9512369015142349
-0.8740689876822616
-0.7910985045068972
-0.6954094683024458
-0.5814796462395148
-0.44668745699355566
-0.29216299042703137
-0.12291334015907959
0.05268368095627131
0.22382649374274785
0.37846724571364393
0.5045495307760368
0.5911991670960619
0.6298137599313062
0.6150181970386682
0.5454410544062842
0.42423457539411813
0.25923048065525167
0.06261838080300951
-0.14993093371339664
-0.36069398845342515
-0.5517564346536787
-0.70706620392523
-0.8143404125519095
-0.866457361719002
-0.8620239162643671
-0.8049602823378538
-0.7031626613492589
-0.5665373038557928
-0.40487958485683123
-0.22613665112561238
-0.0355057101773218
0.1644096078860073
0.37247810315638813
0.5873555994171075
0.8058320534706779
1.021817705655915
1.2263824847362153
1.4089230027994872
1.5591543775396992
1.6693386378688404
1.7360666899182198
1.7610406253142452
1.750611883284766
1.7142117640138805
1.66213556657522
1.6033065775780468
1.543608948670196
1.4851676843273676
1.426654772460161
1.3644175054033802
1.2940436660374273
1.2119354512844687
1.1165435310725884
1.0090600659489313
0.8935222577208353
0.7763911459250714
0.665730721773886
0.5701337345463615
0.49754703302012415
0.45415735002857277
0.4435071137047307
0.46600203109935096
0.5189284055003229
0.5970094398436608
0.6934088901611136
0.8009691910304528
0.9133912645101506
1.026058476564952
1.1362898922871625
1.2429612780133215
1.3456143004224013
1.443331172489888
1.5337353429933736
1.6124605761302144
1.673312959773914
1.7091629539272943
1.7133984368178428
1.681601458324335
1.613027780377513
1.5114929319835457
1.3853947607718902
1.246796435591108
1.1097051563550662
0.9878591635655187
0.8924410477604517
0.8301511805297412
0.8020050497418412
0.8030814375473638
0.8232734179981679
0.8489139961608912
0.8649958941550763
0.8576085156991275
0.8161919648003697
0.7352592130740592
0.6153470525679209
0.4630948144818922
0.2904855325998045
0.11339223911713427
-0.05035783159319462
-0.1831543779744865
-0.2697576763864631
-0.2991966382150621
-0.26620623607892074
-0.1720508387533006
-0.024646378599105696
0.1620334134905302
0.36921656710932665
0.5751594620278181
0.757407480088876
0.8953223392987534
0.9726579968189084
0.9798947929893433
0.9159680985509506
0.7889965653496349
0.6156769633823596
0.4191985766182667
0.22582684090194724
0.060647127598772846
-0.05675687003618466
-0.1157939559871586
-0.11673343456836971
-0.0704830048615258
0.0037225534100949987
0.08223726199518949
0.1416749076998824
0.1633376891385025
0.1365055760178541
0.0599968254091393
-0.058171202767260934
-0.20277655666194
-0.3544864633707291
-0.4933439592182329
-0.6019610652415033
-0.6678899257759057
-0.6848811143857394
-0.6529931308192805
-0.57773421608805
-0.46856057981062305
-0.33710846372397674
-0.19550618732772831
-0.055018015491666766
0.0748544822868372
0.18681300111118931
0.27584103992657133
0.3390674943607132
0.37556334612645426
0.38617808818952226
0.3734558024123928
0.3416014889394003
0.29641809971138594
0.2451190277745693
0.1959428787829414
0.15754890074701894
0.1382352249321639
0.145079177044096
0.18313378077545964
0.25481946466620115
0.35962433910511243
0.4941765886335306
0.652688213669627
0.8277027099251238
1.011021903574752
1.1946489542695762
1.3715729130847312
1.536240412691958
1.6846146818753194
1.8138093951585679
1.9213943460735134
2.004578649108447
2.059551107141818
2.081260504569943
2.0638291472858126
2.00161806719091
1.8907447908580515
1.7306633194925212
1.5253229449137617
1.2834754604388483
1.0179006652344917
0.7436180146692398
0.47546055668269155
0.22560758808154058
0.0017287272153519025
-0.19374415069117185
-0.36299819570904157
-0.5110303591694817
-0.6431448516381334
-0.7624565815419148
-0.8680996499353411
-0.9546378003308369
-1.0128344827195588
-1.0315709542826732
-1.0004140854829027
-0.9122090520834862
-0.7651242259031295
-0.5637636367834471
-0.3192050885736947
-0.048036903120742755
0.22939807741561646
0.4912901106013242
0.7169172479284192
0.889202968016523
0.9969908514266873
1.036716996633691
1.0131571222645808
0.9389988165806971
0.8331625008983347
0.7180446150207371
0.6161164545678505
0.5464959585509634
0.5221473616654819
0.5482316150836529
0.621863242151767
0.7332078477245242
0.8675738591913817
1.0079875777229803
1.1377221747584298
1.242358473336067
1.3111340222090702
1.3375246266667415
1.3191536127366275
1.2572192036895087
1.1556726302523324
1.0203786344818297
0.8584523482837021
0.6778925864475297
0.4875256050443562
0.2971531466116283
0.11769767355660404
-0.0389044260438893
-0.160268667568402
-0.23466893170906503
-0.25259143095151254
-0.20847095978577238
-0.10222818270699281
0.05979720824157388
0.2648439050522951
0.49481524498472057
0.7283872815292957
0.9438334641249582
1.1220620043405654
1.2492557112699365
1.3185328807597527
1.3302279553567065
1.2906985973563831
1.2099333428967782
1.0985625905242569
0.965062039707144
0.8139108977523659
0.6452165468154026
0.4559033158102196
0.24210386351817878
0.0020277588740966355
-0.26157094621844185
-0.5400956238204014
-0.819407735023715
-1.081694922733953
-1.30843790053624
-1.4837261146867988
-1.5971205966330249
-1.645435824543305
-1.6331352552599052
-1.5713950477546206
-1.4761810568662823
-1.3658382234642201
-1.2586945297575762
-1.1710657055406613
-1.1158680091438393
-1.101865613275879
-1.1334434138923841
-1.2107323919987762
-1.3299264848304384
-1.4836996238153388
-1.6617246227633113
-1.8513696080103295
-2.0386655910701923
-2.209584028732979
-2.3515486551296827
-2.4549738529544287
-2.5145284346733145
-2.529816834348549
-2.505266960735883
-2.4491922672205426
-2.3721990475251915
-2.285270646493864
-2.1979256253427684
-2.1168000846832262
-2.0448684455443233
-1.981344882703797
-1.9221580437054013
-1.8608075495214267
-1.7894042276414284
-1.6997480041849102
-1.5843704393374058
-1.4375235112765923
-1.2561087117348566
-1.0405083823298042
-0.7952242104320413
-0.5291760684720934
-0.2554986323205483
0.009288407223878775
0.2467669256046673
0.43866355427079223
0.5692132334352413
0.6275009384723886
0.6093928570990769
0.5186951217249884
0.3672750759548299
0.1740293984268831
-0.03724037788006405
-0.240807793159442
-0.41246773820986155
-0.5329552634595718
-0.5908065193527912
-0.5841786276640435
-0.5212809663398578
-0.4192820071874736
-0.3018096080722607
-0.19541123344410183
-0.12553217944350964
-0.11266389694511504
-0.16929100307902525
-0.29812788402133045
-0.4919091426989133
-0.7347222936680463
-1.0045964151198121
-1.2768405542883479
-1.5275081252827192
-1.7363783596839268
-1.8889910003473578
-1.9775088951775721
-2.0004484486620653
-1.9615376286592872
-1.8680811009985743
-1.7292177477634312
-1.5543735501793137
-1.352093977441728
-1.1293371408108661
-0.8912471438717371
-0.6414007452852393
-0.38249630454699396
-0.1173985453183197
0.14964480126368268
0.41191314990881145
0.6596228025611123
0.880181903026471
1.059472167514368
1.1840587272059095
1.2439106353954035
1.234969450534524
1.1608364997181702
1.0330094946227446
0.8694563390125651
0.6917619028576321
0.5214787027828599
0.37652699082479096
0.268458488210614
0.20114184956757458
0.1710405038255036
0.16886288926627183
0.18208410282117585
0.19772630350645848
0.20483767716051646
0.19627128125611995
0.16956370788834116
0.12689297109823286
0.07423064526438777
0.019898856718011514
-0.027188784885179555
-0.059278948199877474
-0.0711931000240327
-0.061127813700266556
-0.030685339939083678
0.015846905279739254
0.07276878996871713
0.1344613872798044
0.19673499970001498
0.25773128984551696
0.3182233209960858
0.38132287800465864
0.45173541241862775
0.5347645621850181
0.63525987092178
0.7566513037748488
0.900162048991073
1.0642647888349666
1.2444500696372485
1.433386261274801
1.6215367650976487
1.7982383895564484
1.9531365863131516
2.0777497649273706
2.1668436641823563
2.2192841558947825
2.2381250964031207
2.22986412260868
2.2030151618464666
2.166334744639919
2.1271364092437257
2.0900976004814713
2.056814815328659
2.026143658092002
1.9951448985171707
1.9603152746126946
1.9187516374880704
1.8689747640153587
1.8112804087365546
1.747629733213619
1.6811908628275956
1.6156804225024124
1.5546446470040864
1.50079610431897
1.45550900796077
1.418573329289569
1.3882930013476258
1.3619584560265536
1.3366212213463058
1.309974585321576
1.2810549318307072
1.2504801303510462
1.2200633556617562
1.1918572737352657
1.1669207758251372
1.144258583925854
1.120384452837125
1.0897791333202778
1.0462085284243061
0.9845460017348102
0.9025318531530001
0.8018892275418472
0.6884101645958008
0.5709572297239538
0.459673114294904
0.3639302887046611
0.2906094434690546
0.24316526454611065
0.2216791507146531
0.22380277528729856
0.2462515390459072
0.286371422415454
0.34329795195644763
0.41834093198373523
0.51443160761395
0.6347152949683166
0.7806103753620605
0.9498296740780101
1.134925465194156
1.3228464029963969
1.4957872342055132
1.633310885376217
1.7153990860805821
1.7258284175573064
1.6551487205411963
1.502601200326123
1.2765452419134038
0.9933052990519647
0.6747086741678772
0.34486096456387255
0.026826630929221912
-0.2601732717875008
-0.502630083544442
-0.6935258410932591
-0.8320994033794136
-0.9228294018713178
-0.9739120366876947
-0.9954867792279913
-0.9978161616361877
-0.9896009603302508
-0.9766215969649057
-0.9609155341717381
-0.9406818937681074
-0.9110108104219922
-0.8653637617258917
-0.7975260052450074
-0.7035878479865151
-0.5834605927279733
-0.4415313033967398
-0.2862860898551794
-0.1290116956215709
0.018075684902904687
0.14380482831397395
0.2396870009753602
0.30092922583873527
0.3267455316370036
0.3200752735453979
0.2869229018208176
0.23553755536601695
0.1755763910566949
0.1172930816572976
0.07071734702151876
0.04477924222564513
0.04638610327048508
0.07955079118927384
0.1447476217314642
0.2386909922934303
0.35466948503883855
0.48343879338814655
0.6145250070250432
0.7376725900163205
0.8441344605350997
0.9275594455960535
0.9843628174523655
1.0136186495120234
1.0166315784626172
0.9963893515398805
0.9570582690966278
0.9035880818221383
0.8413919733250141
0.7760120269727763
0.7126990151169104
0.655917275950748
0.6088853276529226
0.57332044212114
0.5495268651404169
0.5368502833814914
0.5343617542180963
0.5415084564754363
0.5584459726660722
0.5858734564565066
0.6243949152539016
0.6736430150975646
0.7315310792945934
0.793980716132314
0.8553066751860326
0.9091904426258022
0.9499403632250696
0.9736126700097235
0.9786039492195059
0.9655089138405347
0.9363004130976922
0.8931379719019885
0.8372589869132254
0.7684003431345636
0.6850340130230536
0.5854245158578306
0.46921323253770353
0.33900373363698094
0.2013486355005952
0.06666395455073935
-0.052100917931027696
-0.14181692420932326
-0.191976739407063
-0.1971752866498952
-0.15854764816652006
-0.08372375606511485
0.01471321854956999
0.12184506932307504
0.22339774992059813
0.3082988166900401
0.3702020529842836
0.40770722438748963
0.4233881622570791
0.422048725759292
0.40877132204835376
0.38728883911466677
0.3590420853102674
0.32305869352578775
0.27658050867057166
0.21621993811440296
0.1393503106571383
0.04541773266865062
-0.06311299832233191
-0.18040176816323453
-0.29758141370102675
-0.4037796444631254
-0.48762314718767796
-0.5389074015325693
-0.550075574708
-0.5172180882852907
-0.4404594388683483
-0.3237787358988235
-0.17444080887403882
-0.0022465332921180374
0.1812541742870053
0.36355519130411434
0.5320478872985405
0.6749983740521488
0.7826337632783147
0.8482056858143988
0.8688129181461983
0.8457673014896977
0.7843897655119338
0.6932843541328
0.5832823983976005
0.46630740363443707
0.3543579790612163
0.2586738256726015
0.1890133655864747
0.1529102635767449
0.1548307129610764
0.19530125167594986
0.27024154377363957
0.3708226139810348
0.4841140083738146
0.5945844734120781
0.686250482127899
0.7450352776836129
0.7608060870787996
0.7286407267576184
0.6491038466531396
0.5275960141090617
0.37306953621418754
0.19650712997122474
0.009517908715429794
-0.17673720972392948
-0.352245881083367
-0.5085472623013108
-0.6389538034053308
-0.738674568994413
-0.8048570416422073
-0.8365157886040172
-0.8343162485175346
-0.8002299088020974
-0.7371432804010708
-0.6485452506324053
-0.5384031722622477
-0.41126225032503094
-0.27249287533086197
-0.128513984538655
0.013214474318579162
0.1445850331466855
0.25764851815008205
0.3456970021012274
0.4043560537897422
0.43236908365668913
0.4318161948810176
0.4076630180301432
0.3667305837845077
0.3163481812659682
0.26303973259923596
0.21157360637191347
0.16458879574611254
0.12283956531905588
0.08593173084083316
0.05330225383406476
0.025144574114732803
0.0030063283290768378
-0.01013082754232591
-0.010357190888981266
0.006145889320620063
0.0417845583256699
0.09624927994952244
0.1656022206461753
0.2420920947404771
0.31489705093820125
0.37177403332844994
0.4013346107206095
0.3954496585554079
0.35118708507363805
0.2717579762839519
0.16618208271045173
0.04771809916324585
-0.0685680006943966
-0.16850949853622244
-0.24119975622438988
-0.2805345375200738
-0.2857278717155877
-0.2608762247661952
-0.2138521084403044
-0.1548852274769204
-0.09514039968192677
-0.0454763328862867
-0.015436842938343003
-0.012441889455367571
-0.0411312259792847
-0.1028532001715812
-0.19534660311404084
-0.31269655241005584
-0.4456368815110444
-0.5822272807247428
