1025
-0.18257319834163435
-0.08803659846348835
0.004082951642493108
0.08118755358201536
0.13281393835115912
0.15157917357681575
0.13367863807310446
0.0788642773098406
-0.010067217935128651
-0.12813833843475064
-0.26918835798804286
-0.4267620989327153
-0.5946900923976098
-0.767259012273647
-0.9389963066529589
-1.10420769277974
-1.2564776297046572
-1.3883524417166975
-1.4913731472899159
-1.5565273209072017
-1.5750746200213157
-1.5395999135062535
-1.4450873583372272
-1.2898028059118294
-1.0758204278304044
-0.8091172665364967
-0.4992595130924769
-0.15878617678393525
0.19756605852513656
0.553668695149819
0.8927703008464792
1.198239327808789
1.4543545933175082
1.6472344379151276
1.7659530932756866
1.8037975814199556
1.7594971234286982
1.6381501590648209
1.4515257348468358
1.2174612408328622
0.9582299353893964
0.6979889152853377
0.459684744196252
0.26200761655022015
0.11706303798621087
0.02931981825773439
-0.0038988201094870287
0.009483321396819004
0.05907320679058531
0.13488348508921966
0.22949770846086467
0.3389414695822942
0.46207969234691165
0.5988210913859273
0.747782158868754
0.9042284344434118
1.059021259822232
1.1989860567264337
1.3086856095153903
1.3731656947277435
1.3809659710890605
1.3266304698495655
1.212109642564855
1.04675300087238
0.845943010422899
0.6287150037801401
0.4148793691418316
0.22219673955602065
0.06408172596306903
-0.05182944210672082
-0.12407815492459952
-0.15675044987776857
-0.15797603694994314
-0.13786820333639943
-0.10631749393994129
-0.07108545316935716
-0.03658474451834633
-0.0035781343002073557
0.030188385406661758
0.06862900417144518
0.11562234771283952
0.17343529997599452
0.24168179698785427
0.3170846289694187
0.3940959222003782
0.4662076787199975
0.5276023360891124
0.5747001804108031
0.6071817871717061
0.6281986833148898
0.6437028140278774
0.6610669977191468
0.6873639267955639
0.7277584907243448
0.7844182272342078
0.8561751361550026
0.9389383254955465
1.0266428551286702
1.112398335493194
1.18950683604476
1.2521373681966514
1.2956155619000702
1.316438097556668
1.3121948280189977
1.2815581931180557
1.224403655582557
1.1420072604498952
1.0371813648545312
0.914192900163088
0.7783665333976574
0.6353857784220053
0.49042883102631324
0.3473675854885405
0.20828110504639374
0.07347119610095812
-0.05797449337028573
-0.1872086184637964
-0.31454057961678183
-0.4386252380872577
-0.556259942381055
-0.6629499435950115
-0.7541449900734941
-0.8267991292450602
-0.8807566351239057
-0.9194836618283647
-0.9498513313137669
-0.9809697325735215
-1.0223708212221037
-1.0820369529857654
-1.1648059997642688
-1.271549943350084
-1.3992761483186775
-1.542026872047972
-1.692240822301996
-1.8421492610507733
-1.9848238146909292
-2.1146468414400275
-2.227182230083896
-2.3186197816321643
-2.3850940448752436
-2.422206534173155
-2.425006050250234
-2.3885308592414187
-2.3088332443956454
-2.1842425477422256
-2.0165219546395483
-1.8115648813223804
-1.5793647641950188
-1.3331589392862848
-1.087853995981128
-0.8580331816642913
-0.6559704458212833
-0.49008895375489303
-0.36419198909824985
-0.2775890900028637
-0.22600252289447498
-0.20294699421688056
-0.2011924122893084
-0.21396765022591374
-0.23571386157798477
-0.26238190942082534
-0.2914148215285552
-0.32161175417891746
-0.3530277409798999
-0.38695738409133845
-0.42593709741080404
-0.4736316887964711
-0.5344747512672379
-0.6130043712968071
-0.7129458214172818
-0.8361984103550287
-0.9819459357935229
-1.1461071168344996
-1.3212752274970634
-1.4971880461925877
-1.6616558757966462
-1.801792141103269
-1.9053587070820008
-1.9620571870046233
-1.9646481740312138
-1.9098343374197846
-1.7988758499830686
-1.6379078299113226
-1.437907202294275
-1.2142319592735549
-0.9856537650723691
-0.7728437242039918
-0.5963555821105557
-0.4742687084584087
-0.4197781558300283
-0.4391135187014276
-0.5301945427683239
-0.6823630481559771
-0.8773650733356114
-1.0915226136173564
-1.2987860568737997
-1.4741644790912896
-1.5969471670176698
-1.6531807366477553
-1.6370345396567434
-1.5509217401875108
-1.404479477529738
-1.2126944947846845
-0.9935611419964898
-0.7656754297860348
-0.5461185333326449
-0.3488880132375302
-0.18401485186088884
-0.05737532159904999
0.02891297389132232
0.07571125954091036
0.0859346028358515
0.06369688392522757
0.013663319101464842
-0.05935485366299402
-0.15061735801377055
-0.2555777262394824
-0.36998657007081126
-0.4899877422695361
-0.6121531766770983
-0.7333718526516719
-0.8505379759663669
-0.9600667561497392
-1.0573705561706928
-1.1365073653678945
-1.1902269034675144
-1.210568888506914
-1.1900231692600882
-1.1230800571076527
-1.007835839127414
-0.8472283032789972
-0.6495008842896173
-0.4276409399401079
-0.19777860767050787
0.023194662908939147
0.22030530854179284
0.3828874683545983
0.5061481308325022
0.5915673004415999
0.6460729717793814
0.6802126088299951
0.7057476009017739
0.7331754609676137
0.7696341211250853
0.8174996204011146
0.8738136042188771
0.9305275373610339
0.9754590210681048
0.9938209839074439
0.9701778887771664
0.8906674252918527
0.745279466951767
0.5299140440066354
0.2478841109963118
-0.0894658015689901
-0.4632547305309943
-0.8487153779671609
-1.2178075274634987
-1.5423946675916846
-1.797465325929289
-1.9638868790467054
-2.030301162615924
-1.9939639011388828
-1.86053205553177
-1.6429635686301476
-1.3597861074014
-1.0330178609904204
-0.6860058416355416
-0.3414096576999173
-0.01951587328374079
0.2629806713191869
0.493656218445391
0.664510520336343
0.7717002150293671
0.8150393387672947
0.7974785812410584
0.7247222467117688
0.6050176364947865
0.4490004250695613
0.2693704881163555
0.08017189716817108
-0.10441785758740187
-0.27165745174394323
-0.41180907508425635
-0.5192233618678437
-0.5925329879198205
-0.6338107314642297
-0.6469197807459387
-0.6356170788369901
-0.6021153284404154
-0.5466836261276407
-0.4684948493966157
-0.3674410413653329
-0.24622450650621563
-0.11186316490915851
0.02409601666628032
0.14692772388879263
0.24136157364979519
0.2947509521043897
0.2998294968553245
0.25624353813976997
0.170463936240162
0.054211856362724284
-0.07802072058740174
-0.2115694915400987
-0.3336179718656286
-0.4342597049302613
-0.5066229939039942
-0.5463969891541538
-0.5512245939022695
-0.5203431223901787
-0.454628149065105
-0.35694628602947176
-0.23255689744814217
-0.08927394002436219
0.06280683952635609
0.21205719822422775
0.3464444879422728
0.4548607836281641
0.5284580362859057
0.5618124544186586
0.5537628767423588
0.5077817900709707
0.4317598569572836
0.3371444960508905
0.2374856406863654
0.14658976979740068
0.07661490475657755
0.03649274833117259
0.03099882708107859
0.06061536084825646
0.12210198036364289
0.20949207951232118
0.31514333954218055
0.4305219090641528
0.5465666675588323
0.6536929342779069
0.7416699367059448
0.7996781806002596
0.816799466440147
0.7830372715245127
0.6907653896525224
0.5363248240085625
0.321388628886328
0.053719842446149156
-0.25294268836093803
-0.5799530663647067
-0.9056553776418795
-1.2078013268964696
-1.4660710216469028
-1.6642659822628354
-1.791826752434155
-1.8444825085550784
-1.8240252825329808
-1.7373684533374125
-1.5951575149148034
-1.4102291950145986
-1.1961665893752789
-0.9661017545412176
-0.7318150410467175
-0.5031114099228017
-0.2874368935689598
-0.08972370446180306
0.08751311612491329
0.24379908542769413
0.38006036870057003
0.49782227763757264
0.5984328542417078
0.6825333908374687
0.7499502688054552
0.8000575418079787
0.8325008446487405
0.8480438220193708
0.8492509608108237
0.8407715476122224
0.8291131796755121
0.8219362583662866
0.8270112976222124
0.8510312586379867
0.8984676599903372
0.9706295615298441
1.0650558712372236
1.1753517314476456
1.2915548560185477
1.4010636458504075
1.4900641080116297
1.5452707743936518
1.555688081888103
1.5140509593968827
1.417649011500427
1.2683773557830622
1.0720503350027273
0.8372019031269676
0.5737169855295089
0.2916535042280787
0.0005215812615016811
-0.2908831526408345
-0.5741860068224628
-0.8409245490863625
-1.0821346574231212
-1.2883002345309462
-1.4498044225654125
-1.5578441498067825
-1.605609475118159
-1.5894386362387969
-1.5096656899109961
-1.370970331980173
-1.182176057392787
-0.9555685794724355
-0.7058787985943882
-0.44908152838296467
-0.20112319882711505
0.023352070995228853
0.21222269864422733
0.3569729825142991
0.4535037117344167
0.5024946246996771
0.509157149518718
0.4823051486111379
0.4328262351043669
0.37181413207124814
0.30876004217736125
0.2502366298586336
0.19940870630446939
0.1564825375825748
0.11992313826048605
0.08801949803834967
0.06025359018819757
0.03798435790423271
0.02418510745034972
0.022300707915933582
0.03460919155092543
0.06066932192921965
0.096439481027768
0.13445728773635165
0.1651352625781307
0.17886614757006827
0.1683618329399486
0.13056218208998424
0.06757101700710472
-0.013637670212005614
-0.10264832499959058
-0.18777051506613207
-0.2583860465972527
-0.3069339920323851
-0.330152442392361
-0.3294285876487771
-0.3103259877753963
-0.28149689897700175
-0.25322962123581694
-0.23585074094668043
-0.23814723228515705
-0.26593780317901766
-0.3209247681828435
-0.39998434650560133
-0.4950703760399942
-0.5938770168200173
-0.6813113136104296
-0.7416736178787682
-0.7612693087889261
-0.7310279339459863
-0.6486356478706201
-0.5197233018880304
-0.3577972848459636
-0.18282477673958927
-0.018638099865454432
0.11045169084164577
0.18329043709845544
0.18517134759949577
0.11023336396017655
-0.03744652004508808
-0.24428275147327616
-0.4891078479894889
-0.7463146186457859
-0.9896962345952613
-1.1962996772631989
-1.3495641191058971
-1.4411308099747848
-1.4709830485381652
-1.4459509711603005
-1.3770011799054331
-1.276017516033563
-1.1528819536784969
-1.0135541613064591
-0.8595594963404763
-0.6889137457530484
-0.49814544548166445
-0.2848170305482911
-0.049850950674199444
0.2009540038299523
0.45661097545798246
0.701934176383112
0.9196223322436383
1.0929913801264521
1.2087859088042041
1.2595053375019036
1.2448066407264065
1.1717512156408958
1.053896642838217
0.9094425975266347
0.7587864800046469
0.6219100865400261
0.5160052612190661
0.4536683162520479
0.44187106555277245
0.481774160009897
0.5693082881414139
0.696332719879756
0.8521067074865134
1.0247897310359453
1.2027236268709802
1.3753330554701584
1.533589681851924
1.670093037790559
1.778901781599872
1.8552853830510796
1.8955526289521492
1.8970569009451792
1.8583969657729258
1.779749919994958
1.6632146889435275
1.5130274269223214
1.3355394215326037
1.1389126932213478
0.9325652893160168
0.7264606196087049
0.5303636449412457
0.35317770156010175
0.20243970290858823
0.0840069902745932
0.0019310374650412009
-0.04151300613380338
-0.04568881163297042
-0.011412849139423241
0.05921584309394705
0.1629150353167145
0.2952227121125615
0.450428063468103
0.621505581205706
0.8001608193308029
0.9770906551056457
1.1425123822267076
1.2869386611339808
1.4020966463920903
1.4818372292883648
1.5228704194803888
1.5251944947846985
1.4921437238456525
1.4300407653067255
1.3474879324402023
1.254361235641514
1.1605889661159374
1.074817134571091
1.0030990364351582
0.947795266249617
0.9069158013514554
0.8741440211875909
0.83971887620361
0.7921976219589251
0.7208950354610768
0.6185539251511297
0.48363301856188495
0.321584972600934
0.1446805136151135
-0.029714318799852396
-0.182082658594912
-0.29425108704430225
-0.352610243989895
-0.35033739999228664
-0.2882079954149733
-0.17399012458467158
-0.020772251872545413
0.15523324521055917
0.3368786209890798
0.5078975624967426
0.6542146250866607
0.7647959551867792
0.8321673016740015
0.8526919832218952
0.8266074735468468
0.7577376892593471
0.6527894021784884
0.5202254973700641
0.36885672551991033
0.20644157683039022
0.03865713058973366
-0.13124729478355654
-0.3019786134708351
-0.4730254328336461
-0.6431309134774245
-0.8088953729391941
-0.9639665247915336
-1.099099624717789
-1.2031066923580314
-1.2644581637886714
-1.2731393970536613
-1.2223440217960952
-1.1096929940225997
-0.9378415903132842
-0.71449759646853
-0.4519623851696777
-0.16630723667071565
0.12375821155803861
0.3983202395549173
0.6379883363637777
0.8258278189608271
0.9492881014563896
1.0018127642843522
0.983792768362837
0.9026083983154337
0.7716801547659335
0.6086561589127651
0.43303539605990427
0.26361458727831955
0.11614323379610858
0.0015016635552489628
-0.07538069832529942
-0.11574799654116569
-0.12635740297407638
-0.1180128413616989
-0.10348618308239173
-0.09513610166203985
-0.10261834738867115
-0.1310913555334473
-0.18023611267680484
-0.24424237604946195
-0.31271167556942553
-0.3722516400859723
-0.4084343944276774
-0.4077805899946643
-0.3594934795765378
-0.2567684832177533
-0.09760592066528431
0.1148658028364322
0.372502091648313
0.6626194163342612
0.9687800398584482
1.2718552216551868
1.5513667493624697
1.7871114321943502
1.961032730393908
2.0592138673996097
2.0737514743623193
2.004176995573228
1.8580797065449715
1.650682866179917
1.403322251413343
1.1410181205428713
0.8895373135007315
0.6724423032369058
0.5085904109198784
0.410402613864753
0.3830287885146885
0.42436309266114147
0.5257553472552361
0.673229431325207
0.8490342181030994
1.033382912347174
1.2062584777493242
1.3491715586554396
1.446762165697905
1.4881459222165547
1.4679190691776651
1.3867444742398456
1.2514360346096403
1.0744490072661088
0.8726930858739771
0.6656438598220477
0.4728528325995612
0.311131491192974
0.19186058656897192
0.11898020179800739
0.08818600606629555
0.08766451734488319
0.10037423958335087
0.10750121359369902
0.09239719044389476
0.0441485708641244
-0.040018716603066315
-0.15402910109508305
-0.2840758253663537
-0.4112860244059182
-0.5153275974918055
-0.5781981278239103
-0.5874654033969929
-0.5384061515867276
-0.434746017239114
-0.2879708848246981
-0.11540859157559083
0.06255094827610927
0.22562240907203912
0.356657931493612
0.44404436265825353
0.4830554580693396
0.4759217060904983
0.43061921086592214
0.3586453554727474
0.272279652450437
0.18195425379503471
0.09432927308617324
0.011478592760470032
-0.06871032131013322
-0.15114225897484224
-0.2415878601079709
-0.3447749870654518
-0.4629641183544273
-0.5952650663257621
-0.7377051828903739
-0.8838652555351738
-1.0258161556494287
-1.1551209280275734
-1.2637689020559113
-1.3450127060212458
-1.3941285179650285
-1.40909400365316
-1.3911006739408545
-1.3447428269101234
-1.2777107391111064
-1.1998932186990794
-1.1219506077324841
-1.0536008191148443
-1.0019950164018632
-0.9705863406725299
-0.958793220561503
-0.962555814746757
-0.9756444208237403
-0.9913782131524254
-1.0043098965519266
-1.0114501375758058
-1.0127303281255324
-1.010593085602773
-1.008808083366345
-1.0107930869734303
-1.0178449060552703
-1.0277325914363118
-1.0340646111621081
-1.0267119419418504
-0.9933617256590757
-0.9220204758702671
-0.8040291857259678
-0.6369548428306575
-0.42664393147443114
-0.1878069730333421
0.05724069411019734
0.2816632739090983
0.4585456434611151
0.5658309587898337
0.5906785689538853
0.5322112017524838
0.4019446762428608
0.2217305618971626
0.019652582129081664
-0.17517276790317676
-0.3376839230509347
-0.45071636878720317
-0.5068431819393008
-0.5080192632580333
-0.46340415309499305
-0.38614856457193963
-0.29007569938785077
-0.18705813955862163
-0.085560703113841
0.009582781875876247
0.09643429313319872
0.17472754682877148
0.24464203183376976
0.30593471655140264
0.35758608584626356
0.39791544174966986
0.42498012787818373
0.43702429825032607
0.432782086513543
0.4115395686014928
0.37297761232110554
0.3169115725970931
0.24308548136030678
0.15115920437942035
0.0409600059867141
-0.08701962323193146
-0.23098114381080667
-0.3872004087194377
-0.5496207240660559
-0.7098377737285403
-0.8576001716123599
-0.9818479468528506
-1.0721720628430764
-1.1204299279449146
-1.1221437486989365
-1.077295884618415
-0.9902509062754113
-0.8687642981536288
-0.7223161012091076
-0.5602338247915649
-0.39014995037312095
-0.2172320622950701
-0.04435761096421533
0.12692453709740312
0.2950751374679543
0.4574288190742111
0.6096937584606704
0.746286824365198
0.861385559147279
0.9503119982589938
1.0107446076442714
1.0433214061757954
1.0514179502608256
1.0401730665572522
1.0150877961567453
0.9806536096619991
0.9394377127184096
0.8918869068539925
0.8368730526529545
0.7727738446600574
0.6987317587208863
0.6156955429407827
0.5269189328452077
0.43773884112324896
0.35463769846651766
0.28377352518950627
0.22930669089934783
0.19194086689201534
0.16810569877221446
0.15012136516788752
0.12749521953720275
0.08922895863317086
0.026717649120277683
-0.06341640031241014
-0.17730372659820615
-0.30325911042577525
-0.4229904065493332
-0.51447296288513
-0.555936224096636
-0.5300968551862114
-0.4276848001900797
-0.24946975463246
-0.006354190548773617
0.2824503132506409
0.5927246356349045
0.8992878640003016
1.1799396197827003
1.4185238528688042
1.6065664420280659
1.7432658999622734
1.8339761853432432
1.887641322608631
1.9138545164073888
1.920267478177104
1.910949223512635
1.8860149897303482
1.8424892680958802
1.7760345417423025
1.6829667454672521
1.5619478973459355
1.4148942388774899
1.246906662843636
1.0653289736008573
0.8782796354861384
0.6931233540517532
0.5153300786302264
0.34802755041117855
0.1923332868163105
0.04831102005788823
-0.0838009650059876
-0.2025386180203757
-0.30474469435171625
-0.3859100379433326
-0.44127441018000124
-0.4673586993849936
-0.4634187915283292
-0.43230248841329993
-0.3803695742013749
-0.3164412116338645
-0.2500647516275604
-0.18959298617436224
-0.14060618319983478
-0.10505208679289166
-0.0812181788002497
-0.06439446376810294
-0.04793094018092014
-0.024382594961245663
0.013462276694206842
0.07173242988434787
0.1547636656558981
0.2644753783983053
0.399845962973949
0.5565937939570098
0.7272297326692271
0.9016268945906017
1.0681495707939315
1.2152302859514117
1.3331373814496177
1.4155860480799611
1.4608416359665377
1.4720450831702254
1.4566340850611825
1.42490899205608
1.3879676928785416
1.3553815797287987
1.333078820268751
1.3219154259624717
1.3173267178445525
1.3102543602478263
1.2892584886293184
1.2434082367835355
1.165284598247596
1.0533197063719566
0.912799985326959
0.7551782794912746
0.5957985999334688
0.45060192090322587
0.33269993007105403
0.24976053739959692
0.20291223521804244
0.1874129383308549
0.19479295011462588
0.215749101241317
0.24287998040225475
0.27246420072437305
0.3048424549423994
0.34343287147072643
0.3928220827114914
0.4565991576307596
0.5355851317105381
0.6268985165439094
0.7239941404048654
0.8175387973776646
0.896826219771004
0.9514022460215847
0.9726273632671243
0.9549826320996301
0.8969772404450521
0.8015350781363128
0.6757552601636367
0.530000027823766
0.3763818710182059
0.2268787877030581
0.09144497289863784
-0.023459734457542923
-0.11556405101239291
-0.1865265987219745
-0.2407941483624861
-0.2838822746462125
-0.3205377080643326
-0.35326700387802573
-0.38160769787219867
-0.40230709136884146
-0.41032109717961873
-0.40032149841708503
-0.36826822091891115
-0.3126008773910698
-0.23473161867167316
-0.13873974495977773
-0.030409500328722073
0.08406009961870171
0.1992692448739109
0.31140679272581134
0.418428341422266
0.5196411622107745
0.6148916254728346
0.7036446584188117
0.7842356151988854
0.8534823615394811
0.9067148005942518
0.9381629145120776
0.9415784849481684
0.9109618592190465
0.8413072458186465
0.7293358252353686
0.5742200626106041
0.3782917992627948
0.14766966221403818
-0.10733742762518414
-0.37225281116799497
-0.6290779652403279
-0.8576653989425626
-1.037750659894715
-1.1513735186687686
-1.1852584237528037
-1.1326727320348402
-0.9943702694930422
-0.7784367882573415
-0.49911525867941237
-0.17491422057549671
0.17358027367553097
0.5257858561605835
0.862819412742887
1.168694835326934
1.4310486403028535
1.6414837645657836
1.7956115406974222
1.8928232011716346
1.9357859941201825
1.9296722787626033
1.881195943935869
1.7976161574585015
1.685922604599923
1.5523962650666756
1.402635252551592
1.2419782318456807
1.0761101357140166
0.9115611489310163
0.7558458408428952
0.6171257346759391
0.5034603148548008
0.4218646361671048
0.3774538541005875
0.37290398981553285
0.4083195027294406
0.48143373496819575
0.587948470463298
0.7217935635166614
0.8751684069503292
1.0383796489839754
1.1996510429923237
1.3451804505878266
1.4597056219956932
1.5277059393423604
1.535151820294953
1.4714928513500038
1.331435026896199
1.1160565624392278
0.8329597400036575
0.49540648211002664
0.12065212158720089
-0.2721160646508749
