1025
1.4517293789698118
1.3423066969965947
1.261618423868163
1.2131042085389867
1.1954566259297719
1.20338507145348
1.2286379331525854
1.2611154496942398
1.2899821527525739
1.3047517823165509
1.296340683765869
1.2580598097824565
1.1864568326108915
1.0818624846299727
0.9484776991950337
0.7938857042306215
0.6279846116211761
0.46148109992038433
0.30421568871997756
0.1636565471236003
0.04387397950413317
-0.05480337520760071
-0.13541259728689542
-0.20338562299715462
-0.2652237626817379
-0.3270988352278437
-0.39362994126759104
-0.46700437741901774
-0.5465170860115448
-0.6285255883283061
-0.7067706707424243
-0.772996102518875
-0.8177997782991052
-0.8316492861953039
-0.8059869507275412
-0.7343304253475927
-0.6132505745459846
-0.4430894269972468
-0.22828113988414847
0.02282962428521742
0.29870800767626277
0.5858233092543549
0.8701417620069362
1.1386550064995404
1.3806529041589164
1.5884995794378127
1.7577941115354463
1.8869562759182947
1.9764204091601496
2.0276983601419074
2.0425633626798194
2.02252413990689
1.96864471058899
1.8816684092735583
1.762354878171998
1.6119343224628198
1.4325980336798934
1.2279471408352307
1.0033035012064266
0.7657669427417518
0.52391916924665
0.2871528405002409
0.06473427679633188
-0.13516215934883277
-0.30615240658991444
-0.4438437099248408
-0.5454927844189053
-0.6093110642504684
-0.6337885668143324
-0.6174417132429778
-0.5592432682783766
-0.45971039048042195
-0.3223201741671712
-0.15471781513508417
0.030830482292921065
0.21809623331072925
0.3886863866644158
0.524657441790167
0.6113724061575417
0.6399510031784537
0.6087728689002084
0.523736330437568
0.39726648824085037
0.24632174531799617
0.08981311272170021
-0.054090537113654365
-0.1703310798716648
-0.24866004283952262
-0.284459474872177
-0.2786325789822629
-0.23667501392466977
-0.16718631047557345
-0.080182712339347
0.014408101104227349
0.10777546361269039
0.19265906802713614
0.26328341538620686
0.3150610233421646
0.344387345992655
0.3487603031866544
0.3272566258153608
0.2811735360043592
0.21449945704156675
0.13388006439297873
0.047899059462590945
-0.03426469123340985
-0.10450678734259669
-0.15735586055571113
-0.19098188058088625
-0.20734684851679996
-0.21141035624563576
-0.2095480103493719
-0.207552184978865
-0.20871335366485663
-0.212492948156953
-0.21418171030488795
-0.20570457514955415
-0.17743297953979423
-0.12057583607319022
-0.029530548361120852
0.09644607248638
0.25272092876302116
0.43008292090112793
0.6166518172095318
0.8003863652735845
0.9715255355358092
1.1243368955519764
1.2577606527412464
1.3748549515388016
1.481269613731363
1.5832106462515747
1.685449480499855
1.7898684338796345
1.8948518365060663
1.995592947179426
2.0851600816020652
2.156006684492024
2.201548387047165
2.2174637553873553
2.202479980652543
2.158542519487677
2.090401821184592
2.0047528024405388
1.9091193004714733
1.8106859992363662
1.7152541786712165
1.626451241151858
1.5452734417216856
1.4699982162810423
1.396470479902294
1.3187417422102778
1.2300134793046622
1.1237991241480116
0.9951728203256942
0.8419267570156285
0.6654297399413368
0.47098585607890125
0.26754668224008893
0.066733300706711
-0.11873874521560623
-0.2769952969637607
-0.3989507549106206
-0.47986807013238675
-0.5201725924654244
-0.5252929682309558
-0.504505496300014
-0.4689879965886458
-0.42948578675326915
-0.39409996867095953
-0.3666918823799966
-0.34625788895474824
-0.3274019653831157
-0.3017819913696785
-0.2601939349032137
-0.1948354470991162
-0.10127572908407102
0.02025675338044373
0.1645023369494658
0.3217586031799232
0.4792870238812768
0.6232431885788251
0.7407456839966428
0.8216888353909041
0.8599786457118784
0.8540119027283705
0.8063888586686591
0.7230045061865356
0.6117640484950827
0.48119764459121384
0.3392161683843609
0.19217961622307386
0.04437110237448379
-0.10209966146154431
-0.246995745811033
-0.3913361172264299
-0.5365873124125587
-0.6838214111405011
-0.8330059459379934
-0.9825624680317658
-1.129265177689229
-1.2684678153806777
-1.3945749619419279
-1.501639591164848
-1.583981965886966
-1.6367724315527121
-1.6565716399752077
-1.6418435481854594
-1.593431037010472
-1.5149194690965093
-1.4127429006464807
-1.2958567124468647
-1.1748470138747191
-1.0604815258309743
-0.9619006702562701
-0.8848369006793794
-0.8303550731098325
-0.7945606180777539
-0.7695067914746817
-0.7451931709706361
-0.7121907127725841
-0.6641851816503505
-0.5997054100380398
-0.5225254096762285
-0.4406338146281974
-0.3641077225597731
-0.3025485970838437
-0.2628210054860103
-0.24766347829031557
-0.2553994393812365
-0.28060927607582103
-0.3153717173413287
-0.3506170768645592
-0.377243374631092
-0.3868458987254404
-0.3721010357713977
-0.3269531555906261
-0.24676278352167116
-0.1285162245528811
0.0288791873244702
0.2242468676528063
0.4538015743251871
0.710895409330622
0.9859416257677719
1.2666249813604888
1.5385052856917683
1.7860746558882774
1.994229213002842
2.149981301013915
2.244115609133232
2.272437347498029
2.236311289323976
2.142346453576385
2.0012993303622713
1.8264751020006598
1.6320267434947036
1.4315391647256381
1.2371428494537293
1.0591818332521479
0.9062505897213943
0.7852970657832832
0.7015136444058576
0.6578940335279458
0.6545575336061644
0.688137283204791
0.7516097893846081
0.8348667821673073
0.9261162488374975
1.0139198456670393
1.089426551593932
1.1482350202276679
1.191356852135182
1.224953553005278
1.2588253919028367
1.3039551663697926
1.3696636688245074
1.4610467770983766
1.5773063272060242
1.7113736870158718
1.8509137518604517
1.980470978985981
2.0842623752943474
2.148998762779621
2.166147004269357
2.1332121230172922
2.0538622891059566
1.9369723728628094
1.794861440301623
1.6411117982460781
1.488377595341054
1.346538710304946
1.221459808185305
1.114500237194068
1.0228052117341058
0.9403006074725614
0.8592197208574385
0.7719166618304665
0.6726764125591419
0.5592227512994312
0.4336572123413416
0.302636754945919
0.17671281764698382
0.06890095122570195
-0.007292982026995015
-0.040032919781846345
-0.021079645453501595
0.05289399708294057
0.17983181490147263
0.3526849695510252
0.5604731435660713
0.7896948950402481
1.0257581925409056
1.254203299077453
1.4616380452773996
1.6364232102781204
1.76918402971755
1.8531863036081122
1.8845520842027068
1.8622610884209514
1.7879209773977625
1.665373686634092
1.500278976309553
1.2998223871994523
1.0726117332578033
0.8286874470422921
0.5794487962085069
0.33726217727982943
0.11460272809671475
-0.07723841330659367
-0.22964467631230284
-0.3379865508500716
-0.4023697733194946
-0.4275643784306797
-0.42208959006857155
-0.39667575410857764
-0.36249911562061904
-0.32962717437500766
-0.3060102700235891
-0.2971506798384368
-0.3063528957202985
-0.335291946799676
-0.3845874309364731
-0.4541457886636042
-0.5431884607524864
-0.6500459896834467
-0.7718999593133897
-0.9046620593063596
-1.0431051315600575
-1.18125081850497
-1.312925208705284
-1.4323532400817274
-1.53467505361048
-1.6163106788019734
-1.6751414671063853
-1.7104995822283078
-1.7229628210483836
-1.7139592568754327
-1.6852132503204313
-1.6381156658802118
-1.5731603329851278
-1.4896258799670594
-1.385667424081771
-1.25890386125303
-1.1074567110013496
-0.9312515033542267
-0.7332792376746531
-0.520472446657886
-0.30389678301964684
-0.09808677389524746
0.08046740011757363
0.2154898890877917
0.2934042780360838
0.3057109023161475
0.25083506256650345
0.1351055360813032
-0.027337406525040277
-0.21573572993051
-0.40487242793255634
-0.5679188041317678
-0.6795993192888021
-0.7192625752217221
-0.6734619406874358
-0.5377167714712511
-0.31723701097339174
-0.026535218072857827
0.31200208976319005
0.6703851916885877
1.0178526072666596
1.3239515015530805
1.5615671860974503
1.709632173446465
1.7552721873849135
1.6951645657717087
1.5359113955219974
1.2932958121942817
0.9904180486750706
0.6548915459893214
0.3154763504817698
-0.0013281191688601598
-0.2741752442981798
-0.4887942036187245
-0.6387015307485141
-0.7247159359597336
-0.7535169007854391
-0.7356253175482572
-0.6832171599981729
-0.6081296014673374
-0.5203233336220827
-0.4269605099779374
-0.332159783782354
-0.2373950369317904
-0.1424039676925681
-0.04637171521992049
0.05092194837899707
0.14831720508286067
0.24309737094196116
0.3314958709246811
0.40973819399871864
0.4752658902600057
0.5276843190456566
0.5690225524692172
0.603095378111531
0.6340588107402888
0.6645549225092385
0.6940410088273306
0.7179109075946243
0.7278205500921862
0.7132752089016192
0.6641332859316038
0.5733671846505244
0.43930961152536935
0.2667490852587934
0.06657872314250972
-0.14587164206488948
-0.35332787636926133
-0.5392191510781977
-0.6898650392090838
-0.7958259807303678
-0.8523561186882969
-0.8591621755946434
-0.8197975615892721
-0.7409884884904046
-0.6320457416691996
-0.5043479207264487
-0.3707683931494193
-0.24490200066894527
-0.14002130811033578
-0.06781341877877531
-0.037062275629264015
-0.05250630765120262
-0.11410068177039781
-0.21685439427889433
-0.35131620445139977
-0.504674410072646
-0.6623350224754482
-0.8097670880732387
-0.934363630854567
-1.0270651468314766
-1.083525958180794
-1.1046607092756668
-1.0964773590974144
-1.0691780008385061
-1.0355926791087846
-1.0091090616146492
-1.0013696794907165
-1.0201071034922906
-1.0675363163030627
-1.1396825347648556
-1.2268705368796051
-1.3153583544537395
-1.3898244429981803
-1.4361965131027958
-1.4442158902974005
-1.4091972213682689
-1.3326498537224014
-1.2217094365235484
-1.087602151891297
-0.9435569068573378
-0.8026534871841657
-0.6760459393223892
-0.5718603451187347
-0.4948786620637669
-0.4469304808881848
-0.4277608902812613
-0.4360536942893541
-0.47028298368897525
-0.5291459954734505
-0.6114800867496191
-0.7157482490810553
-0.8393364214005536
-0.9779862746809522
-1.1256537017309984
-1.2749387442436024
-1.418023170113355
-1.5478534845553138
-1.6591979020041294
-1.7492332755889788
-1.8174772469846734
-1.865113421729743
-1.8939731304843186
-1.9055517664978283
-1.9004061891187831
-1.8781177203057615
-1.8377808845922465
-1.7787835304392103
-1.701556210531207
-1.608016159184638
-1.501583427123584
-1.3868287616045707
-1.268942054167047
-1.1532334878874815
-1.044799071809996
-0.9483502818973074
-0.8680990619702807
-0.8075618462459244
-0.7692107961202052
-0.7540179934135612
-0.7610423385726898
-0.7872423416984258
-0.8276422308352085
-0.8758619833612291
-0.9249002039948386
-0.9679872506197759
-0.9993293920839625
-1.0146298179554094
-1.0113578391709794
-0.9887986765968237
-0.9479285294491867
-0.8911301865299784
-0.8217271713662537
-0.7433106722111571
-0.6588883642642914
-0.5699892571612596
-0.4759699835024371
-0.3738215717934844
-0.25871794195330183
-0.12536285477810125
0.03007777954056181
0.20793635928174817
0.40352691311342626
0.6067383269589302
0.8030689229682482
0.9760281807853852
1.1104011710925672
1.1955615207534844
1.2279405897275208
1.2119500947385813
1.1590599811566005
1.0852297760863718
1.0073299811910976
0.9394425393512906
0.8899314359631537
0.8599386924265154
0.8435696637127127
0.8296035875675013
0.804218637249819
0.7540385693895959
0.6688179813260667
0.543258363719631
0.37771936664576344
0.17787462436170898
-0.046416892803742275
-0.28264217235800126
-0.51719616921004
-0.7367074271513171
-0.9290099957259915
-1.0837846976778818
-1.1929810940679748
-1.2511505288160378
-1.255778727330953
-1.2076303331317801
-1.1110393802833138
-0.9740245410132826
-0.8080904801859998
-0.6276002530201524
-0.44866504768677307
-0.28758874701732745
-0.15901262322310195
-0.07400795525215194
-0.03843438860303559
-0.051889789039683665
-0.10750680762482359
-0.19270694709041425
-0.2908360901824414
-0.38342607103269216
-0.45270554350242653
-0.48395243446738195
-0.4673412416266588
-0.39906270422158807
-0.28163662824768176
-0.12345954841627413
0.062294677173392946
0.2592693172945109
0.4498517514060811
0.6172599929099302
0.7475924185804176
0.8316119567095023
0.8660141080717225
0.8539427897032257
0.8045892248868332
0.7318406490900305
0.6521195757096359
0.5817336508056368
0.5341937817643452
0.5180103795892218
0.5354171786089382
0.5822995333432267
0.649350004514271
0.7241959225266174
0.7940121757667741
0.8480129032227808
0.8792480701459837
0.8853139243712436
0.8678753246753145
0.8312136196908233
0.7802667955816118
0.718745339042138
0.6478544936002106
0.5659498799064924
0.4691633672956619
0.35275213238490866
0.2127356315077829
0.047349512349571105
-0.14203489017481633
-0.35065633087421183
-0.5706764082874989
-0.7918164922809893
-1.0020697125343843
-1.1883595427666909
-1.3371909893340979
-1.435468213931981
-1.4716544965626301
-1.437311376350474
-1.3288309432805308
-1.1489742112256602
-0.9077500394085595
-0.6222616875073469
-0.3153837952697361
-0.013422328801545862
0.256852154273425
0.4712978199234629
0.6111542563765736
0.6651207136832064
0.6305880542778349
0.513980949125939
0.3302358185874517
0.10146467811176398
-0.14512505724855848
-0.37993279572183186
-0.5740720272188854
-0.7025502683469975
-0.7471011300198656
-0.6982364541588105
-0.5561795961616082
-0.33052879777687905
-0.0387346712793538
0.2963092114962031
0.6491295609682229
0.9945343396584779
1.3100923348094802
1.5779863172984816
1.7861334002932736
1.9285715855021803
2.0051737550389266
2.020785062025566
1.9839099679306749
1.9051148349139322
1.7953549005890013
1.664459789396942
1.5199979419348504
1.3666799945914032
1.206365448612682
1.0386302552631494
0.8617606120687011
0.6739752619657926
0.47464901485535205
0.26531146722097193
0.05022527932781736
-0.1635897271856881
-0.36692683275450355
-0.5494812819480964
-0.7012674111299204
-0.8140937216938955
-0.8828093370594343
-0.9060925719141618
-0.8866664128171069
-0.8309581453327598
-0.7483280020714118
-0.6500442300120349
-0.548175568284296
-0.4545248452158132
-0.37967069777907353
-0.33214389554341983
-0.31775213818238374
-0.3390781928623852
-0.3951958518978093
-0.48166120323569345
-0.5908314997752306
-0.7125365216296979
-0.8350791792066306
-0.9464822320953471
-1.035839634329113
-1.0945920016491717
-1.1175404920553842
-1.103447500752546
-1.0551379970596735
-0.9790935154721191
-0.8846018334235415
-0.7825777100077951
-0.6842029461083848
-0.5995540008703522
-0.5363952444604565
-0.49930962676461366
-0.489304730526009
-0.5039638635897157
-0.5381171313441794
-0.5849097113885031
-0.6370729344121694
-0.6881771635080804
-0.733664529805828
-0.7715066082140709
-0.8023866138382708
-0.8293558944266284
-0.8569664221886015
-0.889949171638122
-0.9316031752249553
-0.9821709043292662
-1.037567985055419
-1.0888604170400729
-1.122799254354115
-1.123520899729293
-1.0752350218073192
-0.965427184830355
-0.787893815432007
-0.5448833590304579
-0.24777315788715512
0.0839628366671338
0.4253320607541083
0.7494095787195714
1.0311641113606451
1.250731203896818
1.3955241717796578
1.4609034712692412
1.449500897942334
1.369607027556388
1.2331923289621414
1.0541058829163714
0.8468015129772024
0.625655104807261
0.404666288958029
0.19718679242996726
0.015347016637301637
-0.13094802744359174
-0.23529494887418492
-0.29593190876062814
-0.3162385385865045
-0.30420946321993136
-0.270816179498643
-0.22755020067749243
-0.1837534827048104
-0.14447005620859374
-0.1094430175971858
-0.07356663737765096
-0.028687667109765946
0.03373365486797174
0.11982503451514374
0.23110507640656602
0.36343239991319787
0.5073101408041514
0.649387963468731
0.7747169417831266
0.8691835187088918
0.9215954827932443
0.9250732765119217
0.8776328339073921
0.7820457715367549
0.6451744761696617
0.4769940238306416
0.2894620491157063
0.0953308530139322
-0.09304621892599041
-0.2648648317211529
-0.41190028697712855
-0.529311448886991
-0.6160969030894013
-0.675098098504324
-0.7124897309597521
-0.7367659790219877
-0.7573126492395906
-0.7827390744267508
-0.8192151298321827
-0.8690999677976576
-0.9301416550282317
-0.9954594781166914
-1.0543957364891663
-1.0941614972277451
-1.1020332305857499
-1.0677227355321814
-0.985473715143372
-0.8554567849954342
-0.6841453826553199
-0.4835450182735292
-0.26938422649520644
-0.05860688337644422
0.13332799000506407
0.29478344308722854
0.419456950545066
0.5068238918242467
0.5615481721456372
0.592147439689422
0.6093395841930138
0.6244798624458934
0.6483425975846466
0.6902819007090505
0.7576231970133375
0.8550739675577559
0.9840247151385023
1.1417978721638269
1.321099787895154
1.5100360937046517
1.6929973325112364
1.8525097113455162
1.9718435220013648
2.0378874549688484
2.043636866090218
1.9896715972116084
1.8842135171912469
1.7416939100886315
1.5801262135153193
1.4178664858224417
1.2704750130329934
1.1483375393347657
1.0554866212158303
0.9897491523294574
0.9440245685708707
0.9082563936335883
0.8715563422663215
0.8239903565502957
0.7577090455032696
0.6673378699850814
0.549761463151049
0.40358193314752255
0.22857323152256023
0.02539606769593738
-0.2042898710184111
-0.4573365508181005
-0.7284065495789052
-1.0093274942725188
-1.2888047427113336
-1.5527532053915971
-1.7853893573431727
-1.971042674515171
-2.0964365990711378
-2.1530051163723947
-2.1387117341154127
-2.0588696922593
-1.9256403756471447
-1.7561793041339873
-1.5697327396083494
-1.3842685037762517
-1.2133684162065643
-1.064071682696056
-0.9361465957164846
-0.8229379656998707
-0.7135745953316462
-0.5960135956072381
-0.46021816820243905
-0.30075268723546617
-0.11823539412747583
0.08062298927488833
0.2843186583270097
0.47879891949914355
0.6500579252112015
0.7864620758953093
0.8803281452730788
0.9285413674550498
0.9322913194307341
0.8962218977363036
0.8273717723734318
0.7342133846693304
0.6259288850127253
0.5118746009013435
0.4010644205115981
0.301495969010654
0.21924813935654858
0.1574427335805925
0.11531285069180928
0.08768994586595773
0.06517891627454515
0.035147522161676915
-0.016540764134590175
-0.10331157690899677
-0.2355723476295308
-0.4187386649072385
-0.6519581874509778
-0.9277571027126744
-1.2326554717231863
-1.548622526719101
-1.855109113371779
-2.131326051597965
-2.358438829145255
-2.521406421813333
-2.6102794329378454
-2.6208644931183054
-2.554741871916416
-2.41868982720054
-2.22362830140536
-1.9832495776193997
-1.7125463200931121
-1.426458751215958
-1.1388236250013248
-0.8617164086896072
-0.6051586683277626
-0.3770608447729322
-0.18323167200107032
-0.027330510795539806
0.08925233806660315
0.16748257328014327
0.21056350338869462
0.22346240067654055
0.21204072183120004
0.1818984285745931
0.13717345721076799
0.07959795551299598
0.008083604752721412
-0.08099853760623746
-0.19283115418125715
-0.3326085549123719
-0.5037357006292503
-0.7061617669350844
-0.9352631941957841
-1.1816150472122642
-1.4318115854732454
-1.6702463621347263
-1.8815035738168864
-2.0528291353918937
-2.176112579598755
-2.2489433235866434
-2.274568554914061
-2.260884084511773
-2.2188259221192403
-2.16061810023168
-2.0982517133335192
-2.0423710549837613
-2.001522273326861
-1.9815799506569063
-1.9851696485288677
-2.0110422542597735
-2.053556242991365
-2.1025787362580766
-2.144132858056575
-2.161963848441194
-2.139914526621962
-2.0646986670788756
-1.9284620366017184
-1.7305114033851259
-1.4777833411409473
-1.1839507096992692
-0.8674105945085342
-0.5486493301877847
-0.24756778878709898
0.018732104071859858
0.2373986635461063
0.4004556346114875
0.5047329231740761
0.551339205155243
0.5449156566847381
0.4928362223565971
0.40441659621823434
0.2901123516208868
0.160661954389645
0.02616938506014945
-0.10480030389227586
-0.22596611368222322
-0.3337469832566352
-0.4272264625185006
-0.5076518523290922
-0.5775794324588268
-0.6398716226576759
-0.696779709614678
-0.749303280178962
-0.7969309399512726
-0.837774715460749
-0.8690417447926192
-0.887747690794771
-0.891553279462051
-0.8795815823474631
-0.8530469212319707
-0.815515082269869
-0.7726473285477135
-0.7313748272021828
-0.6985939061894239
-0.6796231443498877
-0.6767645970802101
-0.6883198580025449
-0.7083194239911582
-0.7270613215874798
-0.7323774883199919
-0.711407346837386
-0.6525874854492819
-0.5475633657338257
-0.3927699301066474
-0.19048440889483614
0.05079055500235723
0.31670142716258626
0.5881990431212778
0.8434109158084152
1.0600601878814357
1.2181522095880908
1.302567464370377
1.3051706012784001
1.2260855063407639
1.0738948805890474
0.8646840331205375
0.6200356911011289
0.3642626639350381
0.12130354204988943
-0.0882275565031841
-0.24937211595660352
-0.35419183389488584
-0.40200523192503435
-0.3985457979581971
-0.3542774844880228
-0.28222291592437093
-0.19569417493155927
-0.10627199193208804
