1025
0.06690954057011061
0.1273240416577927
0.15015152701033815
0.14308827829855675
0.11750774121005629
0.08611379532218545
0.0603942667921461
0.04840615887936261
0.05333897480378041
0.0731216865773831
0.10110961850717047
0.1276663553060618
0.1422918722418817
0.13586872099980435
0.10260374067317587
0.041314330152838405
-0.044178663467027306
-0.14565126331682607
-0.2520119191702605
-0.35154074445497474
-0.43442924551037965
-0.4950875879105864
-0.5336535866802854
-0.5562479919274685
-0.5737818190541374
-0.5994847342867305
-0.645689452273056
-0.7206560226567366
-0.826259138537304
-0.9571622940784826
-1.1017171842863756
-1.2443712276162857
-1.3689794454318545
-1.4622106020994254
-1.5162591595167492
-1.530296201736178
-1.5104289991326694
-1.468284678561579
-1.4186003019482472
-1.376343473784421
-1.3539039026481763
-1.3588177365283178
-1.3923539846992314
-1.4491389005079216
-1.5178406204946322
-1.5827918367959326
-1.626301440263311
-1.6313075720299628
-1.5839694306099121
-1.4757968692186334
-1.30498196377341
-1.0767210364379574
-0.8024829452163218
-0.4983632722514819
-0.18283034744396237
0.12571773842292247
0.41113644832694
0.6610784178055747
0.8676746022698968
1.0273394948847132
1.139892464566569
1.207331101175098
1.232635740024495
1.2189208907468108
1.1691077670814283
1.086122023548613
0.973473627493457
0.8359859151136774
0.6804192736267726
0.5157714532875184
0.3531105905474705
0.20488827973160006
0.08377262634577033
0.0011262533275699232
-0.034674065646268314
-0.019826141360817524
0.043678934197076844
0.14748115438168433
0.2771422747093795
0.4134235663808976
0.534515921375953
0.6189938595574819
0.6490687463719238
0.6135689887788963
0.5100325141624418
0.3453983310827027
0.13503232262566595
-0.09982660148018853
-0.33574503050988264
-0.5511585254764205
-0.7299663419622118
-0.8639019873239672
-0.9532145092954122
-1.0056006434481193
-1.0337374588592978
-1.052069478042212
-1.0736276269950675
-1.1075796597722112
-1.1579694844731907
-1.2237738075032671
-1.3000805684125287
-1.3799529355261924
-1.4564316360820224
-1.5241567809332688
-1.580236036338775
-1.624208064304207
-1.6571974574024806
-1.6805767650542769
-1.6945933046586548
-1.6974446335624742
-1.685179901052382
-1.6525799229335079
-1.5948769579311206
-1.5098934219313813
-1.399992312368554
-1.273206558880421
-1.1430732531486594
-1.0270112244760046
-0.9434672050376126
-0.9084102488158166
-0.9319707864802234
-1.016030685572584
-1.1533614831218348
-1.3285342540003298
-1.520392728799582
-1.7055164838482115
-1.8619080061586841
-1.9721597456033668
-2.02556850893465
-2.018977203788349
-1.9564286753344038
-1.8479245024014714
-1.7076543270950941
-1.552016919249531
-1.3976494027572284
-1.2595797523001102
-1.1495649647789914
-1.0746846397602152
-1.0363080841253511
-1.0296052477708741
-1.0437881607989714
-1.0632200690079034
-1.0694053549658207
-1.0436897049949976
-0.9702992224504545
-0.8391893110358514
-0.6481217754215903
-0.4034824133501449
-0.11958985753355234
0.18342238654581808
0.4827366455957447
0.7563471714672262
0.9862120173087294
1.1604753315078122
1.27443843610744
1.3302713827734536
1.3357226112945042
1.3022348729265192
1.242893004939997
1.170543085028977
1.096290401159809
1.028460728585678
0.972029823041825
0.9284931067668204
0.8961431811067109
0.8707207534318069
0.8463850912988302
0.8169081087268383
0.7769413165360799
0.7231573161061281
0.6550495607065238
0.575203618271102
0.48893596402726197
0.4033229479283856
0.3257867430860337
0.26252920945467695
0.217168855971062
0.18991265207220098
0.17747870425467313
0.17380336866315807
0.17136640830691588
0.16281025052706694
0.14246218457841275
0.10741232092103091
0.05793819770375363
-0.002747595538102449
-0.06927883510179912
-0.1351931747416924
-0.19399976022828266
-0.2400607030637006
-0.2692036824272138
-0.27908900781608675
-0.2694107070251252
-0.24200104532959293
-0.20084624265746934
-0.15194704110554128
-0.1029159669720622
-0.062224942191989194
-0.03810575378564551
-0.0372349101382137
-0.06345541340304767
-0.11684997161543573
-0.19344804541083593
-0.28571867021323216
-0.3838042631808559
-0.4772453848931041
-0.5568000106994073
-0.6159243135577847
-0.6515720026428689
-0.6641605607021408
-0.6567862844706812
-0.6339737345431253
-0.6003580289355154
-0.5596901171782704
-0.5144313436289748
-0.46600287149764796
-0.41553514365011485
-0.3647850425944423
-0.31680774085963387
-0.27601944552647706
-0.24746697193754003
-0.23539138310315155
-0.2414584878328847
-0.26323029176364016
-0.2934805606236487
-0.32077360986090137
-0.33136237945092206
-0.31202849473565625
-0.25313545840967183
-0.15103465096836313
-0.009118872311330283
0.16277980713638016
0.3504400610503908
0.5381049418283587
0.7112909322989371
0.8587990287219783
0.9735187023264598
1.0520665966234726
1.0936865582915842
1.0990217347863642
1.069307180643587
1.0062713792380438
0.912692993739182
0.7932640676582916
0.6552619702514897
0.5085696308905616
0.364786267893685
0.2354716867337697
0.1298745568927077
0.05271654695241052
0.0026680966824380874
-0.027973659501053776
-0.052186454723641196
-0.08586820292463516
-0.14474835062181604
-0.24130357822095158
-0.38241228756260365
-0.5682550863068865
-0.7925948894190038
-1.0441826802516412
-1.3087670234002748
-1.5711207176483633
-1.8166352370516048
-2.0322947745317124
-2.207109879908901
-2.332262311143422
-2.401238624542576
-2.4101263675985436
-2.3580775497452353
-2.247787781351281
-2.0857566306083553
-1.8821099092569413
-1.6498655866805338
-1.4036727741872113
-1.1581987106268452
-0.9264375198891569
-0.7182396019236221
-0.5393098088111464
-0.3908169620994572
-0.2696334802659808
-0.16911777229862318
-0.08028620647295326
0.006801650542255246
0.1016147248347039
0.2118302980653837
0.3422509313214846
0.4940602180760529
0.6644814381242029
0.8468542680617422
1.0310944150036263
1.204465624041821
1.3525845938107628
1.460594999963268
1.5144694157985035
1.502403926111813
1.4162445182557297
1.2528299828222034
1.0150755478938123
0.7125852786696383
0.3615938756375078
-0.01589335609499051
-0.39378190561011944
-0.7442787687807491
-1.0407538615107195
-1.2607310519596646
-1.3886037666151017
-1.417657732047921
-1.351037414256784
-1.2014238695244541
-0.9893936207156143
-0.7406685418392107
-0.48268684456741273
-0.24105974442978034
-0.036482022826627554
0.11746358796351374
0.21538165408082327
0.26001634821425756
0.2612451527900691
0.23435688625758766
0.19786251360941465
0.17106378893578547
0.17159701540765337
0.21319230833763114
0.30392224242026905
0.4452144455350663
0.6318320497291029
0.8528743641535828
1.093646586214352
1.338049283417982
1.5710088493213
1.780453728746532
1.9584487968298645
2.1013064316221177
2.208744569381694
2.282394989417748
2.324118819268118
2.334620682360986
2.3127572141602695
2.255734676046066
2.160138181410654
2.0235024685195953
1.8459856389550016
1.6316810409008728
1.389197823490745
1.1313202114983294
0.8737626966395032
0.6332195956540497
0.42502990012941694
0.2608355153468127
0.14661415054557073
0.08143121580608506
0.05718346982666945
0.05949401248571228
0.069756960046408
0.0681250169721069
0.037014113314395226
-0.03548189552398398
-0.15295472436996968
-0.3094432167977975
-0.48998050160421047
-0.6729520869895135
-0.8338773852117535
-0.9498707322437832
-1.0038397542529789
-0.9875037778178372
-0.9025687531715153
-0.7598185737855934
-0.5763697800745998
-0.37176387418672097
-0.16383346513554362
0.03468666744602713
0.21802855566751167
0.38734271922926583
0.5488032308232826
0.7103849421331965
0.8781522675279948
1.0530130262576696
1.2287681558580987
1.3919593401946582
1.523568764935758
1.6021790195365546
1.6078742617887365
1.5260335613234368
1.3502481265260413
1.0838387154760367
0.7397731150819284
0.33909863763360315
-0.09175211110722145
-0.5242792275310743
-0.9313076744216794
-1.2899416799325676
-1.5836770273788678
-1.803431206842642
-1.9474524186920226
-2.0202741328106453
-2.0310489564702743
-1.9916809460892506
-1.915154115877598
-1.8143319711060306
-1.701316043385152
-1.5872598958394422
-1.4823995473728224
-1.3960231714869427
-1.3361699696902951
-1.3089933073911169
-1.3178934981980381
-1.36266156327705
-1.4389308108197698
-1.5381896004894209
-1.6484807026720938
-1.755740306287935
-1.8455643744230588
-1.9050776092504917
-1.9245488373923776
-1.8984500256270511
-1.8257787603385647
-1.709625850200298
-1.556135003641373
-1.3731344415739848
-1.1687883471515166
-0.9505974920552283
-0.7249689495317337
-0.49739666096971097
-0.27309551349602307
-0.05777637887780745
0.14180484923611406
0.31781794007993397
0.46196195171512755
0.5665896363972062
0.6260513707206384
0.6378716918634715
0.6034164200546365
0.5278619658392133
0.41948369053727297
0.2884683836325392
0.14557168293663164
0.0009582281371219233
-0.1365166605696141
-0.25947235109032923
-0.3616789132641961
-0.43746390750166053
-0.4811648476171339
-0.48694487256830565
-0.44919030159961887
-0.36352866725747784
-0.22829213564408612
-0.046067670899546956
0.1751180725344792
0.42140040275891155
0.6737338769816094
0.9096411467507721
1.105836739603319
1.241301023021767
1.3002628543408894
1.274546521323484
1.1648453217442916
0.9806780112617158
0.7390272963069994
0.4619055811954421
0.17329182408165797
-0.10400922787627653
-0.35104581733226076
-0.554524079753099
-0.7075366706333369
-0.8092458846250437
-0.863745923698345
-0.8784401583077861
-0.862285507218795
-0.8241983712530951
-0.7718227179200171
-0.7107665380523311
-0.6443367771775135
-0.5737443824943388
-0.49870009055818654
-0.4182715921579683
-0.3318295067631951
-0.23988902080694754
-0.14467219018579913
-0.050275663731913056
0.03758354571266827
0.11218205168113761
0.16663703406864672
0.1948337022261536
0.19229142257607912
0.15685785518515377
0.08915391275551464
-0.007281408893013022
-0.1261758962427257
-0.25904092749623425
-0.39597914395097766
-0.526683917800678
-0.6414741911236447
-0.7321775454151841
-0.7926941296302752
-0.8191518514058963
-0.8096819620347675
-0.7639634757707914
-0.682757222492231
-0.5676410347053783
-0.42106442785650233
-0.24669712898735144
-0.04990764682774916
0.161868681899297
0.37909778442084074
0.5905772142470775
0.784310549901443
0.9486726234356734
1.0736328355536005
1.1518014349589887
1.1791314443973009
1.155215600647567
1.0832226356540195
0.969582488268339
0.8235353396276053
0.6566075157715755
0.48199622130600533
0.31377765102428795
0.16584176796184852
0.05052389005370005
-0.02296361231210576
-0.05004367739597398
-0.03186931603923479
0.024360675192296018
0.10609652233753723
0.19713866185745613
0.28006990784439817
0.33892470171566913
0.3615126139192857
0.3408885850524546
0.2756834324650658
0.16930910698506227
0.028344255193763625
-0.1393985442207116
-0.3265769252287806
-0.5273603052466455
-0.7376078513826148
-0.9542593010391133
-1.1742501192431718
-1.3933834887459424
-1.6055663814492367
-1.8026649872832055
-1.9750184250233014
-2.1124502423196905
-2.2055019141664407
-2.2466086732034105
-2.231023771206538
-2.157417253551446
-2.0281675181544174
-1.8493907640715554
-1.6307177548173317
-1.3847682607083844
-1.1262452847922046
-0.8706133138520769
-0.6324405026561852
-0.42363478803218485
-0.25192207219577495
-0.11993607249532967
-0.025182299079258782
0.03907589073219974
0.0822139177680666
0.11432814186550144
0.14447431465820812
0.17944567938289716
0.22326867939836187
0.2773547955655854
0.34106542101477233
0.4123832500227445
0.4884442361460759
0.5658223374366468
0.6406050341973858
0.7083896638052104
0.7643431575841565
0.803413000751528
0.8206941935487592
0.81188661010374
0.7737454063274923
0.7044371603702116
0.6037524808981133
0.4731707323051506
0.31580861734802035
0.13630210693708134
-0.05933105923287071
-0.2638213577781516
-0.46877734526523757
-0.664861726606204
-0.8420899646228351
-0.9903299331739154
-1.1000419584938301
-1.1632179481559697
-1.1743765233395569
-1.1313876807554868
-1.0358776142795896
-0.8930302992361115
-0.7107516424740986
-0.4983537372610788
-0.2650843189132246
-0.018903856286215565
0.2341400245825215
0.48976867365339266
0.744637153664653
0.9951255973373501
1.2362196013932094
1.460934797098341
1.6605765412185607
1.8258550054494138
1.9485893276260458
2.02352992274569
2.049775274063155
2.0313740950980472
1.976941950849383
1.898398038590379
1.809150669104263
1.7221630186974548
1.6482963708344152
1.595187405538861
1.5667320758270618
1.563088226400718
1.581021000201606
1.614413177956565
1.6548290012629319
1.6921139917105448
1.715089677016203
1.7124270113438704
1.673743771403198
1.5908822703763095
1.4592156581184308
1.2787434010142023
1.0547041756804085
0.7974772107534787
0.5216604493071223
0.24438357467838656
-0.016904095649896114
-0.24678531079697907
-0.4339171090868419
-0.572359583574058
-0.6619377348513713
-0.7076016162381971
-0.7179754414752547
-0.7034535867690749
-0.6742652550731738
-0.6388808710989801
-0.6030000308616362
-0.5691929441672515
-0.5371167813395314
-0.5041300017168406
-0.46609347248858024
-0.4181694297173103
-0.3554896891542998
-0.2736418319398781
-0.16899520947764246
-0.03893908822950071
0.11788091945145215
0.30126798744113964
0.5091164736092435
0.7370509345718902
0.9781673828345789
1.2229949373700237
1.4597729721368853
1.6750928776019542
1.8549000190182754
1.9857995916247289
2.056557837994566
2.059632453105313
1.9925056929989744
1.8585497815199563
1.6671603509444828
1.4329786722079108
1.1741945974741486
0.9101464300289545
0.6586470116169655
0.43358826907082754
0.24335251815783485
0.09037846149895994
-0.028060017333957892
-0.11811449916365944
-0.18714819162724397
-0.24162201004743444
-0.2855811816459221
-0.3200437855729941
-0.34334031969083184
-0.35222315404429777
-0.3434111312036144
-0.3151756824174728
-0.26860036564336087
-0.20822990023290885
-0.14194472003016498
-0.08003749193358362
-0.033618672641101986
-0.012622646336258082
-0.02379629234733137
-0.06909330045836862
-0.14484494774702905
-0.24193059957827698
-0.34696333953367786
-0.4442927325822323
-0.5184666532164086
-0.5567232686065546
-0.5511063109184962
-0.4998863489826957
-0.40809243584682714
-0.2870837457459084
-0.15320737201998866
-0.025698337712430994
0.07591665517714997
0.13455541377062058
0.13803652360477767
0.08083120727647879
-0.03523628744247759
-0.20152105038026663
-0.4042679762639872
-0.6271849750499036
-0.8543399978165347
-1.0727254261857888
-1.273873570399546
-1.4541221337996075
-1.6134821751037107
-1.7534661198810697
-1.8745679364861507
-1.9742363066256743
-2.046075319964168
-2.080658952511462
-2.067851340178278
-2.0000371605409404
-1.8753413373177115
-1.6998606298343573
-1.4881602171956556
-1.2617365243274312
-1.04568119941679
-0.8642519583818099
-0.7363433706671891
-0.6718889838604123
-0.6700163955417537
-0.7193762977204209
-0.8005723891383015
-0.8901468788572103
-0.9652355097834536
-1.0078761552646789
-1.0080667496941151
-0.9649904119228452
-0.8862731726985581
-0.785592703209305
-0.6792986113649788
-0.582855817699751
-0.5078632509476666
-0.46017295548653137
-0.4393234731379127
-0.4391991634190518
-0.44960304402768597
-0.45831756856051936
-0.4532176923929442
-0.4240678028666601
-0.36374560615220075
-0.2687693399120067
-0.1391425729744889
0.022341974857142618
0.21110121450283997
0.42178077748407994
0.6490372873843043
0.88792035275545
1.1338299039470177
1.3821670478701726
1.627895322544276
1.8652487675130258
2.0877537724190156
2.2885976536022303
2.4612289623040877
2.599973777832098
2.700445557568142
2.7596239742411632
2.77564429022861
2.7475004502913696
2.6749402312025006
2.5587675447586893
2.4015719050167075
2.208650731921437
1.9886899347076312
1.753728917020194
1.518106599661888
1.2964266204373456
1.1009719385600623
0.9392854947991846
0.8126856265441135
0.71625890833799
0.640433247224356
0.5737305448047837
0.5059102188347497
0.4305807986989784
0.3465228854533117
0.25737269078667174
0.1698214141844664
0.09092448478427688
0.025353327678443283
-0.026600140636063727
-0.06971130573068207
-0.11303989804333806
-0.1679136538857235
-0.2452110326124409
-0.35259899305685805
-0.4923318009880145
-0.6600416556243445
-0.8447252924052625
-1.0299158159821165
-1.195857968738527
-1.3223783495320525
-1.3920453155434434
-1.393142371282729
-1.3219524764533603
-1.1839036044285134
-0.9932848969624162
-0.7714993964136673
-0.5441201471656747
-0.3372760727593375
-0.17403007433416234
-0.07138180384132142
-0.03834774620116006
-0.07530972891163222
-0.17456687803290769
-0.3218443558013179
-0.4984306819917078
-0.6836151622925284
-0.8571359148703056
-1.0013904078330773
-1.1031916729459
-1.1548881314198616
-1.1547261770185027
-1.1064350435052177
-1.0181405987427399
-0.9008346209319541
-0.7666977982101532
-0.627570873535901
-0.49378964133276476
-0.3734749713810153
-0.2722446231375671
-0.1932318982314329
-0.13727915833564325
-0.10321408531053486
-0.08818265531908552
-0.08806468448738397
-0.0980082836506532
-0.11308322079093075
-0.12899152292805693
-0.14271935974310845
-0.1529962906531319
-0.16045633706949705
-0.16745836581290818
-0.17759681079040554
-0.1949941020924738
-0.22350111064791273
-0.26594198062496543
-0.3235307186921004
-0.39556355155256395
-0.4794512022227453
-0.5710968805982004
-0.6655530844140889
-0.7578193999485231
-0.8435978484961987
-0.9198229263778849
-0.9848361441160194
-1.0381665884662
-1.0799815206410732
-1.1103544699531978
-1.1285410299048968
-1.1324490071373918
-1.1184465832088852
-1.0815829313800096
-1.0162145715918025
-0.9169501094861602
-0.779758707673239
-0.6030474152537108
-0.38851088877379486
-0.14159813239264885
0.12848474716807665
0.4092313030446963
0.6856769025414415
0.9415173142203352
1.1603957906200917
1.327270094465988
1.4297833140786265
1.4595505908272046
1.4132408911021102
1.2933010370141875
1.1081677279858666
0.871860097063574
0.6029354908256953
0.32289865143314544
0.05424582686033205
-0.1816230048856382
-0.36638326183796915
-0.4864412864356255
-0.5340940837291658
-0.5080727848617679
-0.41341129042170915
-0.2606584331464645
-0.06454101269583337
0.15772944318275278
0.38825525971764424
0.6100959942911082
0.808541434673588
0.971888157976768
1.0917020700419124
1.1626506360157287
1.1820618210341196
1.1494007239861361
1.0658459303395345
0.9340974980389221
0.7584650213889852
0.5451823066384072
0.30279859620694716
0.042431976709139174
-0.22233800152212413
-0.47610390272729264
-0.7028404593562539
-0.887593096346391
-1.018401573265111
-1.0881101985498391
-1.095680857290291
-1.0466758718387799
-0.9527103192386847
-0.829864850055942
-0.6962601489821564
-0.5691780279286363
-0.46223039270810296
-0.38310096257846227
-0.3323091175514972
-0.3032821733274585
-0.2837962981804104
-0.25859182897828625
-0.2127281379872134
-0.1350637840546867
-0.021174819389817058
0.12491132061824878
0.2905846760699093
0.45623262918725155
0.5982893483700675
0.6932058840740888
0.7216000176730182
0.6718124803035683
0.5422257391391185
0.3419569722383262
0.08985463016233283
-0.18796374329397644
-0.46156021127899405
-0.7010188996513245
-0.8800938265909993
-0.97918255291363
-0.9873162622286581
-0.9030380842355997
-0.7341922865803782
-0.4967485571530393
-0.21284337094707603
0.09174500713837379
0.39043834564444474
0.6587293417966998
0.8767602045105836
1.0312825983008207
1.116719468563506
1.1351591129439083
1.0952759786363142
1.0103620246427696
0.8958245338467962
0.7666155106578216
0.6350686974349059
0.5095210489519727
0.39390454669827024
0.2882613267133569
0.1899257097973966
0.09499251137392635
-0.00031491149799444887
-0.09865882964577198
-0.20109575979982225
-0.3070219978158239
-0.4143864964922171
-0.5199775269941147
-0.6196468252458252
-0.7084373130983647
-0.7806784402766754
-0.8301651326376328
-0.8505220658448259
-0.8357837918724066
-0.7811249579389955
-0.6835957066487744
-0.542689926660624
-0.36061070799244394
-0.14218388714523178
0.10552862506425659
0.37378856788370113
0.6527649464917534
0.9320283318508844
1.2009186266246046
1.4488334268286127
1.6655440603556857
1.84165848145178
1.9693055042564132
2.0430201205069736
2.0606888788819537
2.0243059164986463
1.9402406487071817
1.818767247618397
1.6727669058029973
1.5157573715435142
1.3596560845396657
1.212847925008922
1.0791228850628405
0.9578464305653193
0.8453734587390994
0.7373293190340559
0.6310944783013195
0.527747866049481
0.4328768617935741
0.35599234235007043
0.30867913192884555
0.3019388022231617
0.3433560371869311
0.43471883062606
0.570581351870657
0.7380429249540412
0.9177890862989591
1.086241865176357
1.2185113263996228
1.2917318953018517
1.2883064740383816
1.1985758956646295
1.0224905538030333
0.7699881604864586
0.4599689795579726
