1025
0.7145644306940201
0.6685170361139124
0.6061615214107903
0.5275971606105637
0.4356864220107694
0.33603191475463695
0.23640737763670058
0.1457797298056274
0.07310030773065124
0.026043784564106397
0.009851104603305403
0.026405942625852517
0.07365301604366348
0.1454520952747679
0.2319455765257007
0.3204853294940653
0.39710145499682764
0.44839607162830525
0.46362287761672427
0.4366027661591655
0.36707509737999183
0.2611333040218099
0.1305519119255877
-0.008952435523853079
-0.1402382081157926
-0.2475670204312847
-0.3192123839747681
-0.34938062849403734
-0.33912625316526673
-0.29612961170454377
-0.23338030940801796
-0.16695665701523918
-0.1132143252602855
-0.08580343925851533
-0.09301212400325241
-0.13595225677214495
-0.20801902107437092
-0.29585004438555346
-0.38170747597562166
-0.44687830279845914
-0.475429589184901
-0.45754687875042865
-0.3917599932579316
-0.2855978401887512
-0.1545441717547615
-0.019506217567280895
0.09671319232715
0.1732760041836061
0.19478727191131232
0.15375064757267068
0.051549092815515174
-0.1022192180097651
-0.29188741925862965
-0.49886930548235703
-0.7051090232993844
-0.8960678715617737
-1.0626161618486842
-1.2014948033999966
-1.314393543437373
-1.4060506073188939
-1.482007778369191
-1.5466911436225381
-1.6023268007958278
-1.6488989469595288
-1.685013491896691
-1.7092526071406986
-1.7214795372300276
-1.7236120375855113
-1.7195983015107765
-1.7146191930585684
-1.7138010676614384
-1.7208654345551326
-1.7371257510787639
-1.7610897687503109
-1.7887097287634743
-1.8141297705674126
-1.8306767029353772
-1.831846399401283
-1.8121250272010612
-1.7675949611093982
-1.69635430445258
-1.5987973606038581
-1.4777681555004385
-1.3385424290618195
-1.1885550938957579
-1.036796687253407
-0.8928588605032902
-0.7656997947096601
-0.662298603185849
-0.5864446828567522
-0.5379396235037959
-0.5124590383328975
-0.5022228726965248
-0.49746218214238835
-0.48847424038562526
-0.46787232166350456
-0.43251984384230513
-0.38464272098587365
-0.33176144769051497
-0.2853529185791953
-0.2584733381805676
-0.26285407731187704
-0.306135413173941
-0.389880460564153
-0.5088210343498986
-0.6514874019568573
-0.8020523476108933
-0.942962244005117
-1.0577917776280739
-1.1337632101590316
-1.1634959649356442
-1.1457533362880719
-1.0851748306740137
-0.9911741095276586
-0.8763058519095677
-0.7544438404590117
-0.6390720278185126
-0.5418959439576576
-0.47186986450046475
-0.4346417661284256
-0.4323665163448716
-0.46383130093291863
-0.5248585420105849
-0.6089718428815165
-0.7083022803813703
-0.8146632985259767
-0.920644284679412
-1.0204998730172845
-1.1105902045878757
-1.1891938140600553
-1.2556764466459518
-1.3092192838695547
-1.3475134895060854
-1.3659250591608856
-1.3575589789918934
-1.3143987284248984
-1.229333936891613
-1.0985402700755256
-0.9234772435006146
-0.7118121230623027
-0.47686514045792205
-0.23561316284250183
-0.005734002308683626
0.1975317209777976
0.36387756629580303
0.48917064100476626
0.5751962593036194
0.6280900725647603
0.6559684739962502
0.6664225637413184
0.6645037307062163
0.6516412169701762
0.625666732801211
0.581852869354658
0.5146571213418644
0.41973387208084
0.2957443982039261
0.14555661736745032
-0.023432799570311247
-0.19992918875889484
-0.3701946367054077
-0.5200262282778476
-0.6368566024030401
-0.7115656514752354
-0.7396698749739489
-0.7216979271047894
-0.6627337443073184
-0.5712775920007518
-0.45770925176887517
-0.33271005194966424
-0.2059914292346165
-0.08558021823006029
0.022259858613981116
0.11259171341844897
0.1811413623492242
0.22376460748509844
0.23633922332718785
0.21520022133145122
0.1580082627804186
0.06475426708202742
-0.06146715438922871
-0.21421040869731212
-0.3840728273286851
-0.5596373000763292
-0.7287212096284094
-0.8796480060756618
-1.0023215397713758
-1.0890017383293829
-1.1347883814671922
-1.1378716187730784
-1.0995983394699105
-1.0243611257471312
-0.9192822985828022
-0.7936653681099193
-0.6582204038738152
-0.524118594374506
-0.4019726446951434
-0.3008626581316746
-0.2275334102500201
-0.18588287487993352
-0.17684063078895268
-0.1986884279707884
-0.2477968281648394
-0.31965103426226477
-0.40994505768940614
-0.5154742852509662
-0.6345797057682051
-0.7669940922446457
-0.9130850621281162
-1.072641651633438
-1.2434715844677966
-1.4201426309465128
-1.5932042628784107
-1.749165074218811
-1.8713800350895595
-1.941829105126759
-1.9435681612532634
-1.8634467423438872
-1.6945687893264962
-1.4379705213325165
-1.1031232009595258
-0.7071139795740289
-0.27265099610013466
0.1747051360496917
0.6095363749175989
1.009244592949831
1.356004617431969
1.6378035763180694
1.8485997397886
1.9877960410969118
2.059291347785439
2.0703504992212713
2.03045737821876
1.9502298156829434
1.8404182000031255
1.7109953110923697
1.570364898755618
1.424747314018497
1.2778185661533485
1.1306708079154042
0.9821275850508986
0.829396316416362
0.6689872374769923
0.4977822158541954
0.31410429289787006
0.11862180547217403
-0.0850773867260612
-0.29038020772061107
-0.48809450049653386
-0.6674447184519066
-0.8175091357358168
-0.9288847452790474
-0.9952885418000149
-1.0147800849817015
-0.9903345817335948
-0.9296046852473535
-0.8438624080508214
-0.7462773426859161
-0.6498283665372877
-0.5652317340416845
-0.4992781895138789
-0.45389862223605015
-0.4261328671343854
-0.4089879253087418
-0.39298392877578053
-0.3680464819830631
-0.32535126359341826
-0.2587750752177888
-0.16573925181032345
-0.047401662464770004
0.09169370062105409
0.24431189658172553
0.4013646348598576
0.5527537237593928
0.688181019719657
0.7979656938380664
0.8739339136392164
0.9104009641199431
0.9051683664723449
0.8603506511706686
0.7827807921142433
0.6837606705089878
0.5780366783169102
0.4820637690304413
0.41181700939791205
0.3805479438289975
0.3969129513859988
0.46380919507267465
0.5780748405668147
0.7310088317531241
0.9095093857430041
1.0975625292563955
1.2778342765755213
1.4332006913935076
1.5481405784982933
1.6099762367465837
1.609959854890967
1.544172116999148
1.4141454228829016
1.2270737224187662
0.995450778633369
0.7360114834432445
0.46794973739832163
0.21054617806710996
-0.01947345794303657
-0.21037268371911766
-0.35709996420339823
-0.46180989153161706
-0.5330193783029276
-0.583542518817098
-0.6276652857971511
-0.6782142944503682
-0.7441775108698501
-0.8293546905434755
-0.9322218443011324
-1.0468892721414742
-1.1648050810902644
-1.2767513387671001
-1.374693575226247
-1.4531419836138602
-1.5098230711764007
-1.545613358486927
-1.5638327143636364
-1.5691172315625022
-1.5661680052135034
-1.5586796899457414
-1.5486807883893823
-1.5363817692998707
-1.5204702605594467
-1.4986711253019243
-1.4683469087313687
-1.4269612148350264
-1.372334007834214
-1.3027292874541452
-1.216879959603339
-1.1140485743241924
-0.9941603375029642
-0.8579687556556558
-0.7071694128954428
-0.5443879219472858
-0.37302651457447245
-0.1970266736537753
-0.02065270449485477
0.15160391643930932
0.31495964834119305
0.46416632034042604
0.593371776258505
0.6961988016628846
0.7661995078269728
0.7977381960732642
0.7871966884239913
0.7342328771113703
0.6427180483652459
0.5209878383807084
0.3811855237171507
0.23772405125626284
0.10516447339188595
-0.003998085656105344
-0.0811136596087706
-0.12233419974426088
-0.12862158877453905
-0.10495791611426329
-0.059094632519150016
-0.0002102811500102096
0.06226109554841346
0.11954296779631315
0.16422965696662206
0.19091015147990525
0.19675726573710714
0.18201867697469504
0.1502381467956566
0.10800216148380673
0.06407850041601237
0.02797243388454686
0.008119987028673309
0.010096033640675456
0.03527665921255706
0.08032719783077845
0.1376987583798471
0.19705630321607065
0.24730771757518383
0.278734967379347
0.2847008790574381
0.2625288486595991
0.21339147126368566
0.14132533838767655
0.051730058523609346
-0.05015962160830726
-0.16035534764001638
-0.2764341286452991
-0.3970325131633534
-0.5207309534366851
-0.6447591691055561
-0.7640360497380672
-0.8709723801642972
-0.9562296212962081
-1.0103144353947269
-1.0255996895656807
-0.9981981295333118
-0.9291327496040823
-0.8244427157000845
-0.6941681405940077
-0.5504692990520423
-0.4053580663252713
-0.2685919978492706
-0.1461999887167529
-0.039916020836177686
0.052435652873468366
0.1357673194323961
0.2160654487972662
0.2985899786785339
0.38626794984761714
0.47855243280986137
0.5709352370279523
0.6552096858156521
0.7204764316995109
0.754768391584018
0.7470474155754935
0.6892203394688858
0.5777722312437102
0.4146538291738182
0.2071991580174111
-0.03293529808230464
-0.29158128407553846
-0.5542005582383163
-0.8078536272917733
-1.0425391194403286
-1.251618847426971
-1.431295519284423
-1.5793786865438806
-1.693788688337325
-1.7713453719931522
-1.8073280904895799
-1.7960745395659936
-1.7325551113200177
-1.6145092459973893
-1.4444759127044304
-1.2309921868473368
-0.9884152999863569
-0.7352061661334282
-0.4909813748967202
-0.27304099179303304
-0.09327289633580378
0.04374901483286542
0.14099020266471263
0.20749513658980193
0.2556870816129964
0.2981670193844939
0.3448030795985702
0.4007240342575672
0.465511807239639
0.5335549871458537
0.5952885723815541
0.6389571798233825
0.6525802378065761
0.625898343995802
0.5521597853109023
0.42961915922498467
0.2625729822144263
0.06170544859289227
-0.15647239239680386
-0.3711925294655716
-0.5599043908125294
-0.701311174561468
-0.778443450843447
-0.7811936102068344
-0.707838929123377
-0.5653096873680127
-0.3682343316644362
-0.13702725868211132
0.10458841547399408
0.33222693005460047
0.5233451884781933
0.6594127243482557
0.7276368588649609
0.7221602720557031
0.6446293138399787
0.5040100425540308
0.3155543243071122
0.09891723703780868
-0.12441113483272721
-0.3340180414851452
-0.5133514285837119
-0.6518695793735371
-0.746142571268881
-0.7996865300835764
-0.8215632050015923
-0.8240236662288554
-0.8196608152111621
-0.8186255297674209
-0.8264447918125851
-0.8428659195509475
-0.861962018968188
-0.8735007918376789
-0.8653378685579807
-0.8263857795150642
-0.749569300648018
-0.634140207619585
-0.48680902293328926
-0.32135674312467905
-0.15668864961666246
-0.013631686622037347
0.08891587956088084
0.1376771061518415
0.12770388217489
0.0634530936558624
-0.042054392860550155
-0.1698186499293719
-0.29858024628593927
-0.4087820045707912
-0.4858437739217812
-0.5220504621275783
-0.5167798675185308
-0.47527976871257643
-0.40657997889699776
-0.32127024567618817
-0.2297529982511037
-0.14125873497595615
-0.0635360631924956
-0.00285838167460549
0.03606651047572307
0.05052907465531266
0.04053656265390714
0.009476714730486847
-0.03573943612323227
-0.08541980269683973
-0.12878732574607338
-0.1563306095430936
-0.16222064731286576
-0.14611211207987043
-0.11378509572640133
-0.07639463814955463
-0.0484646621373249
-0.045067094750097306
-0.07878495957991091
-0.1570538966393623
-0.28034995015930697
-0.441507007440512
-0.6262601096724271
-0.8149459148600392
-0.9851462242148681
-1.1149238674256667
-1.1861758011211287
-1.1875456740953947
-1.1163434236847853
-0.9790519114717846
-0.7902622911445256
-0.5702214895664228
-0.3415033658543997
-0.1255234911038728
0.060369729368191426
0.2046891374030386
0.30228693493018755
0.3536791601620412
0.36364363382694465
0.33960254636727694
0.29019736990139683
0.22424147766257996
0.1500057879703702
0.07465752484044007
0.003680777434737451
-0.0597629723740381
-0.11540485213948352
-0.16612057971426322
-0.21761407947349204
-0.27740614211838066
-0.35320396307755825
-0.4509321740695251
-0.5728407970882889
-0.7161286225042932
-0.8724288898859549
-1.0283264049326166
-1.1668577332505508
-1.2697399744673479
-1.319924576536539
-1.3040159827268696
-1.2141445603671894
-1.0490260813291652
-0.8141330266580441
-0.5210848315928893
-0.18647592256173148
0.16962532943285696
0.5253413346520831
0.8587412109982179
1.14966653803258
1.381571264616725
1.5432095572926108
1.6298795761054763
1.6438763678380015
1.5938895145447725
1.4933083428738754
1.3577049638221959
1.2020399918417966
1.0382629182601557
0.8738951614094063
0.7119065376210799
0.5518178916211184
0.39161385130667425
0.22984393422355492
0.06728380318641188
-0.0922947207355535
-0.24240916208940463
-0.37506992455469707
-0.48253263682992115
-0.5591182368824505
-0.6026386743687032
-0.6150926699904222
-0.6024863961501538
-0.5738366447562131
-0.5395823145002435
-0.509731725793825
-0.4920977432255971
-0.4909293337962227
-0.5061596839213397
-0.5333817092957905
-0.5645492828022997
-0.5892957610065198
-0.5966666238372074
-0.576990572214751
-0.5235800674719473
-0.4339749205905866
-0.3105259945917101
-0.16024552397146002
0.006008402502657447
0.174832324768791
0.3318253631562613
0.46315155449392126
0.5569309072755871
0.6043349599811851
0.6003154184487519
0.5439320112781398
0.4382764168701135
0.2900247707868152
0.10869448521877234
-0.09427941355168507
-0.30651676276205386
-0.5156013248619138
-0.7098652740169815
-0.8790470739622588
-1.014857044672634
-1.1114777951545591
-1.1659797980522733
-1.1785746287580958
-1.1525994521560226
-1.094154981208269
-1.0114044806248919
-0.9136506024134237
-0.810389556759411
-0.7105551327317574
-0.6220956308140477
-0.5518994678667002
-0.5059509406285311
-0.48951069387833385
-0.5071088328950027
-0.5622124358349202
-0.6565545731133278
-0.7892456620187909
-0.9558908810234228
-1.1479846081239389
-1.352836172423853
-1.5542037046809158
-1.7336855100646515
-1.8727580682585487
-1.9551831698748863
-1.969370237295129
-1.910216269390111
-1.779991144766274
-1.588003556477503
-1.3490493279832363
-1.0809478190661836
-0.8017251687458541
-0.5271185967652784
-0.2690003661914206
-0.035058666027741874
0.17030361728546026
0.3442653172277439
0.4837389376215586
0.5840721958590047
0.6387984180629913
0.6405772025618944
0.5830674420020074
0.46316897138723995
0.2829541533811027
0.050713808260172515
-0.21918684846495567
-0.507609331438979
-0.7927770393892811
-1.0527612311430943
-1.2678290536359214
-1.4222844613458954
-1.505611130408688
-1.5128952333134664
-1.4446204750153948
-1.3059780808813926
-1.105840932805106
-0.8555439430803822
-0.5676149515380216
-0.2546128591799449
0.0717649141431563
0.4011696094896418
0.7246186437358423
1.0340881651548173
1.321841611923357
1.5797383700795706
1.7987842145082165
1.9691277761055357
2.0805912932489203
2.1236849889899174
2.0909302979796958
1.9782357266594346
1.7860419290215195
1.5199781964320989
1.1908442852897696
0.8138421312105963
0.40712201545438453
-0.01014048914300114
-0.41978821441486563
-0.8064274950829113
-1.1584850887402594
-1.468334560785813
-1.7314917603406468
-1.9451530096654597
-2.1065673317041362
-2.2118147935727173
-2.2554660391288373
-2.231342881306284
-2.13426237413023
-1.9623322513916983
-1.7191714965592197
-1.4154112947081399
-1.0689885677861692
-0.704025196649511
-0.34841158118951937
-0.030501306532464183
0.2244882293372587
0.3977188732083404
0.47904621987992985
0.46802048248762346
0.37344289724136365
0.21161781879411132
0.003676389506592914
-0.22749756868898902
-0.46016811384399164
-0.6759871907929891
-0.8612798955245569
-1.0073351215857347
-1.1099083638352294
-1.1683098765963764
-1.1844847220989398
-1.16238238246043
-1.1077032791577002
-1.0278797770358994
-0.9319921815844195
-0.8303036104097996
-0.7332356094571668
-0.6498509394123635
-0.5861677745144979
-0.5437959391587018
-0.5193857489035014
-0.505197465078163
-0.49078505556558905
-0.4654437273942818
-0.420812892482008
-0.3529455316436834
-0.2632833396756748
-0.15827794170172718
-0.047778401737270236
0.05735233712566932
0.14772623103937907
0.21734953649261435
0.26447935745467677
0.2912370870426936
0.3021530497077569
0.3021161413374142
0.29436775609229787
0.2791679553944591
0.25357440834459033
0.21245777516183545
0.15051254311406742
0.06470953426226014
-0.04353347774333504
-0.16715739905851915
-0.293708616017326
-0.4071195683783913
-0.49070188937298803
-0.5306907741632315
-0.519506705594992
-0.4579410452105398
-0.3557097142210298
-0.23018795656206043
-0.10354384656548374
0.0011659014046255648
0.06415967952763564
0.07252970877358808
0.022574262102023315
-0.07957619632099384
-0.21913207498661008
-0.37534931179228853
-0.5251974991404951
-0.6472482992406192
-0.7250297692755787
-0.7492455832172403
-0.7185350844788005
-0.6387806520983099
-0.5212716278922126
-0.380242091304208
-0.23037364423676912
-0.08479052423622854
0.04610097799022689
0.15481690442720003
0.2361807373387638
0.28622839740944417
0.3010815836216547
0.2762264772565516
0.20650175020550693
0.08687597822585975
-0.08615887778879709
-0.31295936629949506
-0.5893439008533986
-0.9058719789309501
-1.2480309747104408
-1.597322353984781
-1.9330086247434441
-2.2341473279194766
-2.4815323465488337
-2.6592652875588376
-2.755830125142855
-2.7646741221521216
-2.684364988883756
-2.518398267154031
-2.27470439855702
-1.9648938691029127
-1.603302336226231
-1.2059430791606733
-0.7895056741409016
-0.3705234886537968
0.03523810906490383
0.41321757020922517
0.7504344483519388
1.0359320158934537
1.2613395949035593
1.4214945480957948
1.5149614024282572
1.544247683515695
1.5155648943438662
1.4381000018389094
1.3228999525063216
1.1815766302041537
1.025079033723481
0.8627484926480987
0.701790905478028
0.5471961695441111
0.4020367359301262
0.2680052620234723
0.14602008535554253
0.03674473071949142
-0.0590693906940634
-0.14041892153803887
-0.20598497906190374
-0.2540594440093032
-0.2823878325704969
-0.28795242154345696
-0.26683063934192786
-0.21432813122241393
-0.12555524419384279
0.0035175460538136786
0.17468266796470053
0.38613012305337124
0.6315069492372951
0.8997541046344748
1.1758827451842555
1.4425930798914761
1.6824008281941618
1.8797996085815123
2.0229942243884116
2.1048802912900464
2.123166254138272
2.0797593981371914
1.9796992192567409
1.8299796033834383
1.6385525882639838
1.4136817751133453
1.1636623693209975
0.8967980530142338
0.6214602393069537
0.3460657099823814
0.0788826373032105
-0.17232092337454707
-0.4006801249423554
-0.6005406175580278
-0.7675505809510478
-0.8985068168582567
-0.9910391207638498
-1.0433089448837622
-1.0539224117651718
-1.0221942362141632
-0.9487625528029288
-0.8363918336015136
-0.6906735973748933
-0.520295537468997
-0.33662414829661863
-0.15252040543442127
0.019464567574669033
0.16915275356187845
0.2905654856278396
0.383008516507149
0.45104549517257264
0.5032425231852042
0.549879993547899
0.6001186716972912
0.6592893276440623
0.7269866575037414
0.7964736075309997
0.8555843155006412
0.8889415958541705
0.8809868949196454
0.8191457386821595
0.6964602043061214
0.5131918669752767
0.27716638593617743
0.0029082749804104206
-0.29017127803075715
-0.5801565955086708
-0.8451861752147538
-1.065844472054717
-1.2271218356481353
-1.3197570554900147
-1.340849366169166
-1.2937000917992463
-1.186929318297721
-1.0330106018741418
-0.8464606898341259
-0.6419839338352565
-0.4328764442833503
-0.2299326443255259
-0.04097871300085141
0.12898594361385166
0.27718910550950754
0.402265368446507
0.5034779993847415
0.5802077509166395
0.6318410742841439
0.6580648258141621
0.6594447652977098
0.6380656242552201
0.5979725836933877
0.5451965400785439
0.48726236140710344
0.43223791921222904
0.38753029058894445
0.35872240353648877
0.34873678391018476
0.3575157765971887
0.3822561485101345
0.41808683522524587
0.458984863690189
0.49871445966592237
0.531639995420405
0.5533648780039339
0.5612314378213252
0.5547385236040835
0.5358820828754511
0.5093282755397358
0.48224537701693426
0.4636122498111424
0.462921203042221
0.48838792260365765
0.545005608478221
0.6329408606688681
0.7467816680632618
0.8759789403613192
1.0065084774732427
1.1234187591249325
1.2136470044024381
1.2683843653941964
1.284391735027474
1.2639713284928897
1.213685094430078
1.1422534121092953
1.0582628972708874
0.9683127059362227
0.8760525162366739
0.7822822085802358
0.6859848555901663
0.5859323724391914
0.4823860902539787
0.3784233863281175
0.2805352173479852
0.1983196054074228
0.14329998274527572
0.1270860583111957
0.1592370808396734
0.24526013870850727
0.38516528142831746
0.5729033657388761
0.7968438467519848
1.0412374196857779
1.2883956356407615
1.5211566482255663
1.72513867954003
1.890336634374869
2.011787441367536
2.0892736868617328
2.126283487100919
2.128618822868168
2.1030865805211096
2.0566008283944384
1.9958103591518086
1.927123068617849
1.856824563516619
1.7909552716590769
1.7347375445853528
1.6915872722407972
1.6620075640472203
1.6428341168626188
1.6272990193371133
1.6061795373515888
1.5699534110788924
1.5115056625012198
1.42866083674384
1.3257594688547287
1.2137009593957933
1.1082877469106762
1.0272006423034383
0.9863474775214796
