1025
0.011512809273449515
0.20886638014232428
0.40890506179767194
0.5919579971709564
0.7406274063225782
0.8420097801080478
0.889016549926764
0.8807109699686275
0.8217368453878768
0.7210379017221891
0.5901460503302907
0.44135247696468904
0.28606787409582035
0.13362653581399278
-0.009306154782011626
-0.13869486482875368
-0.2525828873524945
-0.35027307983713013
-0.43154925630679714
-0.49621516451130315
-0.5441004009503032
-0.5754925172368018
-0.5917683076322624
-0.5958869558178168
-0.5924244469492779
-0.58697652709162
-0.5849884469792908
-0.5903001138951425
-0.6038363022780306
-0.6228665017115667
-0.6411049365268127
-0.6496730818489292
-0.6386936274371149
-0.5991158327401563
-0.5243404323668854
-0.41131540070357603
-0.2609587029249353
-0.07795292691991637
0.1299179292748445
0.3526867762630621
0.5792182106269392
0.7982345489914676
0.9993204456353644
1.1738764560223711
1.3159529161263417
1.4228481690399408
1.4953400657477254
1.5374602442182232
1.5558097913523636
1.5585194694215239
1.5540356552907124
1.5499361049865956
1.5519464732744668
1.5632629939124554
1.5842229326689339
1.6123254051518416
1.6425928164159687
1.6682584070780717
1.681745360877121
1.6758552608934743
1.645017807615592
1.586395224269703
1.5006132381070179
1.3919249785084014
1.2677044004610942
1.1372951106548241
1.0103800685002662
0.8951573523866534
0.7966776380255132
0.7157000329709313
0.6483430873607804
0.5866556811379845
0.5200355188054673
0.43722932702553174
0.32851260639974095
0.18761081904978996
0.01300117952487187
-0.1916019781576722
-0.4175818007439138
-0.6524203409432403
-0.8811394576481345
-1.0879675705520209
-1.2580838577119888
-1.3793488299865695
-1.4439314241097694
-1.4496778379266753
-1.4009755877046852
-1.3088167667593795
-1.1898220605014138
-1.064172770498484
-0.9526717380330452
-0.8734248819425311
-0.8387999772101641
-0.8533075780108212
-0.912855597002963
-1.005515806492233
-1.113608149434893
-1.2166537154283656
-1.2946249674153925
-1.3309330553865921
-1.3146995305254567
-1.2420151497180854
-1.1160592486961745
-0.9461273283909917
-0.7457876133784017
-0.5305425887096205
-0.31547203550591557
-0.11333549971468755
0.06651132892737525
0.2182614767753323
0.33900833977528294
0.42766948369571306
0.4839388157961063
0.5076553983445551
0.4987815329877204
0.45793768724719636
0.38723697552683906
0.29106286487441874
0.17645920212914942
0.05292487526011788
-0.06842574714314992
-0.17621509841731187
-0.26042876362112494
-0.3140180252234157
-0.33417674419371324
-0.3230360643661359
-0.287609004747796
-0.23894199795700427
-0.19057751649231122
-0.15657461488237653
-0.1494378929065568
-0.17833738994202974
-0.24794642427251734
-0.3580901470588985
-0.5042183401923245
-0.678538737117502
-0.8715176269343199
-1.0734017681709604
-1.2754466894410441
-1.4706358769288403
-1.6538139247435197
-1.8213000708287754
-1.9701651499843793
-2.0974222050098668
-2.199386959129399
-2.2714100618595503
-2.308081944642988
-2.3038871000922314
-2.2541676294608353
-2.1561748097096296
-2.0099621901518194
-1.8189097151058824
-1.5897540397011642
-1.3321106803859948
-1.0575785979782912
-0.7785904843187068
-0.5071984658053414
-0.25396690627386154
-0.027097567193318822
0.16814066099223393
0.32964711537840297
0.45838482520073937
0.5579472188566752
0.6338279250417479
0.6924601004929432
0.7401369767804299
0.78196558563568
0.8210217695418605
0.8578551354524389
0.890440485514474
0.9146019586986808
0.9248632631251809
0.9156100114061998
0.8823883987085998
0.8231091494968162
0.7388895348603564
0.6342761166187174
0.5166757008101966
0.3949909797350874
0.2776821288630066
0.17068920708002325
0.07576904452987086
-0.010239011223310241
-0.09491275150853341
-0.1885303185606503
-0.30149386399172096
-0.44149514245184035
-0.6111008796627179
-0.8063302035852105
-1.016554612286216
-1.2257523129975532
-1.41487230989335
-1.5648620444324206
-1.6598056499302303
-1.689606088859784
-1.6517161859473792
-1.551575985390218
-1.4016399955908259
-1.219152895244427
-1.0231056598653239
-0.8310035113905888
-0.6561339870837699
-0.5059031140759548
-0.3815325616839383
-0.2790588646151805
-0.19125550337278815
-0.10990720812304032
-0.02785320944796868
0.05963163170456025
0.15429876841768
0.255154327162917
0.3591899810206602
0.4622770495933322
0.5599200169192512
0.6476799253994383
0.7212261904178089
0.7761156837743849
0.8074988886892078
0.8099939589021431
0.7779390860291748
0.7061317955829125
0.5910077179643436
0.4320380393482387
0.2329878336488734
0.002630705713888836
-0.24540784096937837
-0.4938109268033794
-0.7236040593625627
-0.9166804314250402
-1.0582808759273516
-1.1388876114076307
-1.1551440994951614
-1.1096761394944785
-1.0099783675111043
-0.8667539366011746
-0.6921859886939487
-0.4985552222374641
-0.2974285172704787
-0.09940021221485125
0.08584109587251651
0.24944690360673152
0.3836262735821317
0.48225885335026036
0.5417892341549745
0.5620965371245707
0.5469565682359481
0.503790050027196
0.44259692235506765
0.3742402302534485
0.3084676407434334
0.2521631273379076
0.20827020167372473
0.17564161147684829
0.14981493756861744
0.12447307459153838
0.09319468341609861
0.05106872681178022
-0.00416818588640048
-0.0716536490588768
-0.1475857994026569
-0.22593636365933575
-0.29947350063120437
-0.36086664696155923
-0.40368603589709845
-0.42317557179005366
-0.41674550477951716
-0.3841864476679349
-0.3276435071982464
-0.2514082191533435
-0.1615868496606363
-0.06568638956226915
0.02787140570041303
0.11033065928214382
0.17331467815771157
0.20968815027980953
0.21451940324248997
0.18600196196860477
0.12611450683236894
0.04077660995274071
-0.06067430500822102
-0.16670486401743967
-0.26532936930461654
-0.34602734949937175
-0.4014093363331913
-0.42825369015280623
-0.42769787030017453
-0.40458473016714236
-0.3661660463899557
-0.3204942935545217
-0.27486637026177335
-0.23463339924463783
-0.2025919760917587
-0.17905638240542407
-0.1625925749165365
-0.1512739227433073
-0.14419585609215338
-0.14288007185365034
-0.15214914677925234
-0.18010678475058273
-0.23704349273686562
-0.3333789112470964
-0.47707053828181134
-0.6711506794317245
-0.9120968119213935
-1.1895537335768858
-1.4875544308690147
-1.786953420543359
-2.068443387495948
-2.315393069368564
-2.515858372854243
-2.663421375388111
-2.756878344457096
-2.799093902287107
-2.795475743372598
-2.7524908381395012
-2.6764958932497853
-2.5729786329213535
-2.44617546450594
-2.298975662409625
-2.133028503835133
-1.948999918391798
-1.746945401549833
-1.5267638238692756
-1.2886823184391227
-1.0337132180646538
-0.7640300404748811
-0.48322511103824106
-0.19642121996109352
0.08979682642184408
0.3676822349217654
0.628914252732807
0.8654957434147701
1.0708947902341643
1.2412433622235317
1.376297913271478
1.4798306517945172
1.5591977897457856
1.6240216451731933
1.6841772221708837
1.7475069842029813
1.8178154801601412
1.8936659192717469
1.9683166084438113
2.0308510545041587
2.0682583874963565
2.067995911281588
2.020470287356422
1.920922120797597
1.7703639543691339
1.5754511265123592
1.347399038049598
1.1002475073535114
0.848879176604781
0.6072107888470171
0.3868981326597152
0.1967490158721085
0.042856398212963547
-0.07071453875766925
-0.1409871051683348
-0.165245137013717
-0.14065117139692968
-0.06452806427903197
0.06466475502928354
0.24584605410878788
0.47370070329214187
0.7374428921189646
1.0204521390842816
1.3011273180114005
1.5550209773631574
1.7579665821340575
1.8895931950774985
1.9364418610936993
1.8939306200529908
1.766673119337799
1.5670762354699612
1.312601732317316
1.0224314907459648
0.714410498025642
0.4030108809653979
0.09870685729145205
-0.19130915690789388
-0.4615525730201005
-0.7065312633313461
-0.9195865801716275
-1.0927348053127746
-1.2175621544934494
-1.2868407540598248
-1.2962874733092593
-1.2458602461239912
-1.1401724525815538
-0.987922515054215
-0.8005584827786315
-0.5906093604027359
-0.3701514279217108
-0.14974721249992093
0.06203101965599933
0.25860097515627234
0.4351284030234278
0.588277084005736
0.7160780225033752
0.8179021830058996
0.8944177843220352
0.9473978253188255
0.9793152945170039
0.9927783746281271
0.9899543327518016
0.9721617898539157
0.9397657986799675
0.892413767669691
0.82954665629846
0.7510474522884107
0.6578651483496236
0.55247186990888
0.4390549932293177
0.32339710986956255
0.2124452698370735
0.11361599517653173
0.03392586970807806
-0.020921407415725197
-0.04732957873932803
-0.04431464561163481
-0.013575541180482887
0.040941664856018134
0.11394325610949255
0.1999715151771398
0.2945751396035636
0.3951201183377936
0.5009550882908078
0.6128207197580623
0.7316414372497545
0.8570763021141995
0.9863380737885786
1.113748590184743
1.2312811426076857
1.3300138865354578
1.4020980145311248
1.4426474556134823
1.4509552747433685
1.4306357850494227
1.3886121999170131
1.33321074382789
1.2718787023204434
1.2091469843827878
1.1453896410030107
1.0767231238898225
0.9960984692573603
0.8953435103018447
0.7676784337233231
0.6101076608584737
0.4251095995244555
0.22119822211441448
0.012181957523153248
-0.18476145452412346
-0.3518075534157129
-0.4734369613535533
-0.5389931914085689
-0.5443071989326796
-0.49205354198652973
-0.3907828344494153
-0.2528691824213256
-0.0918523354543056
0.080215257976831
0.25482044989981195
0.4280028244293217
0.6001556802843644
0.7747409716507805
0.9563013432697958
1.1482977354681694
1.3513017938294796
1.5619382748138368
1.7727535324792894
1.9729511929261876
2.1497519587478116
2.290043335201687
2.3819953896839103
2.4164062790656273
2.3876620980354866
2.2943024811443378
2.1392415558529554
1.9296939551113295
1.6768146392030985
1.3950158184172206
1.1009146786216333
0.8119151807433985
0.5445290610448438
0.3126569071019271
0.12612542292957588
-0.0102329128681511
-0.09677746030258132
-0.13852440777952113
-0.14404285403228903
-0.12405855942244078
-0.09005743588369765
-0.053105153723988316
-0.022974795352552337
-0.0075578753870316085
-0.01246874589489623
-0.040752141002265464
-0.0926533273213679
-0.16547851285866022
-0.2536286841307196
-0.3489117879949091
-0.44121623707698193
-0.5195639033618799
-0.5734627267984772
-0.5943714930206582
-0.5770065448016294
-0.5202018757966079
-0.4271039634828198
-0.3046343256545387
-0.16234123428726016
-0.010920921708748584
0.13924252768308631
0.2792148959758822
0.40215973735681704
0.5034971141298397
0.5807083044364812
0.6329809173152297
0.6608695600125941
0.6660767266848618
0.6513751911184825
0.6206257079635206
0.5788033804975713
0.5319313296701201
0.4868278752476667
0.4506042473066787
0.42990641700144605
0.42997275518694344
0.45366132493398625
0.5006595642976157
0.5670979948270626
0.6457358103768035
0.7267778289282846
0.7992454612845084
0.852693753644495
0.8789732180733052
0.873700270766753
0.8371325301544594
0.7742426715465173
0.6939335014569453
0.6075121239129051
0.5267056073205527
0.4616121796381311
0.4190047664024354
0.40132361440412445
0.40652923919498274
0.4287839775797223
0.4597522292649692
0.490209115587611
0.5116454096028813
0.5176335406235127
0.5048262843181166
0.4735425281579973
0.42792424734613577
0.3756351156377994
0.3270560485255308
0.29396503578827765
0.2877906183137175
0.3176779477318349
0.3887405217783382
0.5009144645561308
0.6487382243153526
0.8221579638421994
1.008177112670703
1.192930510644502
1.363661659461464
1.5101557493303297
1.6254001103105697
1.7055190202915518
1.749253378444416
1.757346841062191
1.7321372253607321
1.677476696752129
1.5988996443704782
1.503808424592319
1.401408496061862
1.302200475850345
1.2169887112425388
1.1555335805937124
1.1251020350373093
1.129224699791902
1.1669425791909045
1.2327370085173954
1.3172064788737325
1.4084081821365162
1.4936441642412868
1.5613677499270322
1.602841310564905
1.6132136701735225
1.5918080885712547
1.5415982778284776
1.4680514643867035
1.3776733239888819
1.2766482453306889
1.1699095193129576
1.0608174886261899
0.9514223791830356
0.8431087513066786
0.7373158579768799
0.6360301860525063
0.5418462649273205
0.4575537291689791
0.3853809018727373
0.3261548437081509
0.278685294697535
0.23962801437951672
0.20394436569434365
0.16588799431784246
0.12027451768426536
0.06368545542910467
-0.004736672973427479
-0.08312479243645719
-0.16737930453733763
-0.25212961196940153
-0.33183175536202797
-0.40163819821770763
-0.45777543651448094
-0.4973609229873783
-0.5178143498295175
-0.5161890392908656
-0.4888047029133727
-0.4314787573703072
-0.34045362682256214
-0.21386586495956278
-0.05338295368829234
0.13448015183553857
0.33781909446874736
0.539853512364264
0.7205155182604299
0.8588642927903932
0.9358797037103164
0.9371113354517081
0.8547133989832397
0.6885502143849981
0.4462575661021544
0.14233615823704474
-0.2035047097315427
-0.5684593041627002
-0.9288857445547134
-1.262440382320364
-1.5498760359224788
-1.7763733191260542
-1.9323561479345894
-2.0138139427009802
-2.0221999177054943
-1.9639874638846966
-1.8499456339212226
-1.694156393719705
-1.51276922811413
-1.3225015187123594
-1.1389574181353472
-0.9749365373859014
-0.8389929503940861
-0.7345336393561163
-0.6596816651361898
-0.6079811289038025
-0.5698364489530592
-0.5344236694924264
-0.4917370797542589
-0.4344507677847051
-0.3593491281373139
-0.2681618522828385
-0.16769111231254347
-0.06914575416420755
0.013360680629977544
0.06508585813338114
0.07346137028876325
0.03095174730711454
-0.06267158329381248
-0.19929842234144857
-0.36314686483030856
-0.5331912774902897
-0.6869314381142615
-0.8046730521190519
-0.8732994424494873
-0.8886193824341151
-0.8557491934312873
-0.7875072655693031
-0.7012990563142832
-0.615300269239719
-0.5448257370376479
-0.49961163347771925
-0.482424656609089
-0.4890615994665407
-0.5095196786203909
-0.5299571910937315
-0.5350255858299465
-0.5101996327051168
-0.4438129591865091
-0.3285893958523125
-0.16253629627865315
0.050856979543256985
0.3030858311113068
0.581643109277734
0.8713860442419868
1.1560373858675188
1.4196287259171467
1.6477670141584995
1.8286891000345065
1.9541230229142608
2.019973011878018
2.0267918852691564
1.9799334744316732
1.8892366521468689
1.768120141130221
1.6320728879896598
1.4966822986810857
1.3754993784165288
1.2781369557932218
1.2089936786274786
1.1668839298957054
1.1456608237421806
1.1356998151085569
1.1259246693992893
1.1059525835138457
1.067932951590664
1.0077469911743526
0.9253945954846095
0.8245792295763582
0.7116688918142953
0.5943253461970656
0.48013139625915496
0.37550233975973374
0.28505830765033824
0.21149314538087718
0.15584535867094648
0.11799454117317422
0.09719159558260528
0.09247729345076913
0.10292552520471196
0.12772991303445705
0.16620491176978447
0.2177789877672708
0.28202113242402643
0.35868234492645606
0.44768093647046026
0.548943443685444
0.6620481349369233
0.7857004082701501
0.9171700378838405
1.0518965987546163
1.1834808387055487
1.3042072400377587
1.406099093837888
1.4823344144387487
1.5287064509607748
1.544748382774108
1.5341870600715248
1.504540408398034
1.4658909107323819
1.4290925870780893
1.403834535442419
1.3970347936424579
1.411950397707004
1.448180995499836
1.5024752745547365
1.5700078360452585
1.6456631523155365
1.724892235405956
1.8038904683094152
1.8791183258365802
1.9464512235423235
2.00040224202034
2.0338515010791958
2.0385404061942056
2.006310613489923
1.930787485445096
1.8090268773157199
1.6426266276011656
1.4379543752979291
1.2054075033828924
0.9579074668336969
0.7090452695211732
0.47137179113279765
0.2552487080156832
0.06847510154491555
-0.08335178814341809
-0.19601656305653684
-0.2658227554229007
-0.2891116046968753
-0.26245749707902044
-0.18360118195142072
-0.05290887960775335
0.1250849155029787
0.3406029653347339
0.578512605242525
0.819442571335295
1.0420613527965195
1.2261042286648505
1.355494079848599
1.4208453977831532
1.4207926536432807
1.361891358565764
1.2571964894585188
1.1239100364229477
0.9806250607109918
0.8446623551460356
0.7298497004294353
0.6449200959772273
0.5925824984008736
0.5692772327703576
0.5656430022397494
0.5677321272100917
0.5589582413524506
0.5226279753787428
0.4447306098906221
0.316510117221244
0.13629843593441035
-0.08981081010723989
-0.34863602538586
-0.6218158277949278
-0.8885607645280231
-1.1286836583727795
-1.3253181786528547
-1.4668523865169167
-1.5478183548895683
-1.5687233990896166
-1.5350208647543269
-1.4555555402459288
-1.340864232665463
-1.2016714086837432
-1.0478143000890956
-0.8876915033925225
-0.7281872435441212
-0.5749126154411232
-0.43255013402211007
-0.30509900539420676
-0.19588729611269654
-0.10731780008389112
-0.04041306901091398
0.005707648100215035
0.03426537736838488
0.05103865960382302
0.06427216581279052
0.08423604021905981
0.12243358547733557
0.19048293855838264
0.2987276850772656
0.4546763427605707
0.661437429162544
0.9163938797793166
1.2104184458861216
1.5279317492811686
1.8480168417793417
2.1466242316729995
2.3996595812775556
2.5865023914804652
2.69332970250539
2.7155729176221515
2.65894638848222
2.538738945597993
2.37740290800981
2.20083235784604
2.034010378448087
1.8968534457778037
1.8010501716853722
1.7484835273951478
1.731487074779
1.7347980562543122
1.738729154686475
1.7228685890265913
1.669579949332484
1.566703396414692
1.409105977201549
1.199011169633508
0.9452766667533609
0.6619310491762119
0.36631050149542055
0.07708075425756279
-0.1876654487743795
-0.412129560178556
-0.5842839517945217
-0.6970366298906191
-0.7489848559507282
-0.7446318698856786
-0.6939502672417901
-0.6112373661696697
-0.5133190617815813
-0.41729621110221143
-0.3381558200285573
-0.2866489292226075
-0.2678363670586901
-0.28060770492524445
-0.3182973726073402
-0.370289980556016
-0.42428017635855936
-0.46869336298407915
-0.49473361349676426
-0.4976250233925599
-0.4768309660891431
-0.4353112140192018
-0.3781253883413464
-0.3108356412056927
-0.23816025775963237
-0.1631934615219605
-0.08729405935053226
-0.010537686168279693
0.06750550500387749
0.14693421189945655
0.22682766533222953
0.3048163404671584
0.37694067226394784
0.43778860805765596
0.48090067509313417
0.49943399886492806
0.4870520240623835
0.4389455104656537
0.352814246059599
0.2295894073294812
0.07369168865719616
-0.10728748501600631
-0.3034483194053513
-0.5038042064676684
-0.6975761051638738
-0.8752563245291918
-1.0292110159525347
-1.153728646789998
-1.2445825085774094
-1.2983143783936937
-1.31152912770699
-1.280495523695502
-1.201272727399373
-1.07043686589954
-0.8862984445872428
-0.6503254769907018
-0.3683737462435657
-0.051319149256881795
0.285196838442937
0.6219854145218967
0.9383241772475636
1.2143985731440357
1.433709928247093
1.5850207460520238
1.6635367392275027
1.671192907682961
1.616061875930079
1.5110077551904197
1.371773856852269
1.2147431931418993
1.054665484687931
0.9026955179682037
0.76509995672841
0.6429213120340042
0.5327199513442835
0.42827307378965473
0.3228616941265651
0.21160935323792193
0.0933166810109372
-0.02861964506819775
-0.1463520341865507
-0.24864967582889452
-0.32253088953723186
-0.3550294982848188
-0.3347461533256753
-0.2530204338422382
-0.10475784010385901
0.1109326182514964
0.3901409111886302
0.7235746673578586
1.0961498187141114
1.4870502868424353
1.8705767568328486
2.217977840212444
2.500210828909493
2.691296391207788
2.771711383395665
2.731185255719557
2.570355550168392
2.300966731995213
1.9445913408642357
1.5301290273781876
1.0905311161758369
0.6592750135400478
0.2670808336037753
-0.06074715751100471
-0.30611954851876405
-0.45901845181764817
-0.5174611435362669
-0.48671858762448206
-0.3779951486903927
-0.20679289508734297
0.008834649782945332
0.2499751512644086
0.4983766084660091
0.737704267165162
0.9544586716594483
1.1384818162425459
1.2829958601179208
1.3841718888514585
1.4403195625980025
1.4508997001844492
1.415646815267742
1.334099543039539
1.2057476741062527
1.0308273169804036
0.8115809594597256
0.5536168503919081
0.2669136981319537
-0.03394719092595583
-0.33058798191214844
-0.6027147524306794
-0.8308538347869042
-0.9994975377283983
-1.1000549832922712
-1.132953723915187
-1.1083225797974248
-1.0449158362968007
-0.9672898639492863
-0.901649441719713
-0.8711397663668674
-0.8915590876287685
-0.9684255822333494
-1.0960381489983044
-1.2586947217262427
-1.4337096126541868
-1.5954586639521273
-1.7194984835342544
-1.785896948760716
-1.7812286275459803
-1.699112823176196
-1.539561148056964
-1.3076396447812328
-1.0119867568975067
-0.6635875551161006
-0.27496913122883293
