1025
0.7359009629117326
0.9268367410584545
1.1229225156943554
1.31332288591576
1.4897409022214338
1.647831513330784
1.7874355213685755
1.9115962570189913
2.024670704317272
2.1301129131499725
2.2286105790569555
2.317158693375472
2.3893770249661412
2.436998067758823
2.452084653729961
2.4293013768105274
2.367543054256236
2.2704292936011967
2.145540384408945
2.0026713003476333
1.8516782855778773
1.7005844293936305
1.554470737705634
1.4153679218846424
1.2830040214079417
1.1559903198036625
1.0329398654653426
0.91312896693693
0.7965701849792882
0.6836488310824123
0.5746622373000027
0.469616016298184
0.36847410863017077
0.27180438320559913
0.18152579454510862
0.10135516821196108
0.03662553359900067
-0.0066222052294221114
-0.023080137420894896
-0.009720600683245297
0.0330506119127469
0.10102053413455306
0.18670328367931466
0.2806139384366534
0.37288886981556973
0.4547820013231352
0.5196497955417648
0.5632368419649265
0.5833108271660318
0.5788928117964387
0.5494327010359941
0.4942713365171577
0.4126217358318482
0.30412746213085823
0.16986416138744448
0.013492597588052064
-0.15780754240111622
-0.33296999744365835
-0.4974646989526256
-0.6345471864570178
-0.7271699881735667
-0.7602320386726295
-0.722763209637293
-0.6096550912859166
-0.422643893188363
-0.17039617252194392
0.13229229114546054
0.4660328504527476
0.8088638225525951
1.1384561699405449
1.4342161012821877
1.6790505139602967
1.8606442496816606
1.9721887792785637
2.012579562337798
1.9861496834765346
1.9020255560383252
1.7731819785180893
1.615253579423866
1.4451465664500203
1.279505230416966
1.1331268385537054
1.017475725463728
0.9394967970865068
0.9009395057442358
0.8983546006363258
0.9238178178647334
0.9662938085129432
1.0134219516510228
1.0534242473287097
1.0768259131947857
1.0777361116509014
1.054532763541322
1.009898459645205
0.9502398474740217
0.8845836861410994
0.8230858528393754
0.7753255634438633
0.7485901245570494
0.7463800319646191
0.7673667838076587
0.8050043014870011
0.8479235975523972
0.881133000474015
0.887916105681139
0.8521858588625705
0.7609413377757387
0.6064118975147378
0.3874880622906311
0.11014432645706632
-0.21325170128272813
-0.5656141246981164
-0.9274479436722449
-1.27930551041085
-1.603895186277703
-1.8874742099317872
-2.120378005234747
-2.2967777652682173
-2.4139390752860583
-2.471325951673789
-2.469848089376919
-2.4114192123632594
-2.298837585915377
-2.1358741840036477
-1.927397170305786
-1.6793820131778106
-1.3987372923980828
-1.0929807464392653
-0.7698876589931952
-0.4372689559451752
-0.10300090707862992
0.22467367633596375
0.5366918610747067
0.8228103871773648
1.071642728786774
1.2713444415049329
1.4110256387256386
1.482716397768127
1.4834573411799972
1.416931024116341
1.2940672816974321
1.132267583357617
0.9532471894229437
0.7798776818696673
0.632696489030266
0.5268389164180634
0.4700188433474761
0.46189356227642636
0.49480524052952246
0.5556079436613471
0.6281353972262166
0.6958474086280066
0.7442677128407489
0.7629306804430052
0.7466445689395452
0.6959475930672212
0.6167029529587942
0.5188780431674084
0.41468834399771903
0.3164301365047294
0.2344255240598241
0.17550601090551343
0.14234359536312483
0.13372294454706432
0.14559839080067175
0.17257685918592902
0.20938002929475855
0.2518936481330308
0.29758513661302427
0.3452986659201864
0.39463939741876725
0.4452687543791006
0.49641944985932823
0.5468153508633199
0.5949977228023035
0.6398847375592132
0.681289084860517
0.7201258191110114
0.7581558996418464
0.7972885707836176
0.8386411200801474
0.8816620262987387
0.9236229685111763
0.959678503037287
0.9835220051350965
0.9884972911136126
0.9689160023774441
0.9213097215651885
0.8454020148861886
0.7446781341854585
0.6265123340529568
0.5018556329513578
0.38449230953762864
0.28986929204599493
0.23352294466377194
0.22919182023602783
0.2868022475324671
0.4106115504145342
0.5978476854267167
0.8381621296740568
1.1141094644660905
1.402703417038391
1.677913065335284
1.9137930890608859
2.087816759951368
2.1839158645501926
2.1947366058302222
2.1227016009459665
1.9796300109553726
1.7849029527070497
1.5624393549512778
1.3370097047692509
1.130586379587931
0.9594433818244243
0.8325495764272988
0.7514823931759262
0.7117137920389859
0.7048025773233914
0.7208634539680536
0.7507131374429303
0.787287149285462
0.826194623205521
0.8655332752476974
0.9052470176711173
0.9463438505118736
0.9902186601504942
1.0381913147071233
1.0912315158798211
1.149746458771639
1.2132856493639501
1.2800771168788423
1.3464326101346418
1.4062049755233865
1.450589040084033
1.4685695636423344
1.4482009169795789
1.3786645298878797
1.2527567780407631
1.069215863041467
0.8342075647019219
0.5614203143783758
0.27055611249457445
-0.015550927215981763
-0.27455205097856067
-0.4880828128970958
-0.6443396721956576
-0.7392307030255015
-0.7760320775597704
-0.7638876484103523
-0.715721860482868
-0.6461330989701681
-0.5696369010285245
-0.49935590604807206
-0.4460451278809872
-0.4172875646881004
-0.4167995647633186
-0.4439660008587833
-0.4938629068506008
-0.5580224448029073
-0.6260268418400883
-0.687740570816152
-0.7357161051786855
-0.7671536457358147
-0.7848305724991903
-0.7966418869309851
-0.8137428305456117
-0.8476557040305945
-0.9069911652346793
-0.9945655521353407
-1.1056406237168113
-1.2277845328934398
-1.3425034163777416
-1.4283952672837361
-1.4652167758450472
-1.4380131667046765
-1.3404048295478703
-1.1762797501085243
-0.9594829052946742
-0.7115445447719658
-0.4579347803114111
-0.2236551698408089
-0.029097078721749423
0.11300870394250323
0.1990134747102619
0.23398685555857712
0.2297904368408062
0.2021086656554508
0.16712480498809026
0.13854999903627166
0.12559076704726777
0.13219810918743508
0.15762538266897305
0.19800106770025502
0.2483791701185907
0.30463777553793303
0.3646892346681855
0.4287186014279816
0.49849770667598253
0.5761188809446962
0.6626553797592758
0.7572349972280777
0.8568267035280043
0.95676173229585
1.0517429820725077
1.1369324669655434
1.2086983216422402
1.2647476396085353
1.303614813899307
1.323730474583577
1.3224737604598642
1.2956470132386642
1.237690848231161
1.1427167867937669
1.00615424578814
0.8265832543520548
0.6072309773741449
0.3566798892538527
0.08854317670673183
-0.17986296129006546
-0.42957009744724356
-0.6422996459333772
-0.802645326742107
-0.8997439956720521
-0.9282485576522482
-0.888585999936
-0.7866065138276808
-0.6327844141896168
-0.44112549408091534
-0.2278955787210143
-0.010243347880950429
0.1952275818424484
0.3738657606106849
0.5142412824536914
0.6091086478781146
0.655868843399432
0.6563702242244365
0.6159979093274079
0.542175082480802
0.4425888428427253
0.3235867854131097
0.18920136392839815
0.041115388206401426
-0.12038912914047686
-0.29477378077394417
-0.47940683447383076
-0.6681722997235165
-0.8510506401663332
-1.0149286061980503
-1.1455429910630806
-1.2301325944747787
-1.2601562757712423
-1.2333854935428177
-1.1548039487852935
-1.0360114874504853
-0.8931746672140523
-0.7439162426233166
-0.6038107454118268
-0.4832819973113684
-0.3856362017828007
-0.3067105473133978
-0.23622449034824075
-0.1604885590818432
-0.06577435116737246
0.05851452527380039
0.2176524891397486
0.4108615455614364
0.6320786013869707
0.8718163651765203
1.119408497148999
1.3648622191545288
1.5997371127397932
1.8168660935730088
2.009200792505122
2.1684355523680843
2.284204355762887
2.3444901690151574
2.3374761280467404
2.254535157984439
2.093580792220764
1.86175533465685
1.5765066108868468
1.26448951334177
0.9583081412976309
0.6917108586458453
0.4942817839332745
0.3868109653916489
0.3783375415815875
0.46541236649977147
0.6335615121090938
0.8604206306739165
1.1196952879738609
1.385054793964328
1.6332656373182013
1.846216870893521
2.01184796006192
2.124238919468975
2.183199732189208
2.1936132933300994
2.1646168945912088
2.10855149776075
2.039547985212493
1.9716882407905703
1.9168498760943864
1.8825442475094918
1.8701999923264532
1.8743586638174567
1.883109685542177
1.879827317109433
1.8459569132787144
1.7643266103879611
1.6223181741908448
1.4142614573206018
1.1426096166524873
0.8177435934132908
0.4565532520734714
0.08016316213567917
-0.2887355236391548
-0.6285171209137804
-0.9208978720840107
-1.1526641305067116
-1.316752868688296
-1.412630286718873
-1.4459316963057771
-1.4273550205438192
-1.370873573261767
-1.291456099396068
-1.2026247176281917
-1.1142917393323635
-1.0313390266527749
-0.9533028987908042
-0.8753047610163289
-0.7900658166052793
-0.6905421757709058
-0.572507706014493
-0.43637601601961373
-0.28772502551906026
-0.13633708643043893
0.006001778312195511
0.12832397891684225
0.2231112092372803
0.2879822280747012
0.3259826101966042
0.344452077185038
0.3528613491012342
0.36027626833153775
0.37314967102559815
0.3939730325158988
0.42102301213628646
0.44912423217026193
0.47111337662693975
0.47957805187625413
0.4684527577858242
0.4341477253440249
0.376022345016923
0.2961634819995973
0.1985738152026889
0.0880030798122384
-0.03125516345208446
-0.1562562384873558
-0.2857098725968612
-0.4195806142426916
-0.5580780636066232
-0.7003340678636006
-0.8431846920098629
-0.9804676381030926
-1.1031082964460661
-1.2000444482358392
-1.2598036640447452
-1.2723728477224239
-1.2309359955909833
-1.1331139648706132
-0.9814904526911212
-0.7833961074886879
-0.5500861464914323
-0.2955389960589899
-0.03510762259664694
0.215809928233779
0.4430041900382843
0.6345791377830309
0.7819602964021934
0.8807262800644595
0.9311307415954271
0.9381393499914957
0.9108361853298997
0.8611644500944127
0.8021281392135727
0.7457383287825716
0.701083046658072
0.6728980695499754
0.6609156873002718
0.6600983159074959
0.6616706228104299
0.6546966925394034
0.6278479287336451
0.5709968075753832
0.4763543359795173
0.33902450783345733
0.15703341038660426
-0.06895465196180266
-0.33595230728206177
-0.6387604355231732
-0.9697917073794263
-1.3187212743952546
-1.6722446461509095
-2.01427837858904
-2.326851066053382
-2.591723918411515
-2.792526775189392
-2.9169921483300607
-2.9587932243890656
-2.9185679964616753
-2.8039091582208626
-2.628344243168918
-2.4095405326523442
-2.1670870207274717
-1.9202180582623187
-1.6857790668541324
-1.47664335848344
-1.3007126947090835
-1.1605862330644567
-1.0539448406507086
-0.9746372845104564
-0.9143490278566875
-0.8645938106238338
-0.8186397923324245
-0.7729305979752014
-0.72763775349133
-0.6861899122948123
-0.6539136455678302
-0.6361951361275133
-0.6367294044944027
-0.6563973121726123
-0.693099496712273
-0.7425499266298122
-0.7997043405895948
-0.8602885920743919
-0.9218749033784741
-0.9841367827343109
-1.0482283298399577
-1.1155643518548228
-1.1865003581358358
-1.2594413198380479
-1.3307323910301132
-1.3953703550886354
-1.4482444375480943
-1.4854021288391186
-1.5048286501450585
-1.5064339061012906
-1.4912763893659164
-1.4603806334694485
-1.4136864091444716
-1.3496263402107207
-1.2655805935421538
-1.159105273262288
-1.0295186053700178
-0.8792784940997398
-0.7146479658044427
-0.5453855165606171
-0.38351456161006786
-0.2415015462681759
-0.13031873121400292
-0.05785716242068227
-0.028018144061964144
-0.04061059633190301
-0.09198260030529054
-0.17616358172397334
-0.28621018304829726
-0.4154371037944782
-0.5582697631178162
-0.7105676791477207
-0.8694154282760685
-1.0325261602998494
-1.1975058867055872
-1.3612464717250952
-1.5196403530693354
-1.6676689820269
-1.7997695343072206
-1.9102965550280544
-1.9939045840172513
-2.0457745964792218
-2.0617366244066186
-2.0384312901580857
-1.9736524807169933
-1.8669170565336988
-1.7201601586402588
-1.5383282242375018
-1.3296004320592856
-1.105039428535034
-0.8776306817113152
-0.6608564122991971
-0.4670935466107378
-0.3061745371098888
-0.1843928798352886
-0.10410152050397883
-0.06389685728364698
-0.05925910158922736
-0.0834636674367235
-0.1285862399177059
-0.18646779047698628
-0.24954976317155717
-0.3115126450248569
-0.36765794227799137
-0.41498675709852106
-0.4519704323416974
-0.47808138342665124
-0.49323053339560446
-0.4973006287629686
-0.4899407701884709
-0.4706949023710561
-0.4394091783257475
-0.39675317127134335
-0.34464306160436603
-0.286386575962647
-0.22645855975474324
-0.16992149760594022
-0.12158797968618573
-0.0850664740746314
-0.06184567767583374
-0.050575940718944064
-0.04670845131557903
-0.042644817578803146
-0.02850565958495624
0.006473904730158781
0.07206783890570327
0.17501664484330245
0.31725586048590837
0.4948689107726732
0.6980992489577824
0.9125237914388308
1.121206436013506
1.3074018530595244
1.4572400296233132
1.5618281632815993
1.6183497473544846
1.6299746448721972
1.604654978552814
1.5531102226142142
1.4864581401201764
1.4140045617218606
1.3416594599757181
1.2713080348894552
1.20125402755922
1.1276043336896644
1.0462300950048384
0.9547803696306165
0.8541934896797109
0.7492731655294821
0.6481507812331841
0.5607742404171003
0.49684893225393983
0.463813818995893
0.4654100288550535
0.5011990792424158
0.5670820538535296
0.6565663357727867
0.762324547579448
0.8775532971896923
0.9967669413364372
1.1158977715107983
1.2318295244293962
1.3416783674863986
1.4421965701854402
1.5295972482524296
1.5999157885013917
1.6497999697263017
1.6774318031753759
1.6831968196519391
1.669767933205437
1.64145521422072
1.6029364869955087
1.5577374785279126
1.506976910219338
1.448861891293928
1.379203952307273
1.292888903181733
1.1858914928748725
1.0572060672893795
0.9100535412499051
0.751932738782552
0.5934390810196222
0.4461516778203316
0.320165020512878
0.22193039351861776
0.152962386308212
0.10970880061852083
0.0845689456109139
0.0677674450149759
0.049613827366918134
0.022627692918623783
-0.016925696489567613
-0.06839616414414718
-0.12712000962153774
-0.18571402761397207
-0.23602028854047477
-0.27128860754328404
-0.2881092865026485
-0.28762426675724573
-0.27566491304485125
-0.261683907548601
-0.25663188148659893
-0.27021259953112886
-0.30815357820727174
-0.3701825740874191
-0.4492716283676188
-0.5324209779147089
-0.6028792649899103
-0.6433375306502692
-0.6393917554006254
-0.5825054863659472
-0.47182909293970127
-0.31450356178008054
-0.12441828570858023
0.0802796865794143
0.2803842574711536
0.45888143186890107
0.6036252832541864
0.7089639808078296
0.7760797290615118
0.8120751766379616
0.8280790537399351
0.8368071237615818
0.8500741348549418
0.8767090874267759
0.9212030310388236
0.9832521824021492
1.0581855961157378
1.138114459167779
1.213528593555827
1.2750086992399199
1.3147291544567075
1.327498284425195
1.311209037704624
1.2667234979248256
1.197346986215703
1.1081197328434953
1.0051437348036618
0.8950781360029899
0.7848153712331726
0.6812440442900783
0.5909553312947944
0.519776063515383
0.47210126867961055
0.4501169972818819
0.45310695059951617
0.47708464835175707
0.5149632430685978
0.5573662831710692
0.5940176541057398
0.6154716378350077
0.6148109252127175
0.5889012414169956
0.538872668163084
0.4696862657373456
0.3888887149605983
0.30488090571962995
0.22515547528459495
0.15494962648979593
0.09661644497800492
0.04978952607630329
0.0121790416641319
-0.0193306972170237
-0.047660838219511656
-0.07489474827453722
-0.10214113911633889
-0.1298333958074109
-0.15823717104151971
-0.18787427525965655
-0.21961883824531842
-0.2543609690658613
-0.29231329869898853
-0.33219336029492075
-0.37059545088839624
-0.40184049017578966
-0.41846715279816504
-0.4123393691411256
-0.3761515580233087
-0.3049738236651658
-0.19744018817706432
-0.056260869838891184
0.11208263655267993
0.2983721385954689
0.492117370767147
0.6830233508344258
0.8620364211198426
1.0216866827247393
1.15568727749457
1.2580198521203365
1.321939999708119
1.3394015035797182
1.3012917446113161
1.1986185365264177
1.024469141192293
0.7762795985451072
0.45780027442319743
0.0801717985001444
-0.33827547845456846
-0.7735783013002984
-1.1988083925819581
-1.5873497923894573
-1.91615421261803
-2.168359377214306
-2.334802883524103
-2.414204294687232
-2.4120690946305277
-2.3386342532909823
-2.2063699244524844
-2.0276296231404003
-1.8129754367684605
-1.5705037307437104
-1.3062068398675175
-1.0251071768079263
-0.7326826168472252
-0.4360362571089961
-0.1443733077338763
0.13140389456853666
0.37987046354659415
0.5906613013591072
0.7559851854274682
0.8716475736106645
0.9373480685744364
0.9562640968517825
0.934140938198389
0.8782092207739508
0.7962227959578353
0.69578429759632
0.5839684976186735
0.4671349581378289
0.3507853400001663
0.2393696797496638
0.13604458217501794
0.042480296977688785
-0.04114525682772726
-0.11586186337712281
-0.18332625664117888
-0.2450625577821846
-0.3017372838969442
-0.3527091390249356
-0.3960321540203311
-0.4289556681496227
-0.44879801194531377
-0.45393124278569
-0.44455367025394865
-0.4229729647638466
-0.3932669089684544
-0.3603873132324059
-0.32896083622626276
-0.3021543694663962
-0.2809703818696381
-0.26421498475608285
-0.24917272990849285
-0.23279146239975104
-0.21300128180131964
-0.18972463957445346
-0.16520836057699784
-0.14350867145065102
-0.1292310166666017
-0.12588453118747572
-0.13436990153456738
-0.15211873078859434
-0.17323005874570976
-0.1896520290340183
-0.19312603301638545
-0.17735657595535745
-0.13977966275152617
-0.08240801771042118
-0.011498355301747636
0.06387402389530066
0.1339438444669519
0.19052020188254176
0.22881116622374695
0.24838318778263654
0.2530809922802305
0.25000796903472394
0.2478892812862864
0.25525754117495414
0.27889290712539927
0.3228290589210286
0.38804458976169354
0.4727543711081441
0.5730582027410176
0.6836403544899652
0.7982610698293187
0.9099213000715662
1.0107643542511964
1.0919357811020018
1.1436931831354082
1.156007514815798
1.1197355065753731
1.0282213133490965
0.8789821696427891
0.6750234242782895
0.4253582232412091
0.14447319519887633
-0.14926517304819933
-0.4360042019424116
-0.6971388503040241
-0.9178394853262021
-1.088869998450843
-1.2073458677714082
-1.2763062186698244
-1.3032208741900717
-1.297774327580444
-1.269419182961458
-1.2252387906592388
-1.1685864848721934
-1.098787409608097
-1.0119374197803368
-0.9025731998364223
-0.7657863236316581
-0.5992640144422413
-0.40478098203181373
-0.1888213659126937
0.03777326726802756
0.2610186009500457
0.4655952953000051
0.6369074178255565
0.7630581978544966
0.8364712174428709
0.8549626527158251
0.822138737573482
0.7470503554272968
0.6431003049714611
0.5262887461594498
0.41300177616231065
0.3176730094052177
0.2507321781244319
0.2172498653141936
0.21656951364445234
0.24300339953389358
0.28741460164768073
0.339289863302176
0.388798225514515
0.42836405977362696
0.4534510378256988
0.46250267487735075
0.45623712005982087
0.4366687017705739
0.4062699612698208
0.3675815301005385
0.3233591180950411
0.2770951480229294
0.23356348647357442
0.19898848110512832
0.18056297061718668
0.18529462766183105
0.21844918069835517
0.2820649002649749
0.3740463628948452
0.48818557720489725
0.6151617804768997
0.7442480114503482
0.8652212890973154
0.9699139331510981
1.0529711416509828
1.1116458644168392
1.1447771516633296
1.1513646988777197
1.1292920654103291
1.074722342502471
0.9824967386839217
0.8475566828280597
0.6670678605488992
0.44265182389694563
0.18201848799384698
-0.10060862616335804
-0.38558691785275373
-0.650368180552376
-0.8729230064654921
-1.0352943139077233
-1.1264448055839595
-1.1437460714468592
-1.0928170356456983
-0.9858436231069858
-0.8388730935725935
-0.6687764756762375
-0.49056839315656053
-0.31558808120545273
-0.15075336470453143
0.0012002480231663296
0.14080029677987005
0.2706240785763653
0.3941209832981197
0.5146524176327707
0.634767879407538
0.7556305500418429
0.8765005243724102
0.9942705709435409
1.1031733380083688
1.194863844503881
1.2590663782969542
1.2848462574025517
1.26236698988825
1.1848030430999779
1.0499786091523666
0.8613375724852643
0.6280062893444431
0.3639293478939859
0.08626295274181177
-0.18665739126614708
-0.43741960898783067
-0.6513932621197125
-0.8181141413161439
-0.9320669967332105
-0.9928343233314378
-1.0046632991235138
-0.9755701209516914
-0.9161453062229719
-0.8382377169280867
-0.7536781286765531
-0.673163290274383
-0.6053749808698983
-0.5563718666607865
-0.5292724687516501
-0.524239795549867
-0.5387691221314813
-0.5682571935598714
-0.6067922163518006
-0.6480603861995844
-0.6862351232834697
-0.7167151125939158
-0.7366100073203109
-0.7449264138397121
-0.7424615026982402
-0.7314496251582441
-0.7150232863529503
