1025
-2.4803651295697824
-2.5753834838434906
-2.6439589320242596
-2.6839471474397665
-2.6932464251582475
-2.670501284463321
-2.6159331847026746
-2.532006883973565
-2.423669484087253
-2.298014760617897
-2.1633926093701294
-2.0281478258381433
-1.899279929682114
-1.7813330745664795
-1.6757531872506677
-1.5808204924308398
-1.4921279396542007
-1.403472143007067
-1.3079735639653025
-1.1992409979514695
-1.0724205778266673
-0.9250019012374168
-0.7572864119859692
-0.5724640291466805
-0.3763030786562321
-0.17653374379412162
0.01792491141237955
0.19771433235194902
0.3536191297618582
0.47694274572271195
0.5597668037565526
0.5952811005450303
0.5783730628113753
0.5065508977947343
0.38107630824544114
0.20798226989886062
-0.0014544168473433206
-0.23115931755455071
-0.46177588831157756
-0.6730797773909515
-0.8468169186070608
-0.9693178917509178
-1.0332681752237134
-1.038233450299258
-0.9898739458253477
-0.8981179574244448
-0.7747972417328584
-0.6313179834854818
-0.47685387599544193
-0.31735589530008407
-0.1554504520810034
0.008892573947855245
0.17716427887142866
0.3508914203625314
0.5302820473693004
0.713211140761088
0.8947564590850061
1.0674074988189195
1.2219531034861872
1.3489164600466674
1.440275735825866
1.4911203994201954
1.5008788211852917
1.4738249407746755
1.4187185440374968
1.347619515106004
1.2740951565395215
1.211166824341754
1.1693881545302929
1.1554033808698145
1.171214701610527
1.214224990097531
1.2779594413783844
1.353248549343184
1.4296030271250375
1.4965341947108022
1.5446518218975493
1.5664699829282622
1.5569318787553663
1.5137016284061762
1.4372618902109444
1.330820484524437
1.1999985990234934
1.0522755250215106
0.8962095679542721
0.740526788059422
0.5932345281785701
0.4609382514137433
0.34849672944328125
0.259049846667783
0.19433165592038956
0.155089215598249
0.14140670645837752
0.15279610980622
0.18803515120875397
0.2448583482398837
0.31968276864292794
0.40754317765640147
0.5023259188430849
0.5972652173162373
0.685554654464838
0.7608768181326029
0.8176850639633849
0.8511692805633313
0.8569641981705177
0.8307676797023852
0.7680902341805267
0.6643384418885164
0.5153487178748958
0.3183569535733393
0.07324708974913047
-0.21619666770486015
-0.5413718172438708
-0.888596307367604
-1.2397267751984937
-1.5737058989464405
-1.8688745127069653
-2.1056781612605935
-2.269256266843953
-2.3513736080236463
-2.3512623527327774
-2.275174995897109
-2.1347508819127445
-1.9445906361860266
-1.7196282171464559
-1.4729273434032746
-1.2143926984313134
-0.9506137250627363
-0.6857307208384353
-0.4229262266964296
-0.16598283280620016
0.07964408334578796
0.3066194669232129
0.5064876238375504
0.6711902392741855
0.7948936465604645
0.8755693510922632
0.9158345008326936
0.9227718726497905
0.9067452403601576
0.8795102948063819
0.852101979050643
0.8330020767149375
0.8269612610059506
0.834628853486138
0.8529220658829358
0.8759230438311718
0.8960595466468534
0.905378896163999
0.8968025593709682
0.8652878454972412
0.8087982611783203
0.7289209091380308
0.6309294210197868
0.5231337453574078
0.41550314387642306
0.3177591656636899
0.23733210222053475
0.1776739653350573
0.13737508734255913
0.11034881506311484
0.08708808013426966
0.056739597477382823
0.009555168672469742
-0.06079820613016949
-0.1555542477538115
-0.2701494316565508
-0.3946829023058835
-0.5154835883465322
-0.6175092925675401
-0.6871153475310902
-0.7146245451024265
-0.6961439204817527
-0.6342224701859409
-0.5372051009075046
-0.41745151899442356
-0.2888684517999002
-0.16436603984757875
-0.05384139585852315
0.03688538340666504
0.10604949721299477
0.1550119161553035
0.1868298553207024
0.20481377257452738
0.21147259820117703
0.20804904728084936
0.1946199546330808
0.1705721174356003
0.13521335325257658
0.08833562237853237
0.030655886861683752
-0.03585190768369618
-0.10770337155465341
-0.17975249243654334
-0.24524499614800013
-0.29621597395144356
-0.32432232224941043
-0.3220659164379637
-0.2841925444694816
-0.20891766941039144
-0.09859651950181622
0.04045136149776098
0.19905427705400172
0.3670793041822548
0.5357144514741549
0.6996074882090721
0.8583032937914309
1.0165344372822007
1.1831513090567745
1.3687851901092787
1.5826551374888422
1.8291839376440677
2.1052115534377966
2.398542045611233
2.6883257746757674
2.947401180931786
3.14627870830794
3.2580463061891516
3.2632139092538837
3.153468829714757
2.933510515021416
2.6205369932147087
2.2414754187073846
1.8285581861891524
1.4142134464117266
1.0263651771179187
0.6850876448645563
0.4011731207445891
0.17666121019295888
0.006892897554398606
-0.11666679186168562
-0.20366083349304512
-0.2627679460803976
-0.3006212559377271
-0.32164295148347505
-0.3284584530686369
-0.32247762294608845
-0.3043329273497592
-0.2740662770477467
-0.23114905419905296
-0.17451723601880095
-0.10277734924115527
-0.014623081377352647
0.09063107136195597
0.21257343941621815
0.3494414954970214
0.4981668463324718
0.6546706353123503
0.8142591604936803
0.9719344231749766
1.1224804451335977
1.260296134090815
1.379077759058196
1.471559131874407
1.529553653744825
1.544489411907991
1.5084940097990367
1.4159065219275078
1.264923953981188
1.0589869547755835
0.8075140012783715
0.5257121890629025
0.23339526679570508
-0.04703397893754785
-0.2930959813146773
-0.48480897505484205
-0.6069114200401086
-0.6504255200503168
-0.6134094960921956
-0.500897617824578
-0.3241378502620182
-0.09929129549377524
0.15423690423182088
0.41568365019389103
0.664890917593258
0.8841897495248491
1.0600066056756363
1.1839517440405223
1.2531517062833042
1.2696740747360333
1.2390706384231522
1.1682984915330612
1.0634919563960803
0.928164805826738
0.7623632195408736
0.5630631946769787
0.32577367664097606
0.046970339720594875
-0.27324966487851593
-0.6289678103745239
-1.0072636848577685
-1.3883769796479406
-1.7472427157367796
-2.056165277077978
-2.2882106438719765
-2.4208042452669862
-2.439010800213681
-2.3380192277313365
-2.1244450169828544
-1.8161926622239906
-1.440796827971072
-1.0323783899110814
-0.6275847106161883
-0.2610846757506928
0.038696046926874623
0.25292561105413813
0.37427358945373784
0.4070955746668325
0.36591061231580496
0.27246576811090906
0.15189179127072844
0.028567426102649104
-0.07767475795757268
-0.15443672052597365
-0.19830675020994795
-0.2148278028747698
-0.2168599479210398
-0.2215678754383206
-0.2465207443195689
-0.30560445660754687
-0.4055537569165178
-0.5438557368359188
-0.7085338382690762
-0.8799252077288314
-1.0341072303323566
-1.147238927295853
-1.1998787282646926
-1.1803832294953098
-1.086762606006712
-0.9267726051290833
-0.7164307492417115
-0.47743994406144347
-0.2341248017732933
-0.010440585109377907
0.17254269047514115
0.29847184721000664
0.3568155527712233
0.34330626690769595
0.2598243743552813
0.1138251937580248
-0.08261509238334432
-0.3140773624726526
-0.5633399489789649
-0.8130872001853541
-1.0476390256972077
-1.2545029857586891
-1.4255276254135565
-1.557463750590954
-1.651825023632045
-1.7140643161864464
-1.7522156800062907
-1.775254156626436
-1.7914688376878616
-1.80711840864803
-1.8255554964739602
-1.8468936785177283
-1.8681821448107434
-1.8839753952601586
-1.8871539946954228
-1.869865661426258
-1.8244962156630595
-1.7446203932027835
-1.6258970440024356
-1.4668507072289498
-1.269432173887535
-1.0392070794014752
-0.7850231930494915
-0.5180816365235397
-0.25048155086508944
0.006517036452285166
0.24412571463312077
0.4571254162677347
0.6440913353597211
0.8066252403082408
0.9477623437156844
1.0699847908119013
1.173425786147494
1.2548270398515013
1.3076139738898849
1.323133191038665
1.2927539374564558
1.210276946958261
1.0739997648917294
0.8878823626257579
0.661505500841212
0.40883665997714985
0.1461191336361839
-0.11060143897713236
-0.34774679082184495
-0.555800930123067
-0.7299657433847028
-0.8698689868891121
-0.9785527357650108
-1.0611240975073317
-1.1234814945325153
-1.1714333451154972
-1.2103349199341054
-1.245148886551593
-1.2806637042991407
-1.3215450535766686
-1.3719731153058288
-1.4348055483423536
-1.5104327881657376
-1.5956724439123189
-1.683114172052174
-1.7612506386651976
-1.8155399240575847
-1.8303050614127436
-1.7911618685271662
-1.6875353449205035
-1.5148015210231758
-1.2756662698343242
-0.9805341490448833
-0.6467916914477493
-0.29709906701938005
0.043070686126442596
0.3483009712606787
0.5961129094124813
0.7694678504291769
0.8585641559111445
0.8617116271144849
0.7852048037602676
0.6422579288312542
0.45118824411026837
0.23312438209059574
0.009563967159134016
-0.199894181686116
-0.3793615342854821
-0.5178161900686951
-0.6095170072295388
-0.6537128595054499
-0.6538008797380609
-0.6161727009452743
-0.5490208182274944
-0.4613447198905772
-0.3623014689952584
-0.260909614082023
-0.16597944704107992
-0.08605406863162031
-0.029141303815827458
-0.0021050790348923253
-0.009737992035539234
-0.05369908573361289
-0.13160992678332717
-0.23661570761806625
-0.3576307441225591
-0.4803297684382895
-0.5887693000995147
-0.6673780862188352
-0.7029765748077612
-0.6864845381173291
-0.6140462762419727
-0.487423991329729
-0.31365301594073847
-0.10408519975742753
0.12696349178171193
0.3637187517942639
0.5904043753538403
0.7925289875639577
0.9579700809174261
1.0778738349560404
1.1473828790493719
1.1661476368598518
1.1385045262052187
1.0731648196648307
0.9822893183977963
0.8799382048186142
0.780057614743382
0.6943402861506355
0.63041096379099
0.5907820601035162
0.5728804036815979
0.5701865313721455
0.5742244730419579
0.5768887426225271
0.5724864369407527
0.5589549397369447
0.5379719068436603
0.5140221036100379
0.49280379891699605
0.47953318893903246
0.47768020821796614
0.4884612451849511
0.5111123153536622
0.5436886407117747
0.5839827473550147
0.630165989134448
0.6809127825018915
0.7349892100372064
0.7904922649276276
0.8440475864534901
0.8902860127036811
0.9218338717991242
0.9299039109312089
0.9054063860154451
0.8403548622034314
0.7292537573535519
0.5701482132972372
0.3650985511332519
0.11999300631747561
-0.15620936219834858
-0.45256678182234766
-0.7572717810594188
-1.0585371034306075
-1.3451190337169863
-1.6065062339029619
-1.832928042319145
-2.0153817727805134
-2.1458375428576555
-2.217682146243096
-2.2263599095003554
-2.170098067963446
-2.050581044630832
-1.873449346049868
-1.6485204537862224
-1.3896443232746647
-1.11411621097337
-0.8415903415162526
-0.5924885449442994
-0.38598564384674366
-0.23776801863914346
-0.15787649673859305
-0.14902459012149002
-0.20579383300936607
-0.3150249159534792
-0.45754004773145285
-0.6110671688338751
-0.7539403527805595
-0.8688977327198023
-0.9461741890153835
-0.9851553841649658
-0.9941377898887824
-0.9881731350114825
-0.9854512284177169
-1.0030521500913958
-1.0530585654832438
-1.139909703056505
-1.2595348905173416
-1.4003353448998412
-1.5456318183718958
-1.6768909791794877
-1.7769568420550295
-1.8326419741519158
-1.8363070915653614
-1.7863713302457478
-1.6869468169956827
-1.546915230871562
-1.3787515907081973
-1.1972927735572152
-1.018514363029032
-0.8582849620020783
-0.7310489933850861
-0.6484450935283327
-0.6179640557826545
-0.641841707874445
-0.7164271457117215
-0.8322427518239327
-0.9748565800046363
-1.1265364278787093
-1.2684804174317994
-1.3832660455227477
-1.457078419249408
-1.4813078848235315
-1.4532565833662208
-1.375926738976837
-1.2571034761519524
-1.1080996060894166
-0.9425335453211453
-0.775361278179209
-0.6221484793784208
-0.49836393190222683
-0.41840677474822635
-0.39419263776510305
-0.43337583410441355
-0.5375638870545082
-0.7010575518739643
-0.9106346171186376
-1.1466802066303472
-1.385621204490996
-1.6032654855072161
-1.778392616462525
-1.8958642909586618
-1.948630682990027
-1.9382611298332568
-1.8739488375657964
-1.7702493117684035
-1.6440440253509796
-1.511333790977866
-1.3844510240354482
-1.2701544642112907
-1.1688730186145175
-1.0751444595377733
-0.9790923968041833
-0.8686302600815229
-0.7319867676392727
-0.5601148738438342
-0.3485736147555842
-0.09855920292470868
0.18309383235258916
0.4849308080532243
0.7926983168467219
1.0915794922187414
1.3683633513008464
1.613095710356154
1.8199030214991199
1.9869006156616242
2.115326059550261
2.2082084927520444
2.2689522495801557
2.300172957538936
2.3030077842847922
2.2769780205547234
2.2203579585779076
2.1309249661092102
2.0069329611678577
1.8481480976449207
1.6567909729172476
1.4382321981697523
1.2012923109011846
0.958018656951926
0.722869001261064
0.5113298219437226
0.3381224489604193
0.21527014789183602
0.15037355752405515
0.14543981315046642
0.1965229637876332
0.29427831793747844
0.4253496332406177
0.5743408894842922
0.7260110861724647
0.8672914333738692
0.9887631298532338
1.085341425862766
1.1560709221644883
1.2031242773702546
1.2302781078785932
1.2412734975229363
1.2385097842212636
1.2224394001933798
1.1918311125596888
1.144795871764754
1.0802066089312456
0.998985942971758
0.9047524948396001
0.8035181074855827
0.7024543757993609
0.6080832004707768
0.524467000192175
0.45199299886501443
0.38715203309785556
0.3233776864725253
0.25266133980936634
0.16742142908746357
0.06206111486397215
-0.06619811896273382
-0.2173367797274053
-0.38923898117293226
-0.578687393502981
-0.7822036903913031
-0.9963926147410762
-1.2176740333777762
-1.4415508739423795
-1.661768250716059
-1.8697967171833807
-2.0549896558816054
-2.205546475923165
-2.3101336215713055
-2.3597739855733786
-2.349500276743789
-2.2793218501126726
-2.1542563443577847
-1.9834503906767806
-1.7786574982567296
-1.5524735696111367
-1.3167203649350832
-1.0812434666984554
-0.8532234123363077
-0.6369611451163503
-0.4340351822346862
-0.24373469785172766
-0.06370939651461839
0.1092058207763268
0.27806238058686694
0.44490071980550483
0.6100744215906561
0.7719848840755472
0.9273326413408056
1.071844164306511
1.2012747929068075
1.3123863794653012
1.4036003507893926
1.4751386912741586
1.5286450446601152
1.5664554112085394
1.590793183891337
1.6031598743032516
1.6040911653221965
1.5932979979623132
1.5700802424758624
1.5338368559195925
1.4845158324011711
1.4229249512826059
1.3509122371488784
1.2714753019404437
1.1888476797201397
1.1085470493887275
1.0372929561684927
0.9826583751851722
0.9523460278561893
0.9530827593745134
0.9892734526612479
1.0616946145304345
1.1665778245284224
1.295397489357485
1.435536238050852
1.571795158036494
1.688507342586869
1.7718640179056175
1.8120107334756892
1.8045221148452322
1.75099361062517
1.6586591454833712
1.5391159898086344
1.4063840399977754
1.274628814236663
1.155927244489714
1.0584480871022066
0.9853527731562307
0.9346009701815262
0.89968076467345
0.8711018293392292
0.8383294302220717
0.7917407373328121
0.7241878550978472
0.6318653162336111
0.5143800067449328
0.3741504126271085
0.2154438425929149
0.043428666864609486
-0.13645376947375235
-0.3186773896208685
-0.49747965099158964
-0.6666300340810772
-0.8194083712366355
-0.9489680181455277
-1.0490532941996145
-1.1148412972100774
-1.1435802281166159
-1.1347490166935879
-1.0896451365672466
-1.0105393074296039
-0.899715982000674
-0.758771292228759
-0.5884470533484654
-0.3890833256248797
-0.16155289999504588
0.09162022061844961
0.36531061171916673
0.6513050094283891
0.9384414473853623
1.213376362463202
1.4618443554727596
1.6701875266297477
1.8269010999451696
1.9239614134847451
1.9577569179109482
1.9295171122366133
1.8452145684156407
1.7149880594706541
1.5521885803230695
1.372176548298278
1.190996845287317
1.0240367120040073
0.8847451543601128
0.7834779324793073
0.7265392702362797
0.7155177557540974
0.7470431343337983
0.8130970483849891
0.9019685410559559
0.9998414684461485
1.0928469408085981
1.1692492106159327
1.221318517275992
1.2464402143456812
1.2471486742235292
1.2300383795173502
1.2038187146053785
1.1770341868214416
1.156068365715838
1.1439418403412238
1.1401366339337788
1.141336578028354
1.1426971120496359
1.1391499413281212
1.126334933930903
1.1009766617032157
1.0607762054326018
1.004060508026094
0.9294623788311236
0.8358077677216951
0.7222349004711988
0.5884493716028556
0.4349878003252414
0.26341949832497435
0.07650911012958367
-0.12157654639496
-0.32495425300399433
-0.525636987122507
-0.713231482330013
-0.8749581309728914
-0.9962125960433295
-1.0617654751312
-1.0575104297929423
-0.9724921056725728
-0.8008386745354894
-0.5432233027163742
-0.20757532064537218
0.19108616850667265
0.6316685594799083
1.0887259134727272
1.5346704601280285
1.9422384023075858
2.286969687821478
2.5494620807176935
2.7171620858820016
2.7854721285266173
2.7580038617151144
2.6459039496008154
2.4663151740918554
2.2401864599358925
1.9897709131477124
1.7362123010177168
1.4975930374716888
1.2877012386304778
1.1155989472550658
0.9858865546316544
0.899415389715733
0.8541444064813455
0.845883969239017
0.8687989285510557
0.9157031898165259
0.9783033757051561
1.047586608989757
1.1144785760677867
1.1707506291331038
1.2099929204302342
1.2283711753559208
1.2249009580392238
1.2011109805269429
1.1601759716503015
1.105793988825098
1.0411771421248324
0.9684725894567889
0.8887490855242309
0.8024476515230856
0.7100039354286621
0.6122875595827101
0.510598461437218
0.40617334548587786
0.29939641391409216
0.18907539934598025
0.07216355670575127
-0.05583188813839307
-0.199762891702915
-0.36334600999036204
-0.5477074602894196
-0.7504394655822573
-0.9655015041610445
-1.1840480989976194
-1.3959844819600045
-1.5918335357912357
-1.7644067248314292
-1.9098299170844726
-2.0276585754079504
-2.120070646921939
-2.1903798689742127
-2.2413015284370426
-2.2734778807660403
-2.2847094654506703
-2.2701520328797216
-2.2234710822432473
-2.1386680148232426
-2.012083763978279
-1.8440131642173963
-1.6394536874046932
-1.4077435945992407
-1.1611494744318567
-0.9127512401566779
-0.6741594783515092
-0.4536341966467884
-0.25505109599669845
-0.07792222119912852
0.08160627127545934
0.22910507747891587
0.37003290273021633
0.5082054574786435
0.6449110652911575
0.778803227882492
0.906464748200835
1.0233622159044153
1.124847079324782
1.206920737847203
1.266629259981103
1.302121516079747
1.3125245791243643
1.2978212171221968
1.2588567500213135
1.1974929342550573
1.1168170050834558
1.0212493572234773
0.9163954582819851
0.8085536741278713
0.703897624322544
0.6074678620047432
0.5221983528923654
0.4482395704481038
0.38280327388564706
0.320644452615293
0.25513608329795
0.17972514555136473
0.08943613367121821
-0.017945497696142215
-0.14130450957800453
-0.276372438341172
-0.4165724046324021
-0.5542664562120052
-0.6820300706511255
-0.7935856970653824
-0.884154207065848
-0.9501943825455886
-0.9887301451469187
-0.9966335990576319
-0.9702720788508579
-0.905810905190241
-0.8002178329314835
-0.6527220253564245
-0.4662500489921735
-0.24829139563796088
-0.010778243460549734
0.2311376963414313
0.46117019708881796
0.6643192194556965
0.8289964507285325
0.9483357820746214
1.0204458308847058
1.0476938640535653
1.035374377611456
0.9902269892161277
0.9192118800610732
0.8287772310076847
0.7246472498759268
0.6119991236090747
0.4958225348095638
0.38126096060192816
0.273785950677852
0.17911759689209525
0.10285846289038524
0.04985765813536612
0.02337919378455937
0.024218060137824602
0.049972103197726055
0.09470638074699532
0.1492088966025797
0.20192402644794755
0.2404862602741391
0.2536121969874396
0.23299887666571867
0.17485970066663883
0.08080817939318517
-0.04205673346463167
-0.18185268201759103
-0.323268022911483
-0.44936585198557577
-0.543622026708497
-0.5919959318743074
-0.5848477049766468
-0.5185155421877856
-0.39635714303996095
-0.2290626479770524
-0.03408936302937527
0.16583343260049216
0.34503493772636523
0.4778089269205027
0.5414970781964574
0.5192823927597594
0.4022543624100178
0.19043402684736122
-0.10735803918912995
-0.47469402174023934
-0.8895170968707968
-1.3265322881404515
-1.7596321481058839
-2.1640553234149302
-2.518095004258241
-2.804292358206592
-3.0101346311058674
-3.128318299626862
-3.1566461398966656
-3.097625262582713
-2.957837525258354
-2.7471656730905614
-2.4779651109587317
-2.164257115521056
-1.820980851184077
-1.4632931353251866
-1.105873644591279
-0.7622023522324234
-0.443829270555158
-0.15973071522149615
0.08409965456297018
0.28468231122627086
0.4416435056945148
0.5564396862660093
0.6314260558227363
0.6690617453621216
0.6715232721846683
0.6408680952820989
0.5796890365633789
0.49199796387485456
0.38395128643748994
0.2640359760862324
0.14248407813491967
0.029935153587031846
