1025
-0.07790522388414778
-0.18636929708683325
-0.2722382575565923
-0.3466644933708641
-0.41993334952316846
-0.4989466782608043
-0.5856797931301612
-0.6769045971559274
-0.7651278853681553
-0.8404002821218254
-0.8924900593885191
-0.912918024157824
-0.8964865196735068
-0.8421369325526146
-0.7531544386651399
-0.6368462969241352
-0.5038351742007656
-0.3670602594688695
-0.2405217536862392
-0.1377912432557574
-0.07036498816841492
-0.04604180719966602
-0.06761000635757791
-0.13216676958066165
-0.23132519568072774
-0.35238752880924235
-0.48032311446214193
-0.600163534500383
-0.6992941438016584
-0.7691313166739776
-0.805829160394944
-0.8099108521515376
-0.7849909790828123
-0.7359685105936039
-0.6671736496845712
-0.5809321793982746
-0.4768894869265907
-0.3522535477702703
-0.2029143396585753
-0.025210392604779044
0.18203340977461563
0.4156581531989508
0.6669784315360289
0.921616752637501
1.1605472320403218
1.362273858808131
1.5058011321207503
1.5738487022193524
1.555679965412733
1.4489860130506302
1.2604728233944476
1.005082048487185
0.7040547559878746
0.3822517026246698
0.06523093309758189
-0.22344948759542319
-0.46435879977300387
-0.6435702030444664
-0.7532618298972628
-0.7916300148650691
-0.76226116603126
-0.6731218152613254
-0.5353154963099197
-0.3617404241517777
-0.16577234755890632
0.03991153868190491
0.24426976014178717
0.4385312909258272
0.6165100453389831
0.7746239181871162
0.9116665845007252
1.0283801391956604
1.1268636606909002
1.2098478327988507
1.2798855879227853
1.3385524000128037
1.3857963008602747
1.4195950636187387
1.4360428156032385
1.4299003686207599
1.3955297296767653
1.328034865434534
1.2243840651421802
1.0843072693472515
0.9108296334656961
0.7103878604974941
0.49254503112871395
0.2693564495953661
0.054448044300172256
-0.13812948284570373
-0.29519293922305895
-0.40575296324740134
-0.4622193273050041
-0.46130462670257744
-0.4044621872298346
-0.2977619594858632
-0.1512145823419248
0.022333492197468434
0.2085304003505787
0.3928504653602024
0.5617460155743444
0.703525467535612
0.8089587593346613
0.8716774458302642
0.8884526249748611
0.8593981419636467
0.7880789026906461
0.6814351202616055
0.5493946958478553
0.40406061685733874
0.25843514159032654
0.12476590716519707
0.012739459886525924
-0.07213810915659262
-0.12959152784630912
-0.16473586659452644
-0.1871881945051661
-0.2092109970359326
-0.24321314473693575
-0.2991171049649562
-0.3821615752786122
-0.4916233744709668
-0.6207332183905107
-0.7577869926373472
-0.8881945001631151
-0.9970281742861382
-1.0715712248796816
-1.1034153155137574
-1.0897891663170376
-1.0339656249993405
-0.9447553330624306
-0.8352248102142608
-0.7208664380652419
-0.6174974953601963
-0.5391783307551272
-0.4964196684575794
-0.49490084178605276
-0.5348524688158889
-0.6111788576402344
-0.7143157125973945
-0.831740529401857
-0.9499743858129097
-1.0568319807261148
-1.1435974023577564
-1.2067461207964434
-1.2488314357663834
-1.2782404180033473
-1.3077161023207118
-1.351818520513486
-1.4237929953410995
-1.5325342317439943
-1.6803858133558505
-1.862346965524143
-2.0668978535555467
-2.2782056523054077
-2.4790866559453155
-2.653912900932287
-2.790731844646692
-2.8821797163474576
-2.92518901204758
-2.919859311244213
-2.8680504134241884
-2.7722233430335104
-2.6348462965767387
-2.458408358697218
-2.245859197800326
-2.001189717812011
-1.729892898636645
-1.439149319525138
-1.1377019649792717
-0.8354693109382902
-0.5429773628774474
-0.2706834209108788
-0.02824303742366448
0.17624173781341443
0.33695222697277366
0.4510054118950029
0.5189528154501668
0.5450318819819844
0.5370666297436952
0.5059248171045061
0.46448181442111164
0.4261251663330241
0.4029507818946112
0.4039227936347723
0.43334835595637894
0.490012704757221
0.5672096875521664
0.6537094359237052
0.7354849176762308
0.7978446926669813
0.8275466211788375
0.8145149304532435
0.7529249392080588
0.6416005368922545
0.4838290274995153
0.2867935452364673
0.06083988332698332
-0.18125750438395824
-0.4249613528329267
-0.6546075653210548
-0.8541342066123849
-1.008054811812184
-1.1027752072692987
-1.12821745411877
-1.0795278419213992
-0.9584751211427149
-0.7740727420373714
-0.5420475462153439
-0.28303195520703606
-0.01970983970672041
0.22652432835513195
0.43865568302495894
0.6062015296483539
0.7260053819682709
0.8016349769288847
0.8417069743725878
0.8576758880311626
0.8616420030976466
0.8645834354735716
0.8751912858345837
0.8992855475783683
0.9396803077866711
0.996360945250178
1.0668957369329843
1.1470702401715476
1.2317556627484838
1.3159837179233074
1.3961150831166063
1.4708959419153609
1.5421416301332749
1.6148022653324194
1.6962625951472252
1.7948929724352183
1.9180604312000236
2.0699782003476366
2.24986685225
2.450885383113716
2.660157261585588
2.8599895022640958
3.030115697706462
3.1505570373444285
3.2045536406439306
3.181011490502034
3.0760370111085344
2.8933509795300703
2.64361863148173
2.342934752094795
2.0108134166629235
1.6680391653075013
1.3346622768544216
1.0283088192846765
0.7628738260751473
0.5476057144853078
0.3865810967387416
0.2785961359294699
0.21753168813261012
0.19325034668590135
0.19303066622238277
0.2034375759380523
0.21239416745943662
0.21110386910170492
0.1954241843722316
0.16634782554751618
0.1294099863484851
0.09307916947139996
0.06644342748578312
0.056701295241343444
0.06704639364768683
0.09546699691068407
0.13477809609600494
0.17391337956842234
0.20020121359547002
0.20210869939364126
0.1718201031548282
0.10704852128374956
0.011654224962054975
-0.10508069484017851
-0.23035800161937015
-0.3505060983656785
-0.4537386036744186
-0.5323761216986785
-0.5840082872246632
-0.6113369541665529
-0.6207764533813591
-0.6202051797828909
-0.6164774191909532
-0.6133540487476861
-0.6103819250001772
-0.6029853337585254
-0.5837092910003848
-0.544267695122957
-0.47787360380091853
-0.3812981696712787
-0.2562057106868118
-0.1095011821857296
0.04735487595150046
0.19990773904305822
0.3328395119531909
0.43227863237302067
0.4878837695336226
0.4943543687070702
0.4521345836631584
0.36722913295623605
0.2502071230148565
0.1146006144787078
-0.025016844455314897
-0.15496734587251398
-0.26414725353459945
-0.3452334411181946
-0.3952762477440297
-0.41561838056216605
-0.4111686339583307
-0.3891599187491292
-0.3576220203147443
-0.32387363912968187
-0.2933524580143802
-0.26903314948033036
-0.2515355036853924
-0.23983368023705776
-0.23230072829331033
-0.22771904735270612
-0.22589613713623022
-0.2276496638966388
-0.23413447283125186
-0.24571683759161272
-0.26078725265424707
-0.27497843080885503
-0.2811831139509489
-0.2705507284619588
-0.23433535775850683
-0.1661627938411306
-0.06408875244983613
0.06818271606346289
0.22134104470714058
0.3818255868571782
0.534153662275628
0.6635923195510268
0.7584782960347396
0.8116605951912826
0.8208731265998638
0.7882040182083714
0.7190726122720055
0.6211697211267624
0.5036655557918844
0.3767295457248473
0.2511649696264816
0.13785133592447793
0.04675905881407506
-0.014477759332321528
-0.04217053397866695
-0.03790168177994741
-0.009057279376802438
0.031791819279789704
0.0687194543054307
0.08519427418192749
0.0671794060338338
0.005889669192557189
-0.10041086872226171
-0.24594604320384167
-0.41834292452649297
-0.6006485680217126
-0.7739500255575168
-0.9200297080725914
-1.0235721262054545
-1.073632115003284
-1.0643054763146766
-0.9947331876679423
-0.8686659905941589
-0.6938041325087059
-0.48103872094889827
-0.2436153003779814
0.0038242080937267264
0.24635625808894698
0.4700104414254616
0.6629964603427192
0.8167393110286437
0.9265524999873014
0.9918606062620383
1.0159939687829236
1.0056666918017694
0.9702758681580609
0.9211197945860938
0.8705580477052149
0.8310770733929412
0.8142218924302335
0.829416082182119
0.8827887281810752
0.9762066114984591
1.1067272219967923
1.2666276568544208
1.4440497544260795
1.6241801934037186
1.790801518394635
1.9280252976492096
2.0220371904304355
2.062710306862319
2.0449462536794067
1.9695779169259924
1.8436409013929933
1.6798365085979974
1.4951028903560273
1.3083845303476496
1.137901489009592
0.9983985819065586
0.8989282043148024
0.841647292262106
0.8218975137345881
0.8295446338389418
0.8512639681394659
0.8732547989393313
0.8837993948869398
0.8751580842690274
0.8444776546159439
0.7936285412563918
0.7281163367923909
0.6553875666204106
0.5829412437322232
0.5166596077082466
0.45969242660642706
0.41208919867067584
0.3712001843336825
0.3326948487680077
0.29191088334749415
0.24518219569244226
0.19081820099454908
0.1295167507056349
0.06415932502063346
-0.0008888656047546784
-0.06072314699146516
-0.1107942835089887
-0.14751325007820643
-0.16845215600601204
-0.17218359763580615
-0.1579327604007027
-0.12528277464957735
-0.0741546853926902
-0.005185527225160144
0.07952017566908962
0.1754472002827064
0.2748377915295903
0.3663220800798915
0.4353131031990565
0.4653231672580364
0.4401405208837281
0.3465639814114623
0.17719150018863528
-0.06734117149851383
-0.377232595688369
-0.733868158248611
-1.1117211020334108
-1.4815312322563012
-1.8142015282992048
-2.084690215068723
-2.2751815127760002
-2.376987335854516
-2.390919304612866
-2.3262004091058994
-2.1982796827614393
-2.0261024015460123
-1.8294332090120191
-1.6267243313047022
-1.4337987140296182
-1.2633440626538253
-1.1249722171251555
-1.0254685246126987
-0.9688829672306429
-0.9562894461586335
-0.9852931278175802
-1.0495923363085142
-1.1389982895599282
-1.2402288651401618
-1.3385424771439511
-1.4199578990173083
-1.4735428557307886
-1.4931584657894463
-1.4781631069009267
-1.4328714423942042
-1.3649293484297114
-1.283077535425644
-1.1949355508709447
-1.1054023225065372
-1.0160648820684233
-0.9257073556221762
-0.8317097475029989
-0.7319001040328555
-0.6263232356760589
-0.5184274905200503
-0.4153295974934785
-0.32705534673022707
-0.2649146052908769
-0.23939163774658198
-0.2580600565989759
-0.32402969254018305
-0.43529676566864806
-0.5851326494568339
-0.7633759271236041
-0.9582642421796242
-1.1583212781532568
-1.3538306281190609
-1.537570155219887
-1.704700186005651
-1.8519302413971481
-1.9762703948232976
-2.073762797397416
-2.138574329409992
-2.162727333842531
-2.1365863094277917
-2.0500455309464187
-1.894214129466751
-1.6632968329767124
-1.356331354587875
-0.9784644220172962
-0.5415161195317004
-0.06368175981286865
0.4316622627420269
0.9179604397186291
1.3680856652061422
1.7572555864585742
2.0658973652704007
2.2820762709747506
2.4031250410358984
2.436181693800873
2.3974640034997377
2.3102742196470505
2.201922893555119
2.0999576539547133
2.0282414230136303
2.0035018524343777
2.0329373899039056
2.1133075415431857
2.231678902601677
2.367695688989006
2.496960860820756
2.594915413265763
2.640534459849085
2.6192320072379216
2.5245597801376682
2.3585479713914563
2.130800941912482
1.8566671961697148
1.554910609466416
1.245310848648226
0.9465377083997842
0.6745174938093375
0.4413823127802215
0.25499517719370796
0.11898523357066511
0.033200723779184566
-0.005524296344298283
-0.0024051049965996382
0.036323905252028055
0.10435582396174022
0.19602515628481254
0.306671040147573
0.4326001438901633
0.5706961199585041
0.7178222764434598
0.8702345269520287
1.0232326495281505
1.171215421480539
1.3081786111474307
1.428537632910715
1.5280189100780845
1.6042969783094467
1.657093141706295
1.6875989121477628
1.6973075175550105
1.6865618547214583
1.653278263884405
1.59232048248772
1.495857050654862
1.3547720445625155
1.1608899332515001
0.9095167927941639
0.6016717553973128
0.24542345637931318
-0.14405651422218643
-0.5458162358300331
-0.935604011229594
-1.2890411934676527
-1.5848930238228554
-1.8078523806642781
-1.9503797386999164
-2.013345386587916
-2.0054423042551646
-1.941533047467995
-1.8402324397155212
-1.721102071228151
-1.6018497578379138
-1.4958998246025383
-1.4106408039889833
-1.3465720574099274
-1.2974649964100784
-1.2515315132571543
-1.1934598212680156
-1.1070477560899303
-0.9780531133109007
-0.7968114496312191
-0.5601676306835793
-0.2723474573945378
0.055435278856167856
0.4066013413813353
0.7617585281500835
1.1016610954685322
1.4099397382054946
1.6750096571348438
1.8907697787891944
2.0560257032426756
2.172912675073958
2.244858962175122
2.2747303430277257
2.2637009664094445
2.2111365572292367
2.115439927255822
1.9755069150575935
1.7922699458039286
1.5698134262593637
1.3157138876863543
1.040516773627974
0.7565156445218527
0.47616644715394174
0.21051139451613501
-0.0320808483066901
-0.2466780701135897
-0.43199370736331333
-0.5900702633439144
-0.7255081356960433
-0.8443380875565331
-0.9526755942446371
-1.0553568764221921
-1.1548192920711107
-1.2505106176013505
-1.3390541346344105
-1.4152465930034555
-1.4737511265768903
-1.5111270945598678
-1.527686469575144
-1.5286402039665294
-1.5241205158203601
-1.5279142812425734
-1.5550577800606724
-1.6187433932510848
-1.7271950703197538
-1.881225635213746
-2.0730749432898965
-2.286864155161948
-2.500644918322404
-2.689655337505533
-2.8301076263270084
-2.902702957178656
-2.89513932599809
-2.8031394379121894
-2.6299122943659317
-2.384367046430123
-2.0787016558775506
-1.7261001433220804
-1.33915868303104
-0.9293635928916816
-0.5075646740917965
-0.08505080729941697
0.32535247325314065
0.7087300743194793
1.0484390378854178
1.3274501760381763
1.5304247436136746
1.6460584035719488
1.6691441029197918
1.6018736892997583
1.4540784581041182
1.2423427783625005
0.9881501337244615
0.7153911283026478
0.4476504995569588
0.20569059656340574
0.005473337065112908
-0.14306404780436782
-0.2364099337189126
-0.27711850843387936
-0.2728442246784923
-0.23496699515221353
-0.17700159379851843
-0.11295753458992867
-0.05578705337698391
-0.016042109031510925
-0.0008539195114334451
-0.013333883936219709
-0.052456487483115634
-0.11341820427208645
-0.18838775630237456
-0.26750180202754004
-0.3399442519756996
-0.3949853760138373
-0.4229291047428537
-0.41598397248313956
-0.3690952261699062
-0.28073541471785735
-0.15356565194016264
0.005204246150396336
0.18395888933685847
0.36747102152071864
0.5383592531666513
0.679054100891973
0.7739728789311086
0.811535967994056
0.7856845707357328
0.6966656582343753
0.5509942990774702
0.3606433200092467
0.1416168697754422
-0.08787103030371593
-0.30936519040511673
-0.5060411885718017
-0.664267557812097
-0.7747028398107753
-0.8328520696363704
-0.8390951158902209
-0.7982731217378507
-0.7189574349467939
-0.6125196184861215
-0.49208142751847644
-0.3713769072764657
-0.2635340694750189
-0.17980002690321026
-0.12828814125819382
-0.11289637744882204
-0.13259940094786798
-0.18132232075198335
-0.24854577487461266
-0.32067264551824165
-0.38302904404122057
-0.42221154980656145
-0.42837103593037074
-0.39697949824272133
-0.32968453892444205
-0.2340179843841664
-0.12196259593106738
-0.007640386290658764
0.09539988936998892
0.17671047900461098
0.2307343002943838
0.257471949757415
0.2619044412505122
0.2523408762939469
0.23810798096043828
0.22714485351103877
0.22408041386054342
0.22924985485787755
0.23887615854585414
0.24635248198384785
0.2442768399947896
0.22668335802282127
0.19084580974866006
0.13813076796216464
0.07363423335184086
0.004682407814877528
-0.06138719813992193
-0.11953015623019471
-0.1687229868026723
-0.21262499022455125
-0.2589983252513182
-0.31805872112649103
-0.40019844854689407
-0.5136366856770576
-0.6624977672715773
-0.8456437774067569
-1.0563782373225574
-1.282969262854989
-1.5098521377742393
-1.7193511645158586
-1.89376332406594
-2.0176234626663114
-2.0799036475970594
-2.07581411893951
-2.007830235996289
-1.8856310937282659
-1.7248279030445295
-1.5446486457229867
-1.365038337316697
-1.2038163892433429
-1.074519106721532
-0.9853347277247398
-0.9391870693839768
-0.9346775585146837
-0.9673904566723766
-1.031076751723945
-1.1184359662459828
-1.2215034260668554
-1.3318808611329043
-1.4411127840747648
-1.5413844056843482
-1.6264690214934963
-1.6926113104686735
-1.7389253795871598
-1.7669803708247602
-1.7795206388449405
-1.7786188584591478
-1.7638467818204322
-1.731144618946311
-1.672918557112726
-1.5795305048450028
-1.441880818478999
-1.2543833407903395
-1.0174380951583233
-0.7386013921874445
-0.4320164635428269
-0.11618651682069456
0.18932650984890254
0.467379053752813
0.7059756393248274
0.8995942078198444
1.0489053495401375
1.1591642537235038
1.2378977563846734
1.2926148661049224
1.3291318710207072
1.350804222227471
1.3586261180026256
1.351916358563918
1.3292225847273802
1.2891398196168187
1.230888879949724
1.1546486661288011
1.0617176096885865
0.954574387961079
0.8368474898012094
0.7131441980394516
0.5886817912140668
0.46872138649610634
0.3578999292113535
0.25963409823463834
0.17578098313989857
0.10666554595665213
0.051448991903956305
0.008672990689229883
-0.023262342973048893
-0.0459014907622795
-0.060902407984600546
-0.07047100113996979
-0.07779927444453777
-0.0871837049958533
-0.10358311550430377
-0.1315874526412297
-0.17403692152195704
-0.23074417474068828
-0.29782862938033483
-0.3680246824094428
-0.43201220988297806
-0.4804525711107439
-0.5061427132263824
-0.5056377230008415
-0.47986723478625376
-0.43361274482472756
-0.37408359493898397
-0.309087629778861
-0.24535446461039187
-0.18743888267713898
-0.13738679264684509
-0.09509328619158912
-0.059107979024849516
-0.027582327090853113
0.000907174805679034
0.02682966835387067
0.04952478978066247
0.06734861061322618
0.07804292743734846
0.07919769626623155
0.06867648379462173
0.04490604433658208
0.006986744271276447
-0.045354786843260386
-0.11189730578715566
-0.19204799479654894
-0.2848868780600788
-0.3891194765541922
-0.5029902836807231
-0.6242508687461751
-0.7502658648091153
-0.8782718967387456
-1.0057025333373695
-1.1304049230804816
-1.250555842950586
-1.364170411746546
-1.4682742800130102
-1.558019019842388
-1.6261665386886544
-1.6633655684501214
-1.6594552401002498
-1.605696734143234
-1.4974640424395782
-1.3366588758900788
-1.1330683110265596
-0.9040972549109639
-0.6727263831633092
-0.4640386424590556
-0.3010631524058881
-0.20087607489177298
-0.17182139145120198
-0.21240988946114098
-0.31203067764236675
-0.4531997190855635
-0.6147825026841257
-0.775514000936347
-0.9171866169948929
-1.0270317632064727
-1.099019470281066
-1.1339949914466378
-1.1387413827092878
-1.1241981733692232
-1.1031765306559962
-1.0879780229017721
-1.08832606311298
-1.109941082939195
-1.1539390539473948
-1.2170438679828224
-1.2924324910196325
-1.3709310457422865
-1.44227766373618
-1.4962520075182302
-1.523596833238825
-1.5167631905315873
-1.4705528530285654
-1.3826959609572838
-1.2543153961929865
-1.0901436921161656
-0.8983276752314214
-0.6897100411972484
-0.4766083609689648
-0.27127530777780057
-0.08435558504893616
0.07630217926385639
0.20619295349454017
0.3039485967365338
0.37048150512203304
0.407775214466366
0.41772068970467874
0.4013752982870093
0.3588835429726865
0.29008953241300184
0.19565592808062815
0.07834544610060325
-0.05593933399941287
-0.19771430102812418
-0.3342894751175991
-0.4509923387761509
-0.533072975403977
-0.5679620743115995
-0.5474542687976606
-0.46937539916233206
-0.3383695442093428
-0.16559963389581814
0.03263537646465564
0.23714836802674222
0.4285873035948767
0.5901571663694567
0.709877408166219
0.7820141986259104
0.8074854628643815
0.7932135724213026
0.7505653043466574
0.6931542514382458
0.6343783866994958
0.5851144104606273
0.5519757519548623
0.5364469898264808
0.535034802807131
0.5403516493564254
0.5428298798055694
0.5326195556438441
0.5012069729664138
0.44241593858841444
0.3526811970599131
0.23073341914078618
0.077016350478679
-0.10679641654861832
-0.317919491099668
-0.5521486560703586
-0.8032948291799338
-1.0626808428203163
-1.3190493908783383
-1.559120335836905
-1.7688333516742936
-1.9350920752932186
-2.0476610044296555
-2.1008015408269443
-2.0942754699930584
-2.0334695586506486
-1.9285676047516125
-1.792881451898027
-1.6406232125331406
-1.4845322131041183
-1.3338344371326663
-1.192981201639313
-1.0614700951651048
-0.9348077080471832
-0.8063818586161389
-0.6697544378974565
-0.5207538867461504
-0.35879596833526417
-0.187091285961961
-0.011738366091543535
0.15995981089518052
0.32139616042383357
0.4681838204917476
0.5988698026091703
0.7146871052384777
0.8184992685468498
0.9133153663414714
1.0008349127198706
1.0804162966641406
1.1486935855636584
1.1998664248614301
1.2265225083577733
1.220763638062482
1.175401537510038
1.0850455617686063
0.9469833282185275
0.76181927350618
0.5338617494739821
0.2712345126636799
-0.014347280066388867
-0.3082207114876584
-0.5939035029424954
-0.8546938507271248
-1.0756008672372366
