1025
-0.7536360670521748
-0.8805128232767744
-0.9792916838019022
-1.050468992736187
-1.0951454201600048
-1.115574285238768
-1.1156893522519777
-1.1013698134859267
-1.0802590524593607
-1.061070657931587
-1.052460393512746
-1.0616727356109301
-1.0932457812013934
-1.1480579756468658
-1.2229289152432097
-1.3108718119945275
-1.4019710414110296
-1.4847543836037846
-1.5478603775109434
-1.5817683678752414
-1.5803548545520847
-1.5420578139934829
-1.4704678391109378
-1.3742232658584863
-1.2661687486712898
-1.1618410586415238
-1.077460128298086
-1.027706612564532
-1.023631872838342
-1.0710488282787154
-1.169681923166416
-1.3132196881410094
-1.490242758272155
-1.6858353062506306
-1.8835710095043598
-2.0675260222643406
-2.224016418477427
-2.3428650791176975
-2.4181304498664775
-2.448331504109685
-2.4362483522393585
-2.388366199568295
-2.3139918624005866
-2.2240520690057934
-2.129616484128844
-2.0402779204527905
-1.9626317265465762
-1.8991663563209358
-1.8478557080904112
-1.802614811608405
-1.7545762848392954
-1.6939337838113064
-1.611954499718697
-1.5027329605841908
-1.3643451014322407
-1.1992257475579764
-1.0137755622386788
-0.8173534814053637
-0.6209000063076197
-0.4354640530324744
-0.27088432759843645
-0.13482009727236063
-0.03224432744409126
0.03458900524319443
0.06579945005963476
0.06334249384815903
0.030506713817878357
-0.028360099044047314
-0.1078086957440096
-0.2009944976702249
-0.29933947681943546
-0.3924347456047842
-0.4684454552212774
-0.5151555551545453
-0.5216014581423368
-0.4800475575017399
-0.38790965992024656
-0.24917419398977975
-0.0749073034871445
0.11740796801438153
0.3057500939428065
0.46644313869601656
0.5775981150903449
0.6224988005516121
0.5922807973104917
0.4873668255303579
0.3173712986242596
0.09951104977797606
-0.14413316192052555
-0.38995238068692656
-0.6161299087881599
-0.8054134480993461
-0.946975027353118
-1.0371882591240016
-1.0793213371930495
-1.082271854644253
-1.0585671274882822
-1.0219378904811367
-0.9848447283574885
-0.9563723091653676
-0.9408706449165128
-0.9375922385138812
-0.9413610256053624
-0.9440666921923021
-0.9365840651167954
-0.9106417389438202
-0.8602354393717805
-0.7823707834467675
-0.6771512454949395
-0.5474093741239413
-0.3981482594632006
-0.23600486575597704
-0.0688117473367139
0.09480449737444074
0.24592074388853277
0.3760153927698317
0.47786217203472914
0.5464800152975635
0.5799045681253286
0.5795372294485353
0.5499126918591781
0.4978777090732387
0.4313431155656276
0.35790395237008255
0.2836770476759071
0.2126612649970588
0.14678804842337428
0.08663050297017656
0.032531971336064995
-0.014235628538888333
-0.05071104594906784
-0.07220586263736235
-0.07309312639655015
-0.04825063723167337
0.005249291097235131
0.08672314536094669
0.19119429591330378
0.3096968436661467
0.4305248080488963
0.5411150123577543
0.6300907735310053
0.6889891765711769
0.7133349878523323
0.7029475065653731
0.6615869898496818
0.5961898190381401
0.5159669131958282
0.43155710816451004
0.35428556540343126
0.2954453622667686
0.2654590792463833
0.27281633805117644
0.32281079280492975
0.4162657709987556
0.5485725108018941
0.7094056372790132
0.8833947908570984
1.0518306527021946
1.1952207636175929
1.296262944999607
1.3426481673866884
1.329091878185775
1.2581334531205959
1.139504860024402
0.9881865325887147
0.8215609594410564
0.6562706460256286
0.5054397112186974
0.3768167191121917
0.27216748446674194
0.1879483986098748
0.116997642064017
0.050765887254013445
-0.018478522615433486
-0.09597498404774077
-0.183648278183838
-0.2802096957265923
-0.38200964922819275
-0.4843024771338905
-0.5825339128690928
-0.673330267921407
-0.7550179512738655
-0.8276705899685091
-0.892806653661359
-0.9529039608004934
-1.0108588614812117
-1.0694340689588626
-1.1306676716940847
-1.1952064346019426
-1.2615951643736298
-1.3256705808171192
-1.3803074091621355
-1.4157749751278945
-1.4208458104308235
-1.3845732318895816
-1.2984006476140808
-1.1580884735969985
-0.9649324059447315
-0.7259238851563243
-0.45281415005757053
-0.1603704781417685
0.1356705478548545
0.42042533889703615
0.6811042724658877
0.9075955691000677
1.0925805373512787
1.2315022015273522
1.3226612417066967
1.3675160379760747
1.3710161795764926
1.3416212703598775
1.2906394001435832
1.2306868871960546
1.173372625785347
1.1266415062242698
1.0924493887676954
1.0654891054960083
1.033504761300363
0.9793552152159857
0.8845198394953874
0.7333188918116774
0.51687898852067
0.2358922319453634
-0.09850304791855544
-0.46593056559807594
-0.8397751345622037
-1.1912633450941454
-1.4937128982344583
-1.726081717457653
-1.8752054373280207
-1.9364884274009175
-1.913192266722563
-1.8147437362771477
-1.654603079360141
-1.4481920568411413
-1.2112253440021348
-0.9585900224366563
-0.7037421895084558
-0.45847815298969957
-0.23289810794370028
-0.035397008333770345
0.1274329883732676
0.2510380710107816
0.33325156467946937
0.374654762165295
0.3787855827776543
0.3520074938965883
0.30289449348596814
0.2411068761302905
0.175902484710988
0.11459283050676268
0.0613438761921769
0.016687098446485988
-0.02205869195062389
-0.05950520489082565
-0.10035866117809746
-0.14751224204407057
-0.20058707631658798
-0.2553299682431024
-0.3040500668688874
-0.33700429441010515
-0.34439887591924706
-0.3185247846889478
-0.2555228847654907
-0.1563786284156454
-0.026943565052838774
0.12298364698173356
0.2812711900151753
0.4353784201114913
0.574169341407951
0.6892603555710322
0.7756919705218002
0.8318941366396905
0.8590817028219814
0.8603274855193336
0.8395911607454855
0.8009314417711129
0.7480219504549876
0.6839699014388633
0.6113454573978268
0.5322980279067783
0.4486650805697774
0.36204352216780306
0.2738528502661307
0.18543940175376541
0.09824237126397227
0.013984530122129584
-0.0651986969343671
-0.13678471922218646
-0.19808838880708576
-0.2466453086618659
-0.2806305167271761
-0.29914939337754803
-0.30226303851568326
-0.2906962202101006
-0.26529231694898575
-0.22638551837013107
-0.17331895030547673
-0.10432658171642643
-0.01691423889101153
0.09126263000867622
0.22118769721955975
0.37124342340531546
0.5363213572911212
0.7076350244901619
0.8734429680343331
1.0206519414209148
1.1370011282855041
1.2133145188935972
1.2452329898174501
1.2339452545773515
1.1857098391764531
1.1103163512795318
1.0189522506756998
0.9221065477444169
0.8280921694687631
0.7425229277046898
0.6687314780567786
0.6087926369032395
0.5646373507168506
0.5387631452471872
0.5342432114960209
0.554022106725252
0.5997492403966137
0.6705528595802123
0.7621609011599125
0.866654564999694
0.9729576214743871
1.0679883652880304
1.1382772874821352
1.1717942051792105
1.1597176921774162
1.0978939345648624
0.987757920730299
0.8365306111108995
0.6565772671006287
0.46392637321297986
0.2761009572796772
0.10957623353083369
-0.022696161317736663
-0.11321503194749283
-0.16089887941136005
-0.17087789499995845
-0.1531546907448433
-0.12045275221976712
-0.0857714051214859
-0.060227126341081676
-0.05165754148150695
-0.06422311920711207
-0.09893641173835452
-0.15477806755301726
-0.22991201958847812
-0.3225365600069911
-0.4310909520619098
-0.5538089395928968
-0.6878701395379826
-0.8285526601208965
-0.9687832839666929
-1.099326565324035
-1.2096193097819328
-1.2890401033765688
-1.3282870083581715
-1.3205553270902617
-1.262332991924805
-1.1537915026002987
-0.9988650090368493
-0.8051321610568773
-0.5835518607854673
-0.3480086684075064
-0.11456558510591908
0.09965337966398616
0.27792324980462296
0.4055549532481108
0.4714395558666899
0.46921198937144076
0.39782470043450846
0.26146364685543877
0.06888878698292987
-0.16761419953672896
-0.43344929572487606
-0.7128996521775636
-0.9901622717189354
-1.2501677696761337
-1.4791806259375682
-1.6652134260288658
-1.7983141831037075
-1.87080142866955
-1.8775234232376758
-1.8161970534046712
-1.687833147289265
-1.4971830922477736
-1.253065185601847
-0.9683759042366629
-0.6595903688096528
-0.34562636150469345
-0.04608472651109097
0.2209428689479695
0.44114229805029936
0.6058717821006873
0.7132580342925089
0.7682201948558314
0.7813893319038658
0.7671502134314937
0.7412263894738701
0.7183013696947833
0.7101048465404158
0.7242286518081598
0.763736480253857
0.8274594943292045
0.9107675995319597
1.0065813486325477
1.1064234413218215
1.2013720031912634
1.2828452602668583
1.3432049356444913
1.3762080775552479
1.3773611184812493
1.3442305770325287
1.2767383201307896
1.1774183411283627
1.0515529376901955
0.9070647095683754
0.7540442773742552
0.6038555533397059
0.467869972824154
0.35600392349597065
0.27532291963951755
0.22899403317259856
0.21580264949333378
0.2303233541902521
0.2636929826927126
0.30482591909621787
0.341865638496494
0.36367962839406304
0.36124741826916745
0.32882815930113146
0.2648052008273999
0.1720973720244456
0.05802779109683464
-0.06641904839910856
-0.18793249802485584
-0.29266241738147714
-0.36820101591024035
-0.40543442018220277
-0.3999413424490933
-0.35269087603809096
-0.2699163395293305
-0.1621843754169501
-0.04280908332908352
0.07414030771735579
0.17593148248222734
0.2530396085731106
0.30050566800304007
0.3185676440938731
0.3124665312639411
0.2914734812557039
0.2673301523362492
0.25240818478033694
0.25794205486294064
0.2926539475946498
0.36197362087599544
0.4678911086814854
0.6093153228633087
0.7826995092436839
0.9826723803486844
1.2024871351097417
1.4342402409980914
1.6689614685112748
1.896774312738391
2.1073276305312194
2.2905980859336146
2.437994791009747
2.5435284108970238
2.6047096397170617
2.6228650325307887
2.602705105040311
2.551203118623226
2.476061325336607
2.384169999973957
2.280451766923984
2.1673345503284205
2.0448722827497665
1.9113262286387325
1.7639145190793566
1.5994698345544978
1.4148882366135997
1.2074283904161198
0.9750384522875439
0.7168854625813069
0.434135734154116
0.13084231207937225
-0.18537029281108428
-0.5031871193060429
-0.8083128621176792
-1.0850460594877873
-1.3184740898513299
-1.4968200393132358
-1.61338366344582
-1.6676015491400011
-1.6649794480082756
-1.6159470614941562
-1.5339567839127666
-1.4333108473634517
-1.327214504224862
-1.2264245932553648
-1.1386464536451721
-1.0686041590224182
-1.018544158561035
-0.9888768329657465
-0.9787186050808557
-0.9862303246568578
-1.0087912490586155
-1.04313801768934
-1.0855987454108895
-1.1324709731721214
-1.1804759256500539
-1.2271337925441044
-1.2708960535882492
-1.31095210453021
-1.3467654696603695
-1.3775257371509697
-1.4017630851800593
-1.4173288400034019
-1.4218099459983176
-1.41327063134446
-1.391070892084533
-1.356457168306325
-1.3126770010635018
-1.2645154889647614
-1.2173338140522587
-1.1758472948915475
-1.142965340253098
-1.1190089986711311
-1.1015322475153435
-1.085827482092125
-1.0660285456188283
-1.0365721593063462
-0.9936759841246796
-0.9364695996863182
-0.8674901619778544
-0.7924181955811945
-0.719137309604963
-0.6563867296649077
-0.6123689026958511
-0.5936398661169957
-0.6044640334415453
-0.646622372772513
-0.719507947600837
-0.8202886455535093
-0.9439768385302505
-1.0833799368831023
-1.2290438700272708
-1.369379046514821
-1.491144210994193
-1.580369399965281
-1.623667192138065
-1.6097611931068037
-1.5309885685883666
-1.3845227318224627
-1.173105121680887
-0.9051529414069814
-0.5942025727450211
-0.25774149065375795
0.08443498696070656
0.41213851822718073
0.7067275301731207
0.9528147435496276
1.1395149119360772
1.2610762190658984
1.3168421173296192
1.3106061309367039
1.2495231009871814
1.1428021395943238
1.0004152497424186
0.8320151807691163
0.6461841313872299
0.45005616095888595
0.24929020299005014
0.048325416596527934
-0.14917663610806636
-0.3398151028580531
-0.5199789595822379
-0.6855387189925998
-0.8317910244847404
-0.9536934974057919
-1.0463555061876286
-1.1056796108361815
-1.1290035973063637
-1.1155907653023893
-1.066857490051217
-0.9862954488080292
-0.8791174514234408
-0.7517092234564405
-0.6109962350134948
-0.46383747746545084
-0.31654494833541247
-0.17460385304092857
-0.042633458075970306
0.07542066569043557
0.175932528129424
0.2552077569094831
0.3092242616716916
0.33365356612337205
0.3242500108006546
0.2775873053311899
0.19200074411135767
0.06849880345214825
-0.08862552658073357
-0.2717079781832481
-0.4702587849451686
-0.6720918376465005
-0.8648350818006103
-1.0375158481273346
-1.1818909523079624
-1.2932557754321305
-1.370600908952722
-1.416149139605837
-1.4344508582601228
-1.4312990798138883
-1.4127243027905636
-1.3842518550142802
-1.350484874613971
-1.3149643573932253
-1.2801974896128885
-1.247755290971509
-1.218403782300279
-1.19230427226741
-1.1693474798014567
-1.1496432773594607
-1.1340850910195068
-1.1247968128771468
-1.1252188749212344
-1.139648153053007
-1.1722144732582038
-1.2254990845846563
-1.2991867937910366
-1.3892062954588122
-1.487711250502278
-1.5840131593152678
-1.6662811044357118
-1.7235829187468672
-1.7477460334004253
-1.7345954818260882
-1.6843432704547563
-1.601168062660784
-1.4922352885739085
-1.3664940500948366
-1.2335355297513662
-1.1026538894064553
-0.9820961603522481
-0.8783992483903258
-0.7957283528301738
-0.7352358843468477
-0.694592608743278
-0.6679269962646707
-0.6463894378482484
-0.6194249455289179
-0.5766318995641092
-0.5098785586006984
-0.41522053688479044
-0.2941598788336095
-0.1539157725531236
-0.006599813140417093
0.13255968493425166
0.2475883819142234
0.32425589577655467
0.35220411162663984
0.3263346222883053
0.24725383045924734
0.12078220229168787
-0.04327625960707571
-0.23278051938838534
-0.4349513949525621
-0.6378122393045613
-0.8311836393263354
-1.0071940323672555
-1.1603935657533773
-1.2876196660098103
-1.3877473383989172
-1.4613859684200292
-1.510502836791007
-1.5379113764541072
-1.5465886267296656
-1.5388755546309643
-1.5157250338794748
-1.4762378619309007
-1.417717715019824
-1.3363653511869906
-1.2285464437799118
-1.0923658643344725
-0.9291373894721175
-0.7443079825165984
-0.5475009298539651
-0.35155694759612427
-0.17071528941615172
-0.01831054861768539
0.0955026509476766
0.16548177490633054
0.1920973782860255
0.18123264339053355
0.14286016789631825
0.08899338143216023
0.03135252141015565
-0.020770888580155994
-0.06202165322087029
-0.09156491367378058
-0.11263718957249785
-0.13116035612716784
-0.1537072008630813
-0.18525435456093253
-0.2272301295645571
-0.27633702491197853
-0.32449186529053015
-0.3599934138236808
-0.369739662496048
-0.3420408707558593
-0.2693873743448545
-0.15049700198718238
0.008888506807429532
0.19669300539603515
0.39654800893020753
0.5907180946606571
0.7632349330538754
0.9025449256384781
1.0031361817425628
1.0658935804231042
1.097245933799275
1.107430098441172
1.1083427817513885
1.1114640833564158
1.1262362083732098
1.159112141045755
1.2133059334232934
1.2891266210717265
1.3846900320809432
1.4967816982883537
1.6216738338490666
1.7557522715196217
1.895863672859403
2.0393402878258056
2.1837065162351013
2.326129727518166
2.462748350870922
2.5880750080383774
2.6947005038027823
2.7734865501454964
2.81432705155038
2.807405933613374
2.7447336928858035
2.621656793544715
2.4380306827175136
2.1988222319987467
1.9140244883700084
1.5978842423506685
1.2675318380292593
0.9411616076317536
0.6359565213118145
0.365999435206284
0.14046534468946834
-0.03758054688678826
-0.17148393189255653
-0.2702258946554393
-0.34660229145169247
-0.41464261683869624
-0.48677748568071677
-0.57137945791791
-0.6712531494146263
-0.7834321390745115
-0.900303999084638
-1.011727959926599
-1.1075423681015049
-1.179769344212714
-1.2239434549671158
-1.2392847919356795
-1.227809893740286
-1.192804416053119
-1.1372620138909844
-1.062867690988913
-0.9698846595078301
-0.8579700642192131
-0.7276105711833916
-0.5816450068084442
-0.42629737268685325
-0.27128804285556135
-0.1288708369169305
-0.011966410997002814
0.06817173542432713
0.104187966703704
0.09420800578319051
0.04239896981210116
-0.04161736315855761
-0.14435513420484267
-0.25070132711614257
-0.3463225777861109
-0.41975878232460595
-0.46381765763936633
-0.4760568773331646
-0.4583469005300509
-0.41570245238677184
-0.3547100230055402
-0.2819347014317987
-0.2026527302772628
-0.12014372780901733
-0.03562322642236264
0.05125397106996502
0.14150056028917715
0.23574992660214314
0.33329260656567183
0.4313961677003867
0.5250519545941745
0.6072273712479641
0.6696318457665209
0.7039245754371254
0.7032043474719201
0.6635379378728025
0.5852262376952104
0.4735051570685954
0.3384498432755593
0.19399604706102128
0.056183044296013805
-0.05909115189901448
-0.13838631568555937
-0.17267046005058936
-0.15855637077780568
-0.09864977772586846
-0.0010344889720217251
0.1219141510074196
0.2551057894591677
0.38241417838538644
0.48823042756529655
0.5587514830074849
0.5829530310086668
0.5532628799956228
0.4659893734241221
0.3215681416209034
0.12467098256506276
-0.11582173484127321
-0.3870366004473596
-0.6726035767019432
-0.9535325104296346
-1.2095252318423222
-1.4206901759249444
-1.5695181175390738
-1.6428860025313834
-1.6338105128174762
-1.5426841940810192
-1.3777839084206156
-1.1549216941282132
-0.8961942256023517
-0.6278764239770989
-0.3776065298074055
-0.17113205364750295
-0.02901701733477591
0.03618529001087128
0.021765442050633882
-0.06473341555774065
-0.20673173524322383
-0.38133312347700354
-0.5630918804235002
-0.7281226136537794
-0.8577537225910326
-0.9410220154020607
-0.9755643722973395
-0.9668160608808698
-0.9257874517045356
-0.8659797512831052
-0.8001574629288686
-0.7376925767328341
-0.6830367893362241
-0.635596404079986
-0.5909400236098841
-0.5429413940620138
-0.48623184031898525
-0.4182753839546696
-0.3405078140489674
-0.25826617336361707
-0.17959265493868473
-0.11331609985484688
-0.06699680859422222
-0.0453152702488127
-0.049306089102832906
-0.07655316174030154
-0.12216855700353837
-0.18016395446703515
-0.24474622676724556
-0.3111372868242179
-0.375701887281265
-0.4354075818594475
-0.48686882320670544
-0.5253784587702879
-0.5443595968235043
-0.5355665227410423
-0.49015068231701114
-0.4004459984017584
-0.2620950871706282
-0.07600337610879977
0.1503894666062411
0.40289740886684683
0.6615899495386252
0.9029155928634559
1.1026396461065429
1.2391424875422237
1.296556660599039
1.2672271213189414
1.153052280331867
0.9654036490887429
0.7235309397086415
0.45162638809959876
0.17500885993068624
-0.0838740409308197
-0.30882132288120634
-0.4919150117316259
-0.6337917513874847
-0.7421539641200834
-0.8289720204107782
-0.9071520852438447
-0.9875376082128078
-1.0769464742752253
-1.17758130800137
-1.2877150342327552
-1.4031949420385696
-1.519139619643415
-1.6312629193606532
-1.7365027690453194
-1.8329507045229492
-1.9193432514050688
-1.99449142302314
-2.0569620914276356
-2.105132217419565
-2.1375141512234865
-2.1531025774235526
-2.1514853567265835
-2.1325868297251604
-2.0961058894817826
-2.040878277817369
-1.9644567959224617
-1.8631407731722485
-1.7325309564181828
-1.5685069538776641
-1.3683891976853464
-1.1319945135876834
-0.8623233130546992
-0.5657030456014788
-0.25132773506197464
0.06974135967607371
0.3859262816303706
0.686543624225171
0.9629344921145311
1.2090078024330706
1.4210367866052438
1.5967810830492803
1.7342576308884814
1.8306546318276793
1.8818892104297946
1.8831221992806766
1.8302111190956691
1.7217194284580113
1.5608425071448453
1.3565630269721638
1.1235381799778401
0.8805888715015294
0.6480812572215028
0.44482063394677174
0.28520974772601604
0.17732319050036718
0.12226400725302672
0.11480310655098117
0.14497938621779463
0.20015318018980768
0.26699562383181386
0.3330357294928995
0.38760407726332324
0.4222206693528922
0.43060680346782637
0.408528187989082
0.3536149111275855
0.2652018442585604
0.14414759317235545
-0.007435999316743108
-0.18656948626217879
-0.38984680968355884
-0.613792147861506
-0.8549679838981395
-1.1097247168807745
-1.3736059426148544
-1.6405706450819515
-1.9023032159241953
-2.147905568366079
-2.364186944499857
-2.536611623019096
-2.6507870344327737
-2.6942346024986863
-2.658123566802175
-2.5386713815004587
-2.3379996391926667
-2.0643437829340376
-1.731614205110873
-1.3583798003426895
-0.9663945852566475
-0.5788244799827164
-0.21836217557234233
0.09455990111218182
0.3432478067160988
0.5157381888822119
0.6051990111776563
0.6097353458573513
0.5317069104783053
0.3767566068171887
0.15279960755021008
-0.13078503168261332
-0.46358778611152485
-0.8341737161709127
-1.2297482352580786
-1.6357006459387502
-2.0353159583634004
-2.4099361601684017
-2.739753091706762
-3.005248317110877
-3.1891058194508144
-3.2782653406253637
-3.26570493769543
-3.15156550214377
-2.9433538663778
-2.6551537172996014
-2.3059860324172843
