1025
-1.0962868473413743
-0.9387491670419856
-0.7744767046619476
-0.6183845031115418
-0.481903231030079
-0.3726660300505032
-0.2950031125485845
-0.25084778151214543
-0.24061929831090387
-0.26377062185234373
-0.31890939496015774
-0.40362407419080726
-0.5142850225574422
-0.6460947010843469
-0.7935408692419638
-0.9512184974058479
-1.114809763411515
-1.2819145268923886
-1.4524389225116794
-1.6283651388536868
-1.8128963762012351
-2.009141051596778
-2.218621404366404
-2.4399398915842774
-2.667909023582762
-2.8933611350338624
-3.1037239956122207
-3.2842981936784796
-3.420027189360894
-3.497438700456245
-3.5063867612609365
-3.4412595536237736
-3.3014417221886734
-3.0910036074245184
-2.8177808876033987
-2.492144004245433
-2.125791810952138
-1.7308298775650155
-1.3192449502392027
-0.9027253393051402
-0.4926647792959135
-0.1001609238949458
0.2641241100554452
0.5902723090146768
0.869522787896435
1.0946756540640683
1.2603855213958068
1.3633021115279678
1.4020859413496218
1.3773733502105605
1.2917657237637035
1.1498751700768601
0.9583961417284584
0.7261224489313045
0.4638168178107691
0.18387247898664927
-0.10023285536033587
-0.3746294542175966
-0.6258014727557699
-0.8413023054984206
-1.0103961134393895
-1.1246275705529267
-1.178341500064273
-1.169151517316455
-1.0982999115182497
-0.9707908555044317
-0.7951564877530068
-0.5827594502110023
-0.3466459727720698
-0.10010600425812853
0.14478505403418113
0.3783293526301821
0.5938256481115302
0.7875482663153023
0.9581758954010613
1.1059109958156468
1.231592123881999
1.3360564155521606
1.419882702038347
1.4834914208570913
1.5274553955652466
1.5528259451877218
1.5613103912713355
1.5552254488622965
1.5372541918281977
1.510110220988015
1.4762357817796856
1.4376299914829411
1.3958392651655882
1.3520752521300146
1.3073833642716577
1.2627801046513756
1.2193053576442239
1.17797933910507
1.1396922943041896
1.1050746191030945
1.0743931344205366
1.0475028684905487
1.0238631303267103
1.0026097383587667
0.9826641503201957
0.9628543857640208
0.9420221749593742
0.9190974692041984
0.8931380268752505
0.8633544028800682
0.8291595101690502
0.7902828833389258
0.7469644160109231
0.7001962167992632
0.6519340372659789
0.6051770860110156
0.5638325185662963
0.5323353250351067
0.5150614711830772
0.5156228317611738
0.5361482971683427
0.5766391240138384
0.6344617726492284
0.7040328224312302
0.7767704177072756
0.8414216670619198
0.8848925811708435
0.8936708318381392
0.8558219711265205
0.7633694011227192
0.6146789315509841
0.4163258426844631
0.1838881513252031
-0.058773736331496296
-0.281922982575298
-0.45383848295291057
-0.5456074765117426
-0.5359405794674098
-0.4150303538106551
-0.18661546175144347
0.1322229016039237
0.5135068670727042
0.9225280952604189
1.3228569487416006
1.6811977045132611
1.9712266507465164
2.175875143419075
2.2879222159475323
2.3091203497999917
2.2483086265460317
2.1190428856424943
1.9372191993599939
1.7190405311977464
1.4795307693034434
1.2316702970967446
0.9861239623272977
0.7514535888757946
0.5346494114269766
0.3417793587816582
0.17854785250917937
0.05058154400474983
-0.03668337950849841
-0.07855546089198788
-0.07203094084010701
-0.01697407475526442
0.08270381631704532
0.21816534048241654
0.3753789132953502
0.5357166239489153
0.6775390868566178
0.7786855579350234
0.8195536708660217
0.7862481711053897
0.6731702448849524
0.48445916389450355
0.2338974384554331
-0.056790587730349285
-0.36096112850106793
-0.6508157854547888
-0.9011816249098263
-1.092611537831984
-1.2133029213046154
-1.2596227948302596
-1.235330129384854
-1.1498278291618458
-1.0159113640339457
-0.8474980795721594
-0.6577385876780361
-0.45776539560878565
-0.25616616636704526
-0.05911761886001316
0.12899170263730833
0.3046760374480902
0.46443822551857855
0.604039169380636
0.7181292461421814
0.8003766143783783
0.8441639849146577
0.8438242272555323
0.7962435260242605
0.7025039079644405
0.5691212857101285
0.40842602045728693
0.23777232376830582
0.0775381478947459
-0.051785174965815285
-0.13282775856308876
-0.15418601521202333
-0.11224619102930189
-0.011624620106084659
0.13577709706798077
0.31277875040263725
0.4994803978434126
0.6758555034724163
0.8239961571173712
0.9298217420496864
0.9842212055796234
0.9836666544338039
0.930316344653096
0.8315727814618882
0.6990480745396812
0.5469591805800709
0.39012112924968656
0.2418646389865418
0.11229179790217127
0.00723870604255093
-0.07186530686900225
-0.12730369016386914
-0.16383025606704213
-0.18727245716861649
-0.20333001494413128
-0.21675442999468594
-0.23089767468790495
-0.2474816963753402
-0.2664231515421986
-0.28564581275124196
-0.3009639663506535
-0.3062371772135595
-0.29400764730847934
-0.2567155985348306
-0.18838179332648025
-0.08643061549751094
0.04681016553992016
0.20339361569289965
0.3701291358671832
0.530096328797775
0.6650573711583456
0.7583002007803524
0.7973387784541726
0.7759335139468724
0.6950532097243478
0.5626286478897041
0.3921880071766592
0.20066532040852536
0.005804626493583171
-0.17636849754874712
-0.33356863908762574
-0.45843257656439107
-0.5486957047051592
-0.6064018014526871
-0.6363917658184323
-0.6444783859164582
-0.6357815149522865
-0.6136414027148447
-0.5793500595300128
-0.532688897657301
-0.4730122468352623
-0.4004545507402568
-0.31681924206673234
-0.22583504038461458
-0.1326915197208879
-0.04300846703550175
0.03842991930964565
0.10878557821413128
0.16779489005532608
0.21773840343123171
0.26275812240081403
0.30769085422029757
0.35669405817268385
0.41198165350752486
0.47296450442271726
0.536013337492509
0.5949433885481641
0.6421754077711337
0.6703770149187754
0.67426036818223
0.6521370639579402
0.6068380456583852
0.5457074485712204
0.47956685298562646
0.42078440607099526
0.38081672955007023
0.36775632984989143
0.38446061913979324
0.4277362815125152
0.48881889112920685
0.5550772487135188
0.6125642514269056
0.6488171248232784
0.6552435065238669
0.6285405481828062
0.5708545968909982
0.48872675200352333
0.39118637057480815
0.28755639828716545
0.18556328051016158
0.09019783212540568
0.0035073156878472123
-0.07479417484192931
-0.14623380727891788
-0.2124326826672794
-0.2742703548477824
-0.3315597681687138
-0.3832234657708328
-0.42778917238794345
-0.4639388499647008
-0.49086629598819287
-0.5083058112612887
-0.5162446216912582
-0.514470944514982
-0.5021917911348576
-0.4779511473590036
-0.4399883825568133
-0.38702224988554496
-0.31927426627041267
-0.23941191135870946
-0.15304807723326175
-0.0685058270104777
0.004259920312773031
0.05544505490567931
0.07750510030945748
0.06705908195747688
0.02604818397988184
-0.038240651544892715
-0.11440068797601241
-0.18916923694673834
-0.2502315625794858
-0.2889010190734972
-0.30201224897810797
-0.2925354189044595
-0.2687219501912911
-0.24195536641919987
-0.22381579757502057
-0.2230861931601638
-0.24346578105544076
-0.28258847105558743
-0.3326036581603592
-0.3821523019265804
-0.4191860267750882
-0.4338497822669562
-0.42065238730217175
-0.3793824543127611
-0.3146115796206769
-0.2340371101273308
-0.14622581072014304
-0.0584408810267036
0.024851723652101414
0.10245221395898581
0.1758529498457482
0.24791003815970458
0.32125185686527297
0.39696584121830863
0.4739943925266751
0.5494338769143546
0.6196362028429884
0.6817471906037811
0.7351621884849294
0.7823875536310947
0.8289674428071605
0.8824159979673356
0.950396595180345
1.0386185146047926
1.1490091871046944
1.278647672116449
1.4197420522943769
1.560664474508849
1.6877993527213437
1.7877773506294292
1.849600451037171
1.8662191824818555
1.835281117456973
1.7589853664786674
1.643193867737319
1.4961100467797364
1.3268974836611527
1.1445630265872089
0.9572910624652292
0.772237834575426
0.5956379499520047
0.432990270638107
0.2891008657892727
0.16785488691464445
0.07172826076523371
0.0011839490273441154
-0.04581753651871432
-0.07395148897296225
-0.09012880636567754
-0.10251028735030683
-0.11904262170495201
-0.14578039257109737
-0.1853714101786391
-0.23611232588059114
-0.2919002935142271
-0.34321573566678515
-0.37900896237442716
-0.3891015056993595
-0.36653663545317744
-0.30928999622947384
-0.22090146312177214
-0.10987431366659992
0.011979903782147831
0.13179876020160988
0.2379460038833435
0.3217734598395857
0.3785313143434259
0.4073648335520259
0.4105911788329157
0.39260669417256666
0.35879394764666067
0.31469056324626027
0.2655038568724842
0.21588280871583554
0.16975982537696546
0.13008509511472208
0.09838613624521737
0.07424392293747992
0.05491294943028351
0.03536027471532152
0.008925569378292648
-0.031376352605451255
-0.09111954537834462
-0.17270585765962432
-0.27407790304707813
-0.3883429504007835
-0.5045346172395097
-0.609438321545517
-0.6901051940370125
-0.7364725014639123
-0.743462892999861
-0.7120652141213378
-0.6491636344217123
-0.5661966505498771
-0.4769984666155799
-0.39533070288232847
-0.3326245062993241
-0.29634212965709833
-0.28918548616539225
-0.3091868951967531
-0.35055915930468307
-0.405078229094335
-0.4637203684633771
-0.5182667223011004
-0.5626137383355585
-0.5935867697287348
-0.611146091961613
-0.6179918303566754
-0.6186959419523615
-0.6185854496172083
-0.6226434893597511
-0.6346698964176065
-0.6568588887140137
-0.6898338537065503
-0.7330619526759712
-0.7854830981562967
-0.8461460494573384
-0.914653821626103
-0.9912777386568903
-1.0766929385109851
-1.171400199932787
-1.275002243670607
-1.3855651823342967
-1.4992910477950476
-1.6106476927824203
-1.712969608626309
-1.7994007885226557
-1.8639509168309916
-1.9024120408187126
-1.9129370247174098
-1.896183998288924
-1.855039121886884
-1.794007022304244
-1.7183917372783921
-1.6333912713904482
-1.5432177657079975
-1.4503499260430897
-1.3550270124241501
-1.2550933568367169
-1.1462828292705753
-1.0229824787195978
-0.8794338235606698
-0.7112296533413088
-0.5168646814873643
-0.2990259350567728
-0.06529118536439113
0.17203606598604795
0.39708103824705454
0.5924533284797313
0.7418785191412819
0.8328881338483913
0.8589718292760438
0.8206750685026373
0.7253593800109748
0.5856730946887531
0.4171112608262238
0.2352712209176228
0.05346234941882017
-0.11880950681732047
-0.27624212220641653
-0.41710877059658635
-0.5419615110795314
-0.6521627713919987
-0.7487145297435632
-0.8316867419213152
-0.9003059674567472
-0.9535349658620923
-0.9908258931271505
-1.0127032272305805
-1.020923910135675
-1.018132253301869
-1.0071150150753225
-0.9899066573523813
-0.9670528057006121
-0.937296706396779
-0.8978247824927127
-0.8450341743989344
-0.7756205051914659
-0.6876795732586254
-0.5815058390631894
-0.45985931869061875
-0.3276338788243752
-0.19104212247908187
-0.05657401968129873
0.06996051024079757
0.18404806575901367
0.28262842019777124
0.36384223243723945
0.42655733226821174
0.46991466795147646
0.49309060480971384
0.49535635016585833
0.4763820990946102
0.4366401974467853
0.3777406737000061
0.30257824702784314
0.2152451773890203
0.12072386844296085
0.024392146934029732
-0.06863805424835671
-0.15433503219360187
-0.23066662469228078
-0.29849293787105236
-0.36220171537632156
-0.42980235643695597
-0.5122431609638384
-0.6218820163462269
-0.7702829518888823
-0.9657464016544741
-1.2111194046288816
-1.5024163983734613
-1.8286102781342233
-2.1726802732448114
-2.5137111537665286
-2.829609279320528
-3.0998909079413446
-3.308025400361396
-3.442963236658092
-3.4997013204178407
-3.478975061809698
-3.3863537807064046
-3.231101669698043
-3.025127966781461
-2.7822052765698713
-2.5174412016455
-2.2468226723326064
-1.9865835696486014
-1.752203596992366
-1.557008900202085
-1.4105475545824964
-1.3170761733802554
-1.2745548245546794
-1.2744840673823423
-1.3027514550899792
-1.3414377078509614
-1.3713243995644813
-1.3746934909247146
-1.337942884284666
-1.2535664165143066
-1.12115501676103
-0.9472485026322898
-0.744078008669789
-0.5274498781029063
-0.3141882189447663
-0.11963209181086623
0.04435322988993792
0.17053957026556515
0.25658143022633684
0.30447441173531414
0.31951248414054434
0.3090734692328438
0.2814943880382713
0.24516540815596186
0.20784160868853793
0.17610342214868502
0.15490832808641308
0.1472434120594586
0.15395653567326376
0.17386294882188721
0.20417211241798283
0.24117505991311897
0.2810229709231805
0.32036616069002377
0.35664375217035893
0.387919983159902
0.41232258133329136
0.42729957350692904
0.4290166832917399
0.4122244046226754
0.3708164305862553
0.2990995058463745
0.19355336611546115
0.05465281171231701
-0.11177567001843397
-0.29414024793532056
-0.4758932337509165
-0.6375504380042473
-0.7595980010734984
-0.8257252229851767
-0.8257137098331433
-0.7573610170979881
-0.6270043669911909
-0.44849353518366225
-0.24078073806382155
-0.024585811421580853
0.18120166003264207
0.3626507473803365
0.5127995431455389
0.6321292578859158
0.7274157765284333
0.8092323851063312
0.8886782081141551
0.9740743041583558
1.0683623133895834
1.1677652470131115
1.2619756107501967
1.3357979744642496
1.371871430331555
1.3538949954666406
1.2697115667238685
1.1136763355636559
0.8879187375717233
0.6023552091541544
0.27356354861434873
-0.07717099186277052
-0.4262257281199697
-0.7500241977996319
-1.0271308919384814
-1.2398969809356974
-1.3756251096369418
-1.4272932636302698
-1.393883677050712
-1.280325371345707
-1.0970218384741957
-0.8589370631849701
-0.5842694132467494
-0.2928358255581529
-0.004377048629863044
0.2629673442530313
0.4938040626708104
0.676149336986798
0.8016481784166501
0.8655043727372043
0.8663243670357854
0.8060389548185934
0.6899568040375742
0.526867887717069
0.3290069781120133
0.11165260537198107
-0.10780821906359403
-0.31138705432843505
-0.4824406612323637
-0.6077682590027618
-0.6794738859542199
-0.6962019754186644
-0.66344405863448
-0.5927818852469736
-0.5001401149909647
-0.4033227223862767
-0.3192552650787973
-0.2614154542404968
-0.23789285376547456
-0.25038498311341534
-0.2942461957464198
-0.35950387302761144
-0.43259257735044276
-0.49846251694898985
-0.5427059307351455
-0.5533999246902204
-0.5224622691667271
-0.4464264304803693
-0.3266402758724165
-0.16896420490795475
0.016917679818227015
0.21845419114470968
0.4213516634359248
0.6107963686959721
0.7727261109086615
0.8950979591510819
0.9690633993470079
0.9899079699695141
0.9575721305116282
0.87658212934566
0.7553102336626527
0.6046446229540781
0.4363341723762198
0.26140671709791086
0.08907202838572742
-0.07361991520440751
-0.22135629026881481
-0.3496585948251311
-0.45399073632024795
-0.5293952658202624
-0.5709907554327782
-0.5753253209317333
-0.5422124523713601
-0.476418494134529
-0.3885305898661889
-0.29453161752588836
-0.2139778084422478
-0.1670867016786968
-0.17136017887940458
-0.23849513072162015
-0.372250252529536
-0.5676896734498765
-0.8119024458791321
-1.0859941547860459
-1.3679292723701684
-1.6356964987433678
-1.8702676486451366
-2.057900246629844
-2.1914695621032947
-2.270686476377199
-2.3012455894597568
-2.293129815612428
-2.2584446287273816
-2.2092321211871484
-2.155696764091506
-2.1051548015849972
-2.061821054158538
-2.027321219305623
-2.001630445819484
-1.9840490174443857
-1.9738637613614316
-1.970498430266875
-1.9731731515555386
-1.980295866086038
-1.9889225741211431
-1.9946079528604603
-1.991830991158382
-1.974975085200964
-1.9396455206632714
-1.8839873994839147
-1.8096581533425333
-1.7222009950500532
-1.6307158522881184
-1.5468791943829783
-1.483481436464248
-1.4527123276118317
-1.4644357729548008
-1.5246718042793075
-1.6344624664273883
-1.7892518072940224
-1.9788627197943824
-2.1881051131081963
-2.397997736364857
-2.5875253085874985
-2.7357814750908878
-2.824271296014149
-2.8390814749577586
-2.772597565055418
-2.624480204421341
-2.4017163223196376
-2.1177209947991056
-1.7906419908491604
-1.4411644217885355
-1.0901891671206119
-0.7567525929869613
-0.4564770193167675
-0.2007169478574953
0.003577607707942567
0.15339941279146133
0.24885813438944857
0.29229156998782563
0.28760910882509905
0.24006853777713497
0.15651557876294006
0.04591172886652799
-0.0801902448411663
-0.2076209483950809
-0.3203254485307633
-0.4019312711672301
-0.437943554332857
-0.41810457605256485
-0.33833569851576717
-0.20174517264724953
-0.018420308132362926
0.19595143599480747
0.4222839488447632
0.6405903064081055
0.8322539792184445
0.9817189045961645
1.07749849132698
1.1126354716021611
1.0848619998623785
0.9966746101026452
0.8553848039562284
0.6730179425374445
0.4658112845133996
0.25307553694333185
0.05534096139899884
-0.10804837945459282
-0.2214982916669663
-0.2753695371445137
-0.267345674717715
-0.20267066224825347
-0.09322685263517498
0.044328480108179476
0.19099473881497206
0.3280188928656572
0.439294564012237
0.5133119382194467
0.544478822301515
0.533677670584775
0.4879577916192587
0.41932947046433794
0.3427558594111938
0.2736164066943702
0.22508391349281734
0.2059393213706973
0.21928578625468859
0.26241554461217387
0.32778863687289317
0.40480389818095525
0.48187520413782836
0.5483215217145553
0.5957208587403396
0.618595480067269
0.6144985995973778
0.583692808133104
0.5286278487838343
0.4533665806687981
0.3630256100910443
0.2632386227091185
0.15963676614500688
0.05736275762075583
-0.03933398787461818
-0.12736077634722415
-0.20485911786004338
-0.27108974979865263
-0.3261608284674839
-0.37066354672843427
-0.40528621018998046
-0.43046529046086424
-0.4461107252631436
-0.4514242065219889
-0.44482105373358066
-0.4239691088859226
-0.38596639021094753
-0.32768313917726977
-0.24628303265930487
-0.1399061230505332
-0.008443673262381705
0.14572668029895766
0.3172280438035224
0.4975935869233024
0.6757619222012837
0.8392255288492885
0.9757515575959727
1.0754251626911935
1.1326189883423659
1.1474191061672423
1.1260787151012166
1.0802422038416395
1.024959788707214
0.9758317662158128
0.9458884162405892
0.9429356917821332
0.9680243342734558
1.0154385120644775
1.0742215927306826
1.1308725388345213
1.172567715142059
1.1901604840322646
1.1802968881472122
1.1462171174840128
1.097116834674178
1.0462452042668562
1.0081603921032407
0.9957126936633922
1.017362414777754
1.0753597105954036
1.1651279438517514
1.2759340441225882
1.3926552509987886
1.4982304059831668
1.5762753415956212
1.613371485844515
1.6006843447683892
1.5347743602407822
1.417653129567834
1.2562556729743581
1.0615244093170724
0.8472537956615787
0.6287727137524691
0.42149369946831267
0.2393646091404855
0.0933194004453372
-0.010086912957863953
-0.06960245899166247
-0.08949497769445232
-0.07887229009460549
-0.05008590211681868
-0.016419285681734834
0.010519863547310241
0.023142310663219607
0.019387126210502256
0.002984272329530365
-0.017654978031377826
-0.031692177374480705
-0.02871987150870195
-0.0015110324062293681
0.052023297255730884
0.12812273611150385
0.21781293579583666
0.3086240496306513
0.38687386372988786
0.43992478319135986
0.45793628829021893
0.4348667534475551
0.3687298936504255
0.26129050669306264
0.11744602273292223
-0.05550476119336162
-0.2486038398307659
-0.451976509430148
-0.6556033465935925
-0.8501296454176532
-1.02765937227676
-1.1824163323107757
-1.3111212618697625
-1.412949761550404
-1.4890057405136965
-1.5413560517311193
-1.5717999798839384
-1.580658617146838
-1.565925625352396
-1.5230903682354469
-1.4458125346719108
-1.3274124866381676
-1.1628951208123577
-0.9510224379817657
-0.6958660215805161
-0.40734997379048016
-0.1005319682531115
0.20629572163580226
0.49427149233148415
0.7467586116509377
0.9515917254116736
1.1022621928186427
1.1978456174705092
1.2418427205336653
1.2404021714314624
1.2005229763803373
1.1287563445688116
1.030679591564119
0.9110964245689109
0.7746506960257937
0.626422658010648
0.4721430164810107
0.3178718037506583
0.16925148454684552
0.030646251277505605
-0.09545866601412645
-0.20852417763985123
-0.3094349658871288
-0.3995759254291297
-0.4798675353351253
-0.5501494770433217
-0.6091756261462178
-0.6552495869327069
-0.6872789092159705
-0.705854486686621
-0.7139346912534139
-0.7168402527607041
-0.7214953815805898
-0.73509672639968
-0.7635663395672388
-0.8101917032900374
-0.8747714123864407
-0.9534118835898346
-1.0389306593897745
-1.121684294227258
-1.1905951646660882
-1.2342007464601596
-1.2416516681744756
-1.203680779419423
-1.1135999133649603
-0.9683312730502723
-0.7693658653622862
-0.523419503744159
-0.24249749710223875
0.0568668146299708
0.35526186078796007
0.6327542259445527
0.8715394221757352
1.0583459371405721
1.186078490011963
1.2543667770100164
1.268960728672714
1.240189714989162
1.1808944820503058
1.1042966608988651
1.0221954098105535
0.9437226841358799
0.8747160466122669
0.817637805373347
0.7719072082347816
0.7345093667241872
0.7007707648309786
0.6652160397988695
