1025
0.45395861859220027
0.5095103743283764
0.5215376320162947
0.4893823923183608
0.4181786578364175
0.31838213312967606
0.20442800601816905
0.0926878987421381
-0.0009317607682059376
-0.06329982138511969
-0.0858285993801994
-0.06536901738993725
-0.004109333195894481
0.09141073950459978
0.21186614370263504
0.34689063311044344
0.486612920962974
0.6227110969446408
0.7488756857941641
0.8607351228932711
0.9554168862204384
1.0309694951024058
1.085856696441668
1.1186724022019268
1.1281397130339663
1.1133734970024918
1.0743198400378944
1.012245155284707
0.9301335705596107
0.8328606665944156
0.7270411434932512
0.6204963584904346
0.5213540143513974
0.4368748480871014
0.37219114315167834
0.32921847600050635
0.3060346170711255
0.2969761784128067
0.2935688117544157
0.2861959705970701
0.2661775767107849
0.22775024423117726
0.1693900580018428
0.09403896440972108
0.008071969846183505
-0.08079610934923147
-0.1661265265980261
-0.2451506568995959
-0.3201990622423011
-0.3986472373642936
-0.4912557596969777
-0.6092423724242813
-0.7608137940204963
-0.9480849054551304
-1.1652525348660425
-1.3985759236314486
-1.6282332304814189
-1.8316156236937233
-1.987244861958896
-2.0783706940849815
-2.0954536721880026
-2.0371036507958764
-1.9094902107413427
-1.7246168600886171
-1.4980439814041984
-1.2466263261825954
-0.9866520066232166
-0.7325374577471463
-0.49604965507185017
-0.2859503168809962
-0.10797603416924267
0.03487608380670067
0.14176662651573185
0.21319599885433788
0.2501157860988945
0.25323132088992295
0.22277055242403349
0.15888248424617826
0.0626092620618471
-0.06287232006956014
-0.21121667442320746
-0.3725699902656895
-0.5342349384105223
-0.6823321019069358
-0.8041032945223474
-0.8902510043829791
-0.936649528694295
-0.9449262714584356
-0.9217454675043959
-0.8770192914718739
-0.8215885574091545
-0.7650483745488942
-0.7142988346850808
-0.6731144945780588
-0.6426543989379373
-0.6225124891352789
-0.6117524534124801
-0.6094347693162819
-0.6143979994908763
-0.6244026963892989
-0.635052959617014
-0.6390624867455175
-0.6263714106271431
-0.585364797333084
-0.505078595748737
-0.3779244220706301
-0.2022359516572372
0.0160898541398403
0.2634015936489494
0.5197537395004486
0.7618088296985123
0.966603827487667
1.1153766503926936
1.196624296202582
1.207748037135021
1.1549835165786526
1.0517198529801
0.9156688169185123
0.7655574951472324
0.6180376408312862
0.4853495894430767
0.37402146872789216
0.2846229644889002
0.21240917538192466
0.14861650386926847
0.08218696695476162
0.0017398869731898698
-0.10237712257062642
-0.23616610370293972
-0.40046265080245375
-0.5901408499789819
-0.7943026560503951
-0.997548213339701
-1.1821714082691441
-1.3308641366571934
-1.4293399265305524
-1.4682779099179497
-1.4441640598877967
-1.3589223119783131
-1.2185838907633115
-1.031516422291737
-0.8068268638830368
-0.55342766237406
-0.2799567716809812
0.004619447513118263
0.29017852088405366
0.5649484451894509
0.8157830352932514
1.029339027407699
1.1939267635004984
1.3015241368895683
1.3493441700234912
1.3404615832851803
1.2832837257134422
1.1899924137935587
1.07436951199216
0.9495653628656208
0.8263444036207463
0.7121725115175098
0.6112583518527793
0.5254015046163406
0.4552987494651457
0.4018594923225003
0.3670997366166145
0.35431501966545353
0.36744654403756083
0.409800941471719
0.48249739839796957
0.5831302149079189
0.7051068801248486
0.8379491706842821
0.9685754071132238
1.0833006443301734
1.1700890409732576
1.220530713267275
1.2311040962272801
1.2034832042068448
1.1438868974370848
1.0616765748881447
0.9675456858680717
0.8716951406750634
0.7823584603373658
0.7049417392429211
0.6418912674900057
0.5932187814271482
0.5574406291899755
0.5325752761673476
0.5168431960747045
0.5088417093151232
0.507191983872435
0.5098939659015856
0.5137770227610345
0.5144236699327015
0.5067594169621726
0.4862088375543913
0.4500354122901602
0.39833659429589463
0.3342325103666991
0.2630577519137314
0.19074359012012776
0.12191314670748685
0.0583630624628617
-0.0014997301909757716
-0.06202700218586978
-0.12869371175773558
-0.20600829391272754
-0.2956719883302864
-0.3955834758900483
-0.4999719204248441
-0.6005535983703635
-0.6882938653957495
-0.755221366826941
-0.7958077374864406
-0.807637299547715
-0.7913477111715104
-0.7500279278501877
-0.6883570827075427
-0.611751933341623
-0.5256967802928894
-0.4353112426314962
-0.34511387886463735
-0.2588896569478182
-0.17956865251497758
-0.10905883995965204
-0.04802747304725752
0.004325125813134638
0.05041994578312864
0.0942884425374467
0.14131421846232675
0.19768282834616394
0.2695569857369989
0.3620691644918909
0.4782921149640484
0.6183874432158307
0.7791239315097215
0.9538965616465077
1.1332775513383861
1.3060220493782342
1.4603649290328053
1.585405646067007
1.672387795553314
1.7157230956937697
1.7136613996901284
1.6685475987999001
1.5866298629229274
1.477404569388941
1.352521735377576
1.2243431819010246
1.1043349487365721
1.0015557834956401
0.9215357314733896
0.865795021194263
0.8321321988639884
0.8156409754036762
0.8102464317087499
0.810431899262136
0.8127872938336129
0.8170516172581754
0.8264265693724605
0.8470769833351284
0.8868806737940508
0.9536276205672621
1.0529824085543036
1.1865983176698385
1.3507862569845293
1.536078189678741
1.7278775872429608
1.9081775124206595
2.0580932509578678
2.160758965553113
2.2040297279765872
2.182443896234643
2.0980370894191545
1.9598287461555772
1.7820759743413417
1.5816485742125919
1.3750678185651417
1.1758261010500142
0.9925411724859413
0.8283032192800807
0.6812853821721232
0.5463788515900777
0.4173685326467162
0.2890581971074105
0.15881988669756003
0.027257084935468277
-0.10203971724977721
-0.2234055709276541
-0.3302953388350656
-0.41637901069826655
-0.47629071753893076
-0.5059738181896233
-0.5027259260518081
-0.4651225389996429
-0.3929743074200302
-0.28738493426660283
-0.1508792817197991
0.012488716696542522
0.19714308802974412
0.39616368017779474
0.6016375076300929
0.8051434173234627
0.9983071655274928
1.1733559402500504
1.3235991850560778
1.4437646100419554
1.5301339813628783
1.5804639188942937
1.5937435273242997
1.5699137702118233
1.5097176494832547
1.4148290268579455
1.2883068084236307
1.135262085504584
0.9634670477701389
0.7835500051426036
0.6084683219797226
0.4521406075844154
0.32740079968432606
0.24371222964566394
0.20524005274974674
0.2098510659745567
0.24938359352294992
0.3111755013812766
0.3804744065125951
0.4431065775435215
0.48773305502403436
0.50718414653479
0.4986732832063195
0.46303576207952546
0.4034002490669628
0.32380099778757904
0.2281616157109356
0.11987610398248244
0.0019695094187552617
-0.12237018051942394
-0.24917926332101914
-0.37328397028690985
-0.4882008427834501
-0.5864108526925066
-0.6599600932779157
-0.7012965345011962
-0.7042359681996013
-0.6649344183988851
-0.5827185613185378
-0.46060363533565585
-0.30534037427006755
-0.12690282284856913
0.06254660995303216
0.25003754628373276
0.42323828062052615
0.5716732629388187
0.6874957863148481
0.765744891985452
0.8041661296715237
0.8027750056322869
0.7633605935274808
0.6890748144164318
0.584168191813245
0.4538590431502834
0.3042848921238212
0.1424813487615617
-0.02365605692405195
-0.18546883690445068
-0.33374344151794283
-0.4590931567622811
-0.5525655058591573
-0.6064784637971008
-0.6154086008959857
-0.5771693300413904
-0.49356246917869717
-0.37068961984336474
-0.21867737941324283
-0.05078469986483463
0.1180116007849553
0.2727507891182526
0.4002784505112546
0.490821244684295
0.539111191194125
0.5448924259218234
0.5127298425088468
0.4511352046594258
0.37112731366653356
0.28443993438976267
0.20166963405002836
0.13069338018252596
0.07566058276363075
0.03676464274566644
0.01083448090802709
-0.007408514497114646
-0.02375386236016638
-0.042981813022096166
-0.06780572997604471
-0.09851170180405888
-0.13329995977369583
-0.16910277568317794
-0.2025088518748905
-0.23042453190012407
-0.25025038067724115
-0.25959049946039886
-0.2557417131073318
-0.23533104898372997
-0.19442687282046933
-0.12925580439721798
-0.03739326303233492
0.0809289365217655
0.2218463879485528
0.37758757784267116
0.5370562345872488
0.6871579423531099
0.8145377070056916
0.9072954168353997
0.9562915865598551
0.955817546797677
0.9036182429916474
0.8004469803932837
0.6494405610272052
0.4556013373904637
0.22556728741838467
-0.03231809841595084
-0.3077982184644538
-0.5886354818009535
-0.8609715668186478
-1.1102960636541985
-1.3230039815402803
-1.4882943000632018
-1.5999850966765155
-1.6577655825300293
-1.6675018899368546
-1.6404381873412854
-1.5914158981566011
-1.536477865390503
-1.4903528641821226
-1.4642975591624943
-1.4646325576273969
-1.4921148272946532
-1.5421153489501507
-1.605469142772146
-1.66983870706815
-1.721446188681069
-1.747034668770627
-1.7358810152228161
-1.6816070871941264
-1.5834651830018474
-1.4467669620496735
-1.2822284068476377
-1.1042195160317316
-0.9281875540554839
-0.7677789915660491
-0.6323231791840116
-0.5252970434395768
-0.4441605507552148
-0.3815987646783946
-0.3278332202791137
-0.273387669390147
-0.2115916248671223
-0.14020313729986023
-0.06178956206599897
0.017160635896034337
0.0881075745345103
0.14280567947348644
0.17553868748346566
0.18471349396334794
0.17344643262894127
0.14900497981411312
0.1212168653652927
0.10018520065889358
0.09381455264516529
0.10572427984514539
0.13407765724477386
0.1716817011362574
0.20743644789944307
0.2288879857112099
0.2253464812735203
0.19085038577723237
0.1262515317736994
0.039877274593421635
-0.05344575932493594
-0.1348314719899744
-0.18471785987340725
-0.18646729038966778
-0.1294358654435189
-0.010924120605596919
0.1632972527764234
0.37987553138020846
0.6198954842866099
0.8615783353369054
1.0831571571160874
1.2654768739040287
1.3939866579707971
1.4599436233623808
1.4607978653838931
1.399855984490143
1.2854052708733836
1.1295121159993748
0.9466872317830263
0.7525530072888152
0.5625836829437887
0.3909474483418995
0.2494761865213386
0.14681617863714516
0.0878439399526764
0.07343315580559773
0.10061632784210343
0.16310738741211503
0.25207356930981595
0.35700158375464686
0.4665174317153501
0.5690835524076747
0.6535821843975109
0.7098603896151362
0.7293309358040447
0.7056843592563602
0.6356838614791921
0.5199153128992823
0.36328493762635744
0.17503172324305397
-0.031927372452645854
-0.2423712022973432
-0.4407335791135037
-0.6133242301362443
-0.7503583258221177
-0.8473283501339615
-0.9053794176413861
-0.9305898048200397
-0.9323407617945468
-0.9211896253213837
-0.9067620140932688
-0.8961229148393861
-0.8929058532025104
-0.8972493771508678
-0.9063968050456471
-0.915715265380936
-0.9198902412601726
-0.9141155135320134
-0.8951689278313872
-0.8623007210421997
-0.8178553023309655
-0.7675252215556633
-0.7201363408414413
-0.6869125931359518
-0.680264740018313
-0.7122586231144633
-0.7930007057388639
-0.9291976923788297
-1.1230968763693285
-1.3719176267949766
-1.6677851481571155
-1.9981147051233323
-2.346384116529554
-2.693257922536478
-3.0180487244074308
-3.300477083529209
-3.5226051293435185
-3.6706968247246126
-3.736659833741601
-3.718721728881182
-3.621125019305636
-3.452871270139924
-3.2258238765724347
-2.9526810127277394
-2.6453659778117795
-2.314226729287288
-1.9681450524433455
-1.615339192820883
-1.2644204971214796
-0.9252094885811478
-0.6089348758456172
-0.32767207337451065
-0.09313474108102632
0.0848691669051649
0.19991572643590252
0.25000293599526996
0.23789091415156075
0.17065754392396704
0.058563123675215774
-0.08652934765182922
-0.25283640262699053
-0.4300825814274494
-0.6103912439157199
-0.7884984472417339
-0.9613305338631472
-1.1271493529178618
-1.2845643888284688
-1.4317091896014233
-1.5657835219388
-1.6830130644676873
-1.7789350935529418
-1.848838921350897
-1.8882013508016406
-1.8930438671105776
-1.8602476716629182
-1.787928670975009
-1.6759545685225574
-1.5265817651344313
-1.3450512842292528
-1.1398850309804565
-0.9226273751246422
-0.7068987372140406
-0.5068289275470096
-0.3351432682850266
-0.20130678148964343
-0.11014358337604828
-0.061240229222836284
-0.04925225979212763
-0.06502248145741026
-0.09724475577586192
-0.13430777891454354
-0.1659454949642585
-0.18439942732577463
-0.1849375581981929
-0.16573737108702127
-0.12728324037403038
-0.07151528780779409
-0.0009801005614758396
0.08181809945114261
0.1747569812239671
0.2761102692524163
0.3842913862630896
0.49742282947272715
0.612847106566137
0.7267048197700965
0.8337088615595803
0.9272331586505221
0.9997941185819169
1.043924657428303
1.0533311054260242
1.0241104352735646
0.9557288348764535
0.85146108780007
0.7180834982579998
0.5647905613677289
0.40152525832466207
0.23710912768445877
0.07766384529777826
-0.07421609513234288
-0.2192543336506485
-0.36023675733876237
-0.49999465047014424
-0.6391434285801258
-0.7741910703711142
-0.896568958593527
-0.9929383018172449
-1.0468406003746058
-1.041458867253306
-0.963000347726723
-0.8040507730137549
-0.5662159600152613
-0.26146914938350857
0.08815103402792822
0.45253763193887114
0.7969249841823682
1.08615754802906
1.289115424875374
1.382600795730296
1.3541401075656276
1.2033997590726895
0.9421736497700065
0.5931087747716798
0.18744818367632798
-0.23791209858859722
-0.6437984488471558
-0.9923623305323189
-1.2507126035511753
-1.3943288204708861
-1.4099184819736208
-1.2973086318855656
-1.0699656368075332
-0.7538569710980779
-0.38460522506851896
-0.003191771165334458
0.3492298344921061
0.6366347224004364
0.8326962777492211
0.9238796245624471
0.9105669082659865
0.8060749517551705
0.6338055365420566
0.42309549902670696
0.20453864497449623
0.005590816512464898
-0.15286040906072837
-0.25853757349569934
-0.308312755999309
-0.3074062860420295
-0.26758455106668966
-0.2047566417078397
-0.13633969276656022
-0.07869746835682222
-0.044904153078058014
-0.043061048942209565
-0.07537479405176371
-0.1381488087150976
-0.22271708169874496
-0.317168716827635
-0.408525584432247
-0.4849139439204402
-0.5372704757672853
-0.5602561424267266
-0.5522786594683283
-0.5147711469035262
-0.45106145953609217
-0.3652391264911654
-0.261372018266112
-0.1432708511772378
-0.014800298794513781
0.11944847730755989
0.2534293588909381
0.3791917418161161
0.48698201379631745
0.566033173835699
0.6060070397098674
0.5988815276363721
0.5409395874614941
0.43444226699830707
0.28857190819699274
0.1193182951789865
-0.05185442733641056
-0.2004976791905486
-0.3025137903260107
-0.3378040627350825
-0.29356234734482667
-0.166549711351756
0.03615294732244019
0.2981194449640015
0.5961154558803592
0.9036847384356809
1.1950355183381889
1.448420885862956
1.6483456717270046
1.786232730526334
1.8595692450474823
1.8699331293600063
1.8205764987243622
1.7143454067509878
1.552607802867102
1.3355593318300896
1.0638457635123644
0.7409931831215336
0.37580653755116583
-0.016197721015120542
-0.41305761452402184
-0.788595135847939
-1.1162670323522659
-1.3737398568489194
-1.5469840088486972
-1.6327433994106093
-1.6386692269261334
-1.5810751367950469
-1.4809564228112266
-1.3593891798755564
-1.2335373683637576
-1.1142281340076023
-1.0055223905454909
-0.9061016140519202
-0.8118099018824423
-0.7184620246405129
-0.624083621951959
-0.530027255635042
-0.44079306950673847
-0.36275422781969924
-0.3022526798193279
-0.26364225841883215
-0.24781072040753055
-0.25154259664683215
-0.26784757492222744
-0.2871402674889328
-0.29897651345498544
-0.2939647854381812
-0.2654824214267165
-0.2109083841676554
-0.1321952151381102
-0.035708032386021805
0.06865449105835265
0.16896297430212906
0.2532014991596844
0.31137160020341675
0.33739017809267574
0.3303915086014837
0.2951200475474417
0.24128454288873152
0.18199285628818543
0.13162110426044307
0.10360456752858922
0.10861937502533592
0.1534597029757108
0.2406702272581284
0.36876350049195195
0.5327243404408635
0.7245204232955073
0.9334811103888732
1.1466034171234019
1.3490007558147301
1.5247481133449534
1.6582689949382943
1.7361893960053973
1.749340314202405
1.694427173655519
1.5748808737459827
1.4005775339222584
1.18640816859319
0.9499900034693146
0.7090271689160207
0.4788782731548457
0.2707693556961329
0.09086556441135103
-0.0598205496537701
-0.184867223622759
-0.2914590378362952
-0.3891644276036177
-0.4885764192574738
-0.5998616807597169
-0.7312704444054818
-0.8877249881695716
-1.0696856828386945
-1.272537441983347
-1.4867075626854878
-1.6986133345360803
-1.8923727392416427
-2.052042548448133
-2.1640223003999317
-2.2192110074345384
-2.2145342160987216
-2.153562284926296
-2.0460962980386554
-1.9067810550093751
-1.7529858502091213
-1.602338882540517
-1.4703729445715024
-1.368709454315276
-1.3040696779478236
-1.2781864020444655
-1.2884607887007913
-1.3290452136018671
-1.391992802366527
-1.468209479987892
-1.5481282816254198
-1.6222115236500518
-1.6814862270233035
-1.7182840880461674
-1.727206294327359
-1.706140203564221
-1.6570153422158098
-1.5859729454346272
-1.5027505263748393
-1.4193019867939967
-1.3478975359483298
-1.2990934398638807
-1.279985050027563
-1.293068163793931
-1.335882461254342
-1.4014562140337359
-1.4794522645591532
-1.5578380118970685
-1.6248494054641087
-1.6709721379684783
-1.690623254739031
-1.6832076211606637
-1.6532810522610466
-1.6096959389744172
-1.5638213150009102
-1.527165209035579
-1.508908880421979
-1.5139233949576119
-1.5417481479305901
-1.586786525308906
-1.6396778828458594
-1.689520087373724
-1.7264193726110173
-1.7437795523731128
-1.7398170310167091
-1.7179722921193064
-1.6861330966588044
-1.6548349471000126
-1.6348138178721159
-1.6344197580736457
-1.6574362136360907
-1.7017803555738416
-1.7593920761760022
-1.8173799988903374
-1.8602285749338139
-1.8726390460037408
-1.8424355285906686
-1.7629522222207752
-1.6344326943080099
-1.4641863927478556
-1.2655041309900408
-1.0555709128889967
-0.8527802542309535
-0.6739252260425596
-0.5317203471369143
-0.4330184474140631
-0.37795719552970425
-0.3601268154372274
-0.367709707877944
-0.3854128567520315
-0.39690257555249514
-0.38737005799220026
-0.3458225213031613
-0.26672523190764025
-0.15072302708758126
-0.004336589141178644
0.161271003432202
0.33217425744151885
0.49380481918668984
0.632882231480079
0.738820016558485
0.8044522549584565
0.826137846172484
0.8034695807927907
0.7388810164626352
0.6373810497632554
0.5064800869824425
0.35617394956609744
0.19871191462385843
0.04786535221637664
-0.08244530388455633
-0.18005814839612394
-0.23664081675952936
-0.2493844986103832
-0.22178672788204082
-0.16318867430883588
-0.08707069726024162
-0.008476191116466258
0.058797493485759605
0.10452545618523508
0.12332796362962163
0.1146390018951828
0.08151228245378302
0.02874421249811695
-0.039029434623461194
-0.11864163780790868
-0.20871651760935717
-0.3089635155245672
-0.4187522539441106
-0.5355185868482577
-0.6536091152290915
-0.7640291441725625
-0.8552695292163834
-0.9150510915148999
-0.9325542451434884
-0.9005818942724164
-0.8171625583458767
-0.6862976712706295
-0.5178037502899984
-0.3263992242132754
-0.13027466568891236
0.05063869261168962
0.19657007033367252
0.28991256794332143
0.3172525766550966
0.27126227200634295
0.15217944572687567
-0.031463684713547435
-0.26315267949621596
-0.5198640321041109
-0.7745723928110174
-0.999422085753203
-1.1690342295946614
-1.2633944847578464
-1.2698746629346496
-1.1841441645519952
-1.0099623577732892
-0.7580468624979638
-0.44434137751535646
-0.08804333771127432
0.2902921702871498
0.6703507145437919
1.033248365772289
1.3623029930876596
1.6434525408914327
1.8654336508296185
2.019854102701882
2.101283233326468
2.107443368103991
2.0395142925459204
1.9024762767665868
1.7053402104453965
1.4610764146269568
1.1860775699060597
0.8990781202718251
0.6195818359270333
0.3659841695468973
0.15367604472870702
-0.006550579095670984
-0.10951946359012425
-0.1559459186376805
-0.15195937981633673
-0.10800822726756111
-0.03738590176473137
0.045351777106849366
0.12585485935224286
0.19121053147452136
0.23092578112361914
0.23772050454766988
0.20818760486202034
0.14330121311985788
0.04864523007614805
-0.06584323382662477
-0.18680484513612033
-0.29911585961605286
-0.38809650466339657
-0.44185563991528765
-0.4532164398473341
-0.4207063941161898
-0.34832879905111735
-0.2441939798674514
-0.1184458220083373
0.0188673302968065
0.1593451495358796
0.29681960024909493
0.42694602647137403
0.5461237291495133
0.6502704978658405
0.7339736798713737
0.7903631459316458
0.8117879517052143
0.7911316907096559
0.7234424451032885
0.6075018068409629
0.44699036393469704
0.2509856428788223
0.03362513036644515
-0.1871235968220004
-0.3915129050215986
