1025
-1.0682121773225741
-1.0606352032800577
-1.0203905530949735
-0.9497992427484845
-0.8543578208533151
-0.7423462021843527
-0.6237939047903276
-0.5090113395921723
-0.4069944227285366
-0.32401749599745366
-0.26265749716058423
-0.22138480606705227
-0.19475900417524353
-0.1742034049288281
-0.14929317447756518
-0.10944987309170343
-0.045866469590988244
0.046606335976863075
0.16796409679208185
0.31231282363288027
0.4681749522844018
0.6199182118688192
0.7501221763269275
0.842444764740708
0.8843989781679776
0.8694525417302938
0.7980210520890142
0.6771874856944344
0.5192663699881255
0.3395614790304976
0.15379202577419424
-0.024325786867172967
-0.18493698402364708
-0.32308129018111537
-0.43880310867766836
-0.5364055951920997
-0.6230630396410488
-0.7071118005953008
-0.7963814663659836
-0.8968869343703756
-1.0120789808377122
-1.1426748315926796
-1.2869167735081066
-1.4409981064741675
-1.5993968714840388
-1.7549707742198175
-1.8988467610316957
-2.020308285630338
-2.1069650297937654
-2.1454408339275677
-2.122649304090497
-2.027508575185227
-1.8527676272515725
-1.5965505791844201
-1.2632969280344601
-0.8639467724635778
-0.41541039395243434
0.060512933591034976
0.5385854522349213
0.991844169289102
1.3935665609069399
1.7195112123454306
1.9503732567104606
2.074210330248013
2.088389657206335
2.0004952421521405
1.8277110079034802
1.5944872707422773
1.328741186185559
1.0572967292856308
0.8015726369234889
0.5745492633273374
0.3797519294336485
0.21245427535188907
0.06269620009779973
-0.0807752194331611
-0.22674031962625277
-0.37888442499353625
-0.5348773601322812
-0.687179038452981
-0.8251164179764646
-0.9374976810678461
-1.0150073478689652
-1.0518242178651709
-1.0462192073855945
-1.0002027866614054
-0.9185105466677422
-0.8073043257948193
-0.6729398675140699
-0.5210559407366607
-0.35612250608976875
-0.18147910450782764
0.0001906866191226105
0.18607164804774826
0.3722975745819187
0.5531272142802451
0.720460648532341
0.8639110806533734
0.9715546497937739
1.0313303271463141
1.0328831689101317
0.9694871430727255
0.8396042391559353
0.647674157278244
0.40388822766132604
0.12294382640235181
-0.177969764941229
-0.48151555621713943
-0.7723822499343628
-1.0388621188511742
-1.273590019975918
-1.473422005986459
-1.638625444825096
-1.7716703829662939
-1.8759385074142367
-1.9546150825751278
-2.0099296847303902
-2.0427959118580308
-2.0527979393462195
-2.0384062342170646
-1.9972920015666653
-1.9266510385923916
-1.8235252652594924
-1.6851861191501194
-1.5096764461325518
-1.2965674881336178
-1.0478810122412954
-0.7689947863183167
-0.46925435298163815
-0.1620079745912032
0.1361188466161735
0.40671606919798137
0.6316623758712336
0.7954459397881318
0.887339789687438
0.9030677181008873
0.8456873300223349
0.7255334092938833
0.5591844700847465
0.36753444109086186
0.173177497405537
-0.002553695965931303
-0.14244079869302112
-0.2356144072552476
-0.27871575767226103
-0.27571444043693205
-0.23639749807849259
-0.1738609915452251
-0.10158276154195225
-0.03075222361085571
0.031554313378908516
0.08300724327449638
0.12544032582038644
0.1633252826100066
0.20178230668077138
0.2446710269344332
0.29323984317188545
0.34564313522227613
0.39741081346900475
0.44271940642383933
0.4761144079844036
0.49421343647186167
0.4969141028096739
0.4877519555531058
0.4732800421006043
0.461612019271909
0.46050238142480354
0.47545467490128496
0.5083149243638165
0.5566417172407229
0.6139133527943135
0.6704213937469972
0.714577291939662
0.7343481824207743
0.7186153191691996
0.6583582749313526
0.5476520625727122
0.38448847710303297
0.17139862449221216
-0.08420752205876555
-0.37011330302868267
-0.6699018378785921
-0.9641525022250642
-1.232172621612286
-1.4540903478104816
-1.6130435979666509
-1.6971619492355219
-1.701058605671782
-1.626615959241119
-1.482941128859489
-1.2854694283744965
-1.0542940427202505
-0.811896379031609
-0.5805399924016417
-0.3796627015999109
-0.2236386435562958
-0.12026444067225407
-0.07023644713209076
-0.06773160316085348
-0.10200460364874625
-0.15971000661750495
-0.22749926301325005
-0.2943743118369344
-0.35332810016699445
-0.40196591181430413
-0.44204584414629183
-0.47814148783662225
-0.5158430931046445
-0.560011877440491
-0.6135539070796312
-0.6769968305705635
-0.7488907753944624
-0.8267967948486179
-0.9084544576350241
-0.9926875822678344
-1.0797189526865287
-1.1707788778556536
-1.2671346580323697
-1.3688596346604376
-1.4737444662988113
-1.576710339470185
-1.6699367534168166
-1.743717978808028
-1.7878754720734131
-1.7934299367912032
-1.7542006006788502
-1.668042823508047
-1.5375287457631237
-1.3699827559369668
-1.176878858504752
-0.9726827760327599
-0.7732846070421254
-0.5942246781898862
-0.4489633503781507
-0.34746570805366606
-0.2953405337249068
-0.2936748431252691
-0.33955072560007976
-0.42706000997417104
-0.5485017963363418
-0.6954130807842386
-0.8591675613711631
-1.0310630165877108
-1.2020394700440578
-1.362343668292236
-1.5015070073052277
-1.6089032955917537
-1.6749293936511902
-1.6925860500344907
-1.6590302323070119
-1.5766076920137635
-1.452986991288655
-1.300270037555786
-1.133261682211858
-0.9673332160775966
-0.8164217493042143
-0.6916317050202886
-0.6006745856140377
-0.54808273139765
-0.5358717198001341
-0.5641992601645179
-0.6316217188659831
-0.7347627433354436
-0.8675023871249394
-1.0200597891887202
-1.1784770715806567
-1.3249613108283325
-1.4393152841693087
-1.5013574375272798
-1.4939051030192738
-1.4056786771052103
-1.233448511600702
-0.9829021785527001
-0.6680098730461479
-0.309019871722063
0.07047660536821196
0.4467932531941695
0.7990794978590937
1.1114465593872838
1.3740408519158611
1.5830767580247855
1.740047714804415
1.8504424792348682
1.9222940473164554
1.9648084678616236
1.9872051885882296
1.9977962512469838
2.0032693055088475
2.0081287170927693
2.014280238119796
2.0207962992424835
2.0239456334874077
2.0175891837730586
1.9940161360434792
1.9452125048461761
1.8644303248558418
1.7477893304848378
1.5955444077517635
1.4126428643498137
1.2083084967794298
0.9946162774313357
0.7843063861310914
0.5883391781704895
0.4138204289810057
0.26287056516672774
0.13277410181105492
0.017391987958882176
-0.09054276687870698
-0.19688456097821794
-0.30400370398193616
-0.40976834533855405
-0.5078691585667184
-0.5894016113572251
-0.6452727165011276
-0.6687728503370992
-0.6576089205250651
-0.6148431592448048
-0.5484807439486885
-0.46981665545355367
-0.39098557382823884
-0.32236476865248054
-0.2705022813394242
-0.23707889136841293
-0.2191165001212958
-0.21030907419796063
-0.2030736002801453
-0.19076997807016002
-0.16954642817418303
-0.13940804248418773
-0.10432436620556265
-0.07142236755798058
-0.049499546580989144
-0.04720628018769343
-0.07127719320158031
-0.12514516978737525
-0.2081669016897925
-0.31555149461477555
-0.4389446597350088
-0.5675110300440599
-0.689298379039951
-0.7926654250861719
-0.8675954411371083
-0.906773915522042
-0.906352978676435
-0.866345496878847
-0.7905952232062766
-0.6862799224775594
-0.5629456578225538
-0.4311502388993984
-0.3008963966635148
-0.18012394219053215
-0.07356491231717818
0.017778746086927286
0.09639677193568756
0.16730144718149811
0.23652576566550632
0.309410031867471
0.389046472711215
0.47521901227990687
0.5640745959739688
0.6486167380740305
0.7199478080737428
0.7690290277799828
0.7886029082722144
0.7748592934012443
0.7284495577518938
0.6545762419964467
0.5620944304241883
0.461810443605118
0.3643813930990705
0.27833219403790554
0.20866855711192872
0.1563800195671827
0.11885597128572198
0.09097337427241657
0.06644920323101601
0.039037019238411484
0.0032794703485954525
-0.0452534890365652
-0.11009664319308625
-0.19411904789515538
-0.29957811912852056
-0.4278435013316185
-0.5788166039701216
-0.7502385085563648
-0.9371649889444568
-1.1318630599958541
-1.3242632263534255
-1.5029359870631427
-1.6564121495763249
-1.774582265284589
-1.8499083053996068
-1.8782454950331235
-1.8591702405129302
-1.7958061473318203
-1.6942128633166547
-1.5624490633227606
-1.409449383899495
-1.243876309864454
-1.0731226926778101
-0.9026401183448818
-0.7357365565573344
-0.5739123102231335
-0.4176872853789441
-0.267736597563414
-0.12603381792382706
0.0033532597409847388
0.11412446533750922
0.19842586867810855
0.248276027107283
0.25743130614091536
0.22321078234100397
0.1477652541563014
0.03839706156753786
-0.09321487150002336
-0.232736689402708
-0.36545599906846815
-0.4786012472306137
-0.5632226268730897
-0.6153041893172888
-0.6359843692693006
-0.6309553671334103
-0.6092429165239458
-0.5816225657837326
-0.5589230880026671
-0.5504291327138502
-0.562549001256926
-0.5978707066687511
-0.6546915411865699
-0.7270677066277508
-0.8053882948874402
-0.8774311287064069
-0.929809182617279
-0.9496683828422146
-0.926454234315761
-0.8535321504809232
-0.7294346188918354
-0.5585295143261244
-0.35096723323792717
-0.12186693602936685
0.11017294692803745
0.3250395121239865
0.503270834134453
0.6281344124121172
0.6873746782978598
0.6744611797239495
0.5892436395683989
0.43797238654949133
0.23267451229287134
-0.010092184919860796
-0.2710300929400895
-0.5302748887651173
-0.7696924892081308
-0.974972371106399
-1.1371832599283918
-1.2535280662953927
-1.3271686276308625
-1.3661520555535807
-1.381620207210027
-1.3855937335112165
-1.3886829176529478
-1.3980909423141712
-1.4162444670843601
-1.440310590016545
-1.4627326507639824
-1.4727423366015802
-1.45860289762666
-1.4101516754656103
-1.321098440142784
-1.1905511157538025
-1.023402320616165
-0.8294895204513162
-0.6217607711783659
-0.4139359598641457
-0.2182635272731618
-0.04389892753432337
0.10379543765422879
0.22302275729326493
0.31464879543413077
0.3810177591511121
0.4248819033471886
0.44872537815312696
0.4545943371882346
0.4443847713050432
0.42042692435439694
0.3861510036063939
0.34661419484902867
0.30870022968908784
0.280862724996396
0.27237139658674436
0.2921324642605012
0.3472761492046729
0.441805542632354
0.5756458032308668
0.7443916154718195
0.9399168664631339
1.1518064843543854
1.3693462685657645
1.5836253462285694
1.7892265910678473
1.9850362449981316
2.1738932585934236
2.361080472868169
2.5519633632911622
2.749326735617204
2.951075982432092
3.1489202170665624
3.32844663716405
3.470678829635387
3.5548658493680634
3.561960553174487
3.4780848186969773
3.2972812672720315
3.0230083986607044
2.6681032963589115
2.2532453743747545
1.8042346462431564
1.3485935001728078
0.912084090262479
0.5157044829987145
0.1736074402518501
-0.10779327597057291
-0.32947185980175786
-0.4983459160678433
-0.6250720210346085
-0.7215417965115469
-0.7985817411145437
-0.86429850423818
-0.9233475547589889
-0.977167713367934
-1.0249759613419618
-1.065126154301869
-1.0963613657648787
-1.118558548582456
-1.132755939497595
-1.1405086209741646
-1.1428531783514702
-1.139303390781341
-1.1273006803301227
-1.1024066373806731
-1.0592944241747093
-0.9933422393675871
-0.9024294664064753
-0.7884406437388845
-0.6580175724783284
-0.522254789686706
-0.3952705338713951
-0.29185025137435466
-0.22459565979678447
-0.20116731041431626
-0.22224370656488565
-0.2807158560480852
-0.3624000894623014
-0.44822433717701454
-0.5174940274073367
-0.5515634192612134
-0.537109823259466
-0.4682815798578391
-0.34725958567132664
-0.18316841001311773
0.010313585240562624
0.21798491117170554
0.4260114288579698
0.6239934790871636
0.805803564693447
0.9691549416409455
1.1142069683021893
1.2417439932264962
1.3515276960209983
1.4413183359411916
1.506833608625246
1.542636195189255
1.5436890328344448
1.5071494939481824
1.43392214454198
1.3295548424184604
1.20422130588913
1.071743216801963
0.9478195955799772
0.8478030560731682
0.7844550384277452
0.7661036287808354
0.7955214750757227
0.8696655912905925
0.9802265926491236
1.1147795370055695
1.258257400725496
1.3944950422952938
1.507689654090565
1.583737550465051
1.6114741740936849
1.583828537100611
1.4988126396192758
1.3601544956528133
1.1773226466065447
0.9647368854871479
0.7401222160976396
0.5221920057648514
0.32805635201433664
0.17085833819442467
0.05810090516013854
-0.009045111673765094
-0.035400938395781095
-0.030581849453145286
-0.007260583754455697
0.020747860618462486
0.04026857543045135
0.04020263588289011
0.012509052209342595
-0.04728747170768935
-0.14002452997760303
-0.26319301187531247
-0.4115007506428555
-0.5776100502887579
-0.7529482985304778
-0.9284954204502042
-1.095465856084259
-1.2458296984975377
-1.3726568612247572
-1.4703137576318395
-1.5345801781393076
-1.562768372184329
-1.5539054991223764
-1.5089871667207766
-1.431240231093341
-1.3262763940966296
-1.2019991244385664
-1.0681588682044412
-0.9355284574189257
-0.8147699622262888
-0.7151566108893357
-0.6433720193917425
-0.6026183701415225
-0.5922211585750343
-0.6078293413080731
-0.642192737036768
-0.6863784365863118
-0.7311924866346656
-0.7685286710637426
-0.7923886061797214
-0.79940522140015
-0.7888322011364364
-0.7620971374375903
-0.722113485843575
-0.6725758734367758
-0.617418311196538
-0.5605154058941406
-0.5055928651747871
-0.45622818114912683
-0.4157970534901345
-0.38726214604412795
-0.37279035960088547
-0.37328558365431536
-0.3879949332932587
-0.41435657678112986
-0.448197235267621
-0.4842741932432799
-0.5170297981804911
-0.5413349027490182
-0.5529824339146593
-0.5487686013623935
-0.5261472699536817
-0.4826123574647664
-0.4150906619081885
-0.3196617248974483
-0.19184420715901693
-0.02752062129304042
0.1756339403857223
0.41653633021212966
0.6893173316513332
0.9826069771447932
1.2798011300956498
1.560427620763485
1.8024773402089607
1.9853141790073259
2.092594051270538
2.114570668167086
2.049280449555631
1.902367958157739
1.6856649628848173
1.4149579401517771
1.1075575756844847
0.7802543693434472
0.44802387059113374
0.12352717091745623
-0.18282808844581888
-0.46263247668292223
-0.7093335257526444
-0.918319009063157
-1.0871083329446287
-1.2153981617641476
-1.3047273876525138
-1.3576901275331341
-1.3768518605630349
-1.3637050563035649
-1.3180528625412051
-1.2381077145637824
-1.1213753721466717
-0.9661442379349733
-0.773199755402803
-0.5472943786632234
-0.29794323325380595
-0.0392652285752226
0.211195349138695
0.43450309187023367
0.6128644575477451
0.7321831538352112
0.7841411633561387
0.7673953544665529
0.6876600544459703
0.5566834930267361
0.39036409101421626
0.2064273432459836
0.022145530055047716
-0.14748673349940497
-0.2908832660736922
-0.40028484624822286
-0.4716356651137431
-0.5041844885019771
-0.5000584295077559
-0.4639439940380805
-0.40285795233240695
-0.3258671092244291
-0.24357292687079404
-0.16723217112378946
-0.10751679629783514
-0.073073830626005
-0.06916925992954696
-0.0967410356871196
-0.15212878268949925
-0.22760709253075523
-0.31266710589514257
-0.39581791347051887
-0.46655862136893095
-0.5171295772889186
-0.5436933849404096
-0.5467119814057042
-0.5304526989602956
-0.5017430815245865
-0.46826429598729075
-0.4367875773266978
-0.41178335475596384
-0.394750438560564
-0.38443126991027293
-0.37783812752570534
-0.37177956233857207
-0.3644189863912758
-0.3563759102833919
-0.3510109133686093
-0.3537848132951542
-0.3708721299494504
-0.40744388057630315
-0.4661364053820536
-0.5461601788752675
-0.643302206521953
-0.75081001081795
-0.8609029716807841
-0.9665091021878842
-1.062803194829892
-1.1482116588880331
-1.2247042194459223
-1.2973569312313313
-1.3733009176712216
-1.4602481483461414
-1.56481680621791
-1.6908870213122806
-1.8382236048353708
-2.001609050928857
-2.1707180424110817
-2.3309015207302126
-2.464910026919574
-2.5553800274572827
-2.5876820842773665
-2.5525646609064743
-2.4479983650426917
-2.27977003808432
-2.060668115759128
-1.8084543592607298
-1.543117403621789
-1.2840520413504675
-1.0477614872508512
-0.8464655460905319
-0.6876999248784792
-0.5747166858243317
-0.5073283285445983
-0.4828151953727977
-0.49661833887554024
-0.5427086232095726
-0.613687190047472
-0.700779313176244
-0.7939124391608587
-0.882030739399441
-0.9537208362692903
-0.9981341406809742
-1.0061082263175454
-0.9713206483211699
-0.8912603933978555
-0.7677880036085591
-0.6070928537434671
-0.41895687762101635
-0.21538848055364554
-0.008861528644083789
0.18947472591080294
0.371212489223476
0.5314105862285491
0.6684950611255016
0.7834298660681653
0.878445078356927
0.95570485547966
1.0162708057726881
1.0595912171337525
1.083576445416801
1.0851657174589304
1.0611910120013397
1.0093103870339886
0.9288025177009913
0.8210635197074152
0.6897099014451017
0.5402619674009915
0.37946028836658735
0.21434871749201218
0.051324416728196445
-0.1046169582408291
-0.2502464580840477
-0.3839821574818098
-0.50533288222889
-0.6140969490709562
-0.7095979063716032
-0.7902364040286253
-0.8535317324905763
-0.8966483228573895
-0.9172139399906774
-0.914110740438608
-0.8879124845028583
-0.8407627083456939
-0.775699216916409
-0.6956513685148941
-0.6024819434431036
-0.4964570635603307
-0.37639868301941315
-0.24055025138688757
-0.08794480946000423
0.0801154946751421
0.258926038121592
0.439988433516185
0.6115879122378465
0.7603323373273659
0.8734011366693986
0.9410508257380973
0.9588131667319152
0.9288368369530043
0.8599746057925487
0.7664835695029002
0.6655297224704382
0.5739891467722018
0.5052330156280039
0.4666119971669491
0.45820205074918313
0.47307409258912375
0.498984359433331
0.5210500584456287
0.5247665512020834
0.49869032677633224
0.43625526421339683
0.33645355021818063
0.20340899193245354
0.04510939383239611
-0.12831249584749213
-0.30636231473466
-0.47973427983688033
-0.6414475128339356
-0.787480831455969
-0.9168705798455528
-1.031266748154185
-1.1339887020874848
-1.2287078684996282
-1.3180015510654697
-1.4021231987037528
-1.4783583323832286
-1.5412376265191448
-1.5836621761517653
-1.598717976721523
-1.5817122437101672
-1.531848322639655
-1.453023306679731
-1.3534730204553398
-1.2443278312288248
-1.1374682826599882
-1.0432742688802492
-0.968881183797536
-0.9173906456856855
-0.8881918717401648
-0.8782278471149136
-0.8837849015627278
-0.9022630391385118
-0.9334198290733898
-0.9797498173018502
-1.0459081987737657
-1.137342498316207
-1.258494790166871
-1.4110352811800801
-1.592568991383848
-1.7961337231754892
-2.010615407081645
-2.221996100991145
-2.4151696430518586
-2.5759488029578734
-2.6928649106803366
-2.7584257055372268
-2.769630150433477
-2.7277079738613272
-2.637216565746839
-2.5047498680439046
-2.337564044565082
-2.142395021658384
-1.924650632331542
-1.6880430034200535
-1.4346296354764583
-1.165184998093891
-0.8798303357436809
-0.5788796572660854
-0.2638695862368772
0.061303589531270956
0.3893170090814847
0.70871743226537
1.0039365114463266
1.2563241278864925
1.4462948532660491
1.5563647950496384
1.574519101467216
1.4971190107386918
1.330539994487303
1.0909732298200887
0.8022730362568345
0.49226264092282074
0.1883467688284842
-0.08652777879085258
-0.31664295933122755
-0.49448521512880755
-0.6199305380270308
-0.6981301333906376
-0.7368739366069411
-0.744219455878048
-0.7269378696380444
-0.6899616928377389
-0.6366651282407688
-0.5695879543947195
-0.4911769654696099
-0.4042384613470324
-0.3119916083145569
-0.2177944704073245
-0.12471828159868373
-0.03515407606349147
0.04942561825977854
0.12851112751361257
0.2024315957420062
0.2721124091143322
0.3387549377693735
0.403460300584964
0.46681424095348106
0.5284723228450466
0.5868245216235012
0.638851760198098
0.6802838362894771
0.7061123526386299
0.7114101380563078
0.6922947639665867
0.6467961054783521
0.5753872569887339
0.4810258355008917
0.3687011304060821
0.2446344013932393
0.11537378233624475
-0.01297394080464167
-0.13521872036846758
-0.24724184433103322
-0.345913164140944
-0.428904406393355
-0.494513267200359
-0.541551501595569
-0.5692898497593387
-0.5774276416090183
-0.5660733717095535
-0.5357646117762507
-0.48758702922203145
-0.42344405895177994
-0.34647227804571434
-0.2615089571186779
-0.175431930411481
-0.09714738836433892
-0.037029886180921394
-0.0057314427192191215
-0.01245655741238327
-0.06300347724592811
-0.15803465530126
-0.2920947440052551
-0.4537979983484948
-0.627357280042944
-0.7952780303442949
-0.9416908026590916
-1.055560002129972
-1.1329719888772074
-1.1779015837673694
-1.2012337644645377
-1.2182675258556563
-1.2453160344345051
-1.296226925800118
-1.3796223787031316
-1.497419045846777
-1.644816029053286
-1.8115524607326228
-1.9839491141170955
-2.14713484658927
-2.286934349849332
-2.391113875005375
-2.4499593852289854
-2.4563976273207384
-2.4059865828885543
-2.2970643698471087
-2.1311783951766454
-1.9136901385540452
-1.6542590996225797
-1.3668348624444844
-1.0688694202947144
-0.7796828204374664
