1025
0.9554134400535941
1.0446699140049212
1.1059399346146812
1.1241027303730737
1.086934606434263
0.9873124759356723
0.8247219760094666
0.6057898956833814
0.34376169953229707
0.05703893845252335
-0.23296560133237185
-0.5043213825394555
-0.7370714366973337
-0.9153926571982217
-1.029145894760628
-1.0746150838650828
-1.0543514875897997
-0.9761934316962673
-0.8517003512218293
-0.6943732395693356
-0.5180757342062047
-0.33598617791865243
-0.1602105760779666
-0.0019331977407531298
0.12823066677276107
0.22009821414495703
0.26432964453247837
0.2534862753467116
0.1835507924454564
0.05549330509056623
-0.12362139837668029
-0.3404053896428823
-0.5759977061042205
-0.8079191878997439
-1.0126232089926301
-1.1683011652973094
-1.2574892265227784
-1.269104122435411
-1.1996623568183977
-1.053565789330877
-0.8424459214705934
-0.5836535533717344
-0.2980740314531291
-0.007546348398225258
0.2677488239583162
0.5115268580062651
0.7128993771157465
0.8669111248581608
0.9740963885669337
1.0392583862546274
1.069836005910679
1.0742697309166964
1.0607008508175297
1.036171540627491
1.0063050748739868
0.9753053270750097
0.9460646367103636
0.920211507537204
0.8980296721284486
0.8782892595658858
0.8581072963695587
0.8329795394396755
0.7971024431152357
0.7440486673631195
0.6677877137294643
0.563963937202744
0.43126241091645423
0.27261791828714665
0.09597421249460349
-0.08569276151521908
-0.25528730323666515
-0.3934704449264249
-0.48130007061847996
-0.5032067958868255
-0.4497257648179941
-0.3193907667668244
-0.11934561563810832
0.13549160042028108
0.4245412556306658
0.7244942159802358
1.0124510627576042
1.268673510033608
1.4785205225568536
1.6333876930840139
1.730705031502243
1.7732055050247717
1.7677290423779404
1.7237955771938052
1.65211583155402
1.5631594447898
1.4658905162544538
1.3668004538142984
1.2693825033134687
1.1741638781555752
1.0793224428546995
0.9817801327493527
0.878527703395157
0.7678483066391354
0.6501113973966332
0.5279123287310281
0.40550980292813715
0.28771028065502063
0.17850729095125936
0.07986020733958796
-0.009026666057461946
-0.09167995492603993
-0.17352412362635788
-0.26038260582606587
-0.35664513241591483
-0.4635585707539107
-0.5781208444393017
-0.692954589207731
-0.7973178681688546
-0.8791194363189299
-0.9275226114915085
-0.9355304346370881
-0.901909326650827
-0.8319481660231246
-0.7368282171368894
-0.6317184802204114
-0.5330163764802793
-0.4553445408138186
-0.4089479638968557
-0.39801300709931475
-0.4201928698110334
-0.4673388135782396
-0.5271761744833512
-0.5854893744378279
-0.6283272799130668
-0.643811784970282
-0.6232974854153713
-0.5618337998641347
-0.45805951044442045
-0.313762744308276
-0.13334562721213417
0.07664387858719805
0.3078672582881842
0.5504965260530292
0.793571061037092
1.0255046115152333
1.2347716096793966
1.4107217662030065
1.544413495165851
1.6293404334353219
1.6619515019957585
1.6419162533984883
1.5721416607631302
1.4585855772952787
1.3099266650526853
1.1371389505756562
0.9529868262972222
0.7714146945165731
0.606773611319547
0.4728281213775347
0.38153736409498923
0.34170388985942185
0.35770289058504534
0.42859140234537163
0.5478982434722874
0.7042821836620112
0.8830370957273167
1.0681836653452859
1.2447065560104131
1.400447120808644
1.5272692925252362
1.621342525097066
1.6826455920206165
1.71399324950441
1.71995785715941
1.7059891114693742
1.6778710915222177
1.641473505584273
1.6026276579699854
1.5669299721390164
1.5393450179742463
1.5236065610500735
1.521542558407322
1.5325285770330859
1.553278347702945
1.578113848531859
1.5997469062611602
1.6104852178176334
1.6036771682761253
1.5751480544153922
1.5243571360250738
1.4550178583539528
1.3749733475045438
1.2952135884173803
1.2280663768550655
1.1847828292245732
1.1729342823030406
1.1941799378630389
1.2429862607436502
1.3067382972857204
1.3673901426081438
1.4044275314900105
1.398570489975469
1.335438096862295
1.208396364900634
1.0200104387935178
0.7818543940704187
0.5127915175937026
0.23612667276422003
-0.02380887147384266
-0.24505911549692497
-0.4109355928543821
-0.5120461341437793
-0.5472610557790786
-0.5235610842811769
-0.45483624764922576
-0.3598146161089384
-0.25939677066751265
-0.17375186707745116
-0.11958142334428827
-0.10795979005925431
-0.14309948941621936
-0.22225840290873006
-0.3368141069301421
-0.474307565171207
-0.6210509342055356
-0.7647563367180845
-0.8966205073404488
-1.012416873180155
-1.1123870033911964
-1.2000333772540288
-1.2802109199965064
-1.3571042231598132
-1.4326932765291227
-1.5061375036610996
-1.5741951242517012
-1.6324472366111995
-1.6768363927477252
-1.7049522742944483
-1.71662931722485
-1.713705911537987
-1.6991185374731599
-1.6757389139803716
-1.645423246616943
-1.6086175004703185
-1.5646144339998198
-1.5122927059558353
-1.4509905406938535
-1.381137369807424
-1.3043873890508175
-1.2232121677679595
-1.1401288764779633
-1.056881907155064
-0.9739079716177481
-0.8902973070629083
-0.8042649455311182
-0.71394480551902
-0.6181944881674682
-0.5170974623912399
-0.4119694867855157
-0.30486665437281646
-0.1977771572237467
-0.09178873513583592
0.013474483460989416
0.1199468216615736
0.2306942459303659
0.34905671957136425
0.47755448122637684
0.6168047712852218
0.7646999307606824
0.9160636233839543
1.0629303171014153
1.1954810746635212
1.3035214630616179
1.3782317096714738
1.413802911781867
1.4085492623651166
1.3651859016609427
1.2901726637250297
1.1922866649745067
1.0808137351326241
0.9638583109400856
0.8472224806378513
0.7341126536276624
0.6256643733044163
0.5220253045401878
0.42358505713182687
0.3319321164281369
0.25024257029089964
0.18301055540002248
0.13524119346293723
0.11137760358367665
0.11428480268885308
0.14456428533552976
0.20035357309607957
0.277620962530177
0.37084183480150035
0.4738679252337054
0.5807841447372508
0.6865786858224943
0.7875136101306238
0.8811549232248105
0.9660903817107656
1.0414217133191093
1.10616107244757
1.1586834593178494
1.1963806752173245
1.215624039900508
1.212076458684165
1.181314231767717
1.119646977599573
1.0249810720106403
0.8975675357991529
0.7405050033821575
0.5599162480365212
0.3647659723088081
0.1663291098628735
-0.022646375688557287
-0.18900292334971902
-0.3203450059723159
-0.4061667362975159
-0.4387707296638758
-0.41384211623360834
-0.3306169473552391
-0.1916918688590136
-0.002625592670058016
0.22846095617086268
0.4911033906232109
0.7724583096361243
1.057103960357565
1.3269266592200142
1.5614310625451044
1.7387810109926651
1.8377164407412323
1.8402351787325109
1.7346496026773621
1.5184142877960496
1.200047340105754
0.7995712721674627
0.3471642974244695
-0.11992224500907529
-0.5617514877079043
-0.9406760950645722
-1.2260476796254036
-1.397852768825002
-1.4486781412857594
-1.383732236193109
-1.2190153673130888
-0.978063770476959
-0.6879266368369263
-0.37512893029628064
-0.06231295770751481
0.23394168878361943
0.503897774799527
0.744112082204964
0.9558744497785502
1.143090382820394
1.3100852291899296
1.4597290537482972
1.5921476722978496
1.7041465337881536
1.7893654774758816
1.8391089769309847
1.8437396603046883
1.7944579147200606
1.6852086033401488
1.5143789591049401
1.2859224870493213
1.0096052696695397
0.7002353612675385
0.37597117624568893
0.05603929809299279
-0.24165393719241066
-0.502514605271027
-0.7164787188110746
-0.8782981578678134
-0.9869820129084682
-1.0446728193269639
-1.0553286325089843
-1.0235624347343952
-0.9538812026100046
-0.850412592210289
-0.7170555955048171
-0.5578855928032443
-0.3776086536103629
-0.18189773986487442
0.022469314425298165
0.22765604858789967
0.4249284789228221
0.6048729948999382
0.7576827497197404
0.8736083904262844
0.9437061808006376
0.9609615776054631
0.9217182760229199
0.8271541463126023
0.6844007755758083
0.506880902750465
0.3135684847775068
0.12712669649939548
-0.02883453752075376
-0.13291539589992346
-0.16893670955416681
-0.12829295820880857
-0.011291307468751312
0.17268353763133054
0.4061584009537512
0.6655573185537287
0.9239297603018989
1.1540949042359052
1.3318189677782222
1.438614102565572
1.4637722584154969
1.4053476848086803
1.2699726109005767
1.071597911513138
0.8294360441734413
0.5654935324780503
0.3020868215804731
0.05965043888773118
-0.14498653129945185
-0.29980513965452626
-0.3983087812285956
-0.43978458393952075
-0.4291276488913832
-0.37620626364973403
-0.2947406822562071
-0.2007140240397077
-0.11042947101758839
-0.03844634950403283
0.004275829831591959
0.011669285517092384
-0.016995434967974204
-0.07761343712425472
-0.16256955745028534
-0.26253090795086675
-0.368230498926796
-0.4717886442408008
-0.5672928420795131
-0.6506227807271628
-0.7187684180850074
-0.7690506587231416
-0.7986600163496582
-0.80478170392754
-0.7853339231626213
-0.7400963667988509
-0.6718307654704475
-0.586949168750531
-0.49538008348021134
-0.4094906550547006
-0.3421866207622036
-0.3045592838985259
-0.3036102376957587
-0.3406118368296289
-0.41054042983104444
-0.5027784522723957
-0.602983715380903
-0.6957496448360219
-0.7675002045717713
-0.8090201040399364
-0.8171158278681427
-0.7951019432720323
-0.7520538664322823
-0.7010046404928362
-0.6564435484656961
-0.6315734245471876
-0.6357967855767704
-0.6728384125230239
-0.7397940857170273
-0.8272436344653737
-0.9204043889172489
-1.0011490772502623
-1.050587488771223
-1.0518294019653347
-0.9925178983383054
-0.8667541059167934
-0.6761251073859221
-0.42968661317856327
-0.1429189693575396
0.16416068052911267
0.4694191762638442
0.7511848784934543
0.9906138775406093
1.1735489853428749
1.291685464861731
1.3429735739458726
1.3312854681283008
1.2654444672863185
1.157764205913169
1.0222862352037883
0.8729432434950635
0.7219039188652114
0.5783554918028226
0.44792973580491846
0.33286893446994537
0.2328719190830066
0.14639190400180196
0.07202714027818564
0.009599652559482873
-0.03941510883120484
-0.07226946938008322
-0.08605686570295563
-0.07924326313667886
-0.053148770995974925
-0.012894185134235084
0.03254233354975002
0.07127366001636357
0.09029988625292285
0.07777432354875745
0.025254568444831385
-0.07052114676863112
-0.2066621870228708
-0.37410808250276306
-0.5585398205718217
-0.7420588813342898
-0.9053851587902607
-1.0302747574083517
-1.1018349415837023
-1.1104174252041363
-1.0528150909032645
-0.9325842179043559
-0.7594601683457363
-0.5480014922895913
-0.31573844300165566
-0.08117216601747751
0.13805208536880878
0.3265760767634399
0.47227955286540063
0.5667847361327124
0.6056096002709647
0.5880632659494154
0.5169362371098248
0.39799822862285583
0.23930870462378237
0.05037778600623809
-0.15873000450973104
-0.3782122985216552
-0.599123276316431
-0.8136467728393334
-1.0150291113517502
-1.1972415587825394
-1.354510685235264
-1.4808828539879038
-1.569973838041502
-1.6150067949097238
-1.609179911180758
-1.5463453072840883
-1.4219334555852805
-1.2340231873444947
-0.9844318108530697
-0.6796768559089846
-0.331638395208921
0.0422643590356279
0.4195620114583726
0.7740214863645092
1.0777589755280659
1.304051539450095
1.4305347315836214
1.4423089008995704
1.3343905592208976
1.1129845396457996
0.7952320051551713
0.4073781410520252
-0.018369590123197742
-0.4477459393553419
-0.8484018018194466
-1.193275820244398
-1.4628694961233784
-1.646207849929315
-1.7405612920122437
-1.750237422635059
-1.684872160457309
-1.5576432763231804
-1.3837185626701016
-1.17908350521608
-0.9597270224818851
-0.7410489852387162
-0.5373192102113297
-0.3610648752261334
-0.22236461714446673
-0.12813741688009087
-0.08158551340581031
-0.08195209454228476
-0.12468476903367379
-0.20198288549308008
-0.3035984478930532
-0.4177029821661421
-0.5316524287062521
-0.632571047175794
-0.7077959531019963
-0.7453223082533506
-0.7344179185155919
-0.666515237535174
-0.5363543099311525
-0.3431916141408785
-0.09176976630211409
0.20728427250103917
0.5378783867765835
0.8797575935825737
1.2105370310845536
1.508127948325056
1.7531244833238637
1.9307402590849503
2.0320050739361615
2.0541078111565714
1.999946836400873
1.8770804972953228
1.6963377154989643
1.4703551698627757
1.212269403686914
0.9347273869591307
0.6493013565317454
0.3663113300223608
0.09497900241792526
-0.15623075838578124
-0.3792663564575771
-0.566332379885372
-0.7100634580961978
-0.8040860249170636
-0.843910072154491
-0.8279788537102899
-0.7586217448790784
-0.6426298782100823
-0.49121662517714554
-0.3192306168700412
-0.14363819826573854
0.01854318919249274
0.15253198352602135
0.24786539923209064
0.2998417671632558
0.30997887736496726
0.28534205701615395
0.236861084080408
0.1770199518060078
0.11748140770696726
0.0672292134843046
0.0316531503679854
0.01270854690196551
0.009951106848504324
0.02199417100623608
0.04784510740433023
0.0876735528660031
0.14279951213868183
0.21497014912949836
0.30522053422977646
0.412718204450678
0.5339602869043879
0.6625599833347043
0.7896870951302929
0.9050720092322735
0.9983764957128857
1.0606823380383206
1.0858368451048637
1.0714104570386633
1.019065115242391
0.9342136197105091
0.8249772870753787
0.7006101355733976
0.5697133760287074
0.43865690525038603
0.3106045654116607
0.18539214891611583
0.060268526293715895
-0.06873915875371192
-0.20524299484616457
-0.35112445418888033
-0.5056840861526912
-0.6654087438651274
-0.8242553649446254
-0.9742447844762491
-1.1061777820969165
-1.2103937142643704
-1.2776097996752904
-1.2999261469000865
-1.2720203399332597
-1.192410556743148
-1.0645112088083677
-0.8971240676733503
-0.7040548429480081
-0.5027195519128042
-0.3118554261011605
-0.14869915293190314
-0.026166455778561803
0.049385618924119155
0.07932065297824793
0.07251961808951643
0.0437984490955089
0.011222589101228716
-0.007163407928404069
0.0034628654750984257
0.05221371176471693
0.14119820597241475
0.26562372292131475
0.41516240178831376
0.5761669015467381
0.7341583672972233
0.8760177491048153
0.9914763143293689
1.0737592811316257
1.119492698998997
1.1281518432192226
1.1013630993959607
1.0422831890376978
0.9551321968977518
0.8448306352340196
0.7166470372000288
0.5758108841246514
0.4271452433940993
0.27485190804547455
0.122578289367253
-0.026206645242773902
-0.16766031776614293
-0.2971091268806837
-0.40899215029071156
-0.4974067036240084
-0.5572352876690447
-0.58558112741421
-0.5830628972683831
-0.5545010210613581
-0.5086870217143131
-0.45720920389833
-0.41260624392408335
-0.38632247794255414
-0.38697371930904184
-0.4192984716208919
-0.48392972506000764
-0.5778749448351389
-0.6954246921094752
-0.8291696478911882
-0.9708826685640609
-1.1121658338869975
-1.24490537579751
-1.361663495207806
-1.4561391455583421
-1.5237560046054495
-1.5623200927371004
-1.5725799559793114
-1.558466048668105
-1.5268118158540094
-1.4864683363678262
-1.446887401874403
-1.4164137076866736
-1.4006403056671053
-1.4012024190152952
-1.4153034936116216
-1.4361050254321677
-1.4539132942609547
-1.4579141497214028
-1.4380867516824334
-1.386895628121342
-1.300423126320994
-1.1787440705156536
-1.0255270397015912
-0.847027666264365
-0.6507726556479129
-0.4442858263976824
-0.23416611992705033
-0.02570656195432222
0.17692203509571156
0.3700599942562079
0.5497725658928057
0.7111815585319504
0.8481707986443421
0.953622995224039
1.020214820657303
1.041665383489579
1.0142263540132932
0.9381346515481983
0.8187256989955649
0.6669259733995527
0.49890588903159605
0.33477817423572936
0.1963728283232988
0.10430009527161672
0.07470325369095106
0.11625968141045334
0.22805444768414346
0.3988771486022752
0.6082623159626791
0.8292407128775923
1.0323766747236647
1.1903451953772621
1.2821513396312512
1.2961645315497734
1.2314140290293676
1.09699032782763
0.9098067176106076
0.6912886766422843
0.4637071550693298
0.24684187276403113
0.055490207365285704
-0.1019051737922015
-0.2234783135280442
-0.3131661992561258
-0.3792022684337285
-0.43217782754562234
-0.48296533421512916
-0.5407721134269489
-0.6115624642820772
-0.6970449735228753
-0.7943557102722419
-0.8964680001894625
-0.9932365476483345
-1.0728695783212614
-1.1235566640286387
-1.1349892229028193
-1.0995894441781562
-1.0133759858129536
-0.8764876341731508
-0.6934202255085957
-0.47299989935334785
-0.2280490520672352
0.025347833146455646
0.26906015671817995
0.48460578955418376
0.6551890602676819
0.7678179635476229
0.8151595331404158
0.7967971081170543
0.7196363756791905
0.5973432456750358
0.4488516648274036
0.296122258051046
0.16144419673899532
0.06464031871667923
0.020552355176744756
0.037144100545595284
0.1144672615012671
0.24460141643045707
0.4125320812746019
0.5978044820169292
0.7767139626648777
0.9247788357598804
1.0192740140141772
1.0416508606927994
0.979693975095253
0.8292495480498381
0.5953137853006287
0.2922343234948439
-0.057196110964452575
-0.42385110290523204
-0.7754675511549921
-1.0805502534489837
-1.3123863276361838
-1.4524737282252753
-1.4927392066858887
-1.4361548320803443
-1.295697559468505
-1.0919396591223025
-0.8498148477076509
-0.595210492769016
-0.3519744453304212
-0.13972881744680782
0.027375240571883303
0.14106260533899137
0.19873946555273392
0.20295048106294772
0.16064251551513997
0.082249447752152
-0.01948590291452581
-0.13102981660062288
-0.23986887417240418
-0.3363797015360422
-0.4153653997942354
-0.4768331376895415
-0.5257199493771397
-0.5705423871091627
-0.621256389660119
-0.6868504495948113
-0.7732711536108485
-0.8821714946899881
-1.010724251066437
-1.152444614951373
-1.2987132548477296
-1.440551104551323
-1.57019431757075
-1.6821337802192882
-1.773471451029278
-1.843648267279037
-1.8937601699756537
-1.9257612628371668
-1.9418396993881128
-1.944152898828518
-1.9349584951143266
-1.9170251974733727
-1.8941015978731712
-1.8711937059118888
-1.8544598653210216
-1.8506521066547352
-1.866175070097582
-1.9059499081060198
-1.9723269653425217
-2.064275450034205
-2.1770054261531477
-2.3020800945903743
-2.427990524644886
-2.54111476217385
-2.6269700374198517
-2.671671699992997
-2.6635084383216845
-2.594510373267357
-2.461827748272808
-2.268679163422948
-2.0246100987932945
-1.7448603622061216
-1.4487845441667053
-1.1574787239311495
-0.8909836678260454
-0.6655874402051041
-0.49177694780218034
-0.3732619306063711
-0.30724023799110745
-0.2857619603534067
-0.2977792152050186
-0.33132706732328665
-0.37531420815685235
-0.4205923340801599
-0.4602463697526532
-0.48930153666942194
-0.5041883524903145
-0.5023012235416672
-0.48185091465828767
-0.44201488068970624
-0.3832196065284026
-0.30731345490824796
-0.21743141811304997
-0.11748946065435081
-0.011415929804237425
0.09763867529158457
0.20782777389113016
0.3186488767650402
0.4304294053553798
0.5433805781744456
0.6565044422834104
0.7667155692792444
0.8684989331019558
0.9542786207767492
1.0154655709103555
1.043953651770964
1.0337054687412512
0.9820485784780895
0.8903869856345599
0.7641866478506474
0.6122650189146754
0.4455564495996702
0.2756086880347922
0.1130862172773197
-0.03347520564169298
-0.15848255004581943
-0.2595683793562854
-0.33732803995187643
-0.3945785871528381
-0.43527903394146034
-0.46330643402731025
-0.4813122647122636
-0.4898822534109176
-0.48718607173114514
-0.4692320058676912
-0.43074028319094876
-0.36652916720437684
-0.27318855529927333
-0.15072107186562886
-0.003786589977661261
0.15778846440660382
0.3194741464712816
0.4635436861981074
0.5714918499060724
0.6270292114849625
0.619153117714095
0.5447105281031287
0.40989105774417534
0.2302349065620668
0.029001369848796466
-0.1659223282102814
-0.32605818766372624
-0.4265638294827109
-0.44981910232163863
-0.38768098836779424
-0.24203553025860988
-0.02369219715227763
0.24994513933558227
0.5577531542852239
0.8776032562117015
1.1883893793437372
1.4711595512739495
1.7094760084588696
1.889366286742984
1.99929600784691
2.0304864486741
1.9776729601498033
1.840148631836204
1.622754883385302
1.3364260596523585
0.997975926840804
0.628990556489573
0.2539003674872084
-0.10251699335765704
-0.4178392553346649
-0.6745071273006364
-0.8617635661725235
-0.9767254007218946
-1.024398718220769
-1.0165935961431203
-0.9698653473425266
-0.9027884397532038
-0.8330166767557405
-0.774651095058376
-0.7363879809666691
-0.7207507589922494
-0.7244602049857487
-0.7397408620935949
-0.7561767209588482
-0.7626696415556065
-0.7491256480968227
-0.7076554167102372
-0.6332566155283527
-0.5240796397250402
-0.38142773663197316
-0.20960922255610145
-0.01567947174336906
0.1909669622648719
0.3992289005560246
0.5972071726152439
0.7733701191667306
0.9178678817124692
1.023812439918516
1.0883020541956083
1.11297531402337
1.1039281813939685
1.070910257714363
1.0258282823468918
