1025
-0.3606985583024363
-0.35877955406491097
-0.35983155348962337
-0.37084496940270995
-0.39638900878003225
-0.43815227585137345
-0.49495956480261466
-0.5633538828688741
-0.6386832477601881
-0.7164533939641724
-0.7935689254533519
-0.8690547273904231
-0.9439615769068694
-1.0203949696431849
-1.0998929345116222
-1.181616699796615
-1.2609212359453716
-1.3287997400242895
-1.3724693017440284
-1.3770573034898024
-1.3280554209037834
-1.214013744420309
-1.0288968980346982
-0.7736169412770023
-0.45645559964488797
-0.09233257448887336
0.2988930497555012
0.6947332608632767
1.0725609335202169
1.4118663293981368
1.6959710556381031
1.913046569736016
2.0564526074989242
2.1245484735056284
2.1202019289444225
2.0502097373988857
1.9247577587244573
1.7569197617960286
1.5620731110108796
1.3570515617944927
1.1588977869494548
0.9832238574869058
0.8423943274904102
0.7439337752531797
0.6896390764020118
0.6757821324842486
0.6945194765863961
0.736252272925807
0.7923320910181296
0.857322851821384
0.9300998858950811
1.0133951897255198
1.111886058872439
1.2294079191147849
1.3661793454385738
1.5169470564142002
1.6706817332836086
1.8119783088059687
1.9237996993198658
1.9908193579170554
2.0024788301123326
1.9550056627864258
1.8519689611179198
1.7033625634300804
1.5235689686365415
1.3287767828616106
1.1344666303036486
0.9534701717571538
0.7949044142329464
0.664056763049981
0.5630955955404647
0.49233326489698487
0.4516810334895264
0.44191050483294675
0.4653777693091849
0.5259797018666913
0.6282911850643582
0.7760496047237073
0.9703561152801652
1.2080858194294433
1.48098813886914
1.7758004760173758
2.075432665737785
2.3609910401583036
2.6141960678569087
2.8196764845222977
2.966707341282731
3.050151343237088
3.0705776843754204
3.0336910596437203
2.9492671146367924
2.8297732285328414
2.688805959037564
2.5394525519097946
2.392708500480252
2.256139517248897
2.133017366095911
2.022136322789781
1.9184093051456026
1.8141714787001118
1.7009408541723283
1.5712673327279651
1.420291427469626
1.2467364263786274
1.0532326794379048
0.8460507035012267
0.6344333900579422
0.4297302082145113
0.24445971695072885
0.09131347554582402
-0.017966412694257854
-0.07389941080844292
-0.07073143726840787
-0.00785667892410154
0.1091463130402581
0.2682648998735092
0.45190843687857873
0.6389652774443773
0.8078392619244272
0.9399282195507808
1.0227986863460394
1.0522960437385065
1.033035896530479
0.9771067558201253
0.9012663236504821
0.8232963113938925
0.7583762039101831
0.7162911860962401
0.7000300108941562
0.7059480154661003
0.7252892641971882
0.7465843047558944
0.7583224686504318
0.7513396703542217
0.7205183546297961
0.665599170944532
0.5910926855526375
0.5054162507417862
0.41945863848883064
0.3448099020412765
0.29191146946788626
0.2683959818191927
0.27789148757130144
0.31953236160889087
0.3883208550971061
0.4763100417096463
0.5743629696014603
0.6740525186579492
0.7691828508860723
0.8564916449048677
0.9353291039201684
1.0064352453525887
1.0702373895160746
1.1252533822319868
1.167150510362379
1.1887897671912813
1.1812646040245602
1.1356402642231984
1.0449164125949921
0.9057186663842427
0.7193534926962158
0.4920654572955949
0.23453309026920274
-0.03922969248821646
-0.3133515768134793
-0.5717568101763851
-0.7998173407183489
-0.9858440634852463
-1.1222556172914564
-1.2062659950934067
-1.2399695824495605
-1.2297904946455775
-1.1853904074606108
-1.1182555517032744
-1.0402580223567233
-0.9624712510763214
-0.8944100314505982
-0.8436975842933262
-0.8160007323211642
-0.8149879698720025
-0.8420977513047161
-0.8960523332818356
-0.9722610920576558
-1.0624371134645905
-1.1548113847413757
-1.2352191896868296
-1.2890684012857057
-1.303865706264458
-1.271702672092296
-1.1910092995165442
-1.0670275299145013
-0.9108078076446137
-0.7369701014083363
-0.5608383203252748
-0.3957208487353899
-0.2510162291957474
-0.1315183978887149
-0.03790361996598334
0.03195361734437252
0.08135950014732496
0.11337519754476798
0.12991770158542315
0.1314943674087837
0.1174895766390438
0.08681833801204751
0.03874070173310217
-0.026344817219069762
-0.10628225756185775
-0.1968524938301034
-0.2919043342685452
-0.38399861689854076
-0.4655402801479568
-0.5302291964995205
-0.5745200010594924
-0.5987080303813214
-0.6073013873444878
-0.6085036989874621
-0.6128728581823508
-0.631456452057969
-0.6738508121014856
-0.746635972079664
-0.8525034561619623
-0.9901705416659532
-1.154944454439744
-1.3396425799270233
-1.5355382756826939
-1.733086929591324
-1.9223497209909648
-2.0932028953456485
-2.2355285646272858
-2.33958731903207
-2.396673795129916
-2.399997446749208
-2.3455812979422928
-2.232897733553876
-2.0650007463433786
-1.8480593614706662
-1.5903966238147007
-1.3013158681413393
-0.9900813547429127
-0.6653750035757394
-0.33538437524460823
-0.00844233178361065
0.30608381510530724
0.5970875413418655
0.8516254413585357
1.055689987129723
1.195852761913078
1.2614929459661453
1.2471110285087261
1.1541548844219278
0.9918776721486987
0.7769716948721747
0.5320028983187193
0.28291914590109807
0.05605653967896005
-0.12489700780461516
-0.24157736245589656
-0.2829525479313665
-0.24645582008810699
-0.13812168595183247
0.02830594789466919
0.23320684988256435
0.4536245241768697
0.66613333960861
0.8495652388095478
0.9871515930208757
1.0677838978679288
1.0863307430086537
1.0431864490955023
0.9433820566051635
0.7956094851390413
0.6114007112814043
0.40452503555417135
0.19049957757863425
-0.01398229015395408
-0.19188670277914785
-0.3270210272138406
-0.40550036646996046
-0.4173020313119711
-0.35762506198476757
-0.22775908115329438
-0.035234488600414844
0.20683920401882175
0.48117008454631066
0.7681818475606194
1.0480839898531347
1.302783053079654
1.5173924918012174
1.6812396779619219
1.7884029380132498
1.837887039543906
1.8335405760782033
1.7837508979653167
1.7008688935058736
1.6002689774253365
1.4989730401388306
1.413861330010859
1.3596276770749232
1.3467626595397761
1.3799194400121806
1.4570043179046543
1.5692343863656317
1.7022400870752292
1.8380975018276224
1.9579959768449686
2.0451165468612804
2.0872417834063026
2.0786504975328426
2.020969058017259
1.9228365601763164
1.7984567313949933
1.6653075283525784
1.5414121261386642
1.4426131049613717
1.3802381480871622
1.359433912982091
1.3783238778126357
1.428053693803698
1.4937301252813677
1.5562107130330127
1.5946215982368819
1.5893501987171108
1.5251000272284474
1.3934708012800678
1.1945159958575924
0.9368807417152819
0.6364227223481966
0.3135858703307931
-0.009888926005921249
-0.3141809834239995
-0.5838648384036356
-0.8092269640193974
-0.9863553065349286
-1.1162509105367797
-1.2034009970916923
-1.2542744857893957
-1.2760812721675825
-1.2759477978856406
-1.2604851259493708
-1.23561750036963
-1.2065145692645296
-1.1775083406649347
-1.1519412779323837
-1.1319535704630714
-1.1182600023514488
-1.1099867434242927
-1.1046383015235608
-1.0982463789135142
-1.08571696171844
-1.0613477907584883
-1.0194494532238518
-0.9549875480405876
-0.8641784341183882
-0.7450092594957176
-0.5976880538057682
-0.4250342851699583
-0.23278095166204524
-0.029691950581948644
0.17265580044784165
0.3605701322411133
0.519473746987739
0.6355574767561357
0.697574249551011
0.6983854697576909
0.6358932790313593
0.513152241408369
0.3377006307459894
0.12038772364517732
-0.12590011366313533
-0.38725277285395476
-0.6493208373145595
-0.8975642791047299
-1.1174698906487075
-1.2951008383935159
-1.4182112584145976
-1.4778829873489634
-1.4703319514921962
-1.3983196203805575
-1.2715888100955575
-1.105946314910858
-0.9209766962984183
-0.7367718239174849
-0.5703655596396268
-0.4326750234144424
-0.3266405588634983
-0.24696910616617018
-0.18151292351127507
-0.11396288872071651
-0.02728529786205505
0.09277552181807304
0.25477210781483567
0.4597046533039899
0.7005331850834035
0.9630953771047812
1.2282380830602309
1.4747695252757405
1.6827017175044088
1.8362060180335895
1.9257650511424427
1.9491673739734747
1.9112270797297812
1.8223666300897263
1.6964177758326993
1.5481230882608688
1.3908358534736138
1.2348251281629987
1.0864272075990404
0.948086609784967
0.8191430275168889
0.6970798795999327
0.5788805831085994
0.4621524783664868
0.345773214339709
0.22996817987606344
0.11590033819751766
0.004994747010034911
-0.10171529160845613
-0.20396559298587388
-0.3022222909581236
-0.3972419395614825
-0.48938442626027145
-0.5779103962555799
-0.660493934264428
-0.733111902301725
-0.7903644822889205
-0.826171607264148
-0.8347046633574553
-0.8113676812563132
-0.7536422470906511
-0.661651364172711
-0.538368006372038
-0.3894744364442858
-0.22294523507259384
-0.04845967355020061
0.12326007486948783
0.28112984399450686
0.41439792339148745
0.513377218488949
0.5702314967402805
0.5797885419884286
0.540292121801566
0.4539544959449862
0.32715407551403924
0.17014981604928872
-0.003748864915106044
-0.17952278987383025
-0.34215434335433287
-0.4784711560062777
-0.5788148409491793
-0.6382118291766294
-0.6567819889645297
-0.6392596171557269
-0.5937008317613107
-0.5296620777073894
-0.4562885426879425
-0.3807873639941036
-0.3076496526633658
-0.23875207400132947
-0.17418541593362685
-0.11342486709376402
-0.05636090127936942
-0.0037923033303634813
0.04278373140423373
0.08195167515067593
0.11334730000445752
0.1383383982318411
0.16003249330026845
0.18248332131371323
0.20928900258134775
0.24203800682966753
0.2791604875760055
0.31563959969763183
0.3437634041009573
0.3547507563192728
0.34078784134346257
0.2968712041009915
0.2219164347607372
0.11883470249317
-0.006384870855092787
-0.14623822095546749
-0.29338575534907924
-0.441925553263853
-0.5879183579798926
-0.7291035265734767
-0.8640223943426847
-0.9909432886512739
-1.107009469380082
-1.207914172995746
-1.288201603428169
-1.3420784507788694
-1.3644683908889745
-1.3519935603694453
-1.3036237932015002
-1.2208644977980143
-1.1075053605051373
-0.9690708824001666
-0.812161972250744
-0.6438460227526771
-0.4711638692663411
-0.3007228959823275
-0.13828855546245836
0.011695431342153777
0.1466387364446823
0.2662514276591923
0.37268881143837995
0.47018660455338757
0.5640961290321408
0.6594202795615173
0.7591440408244389
0.8627707577795873
0.965467758747164
1.0580928214455159
1.128164500425481
1.1616254262251864
1.1450909452041316
1.068205367841
0.9257380208857625
0.7191111241003121
0.45713179065878107
0.15578700556615593
-0.1629419810624265
-0.47317052131738274
-0.7478918334648077
-0.9620947952010344
-1.095765573853829
-1.1363013965035031
-1.0799476951781986
-0.9320434359647862
-0.7060816588573572
-0.4218031199366595
-0.10268562495343252
0.22675982819056392
0.5435185633712054
0.8281612848307078
1.0663394256464702
1.2496195063815667
1.3756361942794775
1.4475680410923653
1.4729739014191854
1.462098517507722
1.4258617907879427
1.3738542469416353
1.3127171661024488
1.2452440484076894
1.170389485567696
1.084148209983965
0.9810421953557332
0.8558041498321575
0.7048214945381859
0.5270095511283592
0.32397511837122933
0.0995452579039421
-0.14109410601309375
-0.3923231673803827
-0.6487694215271843
-0.9055433448119492
-1.1579854972947694
-1.4010489708140788
-1.628571540433306
-1.8327482809054882
-2.0040786927104053
-2.1319385297058906
-2.205748971363823
-2.216536875931204
-2.158554255208615
-2.0305909867903424
-1.8366807016013935
-1.586041935833971
-1.2922697555763083
-0.971947155823564
-0.6429425646779571
-0.3226840001449494
-0.026659319359726062
0.2326900591005673
0.4466079914157016
0.6101998515816486
0.7222014318062593
0.7844180606681389
0.8009163604912244
0.7770546790996816
0.7184518452356671
0.6300205728434892
0.5152204328162212
0.37569694712623625
0.21144680718889805
0.021571343333720416
-0.19444493478915292
-0.4351429322976891
-0.6955284024030036
-0.9659523234869396
-1.2318067102491672
-1.4742619562324581
-1.6720376846463954
-1.8039401809619116
-1.8516935744314535
-1.8025059030050947
-1.6508743927640395
-1.399324870574259
-1.058033193901404
-0.6435095039137797
-0.17667336863903668
0.3193147469485755
0.8211512047155356
1.307192469082131
1.7588241814933323
2.16131432425917
2.504113503595759
2.7806246127047807
2.987553613111499
3.1240557370383266
3.1909599844140444
3.1903371441314565
3.125551566277419
3.0017356069540617
2.826427204702689
2.6100059267543614
2.365607059484878
2.1083756068702253
1.8541642186696539
1.617973139199422
1.412492347177759
1.2470181443859827
1.1268362306702309
1.0529910343805589
1.022288265240528
1.0274357021005063
1.0573721599174186
1.0979692303182067
1.1333159815209086
1.1476667977516417
1.1278801274094905
1.0659031026516121
0.9606889010631631
0.8189612825590535
0.6544788110832381
0.48583062197506394
0.3331907006764131
0.21473768991892395
0.1435249586249539
0.12544592732528312
0.15863830383609187
0.23430786467063736
0.3386347547679597
0.45523272757070293
0.5675979827958068
0.6610943989539565
0.724223844087638
0.7491544284350045
0.7316604648960308
0.6707213367758343
0.5680206724240766
0.42750301960396425
0.2550264843503594
0.05804743636348358
-0.15477336343095316
-0.37413037253753284
-0.5908072477188714
-0.7964971318842381
-0.9845507768428449
-1.1504834807826847
-1.2921292751613522
-1.4094350961855118
-1.5039963675702848
-1.5785008964039389
-1.6362404577892598
-1.6807707075721634
-1.7156868640642027
-1.744392171252704
-1.769720816814448
-1.793356322786938
-1.8151332258632185
-1.8324575284184685
-1.8401514004979422
-1.8309685621624048
-1.7968410565552297
-1.7306663686097754
-1.628220850242215
-1.4896798569643572
-1.3202826875743916
-1.129888299812037
-0.9314610836136398
-0.738816455550331
-0.564159962057439
-0.4160161031867272
-0.29804738939455266
-0.20903438733904764
-0.14398351798627165
-0.0960324258054392
-0.05861976361820921
-0.027337691628047726
-0.0010076709115666973
0.01822879794781002
0.025718043411664525
0.015673081985534437
-0.01731836567377439
-0.07706384080548771
-0.1650685777231905
-0.2804221627144597
-0.4201420005998765
-0.5797453306146508
-0.7538186835928237
-0.9364332351641852
-1.1213748704250914
-1.3022667601233233
-1.4727154074538478
-1.6265874430263665
-1.7584358839571779
-1.8639838215834157
-1.9404967749340685
-1.9868771086621646
-2.0034041782286294
-1.9911878690556877
-1.951535790722944
-1.8854904733474838
-1.7937399438127455
-1.6769607938099738
-1.5364788171559642
-1.3750030304363052
-1.197158222373936
-1.00961478326934
-0.8207522793910536
-0.639930051705979
-0.47651974688348714
-0.33886250669289353
-0.23327101738055334
-0.16314994142688602
-0.1282972317614885
-0.12448104877158363
-0.14343286106180178
-0.17340749734717456
-0.2003962695110418
-0.20993633439949025
-0.18927798548203278
-0.12951805692899543
-0.027246637890284604
0.11468050790968899
0.2874514565738081
0.47765362548752033
0.6694031577006073
0.8468129010955308
0.9963127098526672
1.1084004836001793
1.178554246183291
1.2072260459616648
1.1990180976368379
1.161273948000452
1.1023876451694288
1.0301464389826036
0.9503913318778927
0.8662177522097854
0.7778510900282959
0.6832194039424789
0.5791127403306754
0.4626830043687989
0.332932954419002
0.19180713246779707
0.0445607662598876
-0.10075389235644396
-0.23461506388327913
-0.3478734819119245
-0.43365095623104793
-0.4888060359497707
-0.5145886752597
-0.5163273787531615
-0.5022548434075962
-0.4817990815372586
-0.4637803960615074
-0.4549328280326219
-0.45903124872774526
-0.47670848538671395
-0.5058617732427786
-0.5424326127023849
-0.5813231180503612
-0.6172690985717856
-0.6455808971697112
-0.6627366508514871
-0.6668373673932987
-0.657909638911863
-0.6379992816755428
-0.610977692885849
-0.5820100888285074
-0.5567109089480435
-0.5401094939566595
-0.5356279724175828
-0.5442990737957812
-0.56441158194284
-0.5916773252491369
-0.6198949998071542
-0.6419765805167347
-0.6511289138059682
-0.6419611023003003
-0.6113186940235249
-0.5587177779762634
-0.4863453341389436
-0.39868116046627733
-0.30185711918481334
-0.20288687561988258
-0.10887524331716018
-0.026270661772931515
0.039814423037143325
0.08619676271830726
0.11207898530921041
0.11926924114279108
0.11203394367186136
0.09648456214024806
0.07950760245843744
0.06740932304434442
0.06460236620721353
0.07273313444660573
0.0905793933957088
0.1148325687535788
0.14158053934868514
0.16803358599820434
0.1939029098284458
0.22191619063982104
0.2572255915302401
0.30583807532108326
0.37253815102310084
0.4589524858515995
0.5623594432999276
0.6755959411427562
0.7880563860965025
0.8874451120723238
0.9617503984140049
1.0009112680375414
0.9978291007267093
0.9486518513046714
0.8525172211583563
0.7110857596553147
0.5281799551808427
0.3096928251348539
0.06371576284379306
-0.1993411484251471
-0.466925947168171
-0.7250321589990278
-0.959431478774324
-1.1572813462772522
-1.3087878782283024
-1.4085624593680774
-1.4563785200747064
-1.457174145576791
-1.4202999245074632
-1.3581352594671845
-1.2842739630248614
-1.2115223559729444
-1.1499788804785407
-1.1054807739930874
-1.0786959350339873
-1.0650790635143441
-1.0557809576562895
-1.0394081723482074
-1.0043233785198102
-0.9410228803260223
-0.8440889101555548
-0.713313841669348
-0.5538035152352284
-0.375115806978097
-0.1896952534312792
-0.010965644196303975
0.14857029051458132
0.2789639486394528
0.3740303250357356
0.43204512752682145
0.45585938872545934
0.4523594377748301
0.43122781561542606
0.403057341123447
0.3770361106847694
0.3586088123206206
0.3476519323338379
0.33770241181027394
0.3166133548731455
0.2686972591506796
0.17803422673497457
0.03228045494018701
-0.17388042364718548
-0.43647523010225214
-0.7417521418568516
-1.0676396064334808
-1.3868708849412443
-1.6711112668592343
-1.8952203640273102
-2.040797721108472
-2.0983749615422718
-2.06795931272437
-1.9580039546130272
-1.783189854581359
-1.5615904926877573
-1.3118324122263514
-1.0507733300068571
-0.7920317474200845
-0.5454668505332387
-0.31747765266465056
-0.11181470801390961
0.06948472969592148
0.22539659179251217
0.3556662171099863
0.4610362242327961
0.543750022518185
0.6079916523606654
0.6599053803974347
0.7069656191482175
0.7567041927082323
0.8150666845572678
0.8848625822082022
0.964815268628269
1.0495809604001867
1.130830162336185
1.1991626935350093
1.2463670530480726
1.2674218486503122
1.2617036548269864
1.2330851590445737
1.1889073674200514
1.1381014620005143
1.0889413188521364
1.0469799071783206
1.013653274082772
0.9858515434841224
0.956510871667564
0.9160377704710991
0.8541983108923668
0.7620300711266834
0.6333763250839389
0.465779079724754
0.2606553814957969
0.022863346774856144
-0.2401085635241155
-0.5190533812247151
-0.8038273112329684
-1.0838773932252606
-1.3485220668808657
-1.5871024898250805
-1.7891808649739502
-1.9449530665895653
-2.04597195827
-2.0861672521416565
-2.063027490682521
-1.9787107970195863
-1.840797472161831
-1.6624043941276256
-1.461452719836163
-1.2590116865405647
-1.0768170560872732
-0.9342575283606839
-0.845299454497421
-0.8159333783866064
-0.8427283119731225
-0.912938250040886
-1.006320105904741
-1.098440581547687
-1.164865106960004
-1.1853533720350053
-1.1471354143091717
-1.0465516066632405
-0.8887638458219352
-0.6857568776514857
-0.4532824650332389
-0.20761363481889067
0.03708855348664908
0.2702927724249982
0.4854023972327489
0.6791071038171272
0.8502329451256128
0.998538641299728
1.1237592862436658
1.225011916282175
1.3005446250400274
1.3477732413727157
1.3635832218109063
1.344914341130374
1.2896308658772746
1.197590421302352
1.0716947379809096
0.9186047531964495
0.7487979911211664
0.575767789593249
0.41438721233619213
0.27871675952148894
0.1797380681104595
0.12357421816984901
0.11067737550403532
0.13623962805812012
0.19176811117711853
0.26744352189625553
0.35464295577293864
0.4479304292106642
0.5459406297132139
0.6508870630671105
0.7668369889277935
0.8972881923720569
1.0428240466571104
1.1996192180530902
1.35930662650092
1.5102773596952166
1.6400202463569313
1.7377800459655572
1.7967358993662295
1.815091637291019
1.7958451222297176
1.745421571701875
1.671670568020465
1.5818484088607139
1.4811267915883761
1.371946785907902
1.254268603516526
1.1265394003812677
0.9870629555559789
0.8354140578212922
0.6735761751919671
0.5065629361136655
0.3423893182584074
0.1913733624918217
0.06486588324767584
-0.026386354523876044
-0.07395638590200877
-0.07320922167400525
-0.024237821218329226
0.06793122383731941
0.19390549415081088
0.341144220572113
0.4955638490677447
0.6432023823691723
0.7716347105909149
