1025
-0.019484774811054265
0.07236219169033586
0.12109377333937311
0.11258090107283938
0.03806229435589149
-0.1042749359752498
-0.308550926761756
-0.5613809049296838
-0.8429433124265047
-1.1287610393298189
-1.3919726261808796
-1.605871642986551
-1.746522384567172
-1.7952793063413293
-1.7410193269221437
-1.5818439122763825
-1.325957571650312
-0.9914335220491883
-0.604677933399113
-0.19760850963823812
0.19616736206865504
0.5456294081962034
0.8263638628623399
1.0236028369625418
1.1337251195315463
1.1639638423891416
1.1304343587242685
1.0549330653897169
0.961180970954212
0.8712437122496236
0.8027477224209353
0.7672708326683187
0.7699868312892355
0.8103694412011822
0.8835799660108105
0.9821092813193649
1.0973118897065626
1.2206137515539692
1.3443335560453367
1.4621706292937648
1.5694500337318291
1.6631821485833669
1.7419290490095891
1.8054251859893724
1.8539156020560348
1.8872579412639878
1.9039532161675388
1.9003682529200183
1.870434667389811
1.806028784411074
1.698069860023443
1.538173109771637
1.3205264884766479
1.0435802702270833
0.7111681624340696
0.3328036366529115
-0.07692488307369509
-0.4997503965158405
-0.9156561864025498
-1.304992802455946
-1.6504288609187685
-1.9384426446693361
-2.1601762094975925
-2.3116131842857683
-2.3931714108776254
-2.4088915626282494
-2.365436614217842
-2.271097395801383
-2.1349469290350553
-1.9662253523568507
-1.7739857456059978
-1.5669897308016163
-1.3538009919468328
-1.1429764203576578
-0.9432058996077481
-0.7632285073759463
-0.6113865476394936
-0.4947854082660711
-0.41818818543622827
-0.38293517939588945
-0.38626864158869584
-0.42140717326166266
-0.478541135644607
-0.5466538734173353
-0.6157980896515118
-0.6792649343085085
-0.735044157106571
-0.7861076444036273
-0.8393265991453933
-0.9031853791814564
-0.9847936366813271
-1.0869343425624378
-1.2059482094678928
-1.3311100850463875
-1.4458145459250888
-1.5304262561080564
-1.5661844280785329
-1.5392187088187408
-1.4436522186240979
-1.2829835167079888
-1.0694033032057013
-0.821274274787391
-0.5594983216507273
-0.30375209042927614
-0.0695129203043521
0.13353807216724878
0.3016232024413875
0.4358087432863114
0.5403544028606428
0.6210587760454142
0.6839998371968428
0.7347942550190063
0.778262774762176
0.8182793159582628
0.8576169276000672
0.8977382342249612
0.9386281500413247
0.9788520253290283
1.0159978702709682
1.0475309621167255
1.071903589428114
1.0895967195935088
1.1036984084095658
1.119689633151743
1.1443100509855626
1.1836609407529868
1.240980842501065
1.3147039272406658
1.3974105648564652
1.476087604902614
1.5337800367622532
1.5523353025499027
1.5156335556922453
1.4125570495445117
1.2390203347469968
0.9986347156975288
0.7019351346000579
0.36444986120263484
0.004146467360171605
-0.3611178928058985
-0.7155884524794456
-1.0467025271719712
-1.3452099329980836
-1.6045264998120652
-1.8197141518375528
-1.986545898134536
-2.101037810827286
-2.1596367337041293
-2.160001897307237
-2.1020923983494093
-1.989147833547296
-1.8281708424670973
-1.6296789412745532
-1.4067279408778766
-1.1734309902508913
-0.9433266324057377
-0.7279510213969007
-0.535864176387897
-0.37222864826299024
-0.23890775814132487
-0.13497892302437434
-0.057543074556271175
-0.002721033188429182
0.03327472457717241
0.05313391668123015
0.05768897145151559
0.04559715541998841
0.013613495555123173
-0.0425110091387591
-0.1266315255213798
-0.24059533694792884
-0.38279708023993625
-0.5472965865227155
-0.7237953446704499
-0.8985845476221135
-1.0563523627449263
-1.1825257359236545
-1.2656769076872676
-1.2994864552495293
-1.2838375560563153
-1.2248036365739703
-1.1335381000065918
-1.0243171189961653
-0.9121623651501138
-0.8105379452433263
-0.7295658949367693
-0.6750606350701935
-0.6484896908116388
-0.6477740145242112
-0.6686847739029732
-0.7064962922532977
-0.7575256505687026
-0.8202275214405135
-0.8956119002192074
-0.9868980754105072
-1.0984850455936213
-1.2344710328100656
-1.3970555857127547
-1.5851800045135735
-1.7937012022000602
-2.0132706505769615
-2.2309403063005777
-2.4313799739950714
-2.5984923242210556
-2.71716284230707
-2.774879848276637
-2.762996966223715
-2.677479902678055
-2.5190738492141946
-2.292933895866273
-2.0078571978966315
-1.6753169834940849
-1.3085059512000823
-0.9215483493369946
-0.5289536465223513
-0.1452900507564518
0.21501786537337392
0.5378993259899716
0.8099828929166114
1.0191669926859133
1.1554418423751762
1.2119088629655441
1.1858564756847385
1.0796755158077682
0.9013600521399585
0.6643666486463334
0.3867085393190833
0.08932572029043413
-0.2060461253985257
-0.4791436710909007
-0.7131667137949466
-0.896139962674185
-1.0214516705654066
-1.0875770557205497
-1.0971776225821281
-1.0558785138153053
-0.9710398791208835
-0.8507643612043547
-0.7032568062451031
-0.5365220206263741
-0.35829292189640194
-0.17604779184596087
0.0029993328699068297
0.17198831647096302
0.32456755093373985
0.45505549414078594
0.5585500519141923
0.6309642660875487
0.6690204894390172
0.6702736516015727
0.6332330372184488
0.5576060408326701
0.44461582156156587
0.2972820275341418
0.12053240766683865
-0.07895290018966382
-0.2931852684115812
-0.513531026378455
-0.7314586914608626
-0.9392113664435079
-1.1302689892432285
-1.2995214276259137
-1.4431439116304225
-1.558236685262004
-1.6423509112655055
-1.6930638379151517
-1.707774477294164
-1.683851886156556
-1.6191755312239493
-1.51297584050376
-1.3667512757834728
-1.1849589059546932
-0.9751923139140956
-0.7476853250475923
-0.514180681288472
-0.28641113567345444
-0.07457998206569887
0.11375616956824215
0.274116215423468
0.404759106072187
0.5057410158187655
0.5777026907970775
0.620798899943665
0.6341320436205796
0.6158949628297962
0.5642095404080539
0.47842647024483215
0.36048847252848104
0.21590280903932815
0.05394330354671663
-0.11310255091303326
-0.27155668923635723
-0.4084921016829358
-0.5138599534067604
-0.5820370150051503
-0.6123649880086318
-0.6085241829314134
-0.576910200483725
-0.5244651918050486
-0.45656995562848474
-0.3755835592646714
-0.2804293232543118
-0.1673245462828288
-0.0314228516987424
0.13112188350060147
0.32127476086807377
0.5359569411099939
0.767900395392195
1.0064947319060817
1.2392946582538136
1.4536793760084752
1.638170648913566
1.783114594707694
1.8807288013645609
1.9247840827191816
1.9103158687098638
1.8336937727672342
1.6931570265654405
1.4896550363164405
1.22764218716572
0.9154503216756689
0.5650081082701758
0.19092141310536262
-0.19084161374167116
-0.5643040649649549
-0.9145603524483493
-1.2284386568803927
-1.4948037696832792
-1.7046983590444382
-1.8515402840572157
-1.9314966244707434
-1.9439998624417547
-1.8922362498415375
-1.783380008441412
-1.6283855670023974
-1.441257151175101
-1.2378430685998474
-1.034308752906454
-0.8455064483437122
-0.6834795638507946
-0.5563238940904564
-0.46758092532258044
-0.4162601034891207
-0.39747969470634065
-0.4035942732835553
-0.42557178999863027
-0.45433036364701423
-0.4817708992467025
-0.5013446468333786
-0.50814277797193
-0.49863512043948766
-0.4702666790112388
-0.42111746263934824
-0.34975440802221464
-0.255295816379609
-0.1376199037757577
0.0023848451579995236
0.16260755880798491
0.33957229791517174
0.5283623749317969
0.7226176095682382
0.9146540900573895
1.095799207515802
1.2570322293911225
1.3899493987912692
1.4879486555228794
1.54740445044086
1.5685403379557974
1.5557445290038239
1.5172057706575786
1.463923638837132
1.4083007813727757
1.3626017078276695
1.3375485928901152
1.3412449795070924
1.3785184948755973
1.450691957640208
1.555741857896294
1.6887730667995415
1.8427113828991342
2.009086323315855
2.1787610271105193
2.3424884771010706
2.491245685015665
2.6164030467784416
2.709879098189965
2.764459962619657
2.7743988316464145
2.736268890908667
2.6498802176754124
2.518960387874563
2.3512955850851456
2.158143485300861
1.9529220787543289
1.7493795779409467
1.5595904894918156
1.3921621968639184
1.2509764400513321
1.1346667025861223
1.0368938124429188
0.9473666017185005
0.8534761351722145
0.7423618122373278
0.6031848923833597
0.4293365662610852
0.2202594855001278
-0.01745984273695465
-0.27002977604593004
-0.5175997867636678
-0.736584504372382
-0.9028898671631466
-0.995543675199953
-1.000101747977193
-0.9112047903132089
-0.7338061313802471
-0.48284267853723306
-0.1814188792138553
0.1421535505905217
0.45792827286522275
0.7379067740131632
0.9590815229846137
1.1055457409650393
1.1694896837701585
1.1511229252701525
1.0577382619026825
0.9022297795671799
0.7013844633308028
0.4741969876885479
0.2403458169610368
0.018858760789856894
-0.1730736606021076
-0.3211877090724893
-0.4151419118430504
-0.44934452328478264
-0.4234718883057332
-0.34251552280180064
-0.2162388769806221
-0.058024304926807366
0.11678311082975149
0.29281514618284255
0.4566168079972906
0.5982867811329898
0.7125779282300685
0.799297264673852
0.8629419234321138
0.9116053042305222
0.9552836408851333
1.003809625232946
1.0647309716896658
1.141518571226362
1.2324979019447784
1.3308159789983105
1.425572033063164
1.5039773355190038
1.5541317457388637
1.5677989886737114
1.5425073235057516
1.4824351821371884
1.3978375253110726
1.3031460951620768
1.2142218996983094
1.1454469901152613
1.1073541411292407
1.1053108468392596
1.1394590093724242
1.2057612066865773
1.297719650595232
1.4081912130373055
1.5307533711134513
1.6602635445429468
1.7925379955997702
1.9233704702956367
2.047328104051467
2.1568380106732747
2.24198977503238
2.2912535496012763
2.293021717286968
2.2376182830766713
2.1192702617974937
1.937548134312306
1.6979484303142338
1.4115454583011402
1.0938841741293117
0.7634325282052972
0.4399153188227481
0.14273430182882813
-0.11048207216559655
-0.30526618207064965
-0.43169574956524703
-0.485708925114889
-0.4701047893166994
-0.3948573515848953
-0.27638847606294314
-0.13563967198109803
0.004891989871069812
0.1246429263542513
0.2082513178896973
0.24783450115721958
0.24371931912243675
0.20346506191414115
0.13947393154295248
0.06585207143517999
-0.004653245761670613
-0.06290677648049914
-0.10440159550178113
-0.12901838097952076
-0.1398702123470471
-0.14177426465768342
-0.13987689004630818
-0.138765830900721
-0.14213220940403823
-0.15281281856084644
-0.17293497129606192
-0.20392405186896762
-0.24627737218088278
-0.2991804142080865
-0.360165932745648
-0.4250457349286515
-0.4882740017201503
-0.5437607327757905
-0.585995602382333
-0.6112184669260617
-0.618322251079818
-0.6092135359866685
-0.5884777562434336
-0.5623688316292551
-0.5373217868640563
-0.5183228978657215
-0.5075256813424958
-0.5034550676844037
-0.501005556854011
-0.49224817593395737
-0.467868345348121
-0.4189161508753387
-0.33850020363993055
-0.2231039983672578
-0.07332562688308009
0.10600968909284803
0.3062907726282046
0.5159759145375858
0.7217186621773257
0.9096517764962202
1.0667468111136305
1.182165535713991
1.2484835802720282
1.262619674577125
1.2262831374562557
1.1457885362715126
1.0311864585319481
0.8948013065956926
0.749409159027679
0.6063869726753036
0.47418786552320585
0.35743827156398295
0.25682512508385
0.16977494143079402
0.09175880966244104
0.017925343864468615
-0.05530099492029014
-0.12899911428927976
-0.2011499704932205
-0.26674179470187015
-0.3185049855706284
-0.3480742624151219
-0.34732026276636613
-0.3096100303816349
-0.230820712301116
-0.1100061228272397
0.05032799065273394
0.24435388892750132
0.4634525046196076
0.6971128035093974
0.9341198092207549
1.1638910879431943
1.3777714518308146
1.5700781025449568
1.7387129320531594
1.885217437705596
2.0142223753178863
2.132324790441721
2.2465060986135867
2.362289128365824
2.4819186081367657
2.6029214263581375
2.717426859261687
2.8125645899778524
2.8720880332504555
2.8791057721002895
2.8195019845464024
2.685374669891698
2.4777093234910006
2.207593092957412
1.8955607123288956
1.5690821029470063
1.2586391419347285
0.9931711137251432
0.7958020729259238
0.6806678753189068
0.6513750228341124
0.7012387129320065
0.8150730079373958
0.9720343118520263
1.1489005519340365
1.3232039161349483
1.4757852333966237
1.5925408129858236
1.665324498483263
1.692101657501012
1.6765084695679358
1.6269602749171472
1.5554104658778778
1.4758273103939914
1.4024604558333869
1.3480181535603704
1.3219502913820373
1.3290931460416595
1.368940132140969
1.4357347083987928
1.5194391290570393
1.6074457987574273
1.686716336086672
1.7459125702689313
1.777066599574909
1.776439841715402
1.7444211017074793
1.6845575947144906
1.6020279109495998
1.5019887982116154
1.38822532361645
1.2624162629720121
1.1241402054450012
0.9715558917187257
0.8025475508067876
0.6160592515700051
0.41334641862689425
0.19891938255638386
-0.01898839832452281
-0.2285443360475579
-0.41510255003714375
-0.5626565974457463
-0.6558616655843905
-0.6823872931721678
-0.6352112166387639
-0.5143625581168548
-0.3276309826434781
-0.08991542467529758
0.17882069430311592
0.4566611058076015
0.7232709670034221
0.9630444911355688
1.1671125925697756
1.3337329216488243
1.4670051529689914
1.5742971632860736
1.6631033697952096
1.7381907732165947
1.799788866561203
1.8432801162883743
1.8604337506565416
1.841807907814539
1.7796329623769107
1.6703636992498478
1.5161861231482368
1.325064208835636
1.1093342140687175
0.8832782323676519
0.6604043254062345
0.4512293597397183
0.2621746261162646
0.09580143547651478
-0.04783569962082608
-0.16930011281427015
-0.2680734949704342
-0.34165301252666286
-0.3857245029716305
-0.3952832860792838
-0.36624022529496364
-0.2969101601222367
-0.188871606629387
-0.046958156178498134
0.12152474181693648
0.30800211500855884
0.5037986782775075
0.700911108268424
0.8922375771630512
1.0713638336629445
1.2321755278004953
1.3686011901650206
1.4746916833075412
1.5450654121920953
1.5755754642553335
1.5639545541286874
1.5101990107655272
1.4165519606961003
1.2870922547304828
1.127071149810342
0.9422147983590563
0.7382047861645007
0.5204691347647045
0.29429604137063153
0.06516694019834736
-0.16086541815525615
-0.3769337846863779
-0.5753737000741608
-0.7480394801192308
-0.8868724727342338
-0.9846213003438201
-1.035599801992202
-1.0363845523915594
-0.9863795471209215
-0.8881934657540866
-0.747779372042224
-0.5742850050521774
-0.37956787383492774
-0.17735469244588806
0.017928017841363254
0.19256203932703697
0.3350282757213988
0.43737261074636996
0.4962192147695274
0.513230630084792
0.4948931319485125
0.45162850795558296
0.39637105697346686
0.342861401728554
0.30395809638787424
0.29023572861998065
0.3090376546539245
0.3640236290843388
0.4551484902095485
0.5789629725510512
0.7291431523994574
0.8971992734641466
1.0733415756540583
1.2474585628559196
1.4100964923078338
1.5532600388672406
1.670839983402371
1.7585535294505008
1.8134464643965615
1.833193522652805
1.8155547419438922
1.7583278070387323
1.659961389702424
1.5207168206656205
1.3439934645170093
1.1372842348462056
0.9122752007711776
0.683840880871395
0.46803200864238603
0.2794778667119649
0.1288166996300336
0.020766247169937333
-0.04672979142372768
-0.08211901229527482
-0.09873979567314294
-0.11252935901968707
-0.13937332464059354
-0.19254493380747198
-0.2806351109738118
-0.4062900157667111
-0.5659577394789289
-0.7506967217852709
-0.9479171435324871
-1.1437350343317796
-1.3254627261336378
-1.4836936663261346
-1.61350517365884
-1.7145024798871447
-1.7897184906206915
-1.843685887302572
-1.8802221758355453
-1.9005455042826325
-1.9022476335735494
-1.8794188320207212
-1.8239154471102506
-1.7274665766544015
-1.5841038667544045
-1.3923141525286007
-1.1563727192460533
-0.8864990090683613
-0.5977456676184969
-0.30782587280440105
-0.03433510441317918
0.20802971102578874
0.4096468353352399
0.5670758346244174
0.6828748650396391
0.7642017961248679
0.8205344509812041
0.8610232671937258
0.8920532763893737
0.9155391896148054
0.9283244617072428
0.9228307382092461
0.8888437839052836
0.8160703477564006
0.6969100499528066
0.5288090729041968
0.3156339424095956
0.06772243310158026
-0.1994118636164146
-0.4674108899112041
-0.7178793146487333
-0.9350186862821156
-1.1075353396045384
-1.2295096281430615
-1.3002130468430282
-1.323116181716298
-1.3044698640951442
-1.2518417763587104
-1.17288260119193
-1.0744447064256641
-0.9620480372619974
-0.8396216414887369
-0.7094471021185436
-0.5722648348205119
-0.42753971221851467
-0.2738925630819674
-0.10968294051927663
0.06631190506684778
0.2542162760840041
0.4524876736292394
0.6575662689217199
0.8638112981886537
1.0637404599764244
1.2485337859540668
1.4087233645068842
1.5349751666121942
1.6188799525236983
1.653696610097412
1.635015628643162
1.561315976114673
1.4343700531053185
1.2594190436331725
1.0450199029676677
0.8024826276756514
0.5448862868739812
0.2857738181848504
0.037741696607352826
-0.18878850971595043
-0.38634496197022794
-0.5505661567986506
-0.6797638670068561
-0.7740865331841931
-0.8345986228281495
-0.8625983773708595
-0.8593882918576788
-0.8265297295171548
-0.766423188040818
-0.6829273378021754
-0.5817070988399634
-0.47008841475174107
-0.35636235029433966
-0.24866711322505108
-0.15372352294962296
-0.07576276342813082
-0.01594809351020211
0.02753143094957248
0.05868919559349981
0.08245653915747139
0.10317684837181759
0.12322240998788883
0.1420523782353174
0.1559395934364199
0.15846354713392047
0.14172316977231844
0.0980880179428188
0.022196403613094766
-0.08716260253591518
-0.2256657001816104
-0.38290690148713885
-0.5429021285148188
-0.6856816961847623
-0.789785845098192
-0.8352706043530225
-0.8066921677024885
-0.6955143855419257
-0.5014930572486191
-0.23280887587343785
0.09501154252766957
0.4611056853778201
0.8417844138442013
1.213078543148147
1.552939552706869
1.842855934199452
2.0688033792827922
2.221573477228138
2.2966023299660816
2.293449957349256
2.2150781876807937
2.0670548751917623
1.8567867346701747
1.5928573804041657
1.284522807504851
0.9413932799665647
0.5733059669967134
0.19036320736694154
-0.1969247174638438
-0.5774916784323396
-0.9396893844182811
-1.2715076111258141
-1.5611202251108405
-1.7977470173978325
-1.9727098655756752
-2.080465971992722
-2.119360847146046
-2.0918826755580473
-2.004311857397897
-1.8658099253242797
-1.6871304867768142
-1.4792171111852344
-1.2519578491584746
-1.0133017499580381
-0.7688398482246552
-0.5218484928726891
-0.2737147242786033
-0.02462219051543836
0.22563300417151844
0.476817318929289
0.7275303375053845
0.974659235430749
1.2130902727000654
1.435732760942723
1.6338877479527858
1.7979613785493418
1.9184807571261944
1.9873192421623451
1.998985423843983
1.9517866019610488
1.8486589307820875
1.697475644139458
1.510708040712146
1.3044159694960022
1.0966677655618442
0.9056076370058112
0.7474719563550679
0.634879265516716
0.5756689694192944
0.5724466400305177
0.6228370764531941
0.7202954593068478
0.8552307382163601
1.0161870656728367
1.19090826143317
1.367238630563647
1.5339273188858036
1.6814427012482815
1.8028421671382713
1.8946074067061158
1.957216791903584
1.9951687391525517
2.0162477535233956
2.030031341239012
2.0458990381108886
2.071015060759017
2.1088162162835764
2.158407936250495
2.21499439214303
2.271148473806271
2.3184870090656307
2.3492448152367396
2.357353598330447
2.3388700034919863
2.291855605689301
2.2159877322494435
2.112214341254256
1.9826636483844016
1.8308383280987706
1.6619468981445598
1.4831217095355649
1.3032770572089605
1.1324636209716203
0.9807351697020873
0.8567068284065777
0.7661025073734696
0.7106322780170877
0.6874979949369503
0.6897072981146489
0.7072055565046287
0.7286469697063592
0.7434598162837013
0.7437582224824469
0.7256483688227131
0.689588313357701
0.639677061666346
0.5820254170429796
0.5226243709519955
0.4652912331189253
0.41027313943830157
0.35390459405965674
0.2893972079881035
0.20848842224987943
0.10341507974524282
-0.031396048753247766
-0.19838727274410228
-0.39684248394648003
-0.6235916300841193
-0.8740110421824138
-1.1428170065207421
-1.4242919343205998
-1.7118715302537513
-1.9973389999496003
-2.27009210973071
-2.5169841998708624
-2.7230760854673766
-2.8733310388642486
-2.9549484586296897
-2.9597807751540035
-2.886197428932945
-2.73987471859073
-2.533260668093116
-2.283801950232311
-2.011321270596412
-1.735113567982377
-1.4713492615049524
-1.2312476047404954
-1.020270769842998
-0.8383627942201104
-0.6810760967777306
-0.541316985728066
-0.41139116915542817
-0.28501511870509805
-0.15896081493882577
-0.03402613407420285
