1025
-0.45341292751996115
-0.6529801536743219
-0.838658244150655
-0.9946069507422232
-1.108840655330414
-1.1748170596447596
-1.1916830355584282
-1.163189115985002
-1.0956828107157048
-0.99585282957908
-0.868939234761217
-0.7179424667884812
-0.5440234750922445
-0.3479003900991702
-0.131733722693755
0.09915902589832407
0.33537126587517063
0.5636472262839736
0.7683548963997332
0.9339112794312225
1.0476133934973741
1.1022022195121597
1.09752568863591
1.040857134575126
0.9457224987391935
0.8294286028454686
0.7097949371449634
0.6018042745087877
0.5149483836436419
0.45192385252888534
0.40903797480119136
0.378269127222644
0.3504879949987549
0.31900462354798936
0.2824695022093364
0.24628218236610203
0.22203024165979435
0.22500116323937505
0.27033619732584213
0.3687807292718673
0.5231212518219521
0.7262481606974678
0.9613883834409008
1.2045188508737505
1.4284413330057777
1.607606671923087
1.7226185929445987
1.76345630555155
1.7307923652921688
1.6352489653590203
1.4949030254074573
1.3316975768349533
1.1675669854684996
1.0210247714158325
0.9047451242404303
0.824381853131396
0.7786034013098789
0.7601412076482669
0.7575653927655975
0.757487937621078
0.7469029090594365
0.7153712414577229
0.6567433082349792
0.5701188044812874
0.4598162692879158
0.33428999589070263
0.20417128842504503
0.07985679570624508
-0.03077373948807885
-0.12393026344629075
-0.200381037344617
-0.2647401673505226
-0.32384044353155256
-0.3847069909728921
-0.4527175062442288
-0.5304124809931673
-0.617162597331479
-0.7096159543623176
-0.8026395753240495
-0.8904005607442701
-0.9673005294440792
-1.028625610304183
-1.0709219362401838
-1.0921888846199799
-1.0919793108375568
-1.0714362516458331
-1.0332346084203414
-0.9813813096703966
-0.9208702829587714
-0.8572593885067261
-0.7962843062719637
-0.7436088387177261
-0.7047297637580143
-0.6849459233462452
-0.6892251638370641
-0.7218067406952194
-0.7854701670200444
-0.8805496611776339
-1.0039159763587437
-1.1482264676359448
-1.301729858406259
-1.4488112525403838
-1.5713102285986056
-1.6504844108031673
-1.6693593495971772
-1.6151222452647285
-1.4811880691780928
-1.2685911016482745
-0.9864305251926209
-0.6512232157066625
-0.28518187231099323
0.08637770226455012
0.4381229021719947
0.7477874975235569
0.9987278256191982
1.1815147696500814
1.2943171541917848
1.3420904621382495
1.3348419985565299
1.2854253597673977
1.2073674898036135
1.113137170301955
1.0130616579516432
0.91486796262656
0.8236552922005821
0.7420551613264986
0.67040968775998
0.6069415797231248
0.5480173299922199
0.4886459102742334
0.4232862168975651
0.3468938432235071
0.25599618124647117
0.14951758355259773
0.029119142712118348
-0.10104628169545858
-0.23509105065072644
-0.36644872301102493
-0.4889550468151296
-0.597709934406652
-0.6895728939630816
-0.7632648045943422
-0.8191500204510198
-0.8588277398180375
-0.8846644460579925
-0.8993637277876568
-0.9056198450277881
-0.905860539422185
-0.9020665838929917
-0.895660077229963
-0.8874685116804049
-0.8777815842223934
-0.866511995134619
-0.8534505918218485
-0.8385794200715107
-0.8223853872583266
-0.8061093941247333
-0.7918697202480516
-0.7826092671090432
-0.7818307098956915
-0.7931055795041506
-0.8193802436408557
-0.8621578031694697
-0.9207006530963036
-0.9914502428630424
-1.0678683211109912
-1.1408465909842849
-1.1997126471859392
-1.2337106789726646
-1.2337040082252062
-1.1937774836491035
-1.1124304248784544
-0.9931328362245615
-0.8441342569052677
-0.677530526763773
-0.5076909392801572
-0.34923062806980487
-0.21479228198104997
-0.11297702304578244
-0.046811540685529084
-0.01311523445267501
-0.003003045245398003
-0.003528850669624181
-0.0001919210676266919
0.02021729029643093
0.06707521165878112
0.1442697088449731
0.249781967868343
0.37652421971575595
0.5141256073553775
0.6511414674472754
0.7771161116994348
0.8840578901509298
0.9671296567556934
1.0246239433570443
1.0574828956970066
1.0686770032911137
1.062667198400582
1.0449963477000699
1.0218780379439332
0.9995636803654127
0.9833248085981702
0.9760757032617535
0.9769101765523422
0.9800291910200297
0.9745919387980871
0.9458781240096645
0.8778204053295199
0.7565403643341341
0.5741328855883084
0.3317287811545681
0.04091832400243269
-0.27704528291456365
-0.5942985268668558
-0.8811082012297771
-1.1112486289740635
-1.2667543175242117
-1.3409241322655643
-1.3389021013977698
-1.2757878228938535
-1.172847980857712
-1.0528303030735002
-0.9355110144271769
-0.8344247322648021
-0.7553170631421492
-0.69636974660714
-0.6498279767672044
-0.6044176801684779
-0.547913292753121
-0.4693646349933878
-0.36072596088487535
-0.217850378491514
-0.04094471917069472
0.16539923038921464
0.3925414878893249
0.6285207667025395
0.8592242546752787
1.0699999684455719
1.247584295623455
1.3820669384124946
1.468512165287972
1.507856803904541
1.506831443593107
1.4768703225472433
1.432217905195576
1.3876243700868125
1.356089773351913
1.3470559665818247
1.3652947935503814
1.4105678937158914
1.4780007055453024
1.5590483781087454
1.642918509831022
1.7183103254829726
1.7752925553733405
1.8070676628127575
1.8112963647444364
1.7906462299056254
1.7523310934096368
1.7066268026882567
1.664627105396338
1.635743732948122
1.625561942876874
1.634584913407591
1.6581561313600564
1.687519429293139
1.711673392196598
1.7194971381273405
1.701613853661228
1.6516000059112672
1.5663767894581309
1.445854534694336
1.2920746312909783
1.108175462094518
0.897499609960875
0.6630799527832507
0.40761745956376383
0.13391786916750315
-0.15438652656457064
-0.452106985657853
-0.7520680431694597
-1.045216416891517
-1.321346348411027
-1.5703042900824142
-1.7833450893358904
-1.9542231258144054
-2.0796649144387507
-2.159075551021838
-2.193611447118384
-2.185000025985308
-2.1346009065656117
-2.043127013743768
-1.9111930558562535
-1.7405187243329854
-1.5353100724582314
-1.3031966339246124
-1.055183411795104
-0.8043766096247292
-0.5636669997053105
-0.34296033530524184
-0.14678103780324395
0.02695355415148961
0.1864933383600003
0.3441408350905764
0.512964233828201
0.703207933501137
0.9193710212215714
1.1587279689720025
1.4116427771690876
1.6635208281258782
1.8978142761180978
2.099271621210717
2.2566485632052617
2.364337867513001
2.4227294894330793
2.4374555146618424
2.4179049902281213
2.3754620356769585
2.3218384726190417
2.267701588635114
2.221622549905939
2.189264706759069
2.172729611666208
2.1700677596358307
2.1750833074794413
2.17764054116397
2.164653492154071
2.1217927716251124
2.035717477920339
1.8964224097632032
1.699178902688218
1.4456043009954473
1.1436163170423703
0.8063396752477425
0.4503164883554555
0.09351943689258124
-0.24637536690909934
-0.5532036054175425
-0.8130351043139985
-1.0146375594708148
-1.1499794956407696
-1.214955942893206
-1.210281641433874
-1.1422458366929178
-1.0228827738482722
-0.8691651813742521
-0.7010786700333309
-0.5388031012884971
-0.3995750888628603
-0.2949935499319219
-0.22946878461582196
-0.20021088300643558
-0.19870561069340467
-0.21319535696396386
-0.23142459816433514
-0.24291152068337205
-0.24025626891906018
-0.21938284331097468
-0.17898093280189814
-0.11962918041851528
-0.04307753040261725
0.04802752443516254
0.14997401736332353
0.2576167055139692
0.3641658548493854
0.46143183719007536
0.5406402623939074
0.5937060474722063
0.6146788086464857
0.6010082579876113
0.5543345518665332
0.4806449329877939
0.3897894281280806
0.29445806500752497
0.20876765840340755
0.14660492182194684
0.11986547818725028
0.1367514443525243
0.20034650534552273
0.3077412520041435
0.44997507185810975
0.612950997792469
0.7792689912568312
0.9306718554606247
1.0506018041889185
1.1263124293824192
1.1501055100278772
1.1195264684478212
1.0366588870867763
0.9068936703949098
0.7376324708372672
0.5373030913938805
0.31486826261537343
0.07978561518489545
-0.15779098994872948
-0.3868442417544826
-0.595598465737786
-0.7720281786055945
-0.9047673143834642
-0.9842921037242488
-1.0041588826376022
-0.962034181429698
-0.8602692986953302
-0.7058514682304902
-0.5096996095406308
-0.28543278255658683
-0.04787380907797554
0.18839398384266806
0.41014857064439025
0.606202286860588
0.7676734398735628
0.8880381794129312
0.9631806486349446
0.9915852075622361
0.9746681398013255
0.9170993253441427
0.826885659500081
0.7150132309517073
0.5945630195319643
0.4793744911579116
0.382470225986749
0.31452349413874064
0.28263313611023094
0.28958285960509333
0.3336447909714966
0.4088817843974064
0.5058398855694483
0.6125089937886111
0.7154516581296343
0.8010295530394695
0.8566674812398735
0.8720739746190354
0.8402964763656828
0.7584575666094585
0.6280301066043168
0.45458138589265035
0.24703562410883803
0.01662800237841295
-0.22420333076674503
-0.4627573662453721
-0.6867194207113968
-0.8845521679433112
-1.0457964471934775
-1.1615008341591264
-1.2249352617494944
-1.232584463169554
-1.185222489843438
-1.0887186330738987
-0.954185282712879
-0.7971793826311241
-0.6358945267092052
-0.488568986993383
-0.3705982267403676
-0.29199098570836657
-0.25578526765758286
-0.25783546515561845
-0.28804448788025616
-0.3327424427634819
-0.3776199562675181
-0.41050129828498144
-0.4233258184256548
-0.41296346496088737
-0.38083533972018985
-0.331632917989919
-0.27163592956198024
-0.2071674972649466
-0.14359970327953953
-0.08508529261925617
-0.03492196758256382
0.00375963671370314
0.02738988475257956
0.031791328371432746
0.012624858720090662
-0.03361511879997088
-0.1083465196174767
-0.20980112006632823
-0.3324764626365341
-0.4673750915630111
-0.6030313012571282
-0.7270939921006488
-0.828087321533295
-0.8969518005827264
-0.9280712817370506
-0.9196686384831015
-0.8736369406266808
-0.7950014789739973
-0.6912447388126925
-0.5716701177850827
-0.44686181693884236
-0.3281712516840874
-0.22708054096853553
-0.15430116375799563
-0.11856747018358467
-0.12524782947729904
-0.1750579828253016
-0.263250977639596
-0.3796264884068967
-0.5095416353131079
-0.6358571182545213
-0.741492482984375
-0.8120770860495466
-0.838132310880899
-0.8163253263719588
-0.7495653674516615
-0.6459993231535316
-0.5172176709464593
-0.3761297538644956
-0.23497346167316063
-0.10380216304326419
0.01040052217985559
0.10401365415690411
0.17663020287937992
0.2306353914659816
0.2706229901200783
0.3026800163834924
0.3335258095802445
0.3695156525791723
0.4156013810134608
0.47443365855182
0.5458313775636677
0.6267910198081607
0.7120656829984979
0.7951602789957283
0.8694442155016794
0.9290449711920402
0.9692813098691248
0.9865905104583584
0.9781200212289755
0.9412975854808097
0.8737026348145395
0.773430122880638
0.6399211411243578
0.4750213479816711
0.2839023453191033
0.07548620337243779
-0.13786087690199064
-0.34140642479305683
-0.5197486890137388
-0.6588413012355206
-0.7479921977228261
-0.7814923227962782
-0.759589331741044
-0.6886133677667464
-0.5801777833217343
-0.44951500528922816
-0.3131589767474402
-0.1863284743339667
-0.08046395976887495
-0.0013860279042079416
0.051545540710747295
0.08507847327747796
0.11056754449144512
0.1416095368073991
0.19126703420676963
0.26940207469307903
0.3805979862993664
0.5230161482368487
0.6883515637834644
0.8628578080825591
1.0292411233347685
1.1690980447266042
1.265503796378166
1.3053547732056516
1.281124583601442
1.1917984704471027
1.0428867325649986
0.8455611908073308
0.615086809757298
0.36881479797907823
0.12405204978339081
-0.10388033972014338
-0.30313738492172376
-0.4662174855866153
-0.5901483907210899
-0.6760494004681747
-0.7282215967867988
-0.7529727756316802
-0.7573912494685691
-0.7482494330164497
-0.7311611047086538
-0.7100572033755712
-0.6869989132270868
-0.6623183704770859
-0.6350576428693987
-0.6036532559100746
-0.5667759400071515
-0.5241873285113454
-0.47743291776174557
-0.4301781072860199
-0.3880322885359732
-0.35779943782053225
-0.34622786747743534
-0.35847203972559316
-0.3965849684776945
-0.4583947826465341
-0.5370674754572762
-0.6215280642720036
-0.6977357568958582
-0.7506300302226057
-0.7664279059906347
-0.7348881100903597
-0.6511728327848099
-0.5170176729559963
-0.34103626311169616
-0.13810726762035944
0.07210179750966172
0.26733162642151964
0.4254308814445332
0.5272683541125635
0.5595008660958108
0.5167978974847858
0.4031327227151737
0.2318351812171197
0.02426912329542553
-0.19277245779921987
-0.39061566643848067
-0.5426554077633913
-0.6280582211059218
-0.6345931313871238
-0.5601199356653014
-0.41252011696794294
-0.2081560268219408
0.03078058694438294
0.27948569644628907
0.5137312385877595
0.7125220321392761
0.8599166092439152
0.9459442035797819
0.9667508118103941
0.9242145899742
0.8252673628900896
0.6810694186780841
0.506065501318285
0.3168623857168741
0.13085657854113192
-0.03538733531649567
-0.16787847616407695
-0.25680125507843654
-0.29764208269852577
-0.2915335071392269
-0.2446464024166416
-0.16668052541338058
-0.06874060035365459
0.03893779454841976
0.1488931261106517
0.25754365877334673
0.3652721422872104
0.4755290636885332
0.5932295300703986
0.7228640287739493
0.8667680501852834
1.023909819557339
1.1893972052271473
1.3547249560909793
1.5086286766217045
1.6383152681453932
1.7308154001489007
1.7742463300493607
1.7588591774068059
1.6778366915757112
1.5278690798837051
1.3095445987974956
1.0275531278558139
0.6906462561400173
0.3112695738569175
-0.09518639791140886
-0.5114812853914809
-0.9198191589210087
-1.3031164732006684
-1.646018759914424
-1.935531780721062
-2.1612809315585406
-2.3155522614073942
-2.3933339584293742
-2.392531525454365
-2.3143870181655637
-2.1639531121514484
-1.9503399091295301
-1.6864370996069125
-1.387940534501477
-1.0717439024392525
-0.7540054669512034
-0.44836297149198023
-0.16477095629023658
0.09073941312345983
0.3153687709815654
0.5082177109543251
0.6688047008785175
0.7959500993598321
0.8873936746281722
0.9402510444027812
0.9521346066142681
0.9225588232601689
0.8541724366874008
0.7534191280888457
0.6303903106312235
0.497846290856493
0.3695883765036093
0.2585187236935919
0.17479510683875363
0.12446086092226367
0.10881257756863902
0.12458797645393206
0.1648602369853829
0.22036751065953325
0.2809335765935848
0.3366687581585871
0.37876696924122133
0.3998902282063658
0.3942935286899084
0.35792983714176924
0.28875072935016516
0.1872848451834315
0.057378745745834445
-0.09320128235362989
-0.2526993269317323
-0.40616429553154987
-0.5372238275629858
-0.6306369628772158
-0.6751169262637804
-0.6657326951622196
-0.6052224494617537
-0.5037943377179775
-0.37738208229365355
-0.2447406776924531
-0.12407677005312323
-0.030013761022616502
0.02843225425879317
0.04849283734391411
0.0329122611252875
-0.01181152358930861
-0.0776464871399571
-0.15710395611625952
-0.24469267650932877
-0.33749448783899205
-0.43486267647641097
-0.5374608890293036
-0.6459932455827789
-0.760009839135213
-0.8771162805288423
-0.9927944872285783
-1.100883071598862
-1.1945984281944755
-1.2678334515909566
-1.3163835390069016
-1.3387492102970144
-1.3362654481936025
-1.3124931124215593
-1.2720285346898141
-1.2190716063330629
-1.1561744477416007
-1.0835383237683267
-0.9990535984219079
-0.8990481978742776
-0.7795060749297966
-0.637405387227302
-0.4718331356967076
-0.28463891748338704
-0.0805433079700776
0.13324185015198428
0.3477344734797204
0.5530736501822934
0.7394391079098174
0.8979118331336406
1.021243192279648
1.104532128620541
1.1458088795868
1.146489276690092
1.1116086348870928
1.0496935166673491
0.9721166371970558
0.8918347575659904
0.8215425243144209
0.7714647415584845
0.7471992201774408
0.7481361588785134
0.766951604255006
0.7904764103785475
0.801913028741535
0.7840017976157848
0.7224459816674162
0.6087958210601799
0.4421160378288099
0.2290895068252963
-0.0173587617729371
-0.2804386511063644
-0.5421656946127219
-0.7856262321236097
-0.9963685704027377
-1.162812758603669
-1.2759267452021923
-1.3286402052156714
-1.3154900916381762
-1.2328251663281238
-1.0796193354208796
-0.858665326556031
-0.577735952778826
-0.25025793392383294
0.10486228893771796
0.464432313466907
0.8031300826640344
1.096345440171376
1.3232548495899252
1.469577725152212
1.5294655755241797
1.5060977128872517
1.410794796258792
1.2607735071488233
1.0759778631401862
0.875645687151345
0.6753311399446876
0.4849807750019204
0.30838683949381057
0.14399938059048417
-0.013231733694213859
-0.16951157253557952
-0.32992535129314776
-0.4967147474483186
-0.6683998858540081
-0.8398238025258163
-1.0030017069870878
-1.148521568813104
-1.2671790494308526
-1.3515341335242608
-1.3971334403571425
-1.4032314081232247
-1.3729446186644907
-1.3128685094302583
-1.2322597199533083
-1.1419313850225155
-1.0530209396771184
-0.9757762595208676
-0.9184776114856884
-0.8865825257783054
-0.8821565502197654
-0.9036350469644162
-0.9459440712879124
-1.0009830853512123
-1.0584355615980132
-1.1068287662406682
-1.1347221555092228
-1.131877218994316
-1.0902596183246376
-1.0047500825540423
-0.8734894067934377
-0.6978467387675892
-0.4820666485246823
-0.2327055001538279
0.04200304909612458
0.3327212821979457
0.6294343037132993
0.9217216583110889
1.1989459294386131
1.4504859441921998
1.6661458926480335
1.8368157498594404
1.9553583801695031
2.0175902350777415
2.023146225685272
1.9760043025468585
1.8844967682659823
1.7607346685076204
1.6194864653172176
1.4766518584043302
1.3475383303109942
1.2451780227695413
1.178921003920904
1.1535117089931015
1.168798032386811
1.22013537160376
1.299435324926984
1.3966875046578657
1.501680995917338
1.6055994656660029
1.7021815471394122
1.7882265041561292
1.8633655693284543
1.9291778336828262
1.9878700232915392
2.040832404112277
2.0874116214331795
2.1242016187558836
2.145052597912164
2.141850531039591
2.1059496069704373
2.0299793810729327
1.9096354836919904
1.745033998140149
1.5412863122619822
1.3081268933616497
1.0586601283777417
0.8075169121151167
0.568854903423005
0.3546487256961305
0.17359440876750334
0.030741907480177282
-0.07224977775762398
-0.13648903441120458
-0.16514486665861433
-0.16286094337216853
-0.1353519060565404
-0.08911158888465746
-0.031100009481791528
0.03169695062627571
0.09284748987860295
0.14709563891472527
0.1908539324006066
0.22239232347944024
0.24161642013984755
0.24944338729148333
0.24690959807211124
0.2342431066869806
0.21017744166235458
0.17175361934047928
0.11475261191702306
0.034736540998110486
-0.07150887613811596
-0.20449267860408146
-0.36092701861476106
-0.5333989450146219
-0.7110014480637067
-0.8808666766247657
-1.0302919836292337
-1.148977675499077
-1.2308562705768793
-1.2750942653331312
-1.2860513736797115
-1.2722261782179858
-1.2444366399248572
-1.2136330786985678
-1.1887990427620359
-1.1753616295915639
-1.1744198085345072
-1.1829265313471702
-1.1947565525729034
-1.2023949061774195
-1.1988368103398235
-1.179240435755076
-1.1419406529588805
-1.0886034348158513
-1.0235305464118134
-0.9523452664522727
-0.880437268643484
-0.8115784598054551
-0.7470407325175986
-0.6853862712564807
-0.62291706715384
-0.5546176245589095
-0.4753390274222084
-0.3809620247578631
-0.2693258277665843
-0.14078946374268994
0.0016241547825826923
0.15248333295234404
0.30453751851043726
0.44955085044554566
0.579274548714358
0.6864480876364888
0.7657195913942247
0.8143825043677948
0.8328394037086069
0.824725759037201
0.7966564198869618
0.7575943297985646
0.7178822992879197
0.6880225805414384
0.6773326169258228
0.6926445169049512
0.7372422588528521
0.8102323345536792
0.9065071241753764
1.017378080400248
1.1318337409617647
1.2382388920295249
1.326173290637534
1.38805058795336
1.4201869954851403
1.423105726432285
1.4010401209848784
1.3607872640122018
1.3102114500443756
1.2567614005604073
1.2063304661989023
1.1626687056374811
1.1273882119860026
1.1004389173697442
1.0808182461767948
1.0672431482849183
1.0585607447896233
1.0537831665562587
1.051766505336328
1.050672741495516
1.0474245495204084
1.0373696603118796
1.014316299298771
0.9710034164526721
0.8999592925659912
0.7946105363061798
0.6504534745533762
0.4660975711085609
0.24402553777570452
-0.009034475317223258
-0.2821830416946051
-0.5608959746736093
-0.8280442741984839
-1.0653549303320013
-1.255224179029466
-1.3827170270347688
-1.4375054259711544
-1.415442793584506
-1.3194731279825105
-1.1596432592637285
-0.9521198395535114
-0.7172829000280047
-0.4771391631813383
-0.25243404528122515
-0.05991203995818461
0.0898364657072447
0.19359967737694045
0.25566175020613957
0.28683362672600593
0.30260755588526567
0.320781996042784
0.35895729924150294
0.43226915032598257
