1025
-0.2023594805185641
-0.5580513588366844
-0.9111742711326477
-1.2417095414099215
-1.531937880206582
-1.7674955281640041
-1.9383707664933174
-2.0397490801956586
-2.0725162594743805
-2.0432104340568262
-1.9632908292430267
-1.8477345602231827
-1.7131303017796358
-1.5755572374706346
-1.4485895975677816
-1.3417466238394296
-1.2596295522049472
-1.2018712996532765
-1.163890388617063
-1.1383054140196862
-1.1167493094923662
-1.0917463075094727
-1.058298117536655
-1.0148803673218776
-0.9636676532102624
-0.9099616717771104
-0.8609566273377485
-0.8241046847943669
-0.8054161244487885
-0.8080324798049348
-0.8313493917282782
-0.8708533326495485
-0.9186960461990132
-0.9648892938635457
-0.998887558965901
-1.0112587568041307
-0.9951337801043606
-0.9471732784794012
-0.8678827714351682
-0.7612275042901722
-0.6336272784901126
-0.4925306155423331
-0.3448588690113881
-0.19565513675663163
-0.04725240936088329
0.10081938560726374
0.25113088174089754
0.40700070481603573
0.5708295677456958
0.7425784752631968
0.9188487276645463
1.092882112723941
1.2555461412877185
1.397071857219674
1.5090654727928035
1.5862091734139343
1.6271472662652047
1.6343047056400948
1.612725329115902
1.5683313729216908
1.5061855241596525
1.429322189791677
1.3385156040118655
1.233041953112898
1.1121760801687086
0.9769391909942513
0.8315415478401618
0.6840513943695281
0.546031149441984
0.43115071291683915
0.3530474860136264
0.3228942177886416
0.34721858206248857
0.4264735015979253
0.5546919922530137
0.7203096799889158
0.9079633508306686
1.1008485804158625
1.283109459175072
1.4417705681697577
1.56788983286592
1.656848803692011
1.707920887500553
1.7233957014443728
1.7075575022087812
1.6657365582146586
1.603530619233201
1.5261938327294957
1.43815427498596
1.3426510116114891
1.2415433567563823
1.1353888733198005
1.0238730216881224
0.9065915684007098
0.7840604281789634
0.6587042310215178
0.5355069677049772
0.42203372982256476
0.32766015773881463
0.2620503845553378
0.2331509863427706
0.24514934211487183
0.29691864705988386
0.38140353745073935
0.4861965707851447
0.5952662867583564
0.6915023496121416
0.7595279160280074
0.7881580550816544
0.7719763033150805
0.7117297585099869
0.613538954145943
0.48719747695611515
0.34402593825100025
0.19480411186715976
0.048232210595374615
-0.08980028484880924
-0.21608109316233454
-0.329234441596999
-0.42849249837712416
-0.5124762128644167
-0.5783634503815277
-0.6217114527001788
-0.6370221004341728
-0.618932637205043
-0.5637317590422453
-0.4707902602412819
-0.34349116901514615
-0.18935431654032886
-0.019250366386022323
0.15416214484367577
0.31843270063415335
0.4632819865447586
0.5820712072445113
0.6724467574219561
0.736047985927667
0.7774084943662956
0.8023790371932072
0.8165002101285783
0.8237345574490944
0.8258441284868555
0.8225101608022444
0.8120881630684786
0.7927240437263735
0.7634648872089956
0.7250044261377334
0.6798107503545345
0.6315691685672693
0.5840886369901661
0.5400006222226824
0.4996631922925611
0.46063530964173344
0.4179180099248443
0.36492673521321967
0.2949447695010017
0.2026850102283078
0.0855908279839448
-0.055380677385273545
-0.21558484566715996
-0.3870675997767571
-0.5593521003093876
-0.7204773072510686
-0.8581657690486211
-0.9610370692851148
-1.019794260451847
-1.0282857853381664
-0.9843055398428795
-0.8899744563427848
-0.7515785308217539
-0.5788282236769366
-0.3836318738013687
-0.17860028696730373
0.02442233799608078
0.21550281716249997
0.3872156347385669
0.5346021996518965
0.6545603791982646
0.7448753482401186
0.8031991355077716
0.8263110036848936
0.8099315524145098
0.7492241893501288
0.6399246884632471
0.4798413348671151
0.27032595325380054
0.01728261287775421
-0.26862151165116194
-0.5726747624573806
-0.877655518551402
-1.1658654495072922
-1.421246729027153
-1.63119691043546
-1.7878186369737106
-1.8884966627080175
-1.9358202344999083
-1.9369334831933211
-1.9024110371879497
-1.8447587553671179
-1.7766674901396877
-1.7092115863105999
-1.6502576541307084
-1.6033852610372012
-1.567577516465117
-1.5378050331757256
-1.506430701874801
-1.4651642827709488
-1.4071578329833083
-1.3287968229041283
-1.230813309653738
-1.118500055675928
-1.0009934111241259
-0.889774171299844
-0.796676941992853
-0.7317811733220649
-0.7015733955931969
-0.7077186326489835
-0.7466663914375364
-0.8101603727676953
-0.8865513877405892
-0.9626673034166594
-1.0259052855298274
-1.0661958615812595
-1.077538934322847
-1.0589036453940612
-1.0143880491658046
-0.9526312831442764
-0.8855563027384558
-0.8266015030486097
-0.788678910596626
-0.7821647520960309
-0.8132608690899711
-0.883033085505351
-0.987320408591247
-1.117530652062072
-1.2621377839843668
-1.4085361018645797
-1.5448395449815544
-1.6612653361432228
-1.7508901068251463
-1.8097610700070246
-1.8365168638728746
-1.8317681625777833
-1.7974849511365085
-1.7365508996652435
-1.652520285567433
-1.5495027668876846
-1.4320476897975833
-1.3049176756722813
-1.1727153448266427
-1.0394202316840782
-0.9079623778464623
-0.7799751958423504
-0.6558269599975299
-0.5349458676556821
-0.41636106456371014
-0.29931342321505855
-0.1837658031955265
-0.07066637296325742
0.03811947405332078
0.14021018050083348
0.23335819027080218
0.31619394792278976
0.388866300010487
0.45338101026019717
0.5134867976066777
0.5740516313471798
0.6399958208579178
0.7149742247550641
0.800092427623623
0.892968772380199
0.987399311106967
1.0737542111025218
1.1400653983786102
1.1736064597922382
1.1626645292697442
1.0981869363908239
0.9750481539789706
0.7927914404601826
0.5558095186644787
0.27300538651495676
-0.042991904475663374
-0.37697301766135993
-0.7125608672205769
-1.0337615662104356
-1.3264758340167897
-1.5797548476385561
-1.7865950590053519
-1.9441434961074342
-2.0533158499920576
-2.117969817500253
-2.1438703223136653
-2.137693274969009
-2.106239327538357
-2.0559077987831924
-1.9923712794912893
-1.9203424388755321
-1.8433494661909857
-1.7635104020960677
-1.681369615298709
-1.5958881337223787
-1.5046481757936367
-1.404261220417333
-1.2909001964135989
-1.160848445071526
-1.0109850856509541
-0.8391902359603886
-0.6447168555307091
-0.4286007625862301
-0.19414823305582035
0.052539482317284045
0.3021421849144317
0.5420064752248571
0.7565615126009436
0.9284166325816432
1.040149366675622
1.0766045680676612
1.0273424102708584
0.8887543701419793
0.6653614850824323
0.36994013709814283
0.022366267554444964
-0.35263540296080687
-0.7283947157284709
-1.0792777730251393
-1.3832091954913461
-1.623385280369462
-1.7890948125604298
-1.8758066141363132
-1.884813096339763
-1.8226985760870489
-1.7007582173725098
-1.5343079810308031
-1.341695350898386
-1.142816694218331
-0.9570859464252036
-0.8010339803497093
-0.6859567761739014
-0.6161716837957588
-0.588411309199746
-0.5926682862406588
-0.6144506915900585
-0.6380198894774127
-0.6498821850815547
-0.6416952377567247
-0.6118751654234477
-0.565521632065082
-0.5127197352430873
-0.4656971485755792
-0.4355899880237314
-0.42962830070826036
-0.4493906656256381
-0.4904617642514993
-0.5434592501189591
-0.596080326861514
-0.6356270547690617
-0.6514299436041592
-0.6366869817312236
-0.5894258672101087
-0.512524171848572
-0.4129303500722549
-0.300371240029543
-0.1858817364939753
-0.08044452569609414
0.006092542620877115
0.06579714598664145
0.09321279764760246
0.08580140282810772
0.04429815105565857
-0.02711947786377156
-0.12105389240855267
-0.22771329509824456
-0.3364193817311677
-0.43762481028152206
-0.5249967206869358
-0.5969546157242848
-0.6570892018483282
-0.7131595356732157
-0.7747969202461135
-0.850487119700423
-0.9446895202981412
-1.0559648310624998
-1.1767024314994912
-1.2945565112808235
-1.3951810471968105
-1.4654743541853763
-1.4964255883952147
-1.484823570683168
-1.433468655178746
-1.3499827281366898
-1.2446913656189513
-1.128248351803863
-1.0096502389082902
-0.8950852422191837
-0.7877625870669025
-0.6885748509230442
-0.5972370284984749
-0.513464328182158
-0.43779809660765956
-0.371836493237459
-0.3178260911815103
-0.2777691084290402
-0.25234960510879273
-0.2400439619962384
-0.23674012967055433
-0.23605583053283913
-0.23035335805561682
-0.21225290509429617
-0.17630334707033346
-0.12042154410782524
-0.046766438008938725
0.03815049549884062
0.12415007140561221
0.19874747636732923
0.24897274430734637
0.26338142934045833
0.23397372415446266
0.15774278045178652
0.03758856634093893
-0.11762136198747065
-0.2939633575931869
-0.47429648156759713
-0.6407768544242852
-0.7776023300120837
-0.8734335100204558
-0.9229660099974835
-0.9273058529763338
-0.8930809463194392
-0.8305255092862461
-0.7510121156892721
-0.6646137911462981
-0.5782357498179512
-0.4946867414371159
-0.4128163548408796
-0.3285902609387375
-0.23676853103443374
-0.13273579697748683
-0.014031137717826606
0.11876107211292636
0.26189964518396075
0.40906821422177936
0.5523818951488493
0.6834740634225234
0.7943730218228423
0.8780364250469892
0.928601803951105
0.9415479652503068
0.9139829786336056
0.8451719060099775
0.7372407687412075
0.5958263578342784
0.4303624939915526
0.25374071002982984
0.08124115308010141
-0.07116331730814736
-0.18884488203750113
-0.2605176509965812
-0.2798187624464269
-0.24619531136636763
-0.16496200995665547
-0.04654059740563002
0.09499050254780779
0.2438295241177061
0.38461487988378823
0.5045410905802109
0.5951387514840013
0.6534396357219681
0.6822945187677437
0.6897109987901411
0.6872380370024432
0.6876236725036616
0.7021688608940316
0.7383306436971356
0.7981334399507796
0.877796538787473
0.9686973085195818
1.059433695435989
1.1384340447958483
1.1963965709780764
1.2278915778173864
1.2317234562599928
1.2100436237043557
1.1665964385503562
1.1047336881165573
1.0258653208674122
0.9288237004638674
0.8102861072506076
0.6660494466453175
0.49270055244434724
0.2891447341326156
0.0575455706390268
-0.19656254292340686
-0.46497937631139197
-0.7381362244548132
-1.0066248868525354
-1.262560993752313
-1.500444671257247
-1.7173218460003685
-1.9122396373181383
-2.085186810290608
-2.2358616886947837
-2.3626662198321964
-2.4622589238348307
-2.529822487908603
-2.5599682221849642
-2.547988493640548
-2.491057016702376
-2.389005925444225
-2.244466859488474
-2.0623882770523703
-1.8491473805348195
-1.6115861067203436
-1.35628234489917
-1.0892371527396627
-0.8159754542965372
-0.5418958083374247
-0.27262205224922054
-0.014128296242237104
0.22748938713625078
0.44658159867836006
0.6387159766587971
0.8014375037788803
0.9348011759888423
1.0415117061522572
1.1265930568433964
1.19660869092169
1.2585432306520359
1.3185261118049654
1.3806227469836092
1.4459307160236368
1.5121897005942415
1.5740360844498131
1.6239097726544083
1.6534720614029934
1.6552565257414702
1.6241951531801821
1.5586727025393594
1.4608706518420007
1.3363397450690528
1.1929327827142213
1.0393763483610845
0.8838194969082613
0.732661394832785
0.5898548205001076
0.4567535935206932
0.33246073965458844
0.21456189871075926
0.10009132014382877
-0.013440055755056654
-0.12713684900775876
-0.24011737132370733
-0.34938035268132955
-0.4502337630525982
-0.5372592945453928
-0.605636470227257
-0.6525162209358204
-0.6780693729067708
-0.6858784555529805
-0.6824961215352993
-0.6762218306689496
-0.6753802488267671
-0.686541810189528
-0.7131513625914906
-0.7549129939605855
-0.8080573185431034
-0.8663688076931104
-0.9226586417311798
-0.9702909019462831
-1.0044171414166572
-1.0227095646071647
-1.0255441468921203
-1.0157133591127423
-0.9978140441941703
-0.9774626902104525
-0.9604640162322787
-0.952028524548585
-0.9561146743544455
-0.9749594253607567
-1.0088459382747546
-1.056128582621174
-1.1134951109670361
-1.1764043494977992
-1.239609256660856
-1.297669255025467
-1.3453734240851247
-1.378030777844579
-1.3916247251644296
-1.3828654006385563
-1.3491969150741976
-1.288820800768733
-1.2007796228799439
-1.0851090342628167
-0.9430223603713477
-0.7770551115433115
-0.5910846092049301
-0.39016295324837247
-0.18015729360566554
0.0327385817096108
0.24250135503020134
0.4436492178357927
0.631390738326899
0.8015373188131134
0.9502594018762132
1.0738342651952617
1.168544184925979
1.2308304030845516
1.257710363025355
1.2473622875183885
1.1997143631235976
1.116872011447868
1.003276033425549
0.8655787157224527
0.7123114761906181
0.553456398946615
0.4000084138954149
0.2635382964817898
0.15568030676549113
0.0874206036210956
0.06808846253813858
0.10405493321765642
0.1972907508335923
0.3440728157529433
0.5342004372046505
0.7510543161715101
0.9727002659013808
1.1740359931727102
1.3297524278359383
1.4176855516019415
1.4220150367893771
1.3357489462867855
1.16202529522052
0.9139479130689789
0.6129257132626412
0.2857577573688403
-0.039050271458039555
-0.3350930288791863
-0.5813177086491266
-0.7641570692556218
-0.878223922350254
-0.9255702729460441
-0.913831986196882
-0.8538050625184189
-0.7570696955794461
-0.6341781348719684
-0.4936924511931842
-0.34207864927229653
-0.1842250788133981
-0.024224021410469587
0.13393993135850318
0.286034478107434
0.42762359471354483
0.5544117075082811
0.6626833414495785
0.7496151255301947
0.813303547290391
0.8524760784969673
0.8659931592816855
0.8523570995488515
0.8094818356336351
0.7349239423937023
0.6266364012862264
0.48411747413188566
0.30964684287276245
0.10919591230473746
-0.10737939069375088
-0.3270918066860054
-0.535480649091913
-0.7188368462976717
-0.8664374934215796
-0.9721766375047688
-1.0351251317490668
-1.0588654977928162
-1.0498276437337646
-1.015166452610565
-0.9608593607615492
-0.8906110242625198
-0.8058664857436307
-0.7068570613154281
-0.5942667132690741
-0.47092084372092907
-0.34291393635456474
-0.21978440181055625
-0.11363594743005152
-0.03739583675737204
-0.0026091512110938925
-0.01725306654608256
-0.0840205166317925
-0.19940436724778657
-0.35375772505305075
-0.5323470371819106
-0.7172679085929841
-0.8899583621835528
-1.033923242186216
-1.137193527680435
-1.194021383391619
-1.2053975558588237
-1.1781918549864199
-1.123036706810001
-1.0514219370235764
-0.9727358300357742
-0.8920662639501576
-0.8094098857524685
-0.7205506133144289
-0.6193691808113136
-0.5008917160082778
-0.36413215111876973
-0.2138226824908743
-0.06045231499879725
0.08145847690801422
0.19639299433813331
0.2713507885915759
0.29888268898433007
0.2788493149713555
0.21847179622190022
0.13070141067591382
0.03135055187930327
-0.0643022753955965
-0.14464494649434295
-0.20392481972510237
-0.24307439328562228
-0.26905668480024375
-0.2929274913798922
-0.3270587689086921
-0.38211313903388144
-0.4643860462699979
-0.574039825215834
-0.7045622770899832
-0.8435281187376149
-0.974476979182562
-1.0795048256921433
-1.142046418187626
-1.1493305090435468
-1.0941080991734629
-0.9754461914189826
-0.7985865391468442
-0.5740355158243062
-0.316144591356269
-0.041457210674758466
0.2329434924418086
0.49092169953806636
0.7185198114113778
0.9049043906298948
1.043041002397824
1.1301305753383168
1.1678315245279929
1.1622586976109721
1.123705240073905
1.0660025759168044
1.0054444856637175
0.9592698047391286
0.9438133642356503
0.9725574725288019
1.054394145877197
1.1924012153300316
1.3833374490098622
1.6179074403820926
1.8816962867364475
2.156581981153911
2.422422516201431
2.658864510097089
2.847180110691759
2.972058597354382
3.023238544861855
2.9967887223158027
2.8957874411027937
2.7301689019226516
2.515629130110566
2.271690147306839
2.0192412474645405
1.7780242817619263
1.564541014125694
1.3907213191275107
1.2634496450248034
1.1847952638909427
1.1526264211778143
1.161271003248719
1.2020144213494743
1.2634354217960329
1.3317740189407858
1.3916127863779888
1.4270905307140556
1.423676118328257
1.3702839515866652
1.2613067328257663
1.0980553949875362
0.889166190052811
0.6497435211281507
0.39929350567305794
0.15878747477924074
-0.05259883157078847
-0.22044544346702047
-0.33718497728216623
-0.4029562526645801
-0.42509108054936
-0.41637975600569493
-0.3924849215842214
-0.3690092129000438
-0.35874991157595293
-0.3695993790766716
-0.40340000813837473
-0.45587561260402465
-0.5175762416968582
-0.5756208451388611
-0.6159197741004677
-0.6255124300191814
-0.5946631384698577
-0.5184155699146342
-0.39740426268845847
-0.23784792377084454
-0.05078206181474798
0.1492972838239141
0.3461357550447846
0.5235101460181023
0.6668823062627637
0.764762195530334
0.8096970734931132
0.7988597856683011
0.7342391735588625
0.622445227075952
0.47414313722025414
0.303136103347202
0.1251332806230538
-0.04373298633558452
-0.1885411018098211
-0.29722676199755876
-0.3620665448057451
-0.38079522128334026
-0.3571471620641236
-0.3006418731618429
-0.22551218670065554
-0.148804373191621
-0.08784906320768386
-0.05747709022509059
-0.06748534847418476
-0.12089147223759933
-0.21341517029275991
-0.33438657680957395
-0.46895281019441143
-0.6011195399110144
-0.7169274850157741
-0.8070098667579495
-0.8679366259501056
-0.9020858973150018
-0.9161912806145682
-0.9190654889893018
-0.9191852869385753
-0.922786710058764
-0.9328870524413297
-0.9493117140035443
-0.9694811085681513
-0.9895140756857228
-1.005187478539994
-1.0124466453165817
-1.0074179515065549
-0.9861296407015571
-0.944301160420966
-0.8775553481392759
-0.7822414176582329
-0.656790468188493
-0.5032575887088847
-0.3285377302446897
-0.1447435887806411
0.031589023186836665
0.18150336063896336
0.28653805202544375
0.33200479421923546
0.30995289731421843
0.22118363447562756
0.07585078493878852
-0.10755476492913388
-0.30474311164458184
-0.4893095263679721
-0.6369557331732945
-0.7294955818293782
-0.7578752467095399
-0.7235762917342546
-0.638064363605323
-0.5203524988760816
-0.3931754767333708
-0.2786044330309354
-0.19406605200819016
-0.14961799453280977
-0.14699805909402894
-0.1805046681966987
-0.23931472662882122
-0.3105268398682186
-0.38211039353004644
-0.44505347863919015
-0.49428227793258533
-0.5282824965261272
-0.5476943726226956
-0.5534009979933507
-0.544739778348237
-0.5184252218381555
-0.4685901863592629
-0.388066248970858
-0.2706867145898968
-0.11408022617324669
0.07778947719752391
0.2931194645264419
0.5124065206316906
0.7104707893944188
0.860132372684562
0.9368565768898502
0.9233862933312117
0.8133324631042439
0.6129147359926442
0.34047058781709777
0.023858142509384412
-0.30367565901444654
-0.608316187178925
-0.8602961677667436
-1.0375640571076028
-1.1280520614609986
-1.130412350200952
-1.053359530145385
-0.9139217578197769
-0.7349539491429788
-0.5422365627137429
-0.361424238354861
-0.2150689749574906
-0.11994608117633712
-0.08494892664646339
-0.10985377755889451
-0.18524116397687201
-0.29375788506491024
-0.4127049808620886
-0.5176699430404587
-0.586649287173529
-0.6039127216237542
-0.5628203425277374
-0.46696295265282717
-0.329339220959273
-0.16973509594289637
-0.010905922393476807
0.1255524686524489
0.2227152691115829
0.27051379553407057
0.26629637227461866
0.2139349447536517
0.12201840026549715
0.0018313325335916465
-0.13427635435379487
-0.2738161350389508
-0.40444101809191163
-0.5139393629416538
-0.5904229613900602
-0.6230852671984161
-0.6036192255293915
-0.5280309142222804
-0.3983063204332594
-0.22329976513731523
-0.01835859046318701
0.19646185632983967
0.39931988168494875
0.5700167463073399
0.6931324921215052
0.7601353682364131
0.7700164137368819
0.7284080564205736
0.6455473830951691
0.5337201202526585
0.4048947951610591
0.2691174941746678
0.1339418663162174
0.0048164244841179815
-0.11394419425802244
-0.2181250857992023
-0.3029950877214052
-0.3633848505860083
-0.39444289339659167
-0.3927806247983019
-0.35756198216174695
-0.29110988797710324
-0.19878107196776684
-0.08813226389346276
0.03234145939740233
0.15447180711480696
0.2712873195769932
0.3772728950796386
0.46806815805527896
0.5398916838789884
0.5890901505962886
0.6121505514076369
0.6063024461661949
0.570560721067961
0.5068300848132198
0.4206056787197407
0.3208986185765308
0.21925801464070255
0.1280604458117522
0.05848137993728505
0.018661578154781176
0.01250507620854686
0.03933089196116653
0.09433496569498294
0.16960077192318923
0.2552990301994421
0.3407596626870684
0.41524907307300535
0.46847215650821683
0.49096354189163177
0.4745787819047965
0.413227699096175
0.3038367823067654
0.14734867057888487
-0.050561279807430665
-0.2793891044871739
-0.5245522642454882
-0.7689969124674239
-0.9954280253315059
-1.188735699839656
-1.3381188578916012
-1.4384786874225388
-1.490838569063008
-1.5017772628966204
-1.4820627589414255
-1.444793407782501
-1.4033801421577905
-1.369664171698986
-1.3523995980105237
-1.3562696861378547
-1.3815532282222927
-1.4244955229779763
-1.4783455781642694
-1.5348956332419614
