1025
0.47300763375578886
0.408979346283676
0.37737854591206915
0.3772902595392519
0.406022637190793
0.45879722931052314
0.5288195405791515
0.6078319581091378
0.6870816738901073
0.7584746740486098
0.8155954156111032
0.8542879584028615
0.8726181734850879
0.8702292836730662
0.8473015375625698
0.8034662150585339
0.7370586801287494
0.645012178801425
0.5235149989684255
0.36932754692099495
0.181444166193407
-0.03735401156359095
-0.27953168412509355
-0.5327866383854797
-0.781141520174233
-1.0070093830932145
-1.1938324155426767
-1.3287097388939983
-1.4043898318948802
-1.4201257899304751
-1.3811527366359313
-1.2968828564578154
-1.1782409752820338
-1.0347989814877931
-0.8724479196446496
-0.6922438048922244
-0.4907889530034447
-0.2621193105933049
-0.0006501798605567643
0.29560005931865346
0.6224309609023438
0.9683348917637187
1.315271974243237
1.6412690488800568
1.924238709035783
2.1460504802643077
2.295808595034909
2.3715255884580646
2.3798455972343007
2.3340054981134246
2.2506519956740547
2.146338014778216
2.034474973880677
1.92328235330105
1.814966035398013
1.7060805355854676
1.5888481695412198
1.4531235481991627
1.2886689806578504
1.0874067873574316
0.8453229375135035
0.5637258201296722
0.24964024726618003
-0.08474802198614105
-0.4235057024372071
-0.7489605389736574
-1.043930456170926
-1.2937826171764784
-1.488010410317717
-1.6211542411765663
-1.693034325487051
-1.708365842075989
-1.6758719887425964
-1.6070150996194719
-1.5144643304399095
-1.410440389947401
-1.3051284681412794
-1.2054047690005916
-1.1141373982121239
-1.030261429526011
-0.9496824544923052
-0.866863174829396
-0.7767539010042269
-0.6766085475997939
-0.5672297976488846
-0.453318015017942
-0.3428220987130541
-0.24544170224776435
-0.17063784896747605
-0.12561913632997776
-0.11376122730702008
-0.13379956154390574
-0.17994592663834003
-0.24286805814138765
-0.31128703409393466
-0.37382853524455567
-0.4207344724709149
-0.44510498772900137
-0.4434809695113013
-0.41575853377153654
-0.36459973611489477
-0.2946163272274383
-0.21161771864662138
-0.1221232044560509
-0.0331723527080125
0.047710093671757714
0.1126542341864665
0.15394894964593822
0.16504121535563998
0.1419482763777344
0.0847778244082286
-0.0010935028947373173
-0.10463921969723859
-0.20990938143511778
-0.2979126946495463
-0.3494014443106971
-0.3480524996393408
-0.2834052886786516
-0.15294492674421736
0.03710127042703886
0.272404552934987
0.5324605205023677
0.7934058635971585
1.0312090724317613
1.2247271844593373
1.358228943823968
1.423131673490548
1.4188278304140252
1.3525614689095784
1.238367415148108
1.0951440384067304
0.9440249158170287
0.8053455487036392
0.6956298188043143
0.6250887030347828
0.596082922190647
0.6028422380130417
0.6324929993989115
0.6671909578277354
0.6869594504166968
0.6727419003770988
0.6092008654207224
0.4869055860233854
0.3036977504882298
0.06516255634857657
-0.2157709236048772
-0.5200231654255099
-0.8242467205059582
-1.1032612298778426
-1.3328477265811673
-1.492627542581682
-1.568669781193007
-1.555429937528603
-1.4566580169422778
-1.2850433556916565
-1.0605699201656764
-0.8077958231607101
-0.5524853755786372
-0.31815580335332666
-0.12311950468894678
0.02149875615179446
0.11248762685321784
0.15398256974075114
0.15581199312607902
0.13114471341307196
0.09392027222031109
0.05653628928958067
0.028172792140632317
0.01398004631227264
0.015176174365230602
0.029922900250062938
0.054696978331114934
0.08577655635524148
0.12044129055270383
0.15756249271457345
0.1974342541819569
0.2409332624322412
0.2883248352180968
0.33817153904418557
0.38678594979945646
0.42849121934835205
0.45666958607638464
0.46529359034279993
0.4504565335958398
0.4114131963233268
0.350805877852926
0.2740161531855579
0.18784886367727838
0.09893274931454259
0.012264900341322939
-0.06975815392985786
-0.14764359672449698
-0.22443973290891212
-0.3048487843548316
-0.3940317172723574
-0.4963330495908971
-0.6141228177547936
-0.746907845181912
-0.8908249974176811
-1.0385983130208714
-1.1800082245097336
-1.3028685989226383
-1.3944301755494442
-1.4430396976318243
-1.4398113858385377
-1.380042162638493
-1.2641393639433172
-1.0979195311486398
-0.8922475714237733
-0.6620816257509732
-0.42504883436072305
-0.19970331340958355
-0.0036298866167543053
0.1484248476139249
0.24618473738483915
0.28501049565393616
0.2663881254526343
0.19760244752590264
0.09059084200848748
-0.039868187026576664
-0.17833553444508318
-0.31088637323274665
-0.4269128586037824
-0.5202785656222686
-0.5896909140594678
-0.6383081304901157
-0.6727172904129936
-0.7014882047740439
-0.7335268522646169
-0.776440134114399
-0.8351038385623658
-0.9106103645291943
-0.9997571544556934
-1.095203636904356
-1.1863543020043814
-1.2609136611443785
-1.306921406774075
-1.3149474817803506
-1.2800471046917687
-1.2030741254017197
-1.091036383005757
-0.9563357394496038
-0.8149400100021953
-0.6837487266762016
-0.5776022276731041
-0.5065061309323863
-0.47366454199785624
-0.47480858457706737
-0.4990678895736014
-0.531294806837823
-0.5553873135929996
-0.5578677534337025
-0.5308566889177875
-0.4736905512464376
-0.3927567763707613
-0.29957921773476326
-0.2076513853769066
-0.12885213476275703
-0.07039201192503432
-0.03309773695426967
-0.01148673389371717
0.004392008346915718
0.02584800400249178
0.062017369282452904
0.11688947150684278
0.18774573121185698
0.2654976743782015
0.33689286116442835
0.3880269565562466
0.4082153718096615
0.39316386523964636
0.34657994937851033
0.27982695706158106
0.2097911896772554
0.15562059848067505
0.135243455676614
0.16252185894264995
0.24558558775600592
0.3864640704693442
0.5817530473204532
0.8238425012770174
1.102234071028861
1.40464011985422
1.7177804494565505
2.0279698655018374
2.32165758867192
2.5860346249648534
2.8097164408047073
2.9834034505659
3.1003751921846465
3.156704406065225
3.151163415039721
3.0848932721643365
2.960969390060968
2.78400058643033
2.5598443285764048
2.2954383537918734
1.9986757147943042
1.6782183366300505
1.3431644643674394
1.002547528187891
0.6647225775091945
0.33676313304851074
0.02402386961063996
-0.2699875402755105
-0.543343235442331
-0.7950400887705358
-1.024078103870882
-1.228501797706753
-1.40470205751838
-1.547268372649279
-1.649576526156149
-1.7051032029564757
-1.7092230747210861
-1.6610423039390614
-1.564734512494836
-1.4299211644979062
-1.2708705578838306
-1.1046116177826804
-0.9483647284881809
-0.8168794992046435
-0.7202791261051772
-0.6628489432464901
-0.6429383527987258
-0.6538660662308248
-0.6855136817952755
-0.7262067199586899
-0.7645107469996967
-0.7906726535614276
-0.7975624903377333
-0.7810813198168874
-0.7400801219454409
-0.6758872425330023
-0.5915762928179394
-0.49112696557554403
-0.37863377532190456
-0.2576957558677326
-0.1310718456571403
-0.0006209907920043338
0.13252003215121178
0.26761605910408565
0.40398287551888984
0.5407046386097266
0.6764789838713045
0.8096003139951101
0.9380469633826665
1.0596100724259128
1.171998869785802
1.2728808905743545
1.3598582132500483
1.4304266206965157
1.4819919082673236
1.5120102506620725
1.5182744779358994
1.499303011580443
1.4547343084358453
1.3856173292535479
1.2945296424050114
1.1855317136825714
1.0640378493580271
0.9367080421373977
0.8114181499107864
0.6972644584544144
0.6044510675022053
0.54385455431539
0.5261020991828038
0.5601383125987925
0.6514512119403021
0.8003089053130518
1.0004556758264542
1.2386842489290415
1.4955382117553853
1.74714637318823
1.9679207219209265
2.1336402183441114
2.2243543123954597
2.226595769526389
2.1345708783559543
1.95023859516986
1.6824252867064713
1.3452847856145804
0.9564716948303976
0.5353537025617626
0.101482104359743
-0.32658421048225045
-0.7321069045055044
-1.1007120468561384
-1.420729128087814
-1.6833927129147404
-1.882951025904473
-2.0167026433910733
-2.084963965126836
-2.090956998151732
-2.0406001902071913
-1.942186014084176
-1.8059396674742523
-1.6434710180540295
-1.4671509003336791
-1.2894537652864262
-1.1223059420758676
-0.9764628208388805
-0.8609188083819067
-0.782344949609478
-0.7445626098984331
-0.7480984035553228
-0.7899119797294221
-0.86341994548757
-0.9589304219060248
-1.0645423170706774
-1.1674605195976981
-1.2555642058956153
-1.3189786621872506
-1.351372199999521
-1.3507379545651355
-1.3195123670486482
-1.2640003732630196
-1.1931949852050248
-1.1171776693567324
-1.045356866601563
-0.9848392652404313
-0.9392231630041719
-0.9080451012206116
-0.8869971589380412
-0.8688779926312195
-0.8450810740751168
-0.8073061937006623
-0.7491443884804007
-0.6672455112679277
-0.5619098490376014
-0.43710083243804077
-0.2999984298772229
-0.16026255926265362
-0.029146999408854606
0.08147408884583676
0.1601824407416448
0.19723858837307282
0.18594900830460684
0.12406446666862456
0.014964378888561676
-0.1317102258944967
-0.30030771145729285
-0.47050373053426264
-0.6196897383548415
-0.7260888073675318
-0.7720309101306827
-0.7467063177442894
-0.6477867381956561
-0.48155255893158405
-0.26152366244903774
-0.005953313455798127
0.2651987486615634
0.5331191816945893
0.7822376827570541
1.0012433405232712
1.1830164360715123
1.3237590814435476
1.4217888337368523
1.4764930586798912
1.487829895537511
1.4565405266423999
1.3849704058210695
1.2781579042074493
1.1447075644828393
0.9969688903249538
0.8502015031482285
0.7206906158603702
0.6231086449248232
0.5677020090358763
0.5580217392167278
0.589851818232237
0.6517190560471551
0.7269582459997516
0.7968751724100268
0.8442339530963606
0.8562010365605208
0.8260432765425151
0.7532514716581244
0.6422208782254134
0.5000143787807266
0.3339383962580608
0.1496253467392032
-0.04992258607921694
-0.26420998846643096
-0.49423588691748305
-0.7409732948852785
-1.0037635593931062
-1.2789780356050442
-1.559183820046583
-1.832947563566308
-2.085343440631114
-2.2991782778227687
-2.4568721396887403
-2.5428139081671377
-2.545864183649898
-2.4615545479078147
-2.293497362132764
-2.0536168948699838
-1.7610356515187546
-1.439743289362782
-1.1154524306528135
-0.8122223024555195
-0.5494595105031126
-0.33978787580599235
-0.18806437030213483
-0.09157667848166925
-0.04125556522382435
-0.02361189940629401
-0.02306850587953829
-0.024377846525743326
-0.014861830247371359
0.01375025180985199
0.06408611961723258
0.13267740994511165
0.21042381191134898
0.2840108925409321
0.338159320433874
0.35838908896891114
0.33380882258455347
0.25935669201415046
0.136979741575685
-0.024547334619960007
-0.21114188814216536
-0.4059151028332687
-0.5920599040237507
-0.755462847986952
-0.8865017984117777
-0.9807522961004801
-1.0386253284750793
-1.0641973495870716
-1.0636103634830842
-1.0434154701620388
-1.0091545242011228
-0.9643794155933385
-0.9102311778465387
-0.8456367980668542
-0.768101302727446
-0.674955403810293
-0.5647799035378369
-0.4386210404725892
-0.3006038115671099
-0.15768282900385816
-0.018523089102630085
0.10820544822161009
0.2156181878060958
0.29994037020485026
0.36096337068229417
0.4015262111790645
0.42624735346788006
0.4399739677897871
0.44648128313713026
0.44782739138787797
0.44450655354382257
0.4362495823263849
0.4230982455991164
0.4063014871532877
0.38865954137751385
0.374141448097498
0.36685338860038175
0.36966275654941305
0.3829197588062256
0.403724146777798
0.4260520495539385
0.4418171552832931
0.44265689127773816
0.4219936751037745
0.3768056180732239
0.3085972315479119
0.22327922648766604
0.1299780564014878
0.039096628329956196
-0.03986208980264323
-0.10017221432481686
-0.13905886725659483
-0.1579909478967983
-0.16214836442170905
-0.15928880347655194
-0.15831199941519114
-0.16780571249025575
-0.1947914723253459
-0.24380702001656016
-0.3163899158406428
-0.4109696564054865
-0.5231322837111039
-0.6461879987394691
-0.7719505397981118
-0.8916280056100971
-0.9967289173944659
-1.079898917126258
-1.1356159945519895
-1.1606814432463408
-1.1544514559162642
-1.118767538352815
-1.0575698214516536
-0.9762194452680805
-0.8806093533270056
-0.7761956236633096
-0.6671175757374268
-0.5555793729963134
-0.441630567587052
-0.3234109118822696
-0.19783065072496123
-0.061564637079027595
0.0878296423081154
0.25088804748153515
0.42551295247499216
0.6066973698931281
0.7867820162305437
0.9562424615401419
1.1049110004319487
1.2234443722560695
1.3047698331548407
1.345205509512823
1.344985518323931
1.3080404815766071
1.241072342653133
1.1521672042276505
1.0493394021879712
0.9394314749448773
0.8276827880603426
0.7180515211886102
0.6141032435302104
0.5200578525114179
0.4414959646236561
0.3853060307331155
0.3586899124160944
0.3673703543791641
0.4134579407154176
0.49363187273080367
0.5982907180171122
0.7121156442989706
0.8161094960801372
0.8907422566033284
0.9194866741273444
0.891886788481139
0.8054199391260161
0.6657526265443576
0.4854365231407752
0.28149143959525885
0.07254903053671098
-0.12377292137886291
-0.29279844413226064
-0.42385719056705334
-0.5105934967639778
-0.5507859125496353
-0.5459464372232424
-0.5008551590889894
-0.4230336056153591
-0.3220528854358042
-0.20856601266251645
-0.09305230709034246
0.015579188159295008
0.11123465168571275
0.19137769324142934
0.25698800583262277
0.3116470664898828
0.35991727160048576
0.40541572791163266
0.44911544319346774
0.4883853356364978
0.5171063551745286
0.5269207649397865
0.5093623360863013
0.4583594087923492
0.3724682898319986
0.25622014071727783
0.12015266785333996
-0.02058724589499017
-0.14881438854110252
-0.24846619004966658
-0.30758264351878023
-0.3203551145935373
-0.2877339065385994
-0.2164807908358945
-0.11698486906312623
-0.0004898133759345866
0.1234957001187203
0.24894375228970267
0.37384013866925386
0.49949698301974677
0.6289501550699024
0.7649307047376889
0.9079345003001537
1.0548299686885876
1.198291762234793
1.3271720391679136
1.4277464537931368
1.4856119103350218
1.4878853473121516
1.4252837020885138
1.2936848265387377
1.0948874834145317
0.8364814596671452
0.5309486009613945
0.19427101277496286
-0.15562714686575915
-0.5003406319970352
-0.8222177775135072
-1.1053777886805594
-1.3365974552136328
-1.506142185191124
-1.6085326954141932
-1.6431347252433395
-1.6143954993685325
-1.531566830447965
-1.407851288689143
-1.259048741734405
-1.1019089876830035
-0.9524622617474949
-0.8245802437440658
-0.7289293401020589
-0.672357245443759
-0.657653156519036
-0.6835779288607998
-0.7450802900984808
-0.8336768457231718
-0.938037069560627
-1.0448413454358325
-1.1399499152401924
-1.2098387580282168
-1.243152716305671
-1.2321359988983664
-1.173661971413796
-1.0696205512525185
-0.9265338635297573
-0.7544375452409872
-0.5652454938434653
-0.3709583596102775
-0.18213280734450377
-0.006970298841945494
0.14878488195601844
0.28118715704240765
0.3869566180932404
0.4623147562409497
0.5022514957324365
0.5005529852107524
0.45067292841192436
0.34725075495400115
0.18786208510675567
-0.02549682453876154
-0.2856145105218672
-0.5801836771737465
-0.8928077756780649
-1.204651994050105
-1.4963784708230856
-1.7500075270217126
-1.950443181086716
-2.086537661646832
-2.1516880403301837
-2.1440199781991716
-2.0662142682273035
-1.9249971690314234
-1.7302877467304492
-1.4940107793210864
-1.228655255301625
-0.9457649164493004
-0.6546419568466383
-0.3615727049924848
-0.06980844251539632
0.21964252059830622
0.5065870956637768
0.7899685668675426
1.0664287612075247
1.329561983717671
1.5701266506837137
1.7772101431124698
1.9400742397273858
2.0502254640732565
2.103204246222677
2.099667894843213
2.0455156765667626
1.9510146574138179
1.8290863636007044
1.6930779389482764
1.5544521175719594
1.4208740427410103
1.2951298769749258
1.1751682712337628
1.055317325525128
0.9284408961201306
0.7885362228141432
0.6331266965326819
0.46482978110901674
0.29168525521138966
0.12615468640744495
-0.01695187735540847
-0.12310822985539734
-0.18065070124899696
-0.18276395502151982
-0.12853558857765376
-0.02298997870018711
0.12377150406775715
0.29806393643202717
0.4844457855300041
0.6676059598520779
0.8340918563968
0.9737106286089534
1.0804756433019749
1.153007564167309
1.1943495056006064
1.2112234434881084
1.2128317908378656
1.2093751501744683
1.21049721202831
1.223872606545326
1.2541243544270022
1.3022040671597175
1.3652997505292361
1.437262786079407
1.5094764115300978
1.572030968783809
1.6150348886317618
1.6298786079193561
1.6102836682137156
1.5530092309710644
1.4581498275443683
1.3290352395345904
1.1718215858131704
0.9949208695200058
0.8084284214628462
0.6236586763335721
0.4527968034644994
0.30855508891066463
0.20364556860159427
0.14989535716052416
0.15695368206196755
0.2307329874749358
0.37191103927679214
0.5749084474230073
0.8276930919015887
1.112561304191404
1.4077814671262718
1.6897655352204808
1.9353434221559922
2.1237779396993206
2.2383254492340225
2.267326693498062
2.204915802122647
2.051426749372425
1.8134851177421414
1.503675556603845
1.1396493363984768
0.7426180901944198
0.33534432341309706
-0.06008549504529079
-0.42431475973814264
-0.7422238854190657
-1.0036537260705287
-1.2033131371932302
-1.340038215255151
-1.4157005839893182
-1.434090839344295
-1.4000384348735164
-1.3189063900274016
-1.1964623341151317
-1.0390136824504317
-0.853625612161534
-0.6482242095976194
-0.43142283292312944
-0.2119913380143234
0.0019979223387386843
0.2041897317893762
0.39087508062317966
0.5615363141298144
0.7187657236362975
0.8674537877122157
1.0133389550817722
1.1612074014522382
1.313165995676614
1.467438277376092
1.6180373476011505
1.7554731789518967
1.8684047684845366
1.9459121372263672
1.9798969707557905
1.9670643458495147
1.9100071580325264
1.8170972904582974
1.7011458789424831
1.5770724188552785
1.4590551468226836
1.3577664854612927
1.2782926534542953
1.2191927683997357
1.1729018964166593
1.127383434654985
1.0686622089708833
0.9836873572603294
0.8629266511162439
0.702188205189818
0.5033704640050346
0.27409810071879853
0.026440897895138753
-0.22492282525542792
-0.4646784117668198
-0.678609616459501
-0.8548450646182135
-0.9845197445707233
-1.0618967138578495
-1.084092596073742
-1.0505921053614153
-0.9627258822662418
-0.8232385117631696
-0.6360101965531347
-0.4059348801015119
-0.1389122954797845
0.15811222988491824
0.47712842621431234
0.8091142858940554
1.144186546169712
1.4718428584173928
1.7812659228667855
2.061650339152035
2.3025220193515
2.4940453125473616
2.627344899932732
2.6948934764407846
2.691018772415567
2.6125567402761285
2.459624916688002
2.236422857725588
1.9519038796573511
1.6201225517906475
1.2600603905602807
0.8947763797057965
0.5498193940116783
0.25096848503763625
0.021515382051173985
-0.12055728103586963
-0.16505604432801027
-0.1112586786579718
0.03156482138043625
0.24496531123574125
0.5033878145414443
0.7771918837079296
1.0361408617771688
1.2528339942008786
1.4056248735568038
1.4807159146255389
1.4732795357001447
1.387581069006647
1.2361472307531138
1.0380572277236142
0.8164710935398594
0.5955855691673044
0.3973244562228848
0.2381950609551916
0.1268193603368807
0.06262510548312906
0.03603333817958696
0.030219953424969963
0.024213626358127543
-0.0032031316914076856
-0.06952152254346723
-0.1852384859400838
-0.3519382025672926
-0.5620850333624774
-0.8005189048278512
-1.0472751794634951
-1.2810776431927011
-1.482744524424699
-1.6378277393526584
-1.738045474419743
-1.7813947034537865
-1.7711493137573702
-1.714177193234317
-1.6190952619642842
-1.4947202825591845
-1.3491016369486148
-1.1892016969516908
-1.021086421144549
-0.8503566849969524
-0.6825189815479982
-0.5230628077173282
-0.37715565809254276
-0.24903762617169706
-0.14134008119796293
-0.05461485936264214
0.012686164631002693
0.06368858692415678
0.102137849592671
0.1312927451360734
0.15303840058924323
0.16753001274037838
0.17349363766123954
0.16906379868114052
0.15282629797872443
0.12464580896497617
0.08593164865298626
0.03920567750751994
-0.012897617210922417
-0.06884981837183257
-0.12922645566848942
-0.19711097485614912
-0.2777235778023261
-0.3773358702918618
-0.5017393735205695
-0.6546446593286855
-0.8363770549575591
-1.043126741621639
-1.266856593122365
-1.495826679162836
-1.715601165983024
-1.9103728997920473
-2.0644566307044103
-2.1638287385284656
-2.197597437695796
-2.1592608617443037
-2.047569799630302
-1.8667982174225874
-1.626280185710226
-1.3392122857443813
-1.0209162291683995
-0.6869376836246817
-0.3514401159096244
-0.026280513669973936
0.27906799422880646
0.5568805283785947
0.8002255021064095
1.0021950871177066
1.155735507134942
1.2542319081060462
1.2926786251309934
1.2690120583847186
1.1851042321688712
1.0470388505270254
