1025
0.4955517702303492
0.6130369451401521
0.6911727041032614
0.7261085282447791
0.719443050966897
0.6778613531233629
0.6120036751641584
0.5347418432438766
0.45915052632722864
0.39652232093920425
0.35476616743389044
0.3374455670192281
0.34357865428702367
0.3681744475695721
0.40335846249660273
0.43986973796162543
0.46869139162008455
0.4825895383446035
0.47735863846783233
0.4525938537348082
0.4118403980988527
0.36202742592035103
0.31219622435763167
0.2716766875984963
0.2480200884475863
0.24510893437287312
0.261885723731373
0.29204555694670137
0.32483553512369345
0.34684617189624556
0.34443784843868597
0.30628621921397964
0.22549966560645704
0.1008667322371368
-0.06299713271286075
-0.2565740320764443
-0.46717013331901425
-0.6810170920924122
-0.8852809770327665
-1.0695890080905552
-1.2268479059352109
-1.3533232205495926
-1.4481213223950418
-1.5123248706378456
-1.548061649706671
-1.5577422724093737
-1.5436066414681482
-1.507601528037654
-1.4515030465965533
-1.3771258985161206
-1.2864458159342582
-1.1815092840207957
-1.0641031797704474
-0.935275915956409
-0.7948990284763058
-0.6414948997368314
-0.472510490441114
-0.28509518509564136
-0.07727653990113292
0.15072681731373097
0.3954085983190609
0.6494431841074485
0.9019588777112159
1.139669523372842
1.3487028873843665
1.5167788419724468
1.635284219740908
1.7007921215247204
1.7156810349986649
1.687698304838602
1.628538740063232
1.551720893672686
1.4701919900161742
1.394142603656725
1.329452498145976
1.2770348297306229
1.2331383771743116
1.190460796526155
1.139772968963738
1.0716889693923248
0.9782445308194665
0.8540485663155502
0.6969096992814001
0.5079712433559602
0.29147983935313326
0.054345808902062226
-0.19437411455206371
-0.4440122445077842
-0.6828681283145376
-0.8989118656855951
-1.080693632986015
-1.2184670880769084
-1.3054087326160309
-1.3386875668356875
-1.3200737578288857
-1.2558212091891736
-1.1557251534979116
-1.0314971442041942
-0.8948311310900194
-0.7556620239021301
-0.6210816573777104
-0.49517616825031213
-0.37974858741131295
-0.27559746617353204
-0.18384396847780404
-0.10680086843392259
-0.04805516506174158
-0.011723914060040239
-0.0011334178250713444
-0.017362591140998754
-0.05812043892723947
-0.1172970649069568
-0.18529775479699132
-0.2500322595893193
-0.2982735577784284
-0.3170696748687328
-0.2949807991150439
-0.2230642087155734
-0.09566125341255373
0.08891344421773598
0.32774140337818425
0.612822646957916
0.9309745184574155
1.2643730467861547
1.591912593287542
1.8913503220956345
2.1419472202012235
2.327116184221239
2.436522952259011
2.4671867858911565
2.4233622788943596
2.3152733165352104
2.157026871092208
1.9641910788883579
1.751551305149723
1.531469346426817
1.3130977079885198
1.1024862374456097
0.9034065877921231
0.7185537490525886
0.5507019608065827
0.403421178508505
0.28110260684901006
0.18826628763068168
0.12836695883494434
0.10249754689441859
0.10844656232128605
0.14047134946095757
0.18993230708207243
0.24666877460457726
0.3007769804424469
0.34434671544571177
0.3727527817499775
0.3852525941006572
0.3848479901306819
0.3775541420689874
0.37132693428218794
0.3749141279098366
0.3968305335902474
0.4445518039815923
0.5239176217417203
0.6386679974338212
0.7900234935811755
0.9762620354045084
1.192324420884589
1.429567121415378
1.675838047181814
1.9160463578945213
2.1333168345664606
2.3106759476303433
2.433051714967678
2.4892398313400665
2.4734463026153377
2.386086421320754
2.2336857144158206
2.027938772986493
1.784168059307934
1.51952828863532
1.2512974995866564
0.9954982581941397
0.7659486336981497
0.5737089704862536
0.4268094716925217
0.3301295233729408
0.28533852972028245
0.2908697234295529
0.34195415787183686
0.4307751171716789
0.5468107797351828
0.6774204797663147
0.8087011789544234
0.926596117641886
1.0181771521057912
1.0729525576496661
1.0839929406252822
1.0486460482221491
0.9686520580485526
0.8495800052394048
0.6996638989422072
0.5282778457014516
0.3443988029477244
0.15541971627240123
-0.033417677450209335
-0.21887733801882311
-0.39898162620466376
-0.5719402600092324
-0.7351126709272507
-0.8843318934313464
-1.0137974153301237
-1.1165750819769726
-1.1855787133672282
-1.2147957423901115
-1.2004813767129567
-1.1420798454504746
-1.042713200278138
-0.909175914430848
-0.7514587545146404
-0.5818842389458785
-0.4139684320035726
-0.2611399684270509
-0.13545675833670595
-0.04646629095880937
-0.00035071588757737974
0.0005276726757150945
-0.042382228155286854
-0.12427815334868206
-0.23781295940429126
-0.3740867998306088
-0.523628101566064
-0.6771958735575876
-0.8263153941721292
-0.9635673085665921
-1.0827464855479547
-1.1790474307642922
-1.2493905589700232
-1.2928845863594505
-1.3112706873782936
-1.309087556476123
-1.293300127212615
-1.2722756237358674
-1.2542305623365333
-1.2455182990108327
-1.249264954304841
-1.2648142779984917
-1.288205404572157
-1.3135617475892392
-1.3349476526042277
-1.3480800828064976
-1.3513350860142763
-1.345744053521484
-1.3340352878639747
-1.3191074838489758
-1.3025058271260699
-1.2834500826143775
-1.2587556543143097
-1.2236743639285859
-1.173373348594877
-1.10456860746914
-1.0167932241489825
-0.9129093012303546
-0.7987146437870681
-0.6817658037025289
-0.5697517952255418
-0.46884838774059695
-0.38244693683389164
-0.3105143087589994
-0.24966112946354568
-0.19383573476632882
-0.1354605126887972
-0.06679174168591909
0.018707480898682034
0.1251687639127062
0.253461592893126
0.4008226544666648
0.5610708191058726
0.725423337247126
0.8838102007455217
1.026460552139791
1.145451020912802
1.2358968255485385
1.2965408203781312
1.3296312095949288
1.340133367223386
1.3344532659218877
1.318933738263958
1.2984141987748599
1.2751258787118012
1.2481364680076457
1.2134649963634239
1.1648653770365147
1.0951398660003473
0.9977204485663407
0.8681839915341337
0.7053768328385992
0.5119233535351863
0.2940555570607806
0.060874610013548824
-0.17671895814137853
-0.4071534774174805
-0.6191590963951521
-0.8024929458611946
-0.948449588729043
-1.0502639022719558
-1.1035068084969089
-1.1064976422703998
-1.0606548232682287
-0.9706364322148796
-0.8441246434712721
-0.6911882426139622
-0.5232815307211499
-0.35205105744162657
-0.18817449792373017
-0.04042965956580154
0.08489595705722441
0.18424940492233216
0.25678137403111245
0.304134672627512
0.33012176553859696
0.34031456973565255
0.3415328541642781
0.3412091446720777
0.3466286379934305
0.36407974340565435
0.3979903036127312
0.450157900255795
0.5192063632784484
0.6004098949951888
0.6860089119945144
0.7660822699924608
0.829931590028063
0.8677900889067618
0.8725319681590974
0.8409857562081483
0.7744927238806658
0.6785111283825882
0.5613118978652507
0.43206675580364845
0.29881036325312926
0.16680182588431527
0.03770251841730802
-0.09023792373887235
-0.22106752660077963
-0.35940969658723393
-0.5085971749774167
-0.6691445651874193
-0.8379364569190701
-1.0083139423125085
-1.1710130627026254
-1.315705105106655
-1.4327626249833767
-1.51485513729628
-1.5580608681120787
-1.5623302076333838
-1.531298974585496
-1.4715743932453886
-1.391676540143863
-1.3008178128125385
-1.2076725242402393
-1.119262923616625
-1.0400846010175013
-0.9716040899500443
-0.9122535418592562
-0.8579913194314942
-0.8033842157569222
-0.7430230971788104
-0.6729605917427609
-0.5918121694882461
-0.5012208234586509
-0.4055403883882056
-0.3107963061476466
-0.22317189426585088
-0.14738912080867753
-0.08537934314767892
-0.035574431743754034
0.006984731482205636
0.04969893497231895
0.1007817120717437
0.16727864280958202
0.2531759375537748
0.3580621261105532
0.47671180031366406
0.5997503577925681
0.7152783544240634
0.8110645167925293
0.8767512630541643
0.9055216495738446
0.8948604611605058
0.8463425629214777
0.7646883853962393
0.6565228289581738
0.5292882490228155
0.39059825026501926
0.2480567313991364
0.10932622444432046
-0.01788178540794819
-0.12615832997184945
-0.20915117962532243
-0.26254049965176046
-0.28488908256390494
-0.2780118715816626
-0.24666475876794403
-0.19760515994035577
-0.13831662821619506
-0.07581500592800942
-0.015912418831394624
0.03687387358194189
0.07884091574190351
0.10635099071852643
0.11523000638278103
0.10068510978864659
0.05792737450081039
-0.016578186850227723
-0.12356571846792867
-0.25961275350349355
-0.41647175351668053
-0.5814357971990924
-0.7388192542546392
-0.8723281435313505
-0.9678366648330977
-1.015949964860659
-1.0137558561411675
-0.9653435696386123
-0.8809494313555709
-0.774906948840084
-0.6628543428635834
-0.5588207324467477
-0.47283251930305314
-0.4095491715330894
-0.36818408492936094
-0.343653856651871
-0.32860508295210195
-0.3157645061520523
-0.2999948638940553
-0.27952863526500993
-0.25607214554884206
-0.23376971525009663
-0.21732206885205343
-0.2097912770317532
-0.21073395211168883
-0.2152484846012497
-0.21430152986275136
-0.19636048112811533
-0.14998799899947565
-0.06675914630678097
0.05626418818398724
0.21517371879959232
0.39934911700667675
0.5930584742409153
0.7781029825026838
0.9368272073872618
1.0547738120226566
1.1224359839271163
1.1358802559465706
1.0963576186215647
1.0092727350310071
0.8829633854365294
0.7276500971216042
0.5547111846369627
0.37622170534595967
0.2045585252117275
0.051866308350761524
-0.0707126967286
-0.15398258607680226
-0.1916172467768061
-0.1808262009661145
-0.12258658474019817
-0.02139671342349875
0.11535248351815784
0.2782043381244781
0.45647728065609733
0.6390141742960834
0.8148464993580589
0.9738617602404075
1.1075640313671382
1.2099266392394366
1.2781895346218621
1.313326214097563
1.3198767728764893
1.3049612161846105
1.2765351014061506
1.2412452013977417
1.2024652570470522
1.1591322161550117
1.1058162100673663
1.0340898627608295
0.9348422407067407
0.8008697543177434
0.6289945560089997
0.4211435371166129
0.1841924768242427
-0.07121118982714582
-0.3323490085101156
-0.586098394833967
-0.8201731263125911
-1.0238341174872805
-1.1882355466688788
-1.3066955577470185
-1.375114895337994
-1.3925601016456235
-1.3617965278782656
-1.2894262889552845
-1.1853340090052835
-1.061361019106732
-0.9294285395538425
-0.7995829358723948
-0.6785281296708683
-0.5690917180758065
-0.47077954728464344
-0.381215202817716
-0.297971033103237
-0.2201827328812001
-0.14943791481531182
-0.08969601013876695
-0.04632712203863775
-0.02463022496730448
-0.028317747606250963
-0.05840829067275259
-0.11279172616004492
-0.18650117770423463
-0.27252870700566867
-0.36291246874957506
-0.4498161966576685
-0.5263936469349751
-0.5873370868932539
-0.6291080432484526
-0.6499141495872202
-0.6495233337560049
-0.6290060786457191
-0.5904840990718242
-0.5369479936301343
-0.4721857763684961
-0.4008289809480324
-0.32846771344069137
-0.26171998590574236
-0.20809110573067677
-0.17546201291799357
-0.1711262379654184
-0.20044729912935436
-0.26538800764922693
-0.3633003419277569
-0.4863921214628076
-0.6221724179003959
-0.7549423080430551
-0.8681118255370973
-0.946881352586
-0.9807068265791943
-0.9650106815957993
-0.9017871229197848
-0.7990193494333222
-0.6690967234377488
-0.5266197401263298
-0.38606778928919644
-0.25977441296504056
-0.15653257263032505
-0.08098232479789484
-0.03376136508373467
-0.012262407337078686
-0.011761837805886494
-0.026665007368155042
-0.05164396449674357
-0.08250322378242998
-0.11667776757766993
-0.15333057571021658
-0.19307051656181373
-0.23735849221584016
-0.2877147375392892
-0.34488059240272284
-0.4081131683223835
-0.47478464370741846
-0.5404088857605988
-0.5991298453930949
-0.6445990009873229
-0.6710745916556363
-0.6745226024095887
-0.6535036772579789
-0.6096843651071049
-0.5478928539529648
-0.4757197884986335
-0.40272507215461106
-0.33934812532715397
-0.2956433138864479
-0.2799875707556299
-0.29793726897162304
-0.35143188013395343
-0.4385277144265894
-0.5537733829817388
-0.6892089902103863
-0.8358122484284636
-0.9850788860854947
-1.1303663988111758
-1.2676806886093197
-1.3957370608047557
-1.5153333209894546
-1.6282655950696556
-1.7361329972819697
-1.839379555935114
-1.9368142042010468
-2.0256722265420417
-2.102097178754732
-2.1617955352656684
-2.2005926163912632
-2.2147072440285003
-2.200731214245004
-2.1554807563360376
-2.076000209969908
-1.9599817631830971
-1.8067052868654798
-1.6183459387085257
-1.4012410710492773
-1.1665645028058607
-0.929906686296188
-0.7095186562843534
-0.5233788534353017
-0.38565787252799727
-0.3034417258526294
-0.27462016008741524
-0.287620181238577
-0.32322181802422734
-0.358161456076345
-0.3697626761848166
-0.3405688086600887
-0.2619536761081988
-0.13594399682068864
0.025086657419974772
0.20071955702728378
0.36625631313295565
0.4971717788222779
0.5734155240848422
0.5828207914073826
0.5230884407672419
0.4020790242561697
0.23642450400169307
0.04873158575774012
-0.13613433596920851
-0.2950481057390009
-0.4102207568147641
-0.4717759494232249
-0.478879551317264
-0.43927380820533507
-0.3673778696867519
-0.28138482150185007
-0.19994815668089078
-0.13907376352869008
-0.10972502135357746
-0.11645184324619746
-0.15713075498418835
-0.22370835032959374
-0.3037076280371374
-0.38219314550756495
-0.44388279636425054
-0.475122970887144
-0.46549424260814526
-0.4088809133054656
-0.30391739162316145
-0.15381417035657408
0.03434441896680789
0.2506658707141974
0.48367526239628694
0.7215041303170068
0.9528934912209148
1.1679356791009479
1.3585530994779236
1.5187606388251944
1.6447694239538355
1.734966166072839
1.7897646891999166
1.811298731622358
1.8029278376312425
1.76856451637847
1.7118889164617597
1.6355747481418776
1.540683844201733
1.4263837339702523
1.2900984105344648
1.1281245529849662
0.9366462538139549
0.7129790473308415
0.45679198079611066
0.17102096231057026
-0.13777952438984084
-0.4597881653623976
-0.7829434710493078
-1.094431105937048
-1.3822778372033806
-1.6366572221996718
-1.850595022269406
-2.0199480564877526
-2.142759157353073
-2.218282893029341
-2.2460645939321084
-2.225407614963992
-2.1554018793460585
-2.0354731377525104
-1.866229131057326
-1.6502928877589145
-1.3928508519691236
-1.101778149637098
-0.7873699684420055
-0.46183057770702485
-0.13870015269490285
0.1676693705923211
0.4425991622500788
0.671643200403551
0.8413662323001482
0.9404190795789092
0.9608614898894312
0.8995469417665138
0.7592985154110494
0.5495970340414755
0.2865629426077433
-0.007891587161801442
-0.3077635056844766
-0.5854380200516041
-0.8147618769424892
-0.9743907810033686
-1.0509393139905696
-1.0413442106639612
-0.9538424845053242
-0.807127650833869
-0.6275890019363659
-0.4449936468677924
-0.28740828211072267
-0.1764275519176838
-0.12376898018191315
-0.12998894926397936
-0.1855487067215967
-0.2738685656892005
-0.3755270873589344
-0.47252726809843354
-0.5516169922997807
-0.6059779969702225
-0.6350743113999675
-0.6429361626676886
-0.6355216444984322
-0.6179669047148783
-0.5924877503029576
-0.5574667659279003
-0.5079217693806898
-0.43718967567907024
-0.3393571909042728
-0.2117900451328557
-0.057091680342058
0.11603885073705464
0.29331652828714844
0.45668989648075686
0.5871058037696971
0.6676380244703287
0.6863225019787936
0.6381203618141655
0.525638996330174
0.3585253976753797
0.1517332217200457
-0.07691343080598254
-0.30932938954454714
-0.5294442596176439
-0.7247737841024016
-0.8871190188479345
-1.0124393913056111
-1.1001172785646345
-1.1519250884579706
-1.1710073059574075
-1.1611096496006168
-1.1261548086812478
-1.0701210486177015
-0.9970709064581551
-0.9111368881458156
-0.8163127228922185
-0.7160073692540275
-0.6124550943238365
-0.5061861758258294
-0.395803775265638
-0.2782609130012265
-0.14969757568799044
-0.0067214300916906035
0.1521466824012464
0.32523480821005
0.5070505939609445
0.6884219420840708
0.8574898044294363
1.0013727550801002
1.1081423324331552
1.1686647468512097
1.177904814019744
1.1354402525577645
1.0451508100474873
0.91425841440223
0.7520352325001934
0.5685257125900672
0.37354655644220947
0.1760757002967269
-0.01601739711865181
-0.19605039039215405
-0.3585777887542741
-0.4995034937038519
-0.6162397618226994
-0.7078102499230551
-0.7747772302959468
-0.8189336634313106
-0.8428099069740254
-0.8491475865684713
-0.8405360723877588
-0.8193632449445745
-0.7881130848572261
-0.7498928056115021
-0.7089502753863477
-0.6708993141238757
-0.6424290169155644
-0.6304219372693032
-0.6406010217989596
-0.6760046320682772
-0.7356923036614926
-0.8140717666346153
-0.9011069814999791
-0.983454019247942
-1.0463399868036132
-1.0758205877446296
-1.0609745176855767
-0.9956323736513492
-0.8793688369857928
-0.7176588713908735
-0.5212561571551714
-0.30495677121070214
-0.08595232558693106
0.11802997034703196
0.29062814465489933
0.41863087172906843
0.4934853702214914
0.5123464599311256
0.4784789342945574
0.40086209647997006
0.2929448418038536
0.17065595275056092
0.04995244051492569
-0.05566674353524142
-0.13719856725230536
-0.19130652977800047
-0.22038284420642637
-0.2315061223676486
-0.23454388063740134
-0.23982929134438605
-0.25591457997332856
-0.28786045886898354
-0.33638290199796106
-0.3979842632158283
-0.46598825662486476
-0.532217245629503
-0.5889265063763242
-0.6305652255005254
-0.6549775929378786
-0.6637829154078746
-0.6618575630589599
-0.6560434733708167
-0.6533812717052858
-0.6592694978070887
-0.6759618050536632
-0.7017329073527734
-0.730895425861944
-0.7546710327770214
-0.7627486251228175
-0.7452295061676876
-0.6945829477673846
-0.6072238154356733
-0.4843798701585917
-0.33203805087917776
-0.15993587954517124
0.020228619344119302
0.19699932153893307
0.3612759052003411
0.5078202716357747
0.6357574271636397
0.7479188245691154
0.849189193840705
0.9443077496976778
1.0357476345795023
1.122289354702752
1.198707019707075
1.2566580944986074
1.2865126512451612
1.279592553852882
1.2301983844190014
1.13690366902676
1.0028455996872652
0.8350470499299806
0.6430648560440301
0.4374013949021169
0.22811470146836624
0.02393811481827252
-0.16797487059118
-0.3417713427989115
-0.49233978436526665
-0.61480694599897
-0.7044034770196199
-0.7568815765860237
-0.7694589053697583
-0.742030135154333
-0.6782100607709616
-0.5857269930882213
-0.47581645757667435
-0.36155536736758886
-0.2554412337341919
-0.16683082627245235
-0.09998343892941819
-0.05333710863580683
-0.020303851473352365
0.008588396287631828
0.04279615045735923
0.08892181148008561
0.14872126827856613
0.21846555144677757
0.2897488880350939
0.35142837354605466
0.3921112618496251
0.4025426120892735
0.3773758945796274
0.31605618373503536
0.2228077353110411
0.10591007781036264
-0.023470432124941466
-0.1526443532339066
-0.268783136935025
-0.3602289548617131
-0.4176854271005677
-0.4352501324184157
-0.41122084836787076
-0.34856627805103685
-0.2549251049707933
-0.14200915909895107
-0.024353599010382542
0.0825194226339493
0.1642977472593886
0.21006085531511723
0.21398852817008332
0.17617720947266097
0.10232023558927009
0.002285913872047802
-0.11207416138139902
-0.22933606569579082
-0.34052484552073675
-0.44026227962713177
-0.5268243261202256
-0.601210220837516
-0.6655931538887383
-0.7216611043884085
-0.7693366319597119
-0.8062087725887215
-0.8277808248535893
-0.8284111839845328
-0.8026673826483797
-0.7467612674570216
-0.6597809688160298
-0.5445415957849018
-0.4079842449172676
-0.261114917096662
-0.11847939190633233
0.0028551580829792775
0.0848431124913673
0.11049320383202624
0.0662159914704394
-0.05586005242937509
-0.25607202900138587
-0.5263712306414003
-0.8507423493468543
-1.2069138359026426
-1.5690604840974653
-1.910955082307859
-2.2089412669939628
-2.4441965862652437
-2.6039873322911564
-2.681894192453344
-2.677215426476552
-2.593871693172288
-2.4391352463426537
-2.22242200859935
-1.9542731453865325
-1.645560560079183
-1.306900517357261
-0.9482495640970356
-0.5786701360714878
-0.20627098938073746
0.1616644720865233
0.5183598315321485
0.8570693856950334
1.1705314769045314
1.4505027762744653
1.6875707556385442
1.8714362147539245
1.9917757041573718
2.039636544150344
2.0091239901018034
1.898980702761364
1.7136068041604997
1.463166835142419
1.1626626486595744
0.8301435511525903
0.4844708309200338
0.1431605703760134
-0.17923989245483907
-0.47199484975858125
-0.728254085343523
-0.9445771059442175
-1.1202156437939268
-1.2564220031546316
-1.3559252733623257
-1.4225757669263634
-1.4610604951813446
-1.476567176819735
-1.4743145984678006
-1.4589439602660905
-1.433846349174422
-1.4005604997858798
-1.3583995793703605
-1.304450976824375
-1.234038451064026
-1.1416454965438054
-1.0221843943073303
-0.8723810620701145
-0.6919667938321886
-0.48436146845931344
-0.2566221365525347
-0.018609515027273156
0.21845159839003564
0.4436472574035451
0.6478249009678497
0.8244242122369908
0.969501822523734
