1025
-0.32679711589497873
-0.24417226864344305
-0.14914430632438075
-0.04590991989872054
0.06115433921706105
0.16795921547604103
0.2709644536324359
0.36715417274967127
0.4537935905518293
0.5281557275542216
0.5874408783948647
0.6290372462278765
0.6511179410194822
0.6534056553893741
0.6378342653454545
0.6088410482547638
0.57312805752271
0.5388886329339653
0.5146395729500325
0.5078826760087157
0.5238277524698991
0.5643638857181537
0.6274047285501778
0.7066854543108746
0.7920618142039674
0.8703407293618163
0.9266342642844173
0.9461607388137471
0.9163214570730227
0.8287820804077977
0.6812161642879655
0.47835625964835665
0.2320641226855135
-0.039722292899762035
-0.3151019100338443
-0.5710960328860688
-0.7868296729387295
-0.9464335003801208
-1.0411214123689365
-1.0700615997669924
-1.0399181808101756
-0.9632263474352519
-0.8559966617125053
-0.73506116498132
-0.6156538545155317
-0.5095855202081448
-0.4241864518713196
-0.36201682181974865
-0.3212308891144372
-0.296439478433648
-0.2799233231579007
-0.26306832229634153
-0.23788989443414077
-0.19847872672890515
-0.14215532100825937
-0.07010337715069748
0.012702200777766182
0.09833693615445385
0.17742812873760588
0.24102687111376006
0.282436514170357
0.2985614786130002
0.2904410118698269
0.26283732061873605
0.22300287857521514
0.17898294264179113
0.1379432148069133
0.10499916060654402
0.08285721599330909
0.07230181363217393
0.07326237228099934
0.0859739124611723
0.11169049808956748
0.15255781921840506
0.2105645034744831
0.2858698426220307
0.375110698450917
0.4704002235403455
0.5595850381715041
0.6279582899922422
0.6611510394738378
0.6485059665713416
0.5860228866467576
0.47803142594734455
0.33707191540585835
0.18194353079202805
0.034357871380177006
-0.08502437587743161
-0.16027985711676648
-0.1828541961439374
-0.15265127639243087
-0.07746326170628152
0.02902039436181742
0.1501196605670432
0.2693407734563201
0.3731728422841315
0.4529716036828204
0.5056116475287772
0.5328609459611557
0.5397136414405117
0.5321516464447007
0.5149360411080697
0.4900150638701891
0.4559689740874257
0.40862730296670136
0.34266360800339346
0.25369017780073033
0.14022649817921135
0.004950418872663896
-0.14514524630274409
-0.29973898826536627
-0.44701657464047256
-0.5758186546723489
-0.6774923327420074
-0.7469645291845363
-0.7828298263842934
-0.7865731820752141
-0.7613162179705526
-0.7105950943952719
-0.6376129163762215
-0.5451896721740787
-0.43634025738183596
-0.31515275483126093
-0.1875061255224262
-0.06120636626490078
0.054681039465070594
0.15123471835024022
0.2214685933112162
0.26198677492202593
0.27397068055079965
0.2631341094552414
0.23857362166058668
0.2107668155090788
0.18922738968041639
0.18043228357444918
0.18655910823829036
0.20533584961182433
0.23098383472853987
0.2559296768987081
0.27276561513387093
0.27590691030909414
0.26253107681514143
0.23263473110984875
0.18832309006159345
0.1326647660643503
0.06853636278774514
-0.0021701109648318458
-0.07876817342116357
-0.1614294132740325
-0.2504558925307581
-0.3454614500765964
-0.44474448776594044
-0.5450385108302312
-0.6416870794044268
-0.7291618512877435
-0.8017679198282988
-0.8543726893781799
-0.8830378741047823
-0.8854953063947313
-0.861454644803399
-0.8127483536853728
-0.7433119080855508
-0.6589839285951178
-0.567111694606342
-0.4759707126064131
-0.3940452687113361
-0.3292520957327212
-0.2882043751861996
-0.2756007085570135
-0.2937904495333715
-0.34252903543210966
-0.41891087815087663
-0.5174610695303646
-0.6303770195000082
-0.7479258981953774
-0.8590109204864768
-0.9519122018936435
-1.0151864432204307
-1.0386798616555888
-1.0145775221932682
-0.9383851051636866
-0.8097205377196895
-0.632786916832266
-0.416410268506488
-0.17356118430074285
0.07966043765077666
0.3255187143637282
0.5464688100557937
0.7271002742863775
0.8559373195822296
0.9268376776442186
0.9397790005734803
0.900907083420942
0.8218288902850412
0.7182450109368416
0.6081113124023769
0.5095808533338112
0.43899565928004713
0.4091732213580572
0.428174294437487
0.4986616223389937
0.6178788195922914
0.7782042980339889
0.968171499627413
1.1737965996247288
1.380024964376327
1.5721088899118352
1.736769294453963
1.8630694383167477
1.9430160727433805
1.9719678380768666
1.9489399898259636
1.876839819200859
1.7625716144371206
1.6168623971772724
1.4536323555678168
1.288796206490478
1.1385253337106787
1.017179617136517
0.9352690173805315
0.8978719519410393
0.9038912307826072
0.9463752274403839
1.0139083396277122
1.0928341550004348
1.169874343525495
1.2345952361581871
1.2811849129504567
1.309143993153543
1.322739843363758
1.3293717765161408
1.3372665620218025
1.3530920217885385
1.380086334662675
1.417147539610971
1.4590549478398476
1.4976871331223398
1.5238513693598
1.529216309999007
1.5078678597086674
1.4571632027758845
1.3777814398207957
1.2730898834311908
1.1481030742307774
1.0083722800374335
0.8591038722346
0.7046902637090982
0.5486885574890107
0.39414450041576976
0.24406861559004261
0.10184476470110725
-0.0286114458796178
-0.14304208488678208
-0.237372131828478
-0.3084508418912491
-0.35480991655873817
-0.3772113811888841
-0.3787967973446622
-0.36475157743662884
-0.3415383437933462
-0.31588555778237765
-0.2937918115756653
-0.27979092999227717
-0.2766216810387942
-0.28530067475328713
-0.3054692761141929
-0.3358271991046022
-0.3744941170965371
-0.4192302063691324
-0.46754456918996534
-0.516775750979757
-0.5642189376195564
-0.6073162313986223
-0.6438627926267949
-0.6721552782608577
-0.691038314438253
-0.6998719884188654
-0.6985062496891593
-0.6873626810313266
-0.6676716361660308
-0.6418105696470049
-0.6135874115232874
-0.5882670713931476
-0.5721867543947494
-0.5719403214209929
-0.5932852527411765
-0.6400632341673957
-0.7134611717257017
-0.8118464726502933
-0.9312163755068872
-1.0660800481651969
-1.2104340529320718
-1.3584644171496572
-1.5047279908141356
-1.6437889115859619
-1.7695273929756352
-1.8745046958334468
-1.949794157791215
-1.9855599292531143
-1.9724236677661922
-1.9033848070935957
-1.7758426405315342
-1.5931787175124514
-1.3654247010180154
-1.1087438095126871
-0.8437330363149559
-0.5928283722124498
-0.37729278235989205
-0.21434044323427398
-0.11489465843411346
-0.0823209718272312
-0.11227494811422647
-0.19361064114599633
-0.3101501741653087
-0.4430291886814784
-0.573296219433714
-0.6844349200848365
-0.7644815866594946
-0.8074307062834694
-0.8136791953640412
-0.7893800806675165
-0.7447640336433912
-0.6917139559985142
-0.6410811593956778
-0.6003360482946121
-0.5720956843056864
-0.5538599423984172
-0.5389732683585576
-0.5185103108352977
-0.48356726662627086
-0.42739407988361194
-0.3469261483399227
-0.2435031331708517
-0.12279825122134067
0.005862629901720607
0.1305728981588914
0.23814003658458702
0.3155110557466818
0.35127040924472924
0.337115946496995
0.26913632106880553
0.1486473629178012
-0.017642418429776586
-0.21825059025322208
-0.43824750655232586
-0.6610238356356956
-0.8701202038927586
-1.0507556812233314
-1.1908290895768212
-1.2813679501164663
-1.3165841496169544
-1.2937908207996447
-1.2134093564820985
-1.079163762391143
-0.8983784543074756
-0.6821410460756655
-0.4450325196046734
-0.2042003778384599
0.022256472276563962
0.21737141751080033
0.36742750917341527
0.4635857489580527
0.5025908006430932
0.4863702035570479
0.42067185111196104
0.3131753227119773
0.1716625064645037
0.0027908496625441087
-0.18820122497691827
-0.39683611131802965
-0.6180678074494224
-0.8447714317095788
-1.0666029733562035
-1.2696898036287179
-1.4373996940957352
-1.552158836847141
-1.5980164198368916
-1.5634522920848752
-1.4438442226726849
-1.2430706773521651
-0.9739026815800248
-0.6570807855991271
-0.31921332351554277
0.010184681660676586
0.302090904270761
0.5313645446874237
0.6796970271679456
0.737747484270591
0.7061638469621028
0.5953091666311219
0.4236827128767557
0.21523436957774877
-0.004023691029047111
-0.20956119787089483
-0.3814534726628666
-0.5066079755592542
-0.5798172652209167
-0.6036014729241734
-0.5870137476121202
-0.5437155535988879
-0.48967264249465886
-0.4407964986080133
-0.41079639115672684
-0.4094457290345019
-0.4414188602392785
-0.5058155881283164
-0.5964429208502617
-0.7028491664968899
-0.8119993737424238
-0.9103582813481947
-0.986041430585156
-1.0306484940077434
-1.0404372140587008
-1.0166349621982422
-0.9648856901539558
-0.8940313269297648
-0.8145612853177955
-0.7370865744103511
-0.67110599884184
-0.6241746604460019
-0.6014300197842819
-0.6053398244045938
-0.6355371955534127
-0.6886830914834683
-0.7583957820884023
-0.8353563911513494
-0.9077073170425124
-0.9618093467551263
-0.9833441862146152
-0.9586798655082166
-0.8763788531086788
-0.7287198202674808
-0.5131003169849416
-0.23316633177096435
0.1005274441132702
0.4705592938846111
0.853601612116642
1.2224116661522322
1.548756794441932
1.8069187304008254
1.9771925703131266
2.04869070902641
2.020842597040936
1.9032427123129216
1.7138704715380428
1.4760723899569248
1.2149492619773816
0.9538639445772569
0.7116797259064409
0.5011103137791942
0.32829179092301886
0.19344668869905202
0.0923439477134967
0.018177364560902916
-0.036519840096471204
-0.0782518048879131
-0.11145678114194273
-0.13802710862466963
-0.15742473874790275
-0.16725483155432577
-0.16409472157637003
-0.14436823537516263
-0.10510192917895435
-0.044478491953727696
0.03781630879477234
0.14040082387787203
0.26009315845857994
0.39185888058431756
0.5288331150475469
0.6625013557815584
0.7831591142458486
0.8807521546039144
0.946114130764147
0.9724767816007485
0.9569687789312138
0.9017038822295279
0.8140509603169009
0.7058159913621744
0.5913365157549996
0.48482142488848157
0.3975512891685391
0.33567460062714455
0.29922818445765753
0.28268961044125296
0.2769308399854709
0.27202848673245195
0.2601351861091394
0.23761073559428486
0.20584906416035723
0.17063645183629575
0.14030826801113636
0.12330431089380688
0.12586222824846835
0.1505032919268594
0.19569137080062088
0.25667366636206024
0.3271565564131608
0.4012392642778564
0.4749884976790473
0.5471939605676536
0.6191378257434852
0.6935386127415488
0.7730812693354681
0.8590439863883661
0.9504595716150578
1.0440466860753583
1.1348930075990005
1.2176519867495559
1.2878860773527991
1.3431725622992254
1.3836710101030076
1.4120019407163897
1.4324661053818664
1.4498052791800284
1.4678318581920664
1.4883039056149363
1.5103739630438235
1.5307962058280435
1.5448692824955765
1.547878233291977
1.536642711324912
1.5107302643512484
1.472968776478971
1.4290697251330313
1.3864030203728168
1.352183448334516
1.3314835503006286
1.3255429076965737
1.3307877130053087
1.3388207466087367
1.3374254091610938
1.312400132264315
1.2498579903815534
1.1385373561969776
0.9716939569441673
0.7482689867635144
0.47320859829702355
0.15699002805569376
-0.18546068353913792
-0.5362192598546055
-0.8759565434763442
-1.1855070454743468
-1.447312442719145
-1.6466899530635428
-1.7728962303156641
-1.8199512127945243
-1.7871661771657115
-1.6793021568848352
-1.5062836441881693
-1.2824170432455948
-1.0251160589861692
-0.7532122156622634
-0.4850162259146361
-0.2363771246256568
-0.019038100886267444
0.1604120099917111
0.3007613327842156
0.40547933090978305
0.48119597334686925
0.5356380915594874
0.5754444692934475
0.6043233443098014
0.6219413658171279
0.6237588148250698
0.601802850389344
0.5461652449881718
0.4468815315812581
0.29582272675193755
0.08829741941626791
-0.17582137702462278
-0.4915179893240728
-0.8486090431387862
-1.232257791336961
-1.6240186230434124
-2.0033863185174616
-2.349754964312597
-2.6445715343062832
-2.873344441454833
-3.0271059846135517
-3.102987228595208
-3.1037544192336206
-3.0364300333558942
-2.9103831296521325
-2.7354243336435946
-2.5204177687010096
-2.272731025495592
-1.9985543050683336
-1.7038363375396601
-1.3954051067951492
-1.0818177860919416
-0.7736096872827831
-0.48282770932584823
-0.22195944468176912
-0.002531860801903234
0.16628675008041466
0.2787920574387393
0.3333821746868423
0.3326930712856024
0.2833080157854198
0.19517795341452457
0.08089131055480747
-0.04510882179307569
-0.16731753678728564
-0.26997398937506034
-0.3379051889000292
-0.3574294508046974
-0.31731916658209464
-0.20978845132616528
-0.03142963892695727
0.21602133355880493
0.5252461017172444
0.883396162909745
1.2727631963380324
1.6721000305903295
2.058484947023431
2.409472650747516
2.7051683882920865
2.9298456011555825
3.0728255913680327
3.1285326620212572
3.0958738063007436
2.977288243250233
2.777893921794044
2.5050845969856614
2.168715918030273
1.7817312718681464
1.3608221951598585
0.9265974635750088
0.5028112819801387
0.11446767457445618
-0.21500457924157257
-0.4669514929629715
-0.6303000342204895
-0.7032234380193392
-0.6931792624730053
-0.6152580570135437
-0.4892330794006572
-0.3360360787056464
-0.17449652714523087
-0.019044946025968963
0.12124635782814051
0.24231114535003836
0.34378982537331393
0.4273261797384225
0.49499248664907264
0.5482126099908289
0.5873225957083892
0.6117005179562636
0.6202724701931721
0.6121734638383819
0.5873844436680045
0.547235026375997
0.4947172197802819
0.43458135012666177
0.37318731553301837
0.31808219614861605
0.27728987803007576
0.2583406614671345
0.26713508827129473
0.3068087977188101
0.37681755806776945
0.4724680958178334
0.5850659730341581
0.7027407610721168
0.8118663388775081
0.8988600328593451
0.9520576653545751
0.9633464801993723
0.9292934425726171
0.8516093196328829
0.7369059530092277
0.5958073569510067
0.44155195977456185
0.2882764167440496
0.1492089065152122
0.03502389988112766
-0.04738874964497163
-0.09552764002597841
-0.11113790200345236
-0.09934780171667626
-0.06727100727668879
-0.022397394599588585
0.028844568073463212
0.08201524410394498
0.13488707688872392
0.18697522911180506
0.23859129747026753
0.2897741002703936
0.33948016388245544
0.3853241331925457
0.4239733491157492
0.45207698008050384
0.46741910613011023
0.46989053415687854
0.4619126889623152
0.44811399011792274
0.4343034713649179
0.4260254842517237
0.4271253134076258
0.4387511390284142
0.45906187137113746
0.483663128713882
0.506553052470859
0.5212214162171145
0.5215601178499368
0.5023939303322776
0.45965211990890265
0.39037486118739856
0.29280652456725326
0.16674980796306452
0.01418200034195824
-0.1600502578008332
-0.34775527634312303
-0.5374318273484102
-0.7149880099927972
-0.8651303787424298
-0.9732272030671959
-1.0273250338532067
-1.0199567736900335
-0.9494159828194841
-0.8202620501793776
-0.6429390914322781
-0.4325226870086608
-0.2067453285927347
0.01641573146737433
0.2211968370901547
0.3961106130653731
0.5352096747359932
0.6382881321208429
0.709978662646451
0.7579512684632513
0.7906251860898885
0.814906689461044
0.8344350184981014
0.8486717534826281
0.8529567587864977
0.8394415702203536
0.7986545334978536
0.7213787742617365
0.6005307830686477
0.43278642976271464
0.21977601750088
-0.031268363158654174
-0.3074927204906861
-0.5910852633237703
-0.8606492972477726
-1.0932421247386628
-1.2669248004598366
-1.3635266648984345
-1.371202782928246
-1.2863075003459128
-1.1141685402780386
-0.8685324316331091
-0.5697268621376002
-0.24187266377229705
0.09030941260677892
0.4044797059491998
0.682917479908212
0.9136957839120831
1.0907397037033497
1.2129578351083705
1.2827994710005124
1.304647209745748
1.2834143343335955
1.2236066188680095
1.128964282011287
1.0026542162544554
0.8478618519625071
0.6685549776708052
0.47016963560128444
0.2600013584122777
0.04716376365940214
-0.15791778510485718
-0.34439919662226853
-0.5021250873175995
-0.6227189487805901
-0.7004132425519578
-0.7324222993344907
-0.718762600386415
-0.6615669588394836
-0.5640882875795404
-0.4296995342603857
-0.26122549690659547
-0.060866650899602845
0.16919450756424392
0.4256320301015462
0.7025868969234516
0.9904922383821569
1.275548480443309
1.5401487639766556
1.764327725990195
1.9280486779308796
2.013924408746728
2.009843846965015
1.9109822293769965
1.7208021341334347
1.4508688656626507
1.119545801340132
0.7498403161920794
0.36679204395134585
-0.0051827645468230776
-0.34463892324524903
-0.6348985000380445
-0.8651677177056952
-1.030941216219698
-1.1337267129161863
-1.1801694085747967
-1.1806964290410966
-1.1478457304856249
-1.0944886484864769
-1.0321860977291295
-0.9699182361742003
-0.913382610965603
-0.8649648726441735
-0.8243609183874949
-0.7896927612809166
-0.7588439122525888
-0.7306746707033475
-0.7057883376284612
-0.6866151816829114
-0.6767490837612561
-0.6796761360997091
-0.6972205975621856
-0.7281443978602643
-0.7673297273439502
-0.8058408985588609
-0.8319332631173578
-0.8328195167144354
-0.7967977526115163
-0.7152571090884952
-0.5841319782700782
-0.40454932920443193
-0.18263887676532425
0.07132811007293083
0.3441989936572636
0.6213266958465895
0.8878880569369656
1.1300375047609743
1.3358700684092824
1.4961869386640934
1.6050363257912688
1.6599748023534888
1.6619908138082322
1.6150665116391993
1.5254191834240862
1.4005381029895738
1.2481923450184265
1.0756090419858353
0.8889962689403561
0.6935059794457831
0.4936113484325205
0.2937402017910839
0.09890833348680844
-0.08491985572161415
-0.2509291892688183
-0.39202725891739926
-0.501725172721948
-0.5750354180702378
-0.6090981454300137
-0.6033742300491746
-0.5594370623692018
-0.4805608136920576
-0.3713585408052948
-0.23764114536384404
-0.08648974633041624
0.07364928452295356
0.23312968159792558
0.3817616689038292
0.510006180688063
0.6105122816528353
0.6796048376273476
0.7182596680839124
0.7321971719551449
0.7309580219464755
0.7261198693274767
0.7290750209632335
0.7489286843005081
0.7910476460205634
0.8565964303326427
0.9431020261823987
1.0457840248120924
1.1591740821418512
1.2784966427072884
1.4004050774496652
1.522916647322624
1.6446741517234036
1.7638822030335217
1.8773506057758516
1.980008703418248
2.065070303676596
2.124802543958003
2.1516631425512194
2.1394763482326913
2.0843374114292224
1.9850492530610548
1.8430562040888228
1.6619924217986288
1.4470597562340375
1.2044658736483862
0.9410902777366416
0.6644297982182236
0.38274787920542114
0.10525741713207251
-0.15786296173483205
-0.3957740226401735
-0.5976514645422797
-0.7536503972502676
-0.8559665628804048
-0.8997500989586272
-0.8836535779742521
-0.8098923248134713
-0.683830138504896
-0.5132327033660697
-0.3074112594861647
-0.07648419240374099
0.16908643450061306
0.4186482027973562
0.6612951095449868
0.8857713011217185
1.0805425352517446
1.2341752578708423
1.3360488423509138
1.3773037959819907
1.35184448819761
1.2571958091351192
1.0950554812792905
0.8714584544527219
0.5965407396902631
0.2839346280883772
-0.05015235290841078
-0.38810658178162305
-0.7122264188461623
-1.0060436274741438
-1.255464716926041
-1.4495549739274012
-1.5808610896456978
-1.645297357642656
-1.6417583238269504
-1.5717028402927458
-1.4389333966745277
-1.249666680212629
-1.0128071550011972
-0.7401771033749934
-0.4464011141994194
-0.1482238235652269
0.13677068974244133
0.39184658960368196
0.6028534135635278
0.7596082901560836
0.8566045126873493
0.892907721511953
0.8713091584118131
0.7969778606567475
0.6759506498112577
0.5138115244296368
0.31485390879226166
0.08191124804344706
-0.1830968441033282
-0.4780078000258257
-0.7989011703609511
-1.138594984372509
-1.485578119681854
-1.823768300044543
-2.1333480665047304
-2.3927058796856984
-2.5812412987446947
-2.6825478460985996
-2.6873350339443554
-2.595444349326014
-2.4164679880262683
-2.168763212925709
-1.876999961233379
-1.5686953481282941
-1.2703948724827778
-1.0042076191716387
-0.7852885391039088
-0.620626408007039
-0.5092092638409216
-0.44337405760846843
-0.4109606154889916
-0.3978100669197948
-0.3901715733075689
-0.37668130915347914
-0.3497150877574895
-0.3060509867750184
-0.24688188886891527
-0.17727683979563805
-0.10521002404643705
-0.040275942135245026
0.007787219975056766
0.030621720720306098
0.02263888443269343
-0.017943450659626724
-0.0886253348889726
-0.18285475268616003
-0.29097868674100663
-0.40177073157814064
-0.504249479756984
-0.5894280953976625
-0.6516549761657164
-0.6893102270835794
-0.7047749918993623
-0.7037418952688217
-0.6940445442720224
-0.6842352643142072
-0.6821393766602166
-0.6935822488353235
-0.7214424722353421
-0.7651410614034085
-0.8206305391309656
-0.8808904975409693
-0.9368643401290927
-0.9786939238091533
-0.9970457593121976
-0.98430071855844
-0.9354145926237638
-0.8483460286164517
-0.7240633883829184
-0.5662422254543716
-0.38081239960507235
-0.17549270158981334
0.040624722433024375
0.25746983618852687
0.4644628937831943
0.6511518614894078
