1025
-0.5052963098956802
-0.54456588129008
-0.5518057258383579
-0.5339224667465011
-0.5014061351267521
-0.4657416106048282
-0.4368298705191322
-0.42098332495418106
-0.41986061344239856
-0.4304413618841094
-0.445895051157001
-0.4570379928898717
-0.45402539973294326
-0.42797355023012085
-0.37230204950565415
-0.2836775019766716
-0.1624983517109805
-0.012889034504530711
0.15780436802251033
0.339977107482394
0.5230671064827515
0.6969801951117995
0.8533573741563016
0.9864033745598286
1.0930871251379706
1.1726921711396148
1.2258905806775715
1.2536703359696002
1.2565026921245352
1.2340621666552354
1.1856221219346479
1.1110012748714875
1.0117150728973003
0.8918721700416771
0.7583991941243389
0.6203722872140338
0.4875219235900189
0.3682618298396955
0.2677746396915223
0.1867023932126399
0.12083407728355451
0.06191086393902707
-0.0006253981782440175
-0.07734134389720682
-0.17648017377166852
-0.3020572290051678
-0.4527214189636012
-0.6215479964076868
-0.7967600769875332
-0.9632384525292331
-1.1045774424597223
-1.205376371412475
-1.2534245100099548
-1.2414509674573397
-1.1681787562541317
-1.0385396939371065
-0.8630518744300025
-0.6564990401111919
-0.43614811065649767
-0.2197793610598241
-0.02378762131636442
0.13843769547226037
0.257706539998767
0.3297043089726515
0.35510617753756646
0.3391333506215498
0.29060958880975446
0.22063750561675438
0.14107188784529812
0.06300564556860884
-0.004510451715934954
-0.055326953716840765
-0.08651610449523454
-0.09813008757273291
-0.09247697966176453
-0.07308736209845419
-0.04360826258435032
-0.006877478632090925
0.035609957366385045
0.08372772843219198
0.1382523788388756
0.20005359668061695
0.26918274396249076
0.3441289981544733
0.4214645561996355
0.4959935023715783
0.5613874641522776
0.6111738325511781
0.6398690047970135
0.6440315032476176
0.6230417657595928
0.5794786115909357
0.5190364197200539
0.4499961730422735
0.3823207096870101
0.32648837528738933
0.29221035786568567
0.28719386486309734
0.31611173014152233
0.3799150177151578
0.47557941505566653
0.5963162341846362
0.7322177105563776
0.8712577140535191
1.000540844145369
1.107683715401242
1.1822128417250917
1.216862277451319
1.2086442360706635
1.1595508388718232
1.076738373538726
0.9720655116360032
0.860919181797345
0.7603690254198888
0.6868297825535328
0.6535499620655068
0.6683451246383965
0.7320173591898237
0.8378263659224321
0.9722040711437315
1.1166638682823733
1.2506016155072557
1.3544814132440512
1.4128029617321816
1.4162893576444207
1.3629095660190786
1.2576141977112831
1.1109457604564001
0.9369091832857059
0.750598404769905
0.5660519549841285
0.39467879665691963
0.24441093662644583
0.11956403735184153
0.02126719179354654
-0.0517288431701547
-0.10205632756703673
-0.1327204894166631
-0.14623143033582314
-0.1440236534061923
-0.126282491354418
-0.09223069171031577
-0.04081608260035684
0.02839253166666982
0.11439684124855577
0.2143582640718763
0.3237918629567937
0.43736942784282545
0.550104381283595
0.658525229406877
0.7614214586941127
0.8598884622805957
0.9566557670693113
1.0549516783642774
1.1573244662658029
1.2648351805393783
1.3768657652258325
1.4915265457632108
1.6064134459631068
1.7193540494084392
1.8288296227224534
1.9339320837784084
2.033925630725411
2.127639632552751
2.212964249187292
2.286649887919887
2.344472845318015
2.381691171494926
2.393635992552241
2.376287884594193
2.3267573382982216
2.2436753461141765
2.127551738745487
1.981143324854018
1.8097963071385488
1.6216292008620714
1.4273614989673757
1.2396163212601397
1.0716419944899884
0.9355741850339079
0.8405323265310592
0.7909460226527354
0.7855005726528785
0.8169789890673449
0.8730984690524963
0.9382427747767286
0.9958197511867087
1.0308485873545912
1.0323147372825243
0.9948320263619065
0.9192367448909561
0.8119197746254945
0.6829691035369289
0.5434977064397419
0.40278561349590586
0.26597572946319853
0.1329663242309609
-0.0011586999860815515
-0.14425033215354707
-0.30427929631244394
-0.48638073943878934
-0.6905989322194328
-0.9109653773541391
-1.1361543869578177
-1.351513549099983
-1.5418997411238817
-1.6945673130346623
-1.8013942464293566
-1.85996387218384
-1.8733604016502514
-1.8488778851418861
-1.79608833961419
-1.7248085934055888
-1.6434429195683413
-1.5580023732469028
-1.471880561675325
-1.3862673824534628
-1.3009525023347601
-1.215224607809639
-1.1286016480161412
-1.0412115084702236
-0.953761189904603
-0.867164942725232
-0.782022938609801
-0.6982175960318703
-0.6148880847117277
-0.5309338420441247
-0.4460000570997122
-0.36167049456458067
-0.2824245503283329
-0.21588869064630647
-0.17206626513932075
-0.161531903203332
-0.19293182362673664
-0.2704129010654792
-0.39170453914825726
-0.5474518462567799
-0.7220783405656513
-0.8960401725613322
-1.0489512034002646
-1.1628279199577867
-1.2246926856046871
-1.2279831502405816
-1.1725729925848802
-1.0635995714526105
-0.9095929903505985
-0.7205190616759404
-0.5062614287513233
-0.2758241127177305
-0.0372360273622388
0.2021043270861263
0.4350132093356765
0.6543572807520525
0.8533032079207579
1.0259480314138898
1.1681392138469127
1.2782174100443595
1.3574263563712132
1.4098126736921552
1.4415544962023776
1.4597885193099736
1.471132067684192
1.4801981985469774
1.4884491066668122
1.4936968176526149
1.490429249652959
1.4709376990589436
1.4270078583098398
1.3517853263685644
1.2413937604147058
1.0959778135544829
0.9200188744849113
0.7219547615748994
0.5132591118277956
0.3071781955068603
0.11730609114599826
-0.043847810554063435
-0.16614559430968845
-0.24278449355407317
-0.2707521255753446
-0.2506442598612127
-0.18585683384514531
-0.08135616093408314
0.05760143928905806
0.22637181123296085
0.42111680087395925
0.6381961087720099
0.8729563422112142
1.1183555146884199
1.3639555100229979
1.5957285595845765
1.7968883430725247
1.9496541924335322
2.037586512301636
2.0479720066833087
1.9737265922361342
1.8144123333806081
1.57618809079208
1.2707673401411874
0.913676478443905
0.5222408323728829
0.11374437958824381
-0.29588707907942524
-0.6927118660175655
-1.0647548588232774
-1.4015792617686398
-1.6937824432986215
-1.9327424775450872
-2.1108310001851933
-2.222132359484191
-2.2635220255779895
-2.2358103916247347
-2.1445870550136914
-2.0004218375945877
-1.8181899408759685
-1.6154736205030285
-1.4102202756486537
-1.2180604626691434
-1.0498490875806445
-0.9100285744685466
-0.796284566492314
-0.7006778851643325
-0.6120534228998968
-0.5191571894780334
-0.4136613700314589
-0.29229612425113916
-0.15753448466803682
-0.016703960993730817
0.12013489656162755
0.24285470149234162
0.34367288123734957
0.4186647786605845
0.46808685749740936
0.49562876719691984
0.507026798269046
0.5085840074252984
0.5060361554425981
0.5039499243677388
0.5055657217960453
0.5128244810313269
0.5263124492829467
0.5450057577841688
0.5659118174808078
0.5838732538106546
0.591830681974159
0.5817080484278424
0.545838374179507
0.478594637798549
0.37774384875440825
0.24507568663893825
0.0860709055431822
-0.09130548085517727
-0.278295511134837
-0.46696099905459654
-0.6511853640175951
-0.8267605454676774
-0.9905983883718232
-1.139438453079737
-1.2686225801534483
-1.3714976277725064
-1.4397966079034885
-1.4650127590386157
-1.4404415375198347
-1.363335534673491
-1.2365640994335598
-1.0692928869975857
-0.876443298820695
-0.676976730421027
-0.49130029705670303
-0.3382658459406562
-0.23231707699813534
-0.18133098858350297
-0.18560061804450512
-0.23821466390892918
-0.3268169544249205
-0.4364130202054238
-0.5526071562370317
-0.664495754182289
-0.766488560978037
-0.8585971825098236
-0.945156191912159
-1.0323952310271236
-1.1256068098672036
-1.2267422668527919
-1.3330924583338672
-1.4373415252165809
-1.5288579048769149
-1.5957501037545985
-1.6270626100803323
-1.6145415471934577
-1.553610729768834
-1.4434776860844702
-1.2865425059515134
-1.0874435955045147
-0.8521143891979058
-0.5871513065901358
-0.2996393531478192
0.0026040307177380055
0.3105718573276212
0.6137016116575208
0.8999075984403554
1.156219433836157
1.3700552378995394
1.5309477415999893
1.6323620912611898
1.673153805119387
1.6582493897463495
1.598289013480174
1.508212707204331
1.4050325231974587
1.3052420105317497
1.222412989622904
1.1654913852378201
1.1381372348985765
1.1392005787853894
1.1641459485984027
1.207002816998953
1.2622885405531497
1.3263632864302533
1.3978394647895909
1.47694652892814
1.5640735080036274
1.6579812518013533
1.7543053223414498
1.8449066600258175
1.9183808406050233
1.9616821733570677
1.9624721636906906
1.9115787033966758
1.8049251126817119
1.6444577705604462
1.437900905181814
1.197490900404021
0.9380872649949425
0.6751593411789385
0.4230974728890831
0.1941337759503737
-0.0020551742263346215
-0.15818788759723473
-0.2689156042569659
-0.33035689262893947
-0.33988104741608943
-0.2962743155462854
-0.2002669607014789
-0.05524701767109232
0.13211846527447668
0.35165749752861214
0.5900931964307877
0.8321461690003937
1.062219868296223
1.2663714283524927
1.434167340358766
1.560030983727994
1.643806746001368
1.6904538688764028
1.7089788509915682
1.7108566249011596
1.7082418763625393
1.7122383369066463
1.7314142616098163
1.7706770787755644
1.8305822970369425
1.907149894606558
1.9922628751916036
2.0746854895312072
2.1416417031342223
2.1807539647338756
2.1820105503407423
2.1393688690250054
2.051653536018058
1.9225688999599952
1.7598675974215516
1.5739250601861567
1.376095045411955
1.1772251523452741
0.9866010575172209
0.811409901834211
0.6566330796923968
0.5251594070222761
0.41788797447935644
0.33366752132866645
0.26906153444362024
0.21807919878571003
0.17211276618293944
0.12033137869018169
0.05069011137122896
-0.04845413991539693
-0.18632262335222396
-0.3676579690689336
-0.5910845024061768
-0.8483199291408517
-1.1245448989927453
-1.400023338109861
-1.6528087257590072
-1.8621223882836286
-2.0118040036707447
-2.0931576585157337
-2.1065773123027363
-2.0615368672728973
-1.9748459472945512
-1.8674465419911928
-1.7603762867916888
-1.6707593103694158
-1.6087267643294436
-1.5759802853805513
-1.5663208706096317
-1.5679692425742573
-1.5670414901155314
-1.5512550087745276
-1.5129129759213764
-1.450455610163815
-1.3682925221865847
-1.2751067207729077
-1.1812056643594142
-1.0956876160818902
-1.0241609517784702
-0.9675370120944853
-0.9220981176631137
-0.8807185433449654
-0.8348677659217909
-0.7768954509728343
-0.7020911439704136
-0.610103077969655
-0.5054527922969453
-0.3970591774163509
-0.29686073768816884
-0.21777990701326774
-0.17139198005186887
-0.16572529263987928
-0.2036100474464071
-0.2818999746846857
-0.3917220950911204
-0.5196980091214575
-0.6498772824507015
-0.7659858742433255
-0.8535584522485171
-0.9015984607840016
-0.9035622125655404
-0.8576372410830879
-0.7664228548530937
-0.636187084667544
-0.4758689054606916
-0.29594937903974383
-0.10727481207010033
0.08008842691118616
0.2578518649984634
0.4201952571667033
0.5639819606255947
0.6883991437787281
0.7940655165549606
0.8818267885941998
0.9515994239343499
1.001656441668497
1.028638838740356
1.0283437707598262
0.9970624437377488
0.9330209706733104
0.8374081843482458
0.7145941202699609
0.5714176625195513
0.41575392474367984
0.25483665914873593
0.09390538583146582
-0.06436786411289112
-0.21950016711066656
-0.37204223001625286
-0.5221028132453045
-0.6681269930710241
-0.806413461381936
-0.9315939801788428
-1.0379530052944892
-1.121152955478554
-1.179754811750158
-1.2159463475022751
-1.2351124326152165
-1.2442419556131956
-1.2495558246863667
-1.2540346711767008
-1.2556210367039566
-1.2467244889876328
-1.2153026821698347
-1.1473324740795396
-1.0300664121917986
-0.8552260025487989
-0.6212925488035704
-0.3343147728824272
-0.007075295795562264
0.34308979571850856
0.697181699490657
1.0373691160468284
1.3490878849636285
1.6220270850376184
1.8499876160298663
2.0299274630245985
2.1606961678146237
2.24196578458208
2.2737079764742085
2.256320682181589
2.1912665284876756
2.0819272651878764
1.9343406245325194
1.7575556519101285
1.5634728857357527
1.366169793326828
1.1808086594142
1.0222718295301325
0.903681904092897
0.8349668972403687
0.8216384759672738
0.863960839131244
0.9566765138193282
1.089398556124538
1.2476689869780186
1.4145423972826414
1.5724293580856061
1.704878315773651
1.7980172107398866
1.8415043293870226
1.828999363156151
1.758289639552335
1.631239979985136
1.4536692481044196
1.2351336863606033
0.9884876869384306
0.7290614310990801
0.4733679726235165
0.2374052865187578
0.03478794040006918
-0.12494344751993317
-0.23747733286939002
-0.30409328756302795
-0.3311462237393912
-0.3287745350183683
-0.30907790656459394
-0.2840811405302161
-0.26379892967270646
-0.25466868459434555
-0.25855478491412914
-0.27246569267165666
-0.2890614031126448
-0.29794538783578167
-0.28761784950015046
-0.2478238811863091
-0.17189607133713275
-0.058619610896018054
0.08681452492874267
0.25304182776964373
0.42396173001712506
0.5811226630854949
0.7065778894798482
0.785638167697973
0.8089940725929077
0.7738470221462935
0.6839166823817311
0.5484192453005435
0.38028690873444815
0.19400080277619763
0.0034377365909784106
-0.17990322852421695
-0.3480131946465914
-0.4966696652351768
-0.6249179472254482
-0.7339063136770124
-0.8253890781050441
-0.9002969284576601
-0.9577652830785836
-0.9948973376868303
-1.0073381206441374
-0.9904996536880112
-0.9410738158745818
-0.8583649850129642
-0.7450092269851597
-0.6068186800661768
-0.45175122614025903
-0.2882759953410883
-0.12359737760997762
0.03775008190603386
0.19453409542675226
0.34851741127920133
0.5033254680172511
0.6628400448579127
0.8295876407582927
1.0035597867681487
1.181743020617326
1.358411361953363
1.5260223304079097
1.6764236786927325
1.8020520628962577
1.8968749978260986
1.9569519370195538
1.9806163788071292
1.9683681934842463
1.922596584019057
1.8472364243449508
1.747416689723113
1.6291143671384363
1.4987987500031241
1.363047139976389
1.2281317885264487
1.0996098093915
0.9819799240752065
0.8784859662232466
0.7911338486045544
0.7209399782758656
0.668352731309762
0.6337085927060878
0.6175357479262784
0.6205328988321223
0.6431435016698589
0.6847975567183221
0.7430552608845059
0.8129931065416729
0.8871664390313266
0.9563421526702488
1.0109511674737968
1.0429392262970636
1.0474955337736505
1.0240967971811017
0.9764558984250213
0.9112792928397685
0.8361216681908108
0.756953003335272
0.6762024735128667
0.5919490975227581
0.4986034293185377
0.3889630460806245
0.2570750005942289
0.10105248170003645
-0.0750280848205679
-0.26076716840693276
-0.44078647195251913
-0.5974481482955368
-0.7142385012275415
-0.7789550282699798
-0.7859454870996418
-0.7369580989061145
-0.6405520342036609
-0.5103554463617889
-0.3626521572047821
-0.21380487190704317
-0.07792616479940352
0.03493157016966343
0.11990823537824415
0.17768863313592898
0.2140032015751354
0.23826323975236594
0.26145070679716403
0.29358598348531095
0.3413011518072264
0.40614612238059533
0.4841624163610649
0.5669572733735893
0.6440762225135183
0.7060537428976136
0.7472781786107823
0.7678386104640176
0.7738236162690086
0.7760078541674144
0.7873282405337357
0.8198634201568316
0.8821018166673624
0.9771206774549448
1.101984355624963
1.2483239670223176
1.4037900755559056
1.553937539337439
1.6841129115404179
1.7810309769876038
1.8338875129757775
1.8350025000357062
1.7800836355118417
1.6682316386870706
1.5017876550224083
1.2860745218013068
1.0290369947538371
0.7407637098079553
0.4328834761424471
0.11786204841751557
-0.1917370809765376
-0.4839448863836206
-0.7479597672653779
-0.9745674699468231
-1.1564233714114278
-1.288250975758429
-1.3670211665925873
-1.3921551360518714
-1.3657481248273156
-1.2927573729663637
-1.181054782538969
-1.041227977941144
-0.8860323720797506
-0.7294525817134606
-0.5854147108301574
-0.4662824058358377
-0.3813433687888382
-0.335525767417794
-0.32856469469408345
-0.35477373067583573
-0.40348730633386787
-0.46015068307382473
-0.5079623911242616
-0.5299192850299929
-0.5110664891935149
-0.44070440991353926
-0.31425733650080057
-0.13448576959419709
0.08824221682769974
0.33679558274583826
0.5892352359085034
0.8216578592976724
1.0115122558802467
1.140853377394788
1.1989903579561212
1.1840877867272035
1.1034652673985894
0.9725639276241306
0.8127636144691777
0.6484049623476648
0.5034747815579138
0.3984426014759866
0.34769119180819585
0.3578729197653932
0.42736361370432746
0.5468034401976596
0.7005448883655269
0.8687076886078343
1.0294948396143284
1.1614577990852344
1.2454916804847032
1.2664535201030103
1.2143856504270933
1.0853635379702726
0.8819708462018269
0.6133576315324334
0.29479718943713606
-0.053343065439681786
-0.40724512105495553
-0.741820548600909
-1.033218904985407
-1.2613368685730353
-1.4119315526155038
-1.4779532557861534
-1.459821767653386
-1.36456805442513
-1.2040135308718185
-0.992399338671901
-0.7440344081711215
-0.47154154232460543
-0.1851211159741529
0.10704796112670703
0.39750897901397675
0.6778736932035768
0.9375033711278999
1.163138576681695
1.3398058464398612
1.452917036347108
1.4910712962582544
1.4488077667292598
1.3285308155943634
1.1410493981391119
0.904562370542993
0.6423481370688243
0.37973742983288755
0.14106565129138907
-0.052802334572390794
-0.18604402045895208
-0.248524268757928
-0.235727339107612
-0.14828436804542608
0.00864866370381484
0.22605098759801015
0.4917686926434097
0.7914203898859171
1.109540642197165
1.4309048274092493
1.7418460190908076
2.0313027052221506
2.291369694785506
2.5172558326817174
2.706726355732527
2.859251112871859
2.975134297179918
3.054851213631877
3.0986946766849432
3.1066985199608905
3.0787185083571047
3.0145422405154436
2.913959894897147
2.7768157189680123
2.6031259167642107
2.3933585486207565
2.1489204084226756
1.8728075931068071
1.570286163850275
1.2494086445916541
0.9211604972163924
0.5990726515034489
0.29822731765909
0.033712169729354875
-0.18127835984440263
-0.33736930000679993
-0.4305639121773609
-0.4630635610448236
-0.4431062857673531
-0.3837938878562978
-0.3011152761401648
-0.21156512032373154
-0.12984149163181635
-0.06706040553299454
-0.029770060631775078
-0.01983715414764508
-0.03507631649620853
-0.0703539279615614
-0.11884601395635135
-0.17316685311595112
-0.2261895225549118
-0.27151748723892366
-0.3036958276985085
-0.31833117914906106
-0.3122912416821399
-0.28407344015451785
-0.23429498243413185
-0.16611865915818685
-0.08535394373360097
-6.253113418191509e-6
0.08080796772710805
0.14845096466687235
0.19652719565982707
0.22237690920703784
0.22788135278064886
0.21932314248408294
0.20629332585285826
0.19989039886983806
0.21063531922539913
0.2465784867260742
0.31199148686823097
0.40685384415101533
0.5271269413240582
0.6656222900429164
0.8131711024104171
0.9598058325498846
1.095756259230558
1.2121984469566658
1.3018184650349862
1.3593142108266982
1.3819337989389622
1.370049357480645
1.327636421203234
1.262435239162304
1.1855657825365116
1.1104724133740396
1.0512583620426859
1.0206668249408781
1.0280974310706517
1.0780617591429837
1.1693764982893284
1.295212598623839
1.4439331407795835
1.600521974841473
1.7483542513262222
1.871074208650376
1.9543872526561916
1.9876080627895851
1.964823301073203
1.8855401204925724
1.7547247209352466
1.5822025649596305
1.3814850904622813
1.1681787874259177
0.9581906137599565
0.7659532876443692
0.6028629566408548
0.4760742539214118
0.3877570993029335
0.33489282090491534
0.3096612355582743
0.30042347597907937
0.29322569202832904
0.27364747742990864
0.2287304775157378
0.14868759549349053
0.028135797430500768
-0.13329244340724486
-0.33096326921192054
-0.5557694860168907
-0.7950106889688562
-1.0334855624993946
-1.254720354634125
-1.4423133994719137
-1.5813809274503885
-1.6600328320251658
-1.6707154238020723
-1.6111829854100426
-1.4848533757646618
-1.3003903441070697
-1.0705230549008315
-0.810310992957243
-0.5352213101346049
-0.25944482279318565
0.005193486532848532
0.24955878954456115
0.46683796263923893
0.6517707256341531
0.7998921493688415
0.9071727298541936
0.9702769037151621
0.9874118018914017
0.9594911460885621
0.8911803031054382
0.7913732111717476
0.6727872505543264
0.5506070029667116
0.4403878558037631
0.3556621776060687
0.3058062499270158
0.29468972528114906
0.3204476328115794
0.3764341817369984
0.45311355241059903
0.5404006993831343
0.6298560642572846
0.7161950726942322
0.7977791009807733
0.8760447931328142
0.9541120789038269
