1025
-0.36873266010191175
-0.30324848390247444
-0.20187486743285366
-0.05684025781360291
0.13720671295532785
0.38120403247475415
0.6700837887305444
0.9920672936072561
1.3291923531096486
1.659158262889964
1.9582527231463267
2.2048224044497458
2.382554203335533
2.4828176920240983
2.5055059502082475
2.458166518657223
2.3536447049033673
2.206844577145597
2.0314336544176834
1.837307868845516
1.6293982219279342
1.4080136086719293
1.170494086841959
0.9136170859255246
0.636041796112809
0.34012160461893154
0.03262791347488857
-0.27576372392556625
-0.5720606312214297
-0.8432041250831418
-1.078445884769716
-1.271308347766003
-1.4206992565849996
-1.530944382515905
-1.6107382440070797
-1.6712451582267518
-1.7237658269626939
-1.7774771702891672
-1.8377300948747635
-1.905252065099811
-1.976380233636566
-2.044203741520202
-2.1002871288467033
-2.1365356816381933
-2.1467732810937865
-2.1277226354977867
-2.0792645491765476
-2.0040491296407024
-1.906682250658748
-1.7927774790742725
-1.6681364423783047
-1.5382171505534072
-1.4079116384714376
-1.2815339265768118
-1.1628624298533625
-1.0551079419577627
-0.9607733317706377
-0.8814856257723905
-0.8179536643783495
-0.770189903874503
-0.7380278379699888
-0.7218091535057997
-0.7229788179668833
-0.7442823177025084
-0.7893426800428924
-0.8615886713983827
-0.9627455832579149
-1.0912995808075825
-1.241429373522461
-1.4028265102475932
-1.561609895165054
-1.702239770579004
-1.8100387653294028
-1.8737233083974096
-1.8873053826730122
-1.8508662567676166
-1.7699995987289994
-1.6540907623108787
-1.5139317046236649
-1.359359548985774
-1.1975836818268488
-1.0326303096311709
-0.8659569782810174
-0.6978979813086448
-0.529331545673056
-0.36290858843457496
-0.20337119402168036
-0.056848658980726115
0.07058266394403119
0.174501298963924
0.25326011783618696
0.30815398183041426
0.342520936769958
0.36006600735503047
0.3630012704519054
0.35069215362328915
0.3193532805368886
0.2629983830620218
0.175433133209644
0.05272520827145433
-0.10459123494278065
-0.2902630959058211
-0.4924331830162456
-0.6951402501722417
-0.8808256090433174
-1.033198083940313
-1.1397467317256709
-1.193344384892617
-1.1926891031051006
-1.1416723518002678
-1.048026001247054
-0.9217097586751282
-0.7734461252404818
-0.6136419184218675
-0.4517364614131849
-0.2958642815572912
-0.152658525100744
-0.02705067011309825
0.07798964621916626
0.16173033729671404
0.22585181606884142
0.2743839745851875
0.31330183583253757
0.3497497036311157
0.39095280140660704
0.44295627044367913
0.5093868216559707
0.5904557481175627
0.6824142346302181
0.7776342669469073
0.8654168910149355
0.9335176054693087
0.9702268391115891
0.9666734740223109
0.9188786359457308
0.8290367981433183
0.7055920047850553
0.5619183778380745
0.41376028537333776
0.2759444038790328
0.15913112214027872
0.06743480062987814
-0.0024253627942693225
-0.06014723050041686
-0.11921188166133087
-0.19320745673743916
-0.2920132842210476
-0.4187975811432867
-0.5685769252088331
-0.7286838624184888
-0.8810075938632254
-1.0054497460283127
-1.0837842717526815
-1.1030789867667068
-1.05800613708658
-0.9516680981153173
-0.794899734988651
-0.6043024079528624
-0.3994680723297192
-0.19994780991959116
-0.022509966890531127
0.12086822845340829
0.2240032384175059
0.2864398492566705
0.31246324089958927
0.309495945386701
0.2862722060172269
0.25118024928182614
0.2110857978131461
0.1708231315718102
0.13339001939016393
0.10073106073541513
0.07485893737015976
0.05896612840307666
0.058149949984754055
0.0794387339862996
0.1309764238366208
0.22046997654131462
0.353262252220514
0.5305717991114195
0.7484608182340163
0.9979227608275019
1.2661608387504668
1.5387605084734892
1.8021714688896133
2.0458129242978904
2.2632392427521943
2.4521089513080945
2.613081555723516
2.748093477043973
2.858631275769085
2.9445812293598794
3.0040140559984723
3.033942097833645
3.031768877468414
2.996932686200743
2.9321857586317983
2.8440576184701225
2.7422880822162052
2.6383108820579593
2.5431406719202347
2.465191256618079
2.4085868960194183
2.3724143926296666
2.3511320170864707
2.336060889780793
2.31760740511836
2.287670365811794
2.2416239083946228
2.179357550930107
2.1050820697547863
2.0259226075405192
1.9496397560693732
1.8820589202143447
1.8248782263029413
1.7744374272974417
1.7217892939983344
1.6540915437277997
1.5570240903806545
1.4177135527644693
1.2275590177699243
0.9843994920701375
0.6936106600928431
0.36792142515561693
0.025959496191567753
-0.3102567752406049
-0.6184855149669385
-0.8795654870032636
-1.0802822726655525
-1.215264715607616
-1.287527798809349
-1.3075161614636834
-1.2907893426955537
-1.254766171927225
-1.2151478312189474
-1.1827182358643573
-1.1611548668773997
-1.146286179742512
-1.1269459621946003
-1.0872617740354973
-1.0099379230483672
-0.8799062988621016
-0.6876531532442076
-0.4315972530277775
-0.1190814453445326
0.2341875984936159
0.6061095637672778
0.9711514305334246
1.303697227452535
1.5811436683638216
1.7862120021608632
1.9081815316669073
1.9430367752253181
1.8927719129922134
1.764241542762016
1.5679542124843406
1.3170909512428988
1.0268488650981324
0.7140258006532073
0.39663353679157337
0.09328620521589603
-0.1778356236649534
-0.40051072254894043
-0.5623755490341966
-0.656890462450709
-0.6849316360473543
-0.6555319771755291
-0.5853965969275119
-0.49705294737974964
-0.41581107122109773
-0.3660172830151778
-0.36728903054347023
-0.43145224197240695
-0.5607526676346987
-0.7476276873915275
-0.9759930874399882
-1.223715163773782
-1.4657687105115855
-1.6775463493001814
-1.8378584181857907
-1.9312941430265904
-1.9497519219802217
-1.8930568090933075
-1.7686623482690749
-1.5904970298911811
-1.3770827587184549
-1.1491321861707757
-0.9269132519524137
-0.7277267209890436
-0.5638491809265568
-0.4412348195269014
-0.3591504920044032
-0.31076588851852854
-0.284568870568457
-0.2663573925313433
-0.24149416975810706
-0.19710235553903976
-0.12392184403785508
-0.017619029739017068
0.12057103401908364
0.2839091094594064
0.4608945446280607
0.6366066836460824
0.7945238680839788
0.9186562717931663
0.9957783662638102
1.0174914761861702
0.9818051071865105
0.8939250614925096
0.7660036915645732
0.6157534602750702
0.4640335990959346
0.33174694146296263
0.2365697353324694
0.19012288845215106
0.19614456673124325
0.25004263566815427
0.33993055231752606
0.4489462829284687
0.5583915896260271
0.6510675308246321
0.7141544277672232
0.7410949134535989
0.7321621269013159
0.6936846273022316
0.6361930013507753
0.5719832713667581
0.512701685733992
0.46751068926220224
0.4422026501585091
0.4393352333675213
0.45915414023668005
0.500840796109672
0.5635495706656065
0.6468088231078084
0.7501175593115051
0.8718877272574703
1.0081502148576136
1.1515663205168047
1.291221996450944
1.4134520557911998
1.5036246010582701
1.5485174573172744
1.538730756835918
1.4705552554870325
1.346850250122667
1.1767304194100734
0.9741426354914016
0.7556583471393157
0.5379582510311189
0.3355159793563482
0.15889931673105556
0.013930108954880243
-0.09827300504908872
-0.1805437406654099
-0.23851139839473326
-0.2793653978861313
-0.31079164673098575
-0.3401890504739559
-0.3741260752524635
-0.41790283945916445
-0.4750825782516958
-0.5469444631717085
-0.6319463440505719
-0.7254039859041858
-0.8196306753393147
-0.9047064519431754
-0.969875234743932
-1.005359910256162
-1.004217985274865
-0.9638015224931982
-0.886461624740782
-0.7793261905412723
-0.6532160464481229
-0.5209690385322802
-0.3955526110639542
-0.2883394739557972
-0.20781887266246074
-0.15886849295372063
-0.1425757286516382
-0.15651047418488218
-0.19532240195524456
-0.25154573809343955
-0.31651245529356076
-0.3812787589488331
-0.43745819343411274
-0.47784708600476006
-0.49675056435035225
-0.48998464145120135
-0.45462952774609666
-0.38870436410650344
-0.29097631775691324
-0.1610753840781666
3.727799883867191e-5
0.1893634510924668
0.4011792065003538
0.626671253173953
0.8541451659498797
1.0698948794537972
1.2596250340730333
1.4101505602804485
1.5110171859329147
1.5557133835299413
1.542259114071851
1.4731138901611156
1.3544947655915658
1.1952970403052183
1.0058543125280413
0.7967665515033613
0.5779812984823103
0.35824584071799
0.14496439710733164
-0.055600316347914125
-0.23793248329357952
-0.39688859047561686
-0.5275590776724466
-0.6255110039329276
-0.6874215148419617
-0.7119533893391298
-0.7005996632344147
-0.6581834200976264
-0.5927627647409724
-0.5148430396701591
-0.43599271121746525
-0.3671374193141292
-0.31691723041267467
-0.29050285588529157
-0.289169896018788
-0.31074446497393565
-0.3508014735549932
-0.4042807837233204
-0.4670549466000151
-0.5369884095484039
-0.6141854970227103
-0.7003925896902692
-0.7978094908641259
-0.9077693228449714
-1.0297826584300462
-1.1612904766999126
-1.2981871725558203
-1.4358703230426468
-1.5703698721180743
-1.699086336942962
-1.820832568156935
-1.935156894536205
-2.041212288326336
-2.136614996904363
-2.2167434497782375
-2.274772758794831
-2.302491873441091
-2.2917085862050848
-2.2358955203176882
-2.13170398013514
-1.9800532600687333
-1.78663486354411
-1.5617933202687166
-1.3198234995117484
-1.0777586815653886
-0.8537439335672417
-0.6651259724877122
-0.5264566581074474
-0.44768314017091154
-0.432842482682926
-0.47954962897034703
-0.5794434763753024
-0.7195544164831623
-0.8843313645033978
-1.0578909912857308
-1.2259923681041416
-1.3773268819167286
-1.5039246092195866
-1.6007462149933254
-1.6647617747867816
-1.6939356466016715
-1.6865040383682024
-1.64077264534055
-1.5554447204431754
-1.4303002092898136
-1.2669488591625406
-1.0693942184302894
-0.8442453124925136
-0.6005446041402013
-0.34928972256054397
-0.10277812981360977
0.12610697235953108
0.32460679967929107
0.4807998680350088
0.5843746178402393
0.6275239167987515
0.6059695816801757
0.5200194312103847
0.3754343692742806
0.18379217062475947
-0.03796470872176972
-0.26898360939555155
-0.4869053744603331
-0.6708780603861134
-0.8046078362025758
-0.8787874314965548
-0.8923476529903532
-0.8522503968876713
-0.7718951807310812
-0.6685316696707493
-0.560264090437409
-0.46325714782969607
-0.389627085269824
-0.3462868638901134
-0.3347854905384015
-0.35199450347424077
-0.3913771512841351
-0.4445274838322806
-0.502674434380666
-0.5578951026773032
-0.6038627507861218
-0.6360613744233469
-0.6515193175632047
-0.6482292883612834
-0.6245024713115305
-0.5785209228135707
-0.5082878852137516
-0.41203814656721466
-0.2889981302395763
-0.14023828936709812
0.030701439088069105
0.21767605413032676
0.41239314644458863
0.6053648979040669
0.7870935465703942
0.9491731238900181
1.0850568008092405
1.1903876340921966
1.2629451327210066
1.3023501354733846
1.3096674568831577
1.2869764670418191
1.2369059165611713
1.16210984354187
1.064714111918986
0.9458548544335051
0.8054942391241067
0.6426771256151439
0.4562698623198261
0.24604199299923904
0.013792110430751268
-0.23584307266388607
-0.495187684643969
-0.7540472777697834
-1.0008474089962318
-1.2241105279471902
-1.4139127149890125
-1.562995001303167
-1.6673223066978649
-1.7260400916230982
-1.7409277446684819
-1.7155558539942732
-1.654405294750564
-1.5621934684415781
-1.443579093535058
-1.3032926863778724
-1.1465907965639042
-0.979798821264783
-0.8106380178065313
-0.6480647450060505
-0.5014903346472144
-0.3794640074801765
-0.2881177396596509
-0.22981028399876413
-0.20240770221493012
-0.19948902969333848
-0.211512315185649
-0.2277011195504684
-0.23820494707702117
-0.23601137195183894
-0.21815932380992334
-0.18599079137669777
-0.14442233229643844
-0.10045051911166514
-0.06127398063214522
-0.03248586535005402
-0.01675537949209243
-0.013285263394281772
-0.018131401657347963
-0.02524671979996519
-0.02792163823479649
-0.020196590244069407
0.0021425611323975585
0.041208343739872984
0.09726857235647846
0.16935061488295655
0.25579439374496943
0.3543945006298298
0.4619804080954796
0.5735859542286531
0.6816298990247404
0.7756455785198026
0.8429917505836152
0.8706696245555829
0.8479672069607718
0.7693002231352469
0.636453086113341
0.4595111377013763
0.2560936585483028
0.04894223460294395
-0.13765146744101942
-0.2818103326191403
-0.36759594262215917
-0.3874116491758058
-0.3429055139397052
-0.24434249813182463
-0.10871346743908934
0.0429647045511694
0.18864309868990264
0.30805676245210495
0.38499900413963634
0.40882820629393335
0.3751261815994189
0.2855623245477753
0.14712622858295585
-0.029047206333378348
-0.22903821374396166
-0.43752861282679706
-0.6391476626565717
-0.8197842975999909
-0.9678812459247116
-1.0756560260546946
-1.1400772634686995
-1.1633314908938335
-1.1525178504689686
-1.1184404454198618
-1.0736038121654976
-1.029774772806377
-0.995652485743282
-0.9752130413528567
-0.9671485583872985
-0.9655500377508386
-0.9616742243073017
-0.9463773618327608
-0.9126557940360072
-0.8577266452573482
-0.7841978243235702
-0.7000783251154965
-0.6176225915275111
-0.5512395717057879
-0.5148848012793633
-0.5194559046688929
-0.5707063534848893
-0.668079299542903
-0.8046678816962701
-0.9682756322845677
-1.143333079831352
-1.3132695298503632
-1.4628709204411343
-1.5801832260975475
-1.6576364119842668
-1.69224317047492
-1.6849354400781675
-1.6392971568583434
-1.5600873456122553
-1.451983205057129
-1.3188893689059438
-1.1639724862696712
-0.990341482825106
-0.8020791477408656
-0.6052140117301501
-0.408242899841058
-0.22196497338421678
-0.058607280852934124
0.06957308750198112
0.1519060666511358
0.1808352442149015
0.15312817363189501
0.07065725214388416
-0.05928292299813582
-0.2241395051623879
-0.40679443256668596
-0.5868580938227972
-0.7425973648472616
-0.8534089364221069
-0.9025671180851684
-0.879803005252267
-0.7831895980011154
-0.619869226397651
-0.4053692119690564
-0.16155571481666908
0.0864135612578332
0.31355233711988134
0.4982633300835298
0.6247397262534442
0.6842034374949919
0.6749215468215292
0.6012148747603564
0.471858442071767
0.29833220037871777
0.09331080766919488
-0.1303825615380259
-0.3603315583525973
-0.584733124522501
-0.7924864512874837
-0.973385692793707
-1.1185401157304284
-1.2210029028420293
-1.2764565469088391
-1.2837293343154914
-1.2449316334987233
-1.1650987108804454
-1.0513747303753365
-0.9119173237946392
-0.7547912280521617
-0.5871195775550598
-0.4146713911286712
-0.24191526462974172
-0.07241681885018049
0.09064354675623122
0.24406892224870044
0.3845197378293761
0.5086899067352171
0.613678934914338
0.6973745418074342
0.7586662900864151
0.7973947044652131
0.8140638575407194
0.8094535213443579
0.7843147095214443
0.7393010705087791
0.675193842924707
0.593358117674323
0.4962682704877818
0.38789352740171607
0.2737526960887426
0.1605219160532258
0.0551899726819607
-0.03612220618338754
-0.10945170490550538
-0.16409381379996438
-0.20319789519253084
-0.23360732934812942
-0.2648365265561677
-0.3072846514320196
-0.3700064190631245
-0.45852823081989724
-0.5732501625368518
-0.7088768258410657
-0.855087222156406
-0.9983459593152013
-1.124464198244417
-1.2213240184113032
-1.2811384429381336
-1.3017403273840673
-1.2866397493821977
-1.2438950842444405
-1.1841286723486018
-1.1182121261301472
-1.0551998323398522
-1.000987954427394
-0.9579485880444839
-0.9255006972727008
-0.9013186124096731
-0.8827259209837546
-0.8678216406179586
-0.8560271377195314
-0.8479668301316445
-0.8448190699154726
-0.8474212443471657
-0.8554481610149525
-0.8669146542557521
-0.8781259581855588
-0.8840662181644536
-0.8791169451662636
-0.8579486347205969
-0.8164236304312913
-0.7523697964807063
-0.6661173670746454
-0.5607283671895293
-0.44188842966161046
-0.31747422987153623
-0.19685250221589287
-0.08999993023842828
-0.006548632751842407
0.0451433731309819
0.05881793634295152
0.030982777253959225
-0.038625451402802144
-0.1468260280816212
-0.28707942094497235
-0.44992040090239865
-0.6237515142235505
-0.7959411112850154
-0.9540863499873079
-1.0872369216836666
-1.1868659396245596
-1.247436546444882
-1.266530917644969
-1.2446367024343767
-1.184769252620026
-1.092107639236916
-0.973737910504166
-0.8384678037950961
-0.6965667820034322
-0.5592501817959218
-0.4377910711225266
-0.3422871221688447
-0.28027588948850934
-0.25551223445480314
-0.2672442130117916
-0.31023426958594125
-0.37559645553294957
-0.4523128654120016
-0.5291157983629107
-0.5963263106426084
-0.6472483725996241
-0.6788255730831009
-0.6914460883775824
-0.6879870981997268
-0.6723738160203387
-0.648045376052562
-0.6167385473867537
-0.5779121867433873
-0.5289602688453425
-0.46614555667439883
-0.3859902079514519
-0.286739678301846
-0.16950413063243214
-0.03877474404648374
0.09782290642930326
0.23049049942727817
0.3487269666938297
0.4429996198591323
0.5062773328319533
0.5351188566603379
0.5300947729565156
0.49544881500464766
0.4380590662091682
0.36591871447229835
0.28648458396807386
0.2052987980666116
0.12524319187469432
0.046634220318861525
-0.031858734420813106
-0.11172255315267078
-0.19295857745644893
-0.27276481097150856
-0.3449396465480559
-0.40022304929920155
-0.42756195184214346
-0.41607112090265347
-0.3573067579954542
-0.24740222240400458
-0.08863680137722293
0.10989182226093785
0.3326626176040592
0.5591761988576883
0.7662469479350797
0.9307951729803412
1.0327196242720829
1.0574414404189671
0.9977920222573577
0.8550358936899137
0.6389377575550511
0.36687606450047994
0.06207389975364774
-0.2489182261655641
-0.5392700499171977
-0.7851238919478836
-0.9686158072691057
-1.0801664965167572
-1.1195800322801996
-1.0956561915636713
-1.0243067107573571
-0.9255026276544565
-0.8196728022122424
-0.7243247525329246
-0.651608100742861
-0.6072904616145871
-0.5912354764430823
-0.5990779653083622
-0.6245028835458472
-0.6614366196394074
-0.7055685099301156
-0.7548857164171315
-0.8092271373467058
-0.8691367894765265
-0.9344495055565734
-1.0030505673669161
-1.0701446547025246
-1.1282057202634064
-1.1676149884512284
-1.1778651082605194
-1.1491239752998328
-1.073905047497197
-0.9485734970275785
-0.7744290215542904
-0.5581530571511375
-0.3114953942011025
-0.05019598446987402
0.20772816611586511
0.4440813452392348
0.642642760785095
0.7910198622669463
0.8818796820460012
0.9133285936245994
0.8883558151477512
0.8134414316452044
0.6966287189796021
0.5455264899912051
0.36578154005772684
0.16049312131256918
-0.06918367982837034
-0.32234040510643025
-0.5959818697217637
-0.8827806004604976
-1.1697072701924667
-1.4381473494901627
-1.6657329049265968
-1.8296433141700539
-1.910701672499487
-1.8973401936165133
-1.7884966972933705
-1.5947314240949395
-1.3372496884349492
-1.0449765899842447
-0.7502435148651175
-0.4839236538159631
-0.27094177383731216
-0.12697134855922693
-0.05685175780403956
-0.054877342557376384
-0.1067214860498417
-0.19245723741688328
-0.28999264583771034
-0.37827700265525477
-0.43981900649319083
-0.46231010371740755
-0.43937311538873225
-0.37058949345256337
-0.26098049875258095
-0.1200633182889073
0.03946249222062796
0.2033604299466278
0.35774181290929763
0.4909918268375786
0.5954360881873629
0.6684071810776165
0.7124314056369325
0.7344175246561852
0.7439546355060275
0.7510541602884612
0.7638352110439924
0.7867006206624848
0.8194576882450306
0.8576147219707824
0.8937810816002716
0.9197943002936695
0.9289828284996273
0.9179208050115628
0.8871705043157806
0.8408071106726897
0.7848906171680766
0.7253736641513459
0.6661055627840174
0.6075556862012877
0.5466482496246264
0.4777549121984775
0.3945459931261504
0.29216358842727164
0.1691152280551569
0.02839834406089758
-0.12239919561057525
-0.272003036351328
-0.40711095484379045
-0.5144244821179635
-0.5826521363773093
-0.6041533090842186
-0.5760105010458636
-0.5004433919981143
-0.38458323654704285
-0.23970032178084894
-0.08002264285784375
0.07869308547228224
0.22067302034300412
0.33156917678541614
0.39971294160405774
0.41709838858617804
0.38005228510420047
0.2895699750314584
0.1512975893815466
-0.024870464080929185
-0.22561291242372872
-0.43542708350892384
-0.638230208892525
-0.8191429127336741
-0.9661802896517403
-1.0715276180173565
-1.1321193282096642
-1.1493773923640305
-1.1281662735133107
-1.075225222681474
-0.9974785320701861
-0.9006542479825793
-0.7885518548067573
-0.6631175584884174
-0.5252652364278929
-0.37618223450106897
-0.21873187129211172
-0.05853724992416739
0.09559276057307349
0.23207497150225653
0.3377761989132262
0.39982622314311045
0.4076488891222242
0.35478478857083423
0.24012632228001995
0.06832233244466855
-0.15070387704470317
-0.40299282497160044
-0.6722719969882703
-0.941824623739121
-1.196174869733235
-1.4223346678039577
-1.6104726534920053
-1.7539964522296192
-1.8491617410837273
-1.8944118164857553
-1.8896895326059968
-1.8359363258693056
-1.7349042030292925
