1025
0.045044905442352665
-0.10028123906697937
-0.22697334237102898
-0.3182450180073553
-0.3604682308907728
-0.34502242169030894
-0.2695684169246833
-0.13850921977819242
0.03748356783248569
0.24283607256266965
0.4591157338678433
0.6673976272791997
0.8505378588391966
0.9949773986882003
1.0918296608605735
1.137184743884858
1.1317338714500922
1.0799270719577734
0.9889020750879728
0.8673761906404667
0.724616984440601
0.5695476387465347
0.41002457942741544
0.2523429643912721
0.10104763756551144
-0.04088436350218061
-0.17148957668878587
-0.28900221733792486
-0.3910013101740784
-0.47381199942762686
-0.5324271725679648
-0.5610882690458409
-0.5544628599616042
-0.5091450855632208
-0.42505927707490226
-0.30632721143425323
-0.16128398610736217
-0.0015621912113324532
0.15956786425092162
0.30920470961181606
0.4366910654003188
0.5349503818003859
0.6010639901174154
0.6360979215979677
0.6443776015285629
0.6324979987405359
0.6083322792194221
0.5801939258018609
0.5561745856854504
0.543582888548075
0.5483859114323216
0.5746070796124821
0.6237304623018729
0.6942509750630448
0.7815453721243176
0.87819537832178
0.9747820714027318
1.0610302364272508
1.1270700822584114
1.1645487400801469
1.1673839342641004
1.1320853236579962
1.057720776600804
0.9457102452756505
0.7996415328358619
0.6252132785477776
0.4302603614067138
0.2246773100571964
0.019998756810892075
-0.1715355847051781
-0.3384229038062582
-0.4716080854518982
-0.5660403646644636
-0.6215972793478743
-0.6430108022810379
-0.6386893378318543
-0.618651973074937
-0.5920687381692847
-0.5650353181854691
-0.5391547474424295
-0.5112700800034851
-0.4743680912448911
-0.41936139714344056
-0.3372517476598842
-0.22113399882455848
-0.06761275172866221
0.12258479212535509
0.344786664859213
0.5911563313496394
0.8518044150746593
1.1159676579464108
1.373053493480874
1.613426395714953
1.828878625569577
2.012779887577647
2.159949201945476
2.2663485441919016
2.328754552679243
2.3445961718676336
2.312121305389895
2.2309594454400847
2.1029973021724304
1.933329758899801
1.7309516728115764
1.5088631684068936
1.2833812906961195
1.072648709846634
0.8945415868115104
0.7643368076937552
0.6925598917381902
0.6833915250169048
0.7338895123485619
0.8341286359646842
0.9682164443553924
1.1160343463653235
1.2554843030901859
1.3649811921695294
1.4259062871000419
1.424727247887026
1.3545071125794585
1.2155882827946987
1.0153566895590342
0.7671499381599077
0.4885304129565783
0.1992468050390019
-0.0807836180186459
-0.33322591967704207
-0.5427081407176533
-0.6978608918530789
-0.7921078905795376
-0.82426719625961
-0.7989187542827811
-0.7263792505068926
-0.622069563576472
-0.5051082569035475
-0.39611623465849055
-0.31442848105781024
-0.2751099719552836
-0.2862998460682922
-0.34742111184115504
-0.44868667036482535
-0.5721273053235022
-0.6941007935826147
-0.7889582849538751
-0.8332930486821699
-0.8100296139325746
-0.7115764565288516
-0.5413943142978883
-0.3136213202302436
-0.05079440887864182
0.21987922503293753
0.47092887871514877
0.6788050051379484
0.8270418225372683
0.907894930414831
0.9223500975183216
0.8787770467708076
0.7907503466190902
0.6746225741806274
0.5473254961723976
0.4246620441633833
0.32012907594369744
0.2441582030169048
0.2036175806183575
0.20146933610288734
0.23657667487588757
0.30374231748126007
0.39409192740620935
0.49587933297765974
0.5957018745548474
0.6800088766543227
0.7367008389542393
0.7565762258113111
0.7343959585665534
0.6693969596126744
0.5651803108686467
0.4290065417617604
0.2706293081861335
0.10087061094732144
-0.06982692899274337
-0.23264578800893077
-0.38125999752234674
-0.5122171813375201
-0.6248137598285299
-0.7205225112740902
-0.8021034794635793
-0.8725824517496903
-0.9343045137971069
-0.9882524029007268
-1.0337556830819927
-1.068617829836322
-1.0895813760058617
-1.092972706520327
-1.0753470153261473
-1.0339969304594496
-0.9672740040485004
-0.8747605288885701
-0.7573800558015775
-0.6175275390794142
-0.45924081450132964
-0.28835286145877115
-0.1124964014941182
0.059190486131223505
0.21677158982366784
0.3506518382002258
0.453035658259315
0.5194558409655832
0.5500280746158462
0.550071171070499
0.529823820572196
0.50317790619951
0.48558897399796447
0.4915425643898914
0.5320763628431499
0.6128414671879605
0.7330425257945608
0.8853850272503138
1.0569556541807725
1.2308278226534342
1.3881350522635574
1.5103638180738572
1.5816398141031698
1.5907854889248025
1.5329115201719934
1.4102995158203167
1.2323744342632486
1.014672792309456
0.7768768201324255
0.5401675137017155
0.324302421113322
0.1449048862304042
0.011436428642555481
-0.07378880699505543
-0.11538081654918464
-0.12351127107102611
-0.11171223748033253
-0.09430664235301793
-0.08400205689338172
-0.09010808847325118
-0.11765015926305478
-0.1674050848500677
-0.23665667989929917
-0.32033535464706064
-0.4121994290827458
-0.5058193684440865
-0.595277857268025
-0.6756237983532787
-0.7431667734002536
-0.795666924031974
-0.8324048356313013
-0.8540664681391651
-0.8623910212257654
-0.8596058394668029
-0.8477710999542039
-0.8282204735675308
-0.8012697190939697
-0.766271158575455
-0.7219577148917397
-0.6669074383511563
-0.5999212599182542
-0.5201619345323898
-0.427026130903966
-0.31985931507459286
-0.19771258073950662
-0.05934201211681082
0.09643780117534721
0.2700775610283032
0.46046460591899707
0.664190834897241
0.8751556151196472
1.0846494382888303
1.2819296555884425
1.4551759715123234
1.5926422471639317
1.6838167419336936
1.7204485190920877
1.6973599300897078
1.613012367705521
1.4698120586192471
1.2741424385785145
1.036109544844074
0.7690016826277908
0.48849499859438217
0.2116684324059433
-0.044091657004980724
-0.2622222031820037
-0.4280932924065316
-0.5300549297036149
-0.5603730191304865
-0.5159816517844577
-0.3989498859735254
-0.2165518283891024
0.0191445732568526
0.2921915131512714
0.584116166531141
0.87557396431832
1.148100526177728
1.3857378945342858
1.5763200286808006
1.7122430057501692
1.7906156349117615
1.812784209098205
1.7833425389377535
1.7088535928716555
1.5965880382511735
1.4535917002409766
1.286307563477782
1.100807992130653
0.9034844369848847
0.7018631696072295
0.505134226387532
0.3240363066117292
0.16992568244586498
0.0531182853347585
-0.019152064486694702
-0.04465312972070004
-0.027426196320878622
0.021983046495246635
0.08748649978313601
0.1494810734256663
0.18757536774928737
0.18351049761552812
0.12375595656156256
0.0013611806888584818
-0.1831805383838235
-0.4220965870044811
-0.7013864436247221
-1.0024923052275967
-1.3042708104882867
-1.5849749586973207
-1.8240431010280052
-2.0036074008794644
-2.109735061237739
-2.133463743384307
-2.0716690821616863
-1.9277178186413928
-1.7117554426003994
-1.4404080442345255
-1.135693750296179
-0.8230592117906751
-0.5286608531375842
-0.27624088426466176
-0.08412900235508572
0.0370369713159236
0.08537175965163625
0.06732668820421063
-0.004125512447928739
-0.11228707569049443
-0.23984704748533012
-0.37156890596406206
-0.49594671991510253
-0.605533470345211
-0.6960449860517854
-0.7647084037793915
-0.8085363814619204
-0.8231980206409206
-0.8029295322323236
-0.74156200593575
-0.6343649352707921
-0.4801362245090859
-0.28289222632187455
-0.05263540052773167
0.19505320245618932
0.4405320436667874
0.662398831996296
0.8401026009542237
0.9564014609420979
0.9993132550318796
0.9633686020351583
0.8501219012471317
0.6679667813368396
0.4313372364717904
0.1593822161531736
-0.12578474874278026
-0.4011205811354568
-0.6447779466088839
-0.838087591337165
-0.9671703242533457
-1.0240104421378255
-1.0069157583326775
-0.9203815090011233
-0.774435617979834
-0.5835624304179426
-0.36529770512848336
-0.13858819225620272
0.07796554216803386
0.26781665033218227
0.41792014202393735
0.5197088124446119
0.5694459082753877
0.5679272711150177
0.5196563355328515
0.431739223176355
0.3127928452147387
0.17210259077297907
0.01912486300716336
-0.13674149403877653
-0.2863198924645662
-0.42099003941398905
-0.5333345990959449
-0.6180675632036639
-0.6730283452913985
-0.6999112039293567
-0.7044108314277768
-0.6956053057988868
-0.6846174250299462
-0.6828132847227342
-0.6999320859469167
-0.7425479020204546
-0.8131474062572459
-0.9099196670398445
-1.0271696958121495
-1.1561515422243593
-1.2860978625414916
-1.4052839930239391
-1.502055448118718
-1.5658126794409037
-1.5879528452952028
-1.56271991340828
-1.487849423516674
-1.3648605293636915
-1.1988787332466526
-0.9979675955651501
-0.7720735842392626
-0.5317946525892405
-0.28722551258212947
-0.04709258824317107
0.18171531816961958
0.39424516216688216
0.5873327374701017
0.7593697809619259
0.9100987277455989
1.0404511652597053
1.1523471577967954
1.2483266581911634
1.3309232603238355
1.4018077934418232
1.4608795980639597
1.5055998728078697
1.530884159828359
1.529771978575529
1.4948886531824952
1.420466775197771
1.3044822623619277
1.1503553441444079
0.9677118525148001
0.7718909544938429
0.582175093273128
0.41902951980866676
0.3008890652818752
0.2411515184101199
0.24599814269822293
0.31347390249852897
0.4339733375055227
0.5919688607291614
0.768564532437467
0.9443199306440563
1.1017894620965514
1.2273489092640566
1.3120870991746378
1.351768147708833
1.3460630318499414
1.297371418224895
1.2095908829938669
1.0871467900093432
0.9344918591021655
0.7561456954484146
0.5571996165944427
0.34408783491597456
0.12534542573503535
-0.08794552709754183
-0.28227046684702056
-0.4424925412874408
-0.5533344947490693
-0.6013363779419838
-0.5769474227973234
-0.4763309791296194
-0.3024764943615358
-0.06533153652087378
0.2191300181579823
0.5307469180012444
0.8475476371319758
1.148178004018295
1.4139082960888893
1.6298991542773311
1.7856422913671368
1.8747326653043783
1.894289776980489
1.8443731547473046
1.7276298143738047
1.5492221041410839
1.3168958163570237
1.0409401453764806
0.733805879145382
0.40927685486000215
0.08127623997125935
-0.23744477366054959
-0.5364115514845694
-0.8080442329417832
-1.0476594329697893
-1.2529219875577609
-1.4229826333755122
-1.5576178190665824
-1.656654394912108
-1.7198344542254975
-1.7471064058474133
-1.7391801571224161
-1.6981042566259277
-1.6276297618910833
-1.5332069555918013
-1.4215835591489634
-1.3000959489649326
-1.1758313352485663
-1.0548656782129908
-0.9417442730818787
-0.8392849482721796
-0.7486795771531733
-0.6697868089608695
-0.6014768031849905
-0.5419149155959032
-0.4887366839441194
-0.439136157829936
-0.38993041774220133
-0.337661985882394
-0.2787702206598314
-0.20983040574284254
-0.12784973012767664
-0.030625528857181377
0.0828077617980278
0.21162360616326165
0.3525780996733618
0.49945143293535915
0.642792304934349
0.7702403825860706
0.8676308505240371
0.9208952915394482
0.918510301569652
0.8539999671255324
0.7278714529638418
0.5484233172369352
0.33111540517294313
0.09655564472164717
-0.13247795543231178
-0.3343246403787468
-0.49134544589810564
-0.591915746693995
-0.6312660545118643
-0.6112369525036287
-0.5392348983243692
-0.4267580914962329
-0.28781306931758954
-0.13741799826536827
0.009741942958994066
0.14052267490475448
0.2444186429525677
0.3145281797494099
0.3482950370855147
0.3478794535767823
0.3200016752889596
0.2751475614980199
0.2261254863186605
0.18609702193601793
0.1663403229660878
0.17410899120898346
0.2109880560196527
0.2721023867841342
0.34640258078368885
0.41806222388704173
0.46880893078767105
0.4808263321662964
0.43974411659879087
0.3372023922232625
0.17253851166811998
-0.04671330854964992
-0.30562098997737414
-0.5838409733264577
-0.8584688803964569
-1.1072682017936453
-1.3117122606142781
-1.4593065187811525
-1.5448047965664558
-1.5701690620792035
-1.5433929722458404
-1.4765426937951467
-1.3834996006798133
-1.2778836421748794
-1.171504993508462
-1.0734880341204625
-0.9900099967656971
-0.9244626342861318
-0.877811499839145
-0.8489850793546222
-0.8352323526039889
-0.8324891511579814
-0.8358472835480296
-0.8402079323005363
-0.8411310193003438
-0.8357928503531229
-0.8238708346972043
-0.8081188596561864
-0.7944030774454739
-0.7910456016419136
-0.8074660831223203
-0.8522931439582755
-0.9312947177667473
-1.045593178350477
-1.1906371699552039
-1.3562717662082773
-1.5279984026487108
-1.6892085522574496
-1.8239015823998581
-1.9192496978999936
-1.9674061614292366
-1.9661638627371907
-1.9183937230862764
-1.8305227593425912
-1.7105446501882282
-1.5661240290109635
-1.403252836453817
-1.2256950739356351
-1.0352022324997476
-0.8322811519984133
-0.6172012868029539
-0.3909439129093077
-0.15588657659159827
0.0838702179346479
0.3225330228011344
0.5529451482143196
0.767135608521363
0.9569998293454207
1.1150226356936048
1.2349566316033158
1.3123840814339534
1.3451212584556167
1.333463900168534
1.2803022729674436
1.1911363861821862
1.0739903184823683
0.939173137108147
0.798791736624853
0.6659189105318148
0.5533753441687167
0.47219065038673086
0.429937069170665
0.42923800873317947
0.46680156518433036
0.5332903343609249
0.6142097081064244
0.6917988401357242
0.7476843308854413
0.7658610074337185
0.7354512700923449
0.6527013466581272
0.5218075416108862
0.35440130115334156
0.16780150162462273
-0.01760499396219126
-0.18133114492031924
-0.3055477625899071
-0.37716779077479534
-0.38898263657724097
-0.3398064198547411
-0.2337931769386143
-0.07922899903122714
0.11286131493198093
0.3300135843194642
0.5593760943750199
0.788501340740048
1.0059666381559964
1.2019371478871816
1.368728452596186
1.5013191039929428
1.5976646011907845
1.6586295528080743
1.6874175578626724
1.6885275400757347
1.6664476775722619
1.6244383830113744
1.5637859933468026
1.483800909376998
1.3826123207407872
1.2585482043766747
1.1116760564525894
0.9449941076031542
0.7648383863865554
0.580286748903267
0.40163077379483575
0.23826344862499388
0.09651592267664785
-0.021978306650711665
-0.1209189949130521
-0.2087301833876871
-0.2967592044434217
-0.3966313931313779
-0.5173306003199507
-0.6626677547216211
-0.8297321963074922
-1.0087049139246749
-1.1841006419128193
-1.3371805851376275
-1.449025417464578
-1.5036434836962922
-1.490529164394182
-1.4062510382206732
-1.2548768807795128
-1.0472662637721892
-0.7994375668636451
-0.5303296306227463
-0.2593371363751596
-0.004014214800034796
0.22168786641948293
0.4083679017260385
0.5511768359906347
0.6489503349090183
0.7027641826458697
0.714365978946411
0.6849774159953433
0.61485036678106
0.5037180477667997
0.3519824459791085
0.16222047969690734
-0.05953536516006464
-0.3032343520635145
-0.5552384166943815
-0.7997117823677808
-1.0206327810178082
-1.2038993751666436
-1.3389814656400674
-1.4197342200559886
-1.4442718619415793
-1.4141118577896685
-1.3330252666524336
-1.2060884130103113
-1.039301029836859
-0.839863486368289
-0.6168926938289759
-0.38212375639366414
-0.15008549816536626
0.06261808236006874
0.2389897733210841
0.36400747791368504
0.4271327486339381
0.4243160703021645
0.35896024147947864
0.241568545415132
0.088137710066212
-0.08234793828354037
-0.2507852185167186
-0.4006175847436486
-0.519834759361241
-0.6020336944256919
-0.6464867313128047
-0.6573596565271096
-0.6423609107256901
-0.6111626010357358
-0.5739074542438632
-0.5400149945545427
-0.5173561847828263
-0.511727489100196
-0.5264764632301356
-0.5621472583451237
-0.6161232052583265
-0.6823964211623067
-0.7517111675463224
-0.8123333890204435
-0.8515602973932854
-0.857835350582625
-0.8230683506226034
-0.7445923605626269
-0.6262029339579283
-0.4779340502836484
-0.3145623672809204
-0.1531777955098772
-0.010392970161224062
0.10018518230610025
0.16973150898106842
0.19498548957275919
0.17806916654739424
0.12557096667034315
0.0472182047566841
-0.04555377392357463
-0.14091107813065223
-0.2276887631881504
-0.2961844841623937
-0.33870405335703213
-0.34991245967966483
-0.32704971728349547
-0.2700610903627037
-0.1816675328249384
-0.06736610155053818
0.0646922519646276
0.20403465406757282
0.33850397903277296
0.4552661945773805
0.5421751726254674
0.5893751645533089
0.5909096459123994
0.5460258900491758
0.45985101137081
0.34318755870881945
0.2113326050301643
0.08203457508188872
-0.02708504591162194
-0.10116379609152164
-0.13025911429284215
-0.1106023115075407
-0.04471356515536598
0.05959172593558884
0.19102822464890026
0.3370565625733675
0.48600390194781834
0.6286757484635227
0.7592009509853207
0.8750431431144529
0.9762942176925701
1.0645063587912804
1.141398671942586
1.207779776209027
1.2629560111291356
1.3047560947183265
1.3301282433641923
1.3361030020925901
1.320816277317963
1.2842865672607002
1.228736289667951
1.1584013373888835
1.0789260188214518
0.9965392669996076
0.9172281967703522
0.8460776343604356
0.7868643363498891
0.7419193609732924
0.7122233257653896
0.6976764844788391
0.6974753225626706
0.7105163873161653
0.7357355131334044
0.7722870505278293
0.8194886514907692
0.8765085095760997
0.9418454508335788
1.0127259137065874
1.0845908858251707
1.150853447459613
1.2030708232193457
1.2316034475109046
1.2267416454255557
1.1801813965064292
1.0866348763623523
0.945282470113083
0.7607315043379391
0.5431699217913257
0.30751295590409183
0.0715381501518767
-0.14674321905953616
-0.3319885189700701
-0.474059507080227
-0.5695586490408627
-0.6219227478846858
-0.6399688871372705
-0.6351889992889922
-0.6184415840391808
-0.5968861490489514
-0.5719812545647928
-0.5391141016192355
-0.48900680414558595
-0.41056259645265186
-0.29440935418607833
-0.13618908950570052
0.061300723946979524
0.28769491738361885
0.5264803035404204
0.757852068889209
0.9622452081129268
1.1236489772039004
1.2319418889684794
1.2838126902540923
1.2822415017187534
1.2348766683500492
1.151861625528794
1.043705131161267
0.9196682175648608
0.7869225737729533
0.6504926887727559
0.5137937275137563
0.3794620254715816
0.25015847492246424
0.12909259215288985
0.02013207310125523
-0.07251285757307542
-0.14494325909756473
-0.19442145933966853
-0.2202574629345895
-0.22457383967629774
-0.21279573648973638
-0.1937182797775864
-0.1790249652118746
-0.18218993202862066
-0.21680680888175685
-0.2945347379593767
-0.4229980727170106
-0.6040646064943498
-0.8329102994034409
-1.098140609885521
-1.3830080784113548
-1.6675088481294957
-1.9309379318816513
-2.1543983456245512
-2.322815261723395
-2.42617623689865
-2.4599380767938204
-2.4247338911095677
-2.3256226121953314
-2.171126969529977
-1.9722261727221515
-1.7413570836817545
-1.4913911835316305
-1.2345367617612832
-0.981176847438995
-0.7387673722512478
-0.5110321993966855
-0.2977395699242053
-0.09528211230929458
0.10189807501346478
0.29925470843674223
0.4999195510962792
0.7029343253020841
0.9025103605260669
1.08865826581879
1.2491486770188616
1.3723556030891433
1.4502373902427197
1.4806366435082807
1.4682628077361857
1.4240990688895978
1.3634171034807492
1.3029381899169494
1.2578380720628177
1.2392286661500997
1.2525208314538012
1.2967904695784767
1.3650452377591535
1.4451829243310033
1.5214393508458026
1.5761842121380694
1.5919638397695568
1.553664952573412
1.4505887586568846
1.2781333901185852
1.0387548513461933
0.7419593877479475
0.4032701795020195
0.04234986081908402
-0.31934029674595726
-0.6608809746846063
-0.9638349376708543
-1.2135628233633493
-1.399900360156539
-1.5173373580892602
-1.5648836900404988
-1.5457455015997077
-1.4668228421052447
-1.3379548362850635
-1.1708393875021839
-0.9776501509339096
-0.7695207605224383
-0.5551911071445476
-0.34014513269058544
-0.12648479894330977
0.08639742578522541
0.30050230409957657
0.5175952128372124
0.7376752651517192
0.95791495146447
1.1723123459093494
1.372122340153517
1.5469648034145003
1.6863812583121567
1.7815405070576358
1.8267741002953606
1.8206481223032278
1.7663476749451719
1.6712669589354456
1.5458549624773488
1.401937955360992
1.2508778557941778
1.10197734242652
0.9614757815722641
0.8323048797656329
0.7145454280097012
0.6063284902555722
0.5048289149863102
0.4070362108618264
0.3101334246573434
0.21150160416009087
0.10852031329691085
-0.0015990055101801786
-0.12174016735360477
-0.2544626568197983
-0.40125284764425445
-0.5615751241016442
-0.7319303287827108
-0.9051684220923011
-1.0703023034314056
-1.2130240208473053
-1.3170231183711185
-1.3660472048915633
-1.3464459394511146
-1.2497492510880295
-1.0747152854553097
-0.8283052457497934
-0.525228218129059
-0.18602107684217278
0.16599709262342804
0.5082446018456992
0.8220744302327496
1.0949295194833593
1.3210168883722813
1.5004605051795747
1.6372898040873043
1.7369005578523935
1.8037147624924363
1.8396552081970596
1.8437836530892602
1.8131126058448137
