1025
-0.026932194225646997
-0.051780358007953005
-0.10776997231690602
-0.18603426825168223
-0.2752721495853462
-0.36315471779451913
-0.4377001271555284
-0.4884325903524549
-0.5072539791712224
-0.4890594171244105
-0.4321700904612256
-0.33861742213308066
-0.21422013600631287
-0.06831028260300377
0.08705206688708803
0.23845001094981055
0.37297036172759507
0.48025962497616115
0.554337512793059
0.5947043735323045
0.6063993225826749
0.5989086498034016
0.5841218945100191
0.5737973247891611
0.5771452477531679
0.5991176674763855
0.6398077533559812
0.695064745210522
0.7581077866098084
0.8216690737759892
0.8800816323846914
0.9307731184240752
0.974808597092298
1.0163807651994945
1.0614042278063913
1.115571544857702
1.1823391673598846
1.2613222400037662
1.3474968796349043
1.4314521101959412
1.5007219565436585
1.541990830328138
1.543746374514936
1.4988084035972737
1.406142342808401
1.2714971603829854
1.1066721677667233
0.9275489918350319
0.7513278923557852
0.593590126078817
0.4658166580668452
0.37383452291567576
0.31739713994545565
0.29082461520200437
0.2844192119083963
0.28627693244188634
0.28413785414197074
0.2670135725335519
0.22644468400431905
0.15732890577130224
0.05830649669339658
-0.06829223483888719
-0.21691287799649148
-0.37958784765715914
-0.5469575039678808
-0.7093058237971793
-0.8574009868359718
-0.9829923144700695
-1.0789468032426803
-1.1391647474224047
-1.1585265083085117
-1.1331292832178916
-1.0609546049880103
-0.942900055143474
-0.7838945382215632
-0.5936864114889522
-0.38690749710686345
-0.18217483277189206
-0.0002395711837455112
0.13855658928998893
0.217080018780755
0.22395935108158943
0.1554453423032564
0.016257625083701766
-0.18072683293365843
-0.4159031631464818
-0.6652715149964417
-0.9033185764875431
-1.1060125144620965
-1.2534791702236363
-1.33201939073011
-1.3352832239509846
-1.264584906233577
-1.1284650236606129
-0.9416488314760613
-0.7235219775978421
-0.49619510724562194
-0.2822183452400452
-0.10207031088553056
0.02832973701631568
0.09971437560071676
0.1107463751320731
0.06814678536378205
-0.014452986410597989
-0.11878033684614986
-0.22489597179423387
-0.31430068861406407
-0.37259417946947
-0.3912429673352971
-0.36824485910533594
-0.3077256642739973
-0.21869956797405427
-0.1133237401445499
-0.004976290480808932
0.09358422776570528
0.17180850556385116
0.22258725464118723
0.24302966853751448
0.23468207506999847
0.20307983597383134
0.15658523631594243
0.10459724935716037
0.055398164331507
0.014061459607227735
-0.01908711817011227
-0.0490323814961345
-0.08543349350592758
-0.14084160483665686
-0.22809503722213947
-0.3574084496857153
-0.5337459692700282
-0.7550187339766308
-1.011498638038507
-1.2866255665928465
-1.559138310689617
-1.8062119719904304
-2.0070736225126513
-2.1464355966423954
-2.2170722412214197
-2.2209929324150504
-2.1689212392208215
-2.0781298827400194
-1.9690293880882963
-1.8611842899520141
-1.7695688201689217
-1.701839878030441
-1.657202291318182
-1.6271091318197293
-1.5976452849224017
-1.553069156105229
-1.479719729149436
-1.369402127814185
-1.2214763958944033
-1.0431745552560807
-0.8480925038128909
-0.6532412078001532
-0.4753820248570305
-0.3275240627834499
-0.21638928109227842
-0.14137889741394305
-0.09518320382009013
-0.0657748159619898
-0.03921854319087222
-0.0025910428558706526
0.05364779977377133
0.1342818608236594
0.23911597187535047
0.3637536100666228
0.5010020463555195
0.6424408772938291
0.7797439515069512
0.9055115629487838
1.0135838636332042
1.0989906894700785
1.157786793189038
1.1870019750552077
1.184824796130812
1.1509903490992084
1.0872199096567698
0.997507756875155
0.8880801788144409
0.7669428855882816
0.6430474639458392
0.5252066117256133
0.42094895978026886
0.3355217421676378
0.2712297964007985
0.22725121651563132
0.1999975451275658
0.18399241273764466
0.173134417039408
0.16210806231129196
0.1476426121581589
0.12932510603393707
0.1097657456723719
0.09407481908111319
0.08879143791630119
0.100541954029255
0.1347489740591926
0.19464798833887914
0.2807319179663985
0.39059868207182763
0.519087548156297
0.658587249526086
0.7994672546260787
0.9306705436401672
1.0405524882796506
1.1180203963417301
1.1539284548944293
1.142555445333199
1.0828950443724514
0.9794633607216602
0.8423889769674109
0.6866777374586434
0.5307001088764861
0.39409356358647984
0.2953778149211765
0.2496331900938808
0.2665888536617761
0.3494095974578996
0.49436210917640033
0.69139461108309
0.9255001254656591
1.1785881414652728
1.4315033013426304
1.665834448094727
1.8652586438664844
2.0163335232065114
2.1088299702656492
2.1358189159006336
2.09374505434876
1.9826302859987108
1.8063920006759457
1.5731063138424475
1.2949649834072154
0.9877076441205584
0.669449395877424
0.3590154352634766
0.07406382621799323
-0.17064006685727648
-0.36446864893903563
-0.5015018276223517
-0.5804076409431214
-0.6037814277626009
-0.5771813983508594
-0.5080984184644257
-0.405024345084609
-0.2766792320569142
-0.131371042765626
0.023573603648017322
0.18234364749251636
0.34111238165488317
0.49833898386207603
0.6547646321809768
0.8129892633798221
0.9766014893205572
1.14895904240936
1.3318394098124624
1.5242579979942614
1.7217551992678386
1.9163773190656015
2.0974368321643664
2.2529668042239495
2.3716223917550296
2.444664942803329
2.4676181226472043
2.441224109579358
2.3714484617891376
2.268466653258375
2.144780148382663
2.0128123141725855
1.8824782613396756
1.759268452936631
1.643309578286693
1.5296708060266073
1.4099023268957025
1.2744894085979055
1.115659108773937
0.929863859938837
0.7193290742401773
0.49228386113710204
0.26183111128284314
0.043758352811223256
-0.1461586674778862
-0.2947182601923988
-0.3931654699980139
-0.4380381614642029
-0.4309257910443336
-0.37733418915703826
-0.28502215818514753
-0.16224026355925467
-0.016262057555994185
0.1475205077828119
0.3258270130527255
0.5170967310663156
0.7206584304164153
0.9357170724195024
1.1604162854605422
1.3911790072255896
1.6224343279410194
1.846735499322745
2.055188507894297
2.238060661359076
2.3854321965714873
2.4877891597386506
2.53652158143093
2.524366629191738
2.445893026142064
2.2981302422363057
2.0813852140251443
1.800167292756947
1.4639984019678347
1.0877826500904677
0.6914105371916804
0.2984090287536286
-0.06630329519300422
-0.3792131213737084
-0.6210052276221905
-0.7787421141194978
-0.8469634661938564
-0.8275340507607368
-0.7284149261697654
-0.5618047466399165
-0.3422020512650332
-0.08484949980195677
0.1952118729557088
0.4835234494309449
0.7662732653134957
1.0303547302229321
1.2636464434111718
1.4555648590008337
1.597765323334702
1.6847719700729515
1.7143411630417906
1.6874863874745307
1.608247078215161
1.4833867770766662
1.3221993821779159
1.1364813010525514
0.9405468596506168
0.7510140911815
0.5860537049928348
0.46391435744237125
0.40078292148987515
0.408320854797051
0.491423877862473
0.6467931205538432
0.8627534507073427
1.120453970625285
1.396235092532959
1.6646612168299784
1.9015846663016214
2.0866567639929956
2.2049048854019664
2.2472736147798105
2.2102911137114156
2.095192965211053
1.9068783706829966
1.6529969908822586
1.3433159676360407
0.9893562755666933
0.6041706419345627
0.20208980858143602
-0.20170888725553082
-0.5918796624563688
-0.9538062630088159
-1.2746077849067836
-1.544087348230627
-1.7554484892811069
-1.9056390481774166
-1.995254303607427
-2.0280215069399694
-2.009972210352135
-1.9484604512103927
-1.8511905449373225
-1.7253817737688697
-1.577141263921864
-1.4110692607356246
-1.2301018250541293
-1.0356006474829198
-0.8277057577584005
-0.6059466923215324
-0.37004983220006654
-0.12080219452408446
0.13922440170598624
0.40527857083987756
0.6704693728811578
0.9262104258980876
1.1629094006931056
1.3706882271682166
1.5399670382811819
1.66187411132872
1.7285857944082086
1.7337720029474206
1.6732743741490632
1.5459886491671329
1.3547342649496397
1.1067740197460174
0.8136691300869624
0.4903290141999956
0.153374684853674
-0.1808294430010496
-0.4980076827255741
-0.7872555152493864
-1.041548418959495
-1.2574938433206986
-1.434538390778876
-1.5739307980574062
-1.6777159213599595
-1.7479389093264692
-1.7861316688295186
-1.793081892955178
-1.768859804860161
-1.7130798496690989
-1.6253722940036803
-1.506012819600771
-1.3566099332361639
-1.1807056816327937
-0.9841335558476352
-0.7750159650279028
-0.5633628044814177
-0.3603244744773274
-0.177220873241865
-0.024489121398847104
0.08933167311978558
0.15850719614443065
0.18086933734034077
0.15839315670717258
0.09751003322709446
0.009025747206466657
-0.09250979124702725
-0.19008959954110852
-0.2661787342467624
-0.3050929507375711
-0.29545662354412777
-0.23225716756669423
-0.1180179187070764
0.03725026738366003
0.21741255731618683
0.40269287003614807
0.5728233474982249
0.710255471114253
0.8028164987939925
0.8453239515525334
0.8399007493949866
0.7950038785269122
0.7234266472559604
0.6397104658828946
0.5574805389019601
0.48719769969483107
0.43470891299037323
0.40080505534446387
0.3817869943089157
0.370837113435737
0.3598347157536714
0.3411793373437212
0.3092190119620109
0.2610170981539427
0.19639312843456155
0.117378792397797
0.027373533936462392
-0.06967863423466332
-0.1698419517780274
-0.26936864463902965
-0.36456153916770967
-0.4514904884506551
-0.5257723321201592
-0.5825886623580029
-0.6170323803270362
-0.6247762701880932
-0.6029689094430206
-0.5511966297033486
-0.4723083517641055
-0.3728882215894082
-0.2631898434359612
-0.15642561840533517
-0.0674328949765444
-0.010891113160273825
0.0006037255696748167
-0.04176220777891663
-0.14187989040597307
-0.29833030096640384
-0.5047552704667226
-0.7508107768961877
-1.0234212762209114
-1.308054049202258
-1.5898267345612074
-1.85439731501609
-2.0886981066989407
-2.2816129858431466
-2.424648921070173
-2.5125504432280623
-2.543708009094666
-2.5201765995713012
-2.447178952114059
-2.3321045828271356
-2.1831798449538575
-2.008107896504382
-1.8130074407622077
-1.6018991517882724
-1.3768274911724496
-1.1385232575585178
-0.8873737220986615
-0.6244153851012699
-0.3521030126874827
-0.07470616570902386
0.20170628501591095
0.46965063619387865
0.72089588119056
0.9473121691368304
1.1417861992341738
1.299067961076762
1.4163901562937924
1.4937011313468922
1.5334000284125735
1.5395654195769777
1.5168056745726015
1.4689872673729276
1.3981692018029819
1.3040553129878736
1.184168094326024
1.034773529214274
0.8523928704713504
0.635576455003569
0.38652953867403733
0.11219280700226579
-0.1755136093780136
-0.4604037749637539
-0.7236290323498091
-0.9459389177316518
-1.1102609473741631
-1.2042167967390127
-1.2222007151814973
-1.16668825008074
-1.0485101912388504
-0.8859252093362001
-0.7024716990412975
-0.5237825705792164
-0.3737850668456843
-0.27092385247086725
-0.22515910365103847
-0.23643037154134894
-0.29501608866161294
-0.3838019723272873
-0.48200809948181733
-0.5695544136843682
-0.6310856430430332
-0.6587814536263091
-0.6534102804494365
-0.6235385515493178
-0.5832436576806933
-0.5489801132524796
-0.5363507925642587
-0.5574415470694856
-0.6191434496911387
-0.7225950484137101
-0.8636090699686487
-1.0337663281698146
-1.2217957151677628
-1.4149114725695233
-1.59991413223738
-1.7640235687337027
-1.8955391986843086
-1.9844662303414433
-2.0231964099928557
-2.007217063108286
-1.9357049867197238
-1.8118054019236516
-1.6424355941742121
-1.437575197105241
-1.209156145891693
-0.9697769372416827
-0.7314913084250867
-0.5048585801974084
-0.2983300161958721
-0.11794186622704524
0.032766015660103905
0.1526766917227213
0.24289224348914418
0.3063824241557122
0.34746553433219113
0.3711400946293814
0.38234686645378774
0.3852875270087359
0.3829328246974049
0.3768117553219633
0.3671028694524122
0.35297727626971515
0.33309662747631913
0.3061564430844729
0.2713771002744595
0.22886421035687643
0.17977558541113736
0.1262461063418618
0.07104850533525983
0.017020033236538303
-0.03364100780875907
-0.08003261407944323
-0.12295003936299981
-0.16485461515809532
-0.2093423816600116
-0.2601977044141222
-0.32026304836756625
-0.39043973649258346
-0.46911977916282727
-0.5522371006921326
-0.6339523176314917
-0.707805984836632
-0.7680460663861822
-0.8107929547601599
-0.8347559963713437
-0.8413392877183813
-0.8341336541833593
-0.8179447767439256
-0.797618381313223
-0.776968200586973
-0.7580804177299711
-0.7411653298458214
-0.7249745386697249
-0.7076379283309893
-0.6876462996761658
-0.6646562881422399
-0.6398479394862844
-0.615712843586325
-0.5953461321338593
-0.5814907361524053
-0.5756689980036056
-0.5776985841478741
-0.5857365466179634
-0.596786476020341
-0.6074238133148119
-0.6144198638422037
-0.6150103052539283
-0.6067342512482723
-0.5869887649483083
-0.5526054236464552
-0.4997842253097491
-0.42459512223765605
-0.3240226739742131
-0.19727691616566306
-0.0469270010065392
0.12059465991371157
0.2954090232164479
0.4655413096637351
0.6189217522188755
0.7455374011771159
0.8391780929385572
0.8983339020281497
0.9260465765741764
0.9288096727737066
0.9148594913589866
0.8923297625478875
0.8677299634623595
0.8450692066749025
0.8257401585837241
0.8090681957308625
0.7932779528678956
0.776564180494288
0.7579771851699129
0.7379213279265304
0.718184209602615
0.7015305726961263
0.69098649718713
0.6889941876315865
0.6966347818882107
0.713098312450075
0.735531793996415
0.7593237231853313
0.7787956252818018
0.7881807296894899
0.7826961280762653
0.7594780734793526
0.7181684149622616
0.6610187330995403
0.5925038605709873
0.5185738708128158
0.44577681490129445
0.3805110205070272
0.3285962563422588
0.29520630281694993
0.2850343992140705
0.30243916735749593
0.3512995964715691
0.43441262344795184
0.5524619363814782
0.7027992106089807
0.8784250701526894
1.0675771336019335
1.2542145156190223
1.4194701251994248
1.5438928891496395
1.6100964049720734
1.6053195784969982
1.5234107056602133
1.365856138290691
1.141657417310123
0.8660758350800049
0.5584698110019158
0.23961323046314947
-0.07102735251367874
-0.3575786514539326
-0.6092252421072978
-0.8206401103164027
-0.9913854739284566
-1.124504308872791
-1.2246868662003565
-1.296467511959654
-1.3428641593706632
-1.364727252582676
-1.3608587020605472
-1.3287544524343555
-1.26567890809148
-1.1697348187666448
-1.0406516601561722
-0.8801469773635052
-0.6918648190949513
-0.48101143075533426
-0.253859239498069
-0.01727331494645588
0.22164830775272298
0.45580674207036415
0.678256632766803
0.8823655130771209
1.0620576823644456
1.2121870383182525
1.329025853603756
1.410790437375741
1.4580690050840774
1.4739922639847445
1.4640113007361066
1.4352242802743955
1.3953101027165327
1.35124977117807
1.308103453225556
1.2681279812657666
1.230454326239542
1.1914148168713186
1.1454565974684332
1.086448292679652
1.0091160907920935
0.9103430192668204
0.790116947122822
0.6519911352225474
0.50300100047999
0.3530500376463634
0.21383594908803968
0.09744117725549674
0.014758827003034557
-0.026042028721888155
-0.02080175874607021
0.029775759575331316
0.11982481274122098
0.23862728265265928
0.3715119533680843
0.5012662582149062
0.6099331047133133
0.6808170282585939
0.700476150135052
0.660440353986312
0.5583929151840222
0.3986023973198294
0.19149766359094858
-0.047577114219058
-0.3002438801750737
-0.5473136790645815
-0.7710064648015625
-0.9568406665654873
-1.0949398709983273
-1.1806146546898841
-1.2142033010503042
-1.2002752586947594
-1.1463967822316181
-1.0617108078151878
-0.9555804593496082
-0.8364886753700791
-0.7112930704129202
-0.5848391512441781
-0.459869595086118
-0.3371522871477815
-0.21577800853715456
-0.09362026002964517
0.032032176806658104
0.16368687508449464
0.30278713100682536
0.4489343227094509
0.5993819945799632
0.7489581977529912
0.8904779540057192
1.0155866110291945
1.1158737818300983
1.1840529099194705
1.2150176038291982
1.2066395521038156
1.1602280543732748
1.0806030548612555
0.9757430943896604
0.855980690081996
0.7327598275939378
0.6170566712136549
0.5176803557178995
0.4397738454238269
0.38387624996100045
0.3458506122102415
0.3178203710812346
0.29002217197263763
0.2532321807457888
0.20122841420868537
0.13267759902695397
0.051920033112132266
-0.03163331871931495
-0.10543111681360781
-0.1566168754120683
-0.1750762696930917
-0.15591441619720942
-0.10071219448743773
-0.017233186026719836
0.08232931492445161
0.18408833032878388
0.27546553506175575
0.3477131571700117
0.3973817703984945
0.4264671907976662
0.4413103391439769
0.4506060661102743
0.4630404026813943
0.48510451074979344
0.5195449273126838
0.564739685873245
0.615078849855673
0.6622143233916379
0.6968640680459202
0.7107444186398431
0.698189663215334
0.6571119040554254
0.5891407809107175
0.4990130045898317
0.3934865100599632
0.28016211533540863
0.16656755292291311
0.05970310923453598
-0.03397310238352934
-0.10833902776361547
-0.1574898524276255
-0.175959948536377
-0.1593672265750578
-0.10535090997673872
-0.014519679050749905
0.10890614058899178
0.2569809595103856
0.41850441504874536
0.5799726051704136
0.7268210945609083
0.8447756270468509
0.9211857422764025
0.9462699903210688
0.9142024214956246
0.823917547971386
0.6794494436873831
0.48961413366020445
0.2669362532476664
0.02590487980167896
-0.21914076294191712
-0.4560358049287347
-0.6762378282465069
-0.8753460620050149
-1.0525977467432657
-1.2095441922400876
-1.3483404583001106
-1.4701703934123123
-1.574250298397397
-1.6576476309717285
-1.715898084451317
-1.744193730210356
-1.738808188717898
-1.6984334042339237
-1.6251906251472363
-1.52518574740275
-1.4085531854924216
-1.2889537828087367
-1.182482320548861
-1.1059476972586864
-1.07456080598784
-1.0992186779156312
-1.183777122557707
-1.322885296819438
-1.5010248275603661
-1.6932849740822267
-1.8680996793866465
-1.9917260998552129
-2.033770196747165
-1.972701190425162
-1.8001640596500188
-1.5230618079545648
-1.1628208357196608
-0.7518771224359047
-0.328073577464802
0.07183285199720257
0.418135077010063
0.6923285958366356
0.8886374768900862
1.012769179490601
1.0784424389063834
1.1027455603298448
1.1015824916797476
1.086312548515751
1.0622556813949768
1.029166579632179
0.98325086640728
0.9199468830920562
0.8365988997318787
0.734293201306564
0.6184444275914406
0.49809917811884435
0.3842619424189817
0.28776474633348054
0.21725992184492957
0.17782176319135856
0.17044223529542582
0.1924627590990004
0.23876277144397745
0.30337338862966046
0.3811212211140976
0.46893010230328536
0.5664995765746624
0.6762164042687832
0.8023176502011266
0.9494851495530615
1.1211821611133965
1.318108937956147
1.537130349040598
1.7709128398622211
2.008329371018192
2.2355051688430403
2.437244379372258
2.5985388271653918
2.7059167730816207
2.7485057340043237
2.718803879680844
2.613230788011237
2.432539620132606
2.182129590696688
1.872230514214433
1.5178718667421933
1.1385172366243814
0.7572479213968405
0.39941402535530174
0.09073712913174155
-0.14505705954638556
-0.28888058584389814
-0.3288834159393912
-0.2626041562642021
-0.09823812305867659
0.14534202760325138
0.44001329503877
0.7512410418469663
1.042034172652829
1.2774943131192555
1.429290526026675
1.4793587150157677
1.4222170242691392
1.265496042761972
1.0285736477554208
0.7395307802946933
0.4309412824311465
0.13521292621703743
-0.1197436703665341
-0.31384220598699747
-0.43670361220397047
-0.4879602874118634
-0.4761407468320846
-0.4165022541921562
-0.3282659496343992
-0.2316858378335478
-0.14529652893784362
-0.08359345598522425
-0.05534046286272565
-0.06267358955555093
-0.10114196234926941
-0.16075252729314118
-0.22794137182249447
-0.2881978860944613
-0.3288770090621812
-0.34162507084860894
-0.32387576467947854
-0.2790601257823469
-0.21547883287249292
-0.1441232209475879
-0.0760044360871956
-0.019675407577290343
0.0204315355326833
0.04446067412940148
0.05632794410571558
0.06194259117123731
0.0669937339048986
0.07492962791490365
0.08566678537145182
0.09533055472349247
0.09702664372341943
0.0823679466393583
0.04331236724261947
-0.026155242639518093
-0.12884910745505607
-0.2638683973933014
-0.4266836540452623
-0.6096145542621765
-0.80244655143607
-0.993003247533483
-1.1676355598703811
-1.3117429343352014
-1.410534293357163
-1.4502188813365053
-1.4196834452797467
-1.312503159850286
-1.1289242578123453
-0.8773259066777077
-0.5746739103806293
-0.2456303018127747
0.07975349494348673
0.36952447356889345
0.5939871955913161
0.729848711899367
0.7636250100408174
0.6936898886971257
0.5305745974468462
0.2954331323763529
