1025
-0.996913832352265
-1.3009585321493757
-1.4142778152086632
-1.1401958604183544
-0.5706324854450607
-0.021845528975667224
0.2131975218739091
0.02617590630492337
-0.35776577382134955
-0.4138488602388984
0.1784605136921638
1.0456394412032146
1.4104419815361169
0.9184741745406451
-0.02496180821694513
-0.7614315867342579
-0.972277743044669
-0.7299197747685459
-0.2719949486504289
0.15569848164744268
0.3894347870344439
0.4925725945024802
0.7441566716430479
1.1756007585617445
1.3727787197680779
1.0349229720784403
0.3959184296846676
-0.06175387843337638
-0.12702579650229553
0.02207080699245744
0.17361296058174272
0.2916276057702604
0.3576133347186939
0.33287462265888645
0.2714883031336172
0.23701268830179967
0.23077166635605736
0.34131829505136874
0.6681523598245269
1.0430000476601033
1.216066535650086
1.2515650746179605
1.3822482087138288
1.5890915944838035
1.5818297528867213
1.1990036955085317
0.6198903784625841
0.08277715852835808
-0.33351683972779295
-0.5911914191094507
-0.6086839107089341
-0.40289955523424303
-0.1625842834183167
0.009269187106010997
0.2439706244230133
0.6474049699794193
1.0567338406788018
1.139241407887992
0.7605329432302004
0.22941196820187318
-0.03838760011434709
-0.11422031135070417
-0.40488848289297685
-0.8955020396234893
-1.1163850840602183
-0.859437194968681
-0.41809459047805425
-0.05721584187577546
0.36638219306736375
1.0100392375225058
1.6043189437376957
1.6803805877221933
1.0540150792682161
0.028079965394613722
-0.8633495903702049
-1.3333201885024555
-1.4721022010280072
-1.4060716904122748
-1.0544097126320604
-0.3945188789507771
0.29723039219586966
0.7319003335626074
0.8910005514666354
0.9402780674951893
1.10429826107277
1.4560897518452152
1.7261687313539034
1.6448240338699827
1.3228853667324298
1.0159132449427375
0.7959220076999859
0.583179735222201
0.2781285097414922
-0.16233284030351325
-0.6725583455846204
-1.0882007267018494
-1.1993578255527317
-0.8018503756969917
0.1483329701933258
1.2723483386780725
1.8349499118856243
1.3528821957590909
0.10184162724239847
-1.032900095587737
-1.2758942870025478
-0.7333485049671472
-0.2565914509322968
-0.4057354543469697
-1.0021213845564372
-1.658946510014214
-2.1534144638199297
-2.3584148657251984
-2.19243497663982
-1.6642107513100366
-0.9402132186966627
-0.3234536413978349
-0.118615870199567
-0.3966679683674243
-0.8057270979260319
-0.8519411389717947
-0.3928103647573137
0.3347262677494548
0.9404768834024135
1.0805058798683314
0.7351697180474864
0.22617851377224835
-0.08250953460674894
0.07908190307447721
0.7896128744953339
1.7232403766038618
2.2532237381159996
2.0227592437544466
1.3557389476928094
0.8237300528386036
0.5468122570474032
0.3144125927992406
0.13265672981344678
0.12256568402631238
0.13191250874939547
-0.03571280633448175
-0.2627196479467231
-0.35494366887018275
-0.34852673741995766
-0.3419140267819793
-0.3312034474021996
-0.34914360688762064
-0.503661210064948
-0.817269943264768
-1.1104707402996927
-1.1515822833117875
-0.9930390801518407
-0.9274535784044218
-1.0879741908921023
-1.379124344305195
-1.6434156417644261
-1.6608859996769314
-1.230544700213237
-0.38661630303609884
0.5871444320033467
1.346713291858939
1.6918945516250645
1.7000402349002637
1.6414195381914654
1.7193700841082817
1.920833890183784
2.047957789111026
1.9050862002531084
1.5359035531368825
1.1650259075472411
0.8892674202334906
0.5873380197374027
0.12693964046422612
-0.4640654944279888
-1.0293110032868467
-1.4161178969947794
-1.550227062183217
-1.367949483951559
-0.7940565658438073
0.053139598597189495
0.7230433188307528
0.8200091096254325
0.5245212760139566
0.31183527692327556
0.2682912817041879
0.13245975298025503
-0.23853950332036605
-0.7856497265431562
-1.361019193671661
-1.7624405442584317
-1.8977232518463525
-1.9051126819136988
-1.9224592187851743
-1.8748292105986903
-1.6097685593226103
-1.1318633995044127
-0.6553627079889167
-0.44782046842470874
-0.5639452394917555
-0.7350995530767923
-0.6259835650856796
-0.11211347862645747
0.6981878949058742
1.4823772005666915
1.8441531885328775
1.6250883926814794
0.9868934582064074
0.26099088746564214
-0.2036770377602627
-0.24319552063873123
-0.023774629366702778
0.083044949809884
-0.1530284748258484
-0.5707181923691569
-0.745503625644805
-0.3976425015123063
0.3217540154077944
0.9933782564124177
1.372776928909935
1.526320764057181
1.56517994984901
1.502234453793147
1.3695593364599907
1.301231259181042
1.429264277810224
1.6456361651089997
1.6057940336354204
1.202499944074192
0.8290096417088191
0.8832922929365842
1.1916688786673
1.2454640106549022
0.922288243335716
0.5491663114803214
0.34316961052751904
0.1874377955805717
-0.10071703633885025
-0.39620327619541085
-0.2800223087622377
0.4312954785818158
1.4137084381869576
2.191301397801947
2.5294787525632536
2.4262641382601853
1.8893525620263991
0.9820465078515326
0.05877823200318981
-0.43550971488240425
-0.444646122775338
-0.32557947070948023
-0.4341873804635373
-0.76378874666591
-0.9506213312287749
-0.6706630212801663
-0.006095919911617283
0.631713316791453
0.8715356524045095
0.6460418896376267
0.20490197655972348
-0.05219450159946322
0.06265802565697026
0.24688933777985234
0.0874897335070737
-0.3652963857298106
-0.7534402039884655
-0.8654297521854587
-0.6625110569375354
-0.23260933251495364
0.12162358326591628
0.04743460269878172
-0.49395791179099824
-1.064352543146868
-1.0614079119577018
-0.34587881436051576
0.5301885371285272
0.8799897177241176
0.5942345178311024
0.07300460812034605
-0.42130096372035936
-0.8867188894605305
-1.2410841849795218
-1.315625031021479
-1.0249110885527117
-0.4299516357358085
0.2197006780281705
0.5826728653559191
0.5008685567257511
0.2034721003714903
0.09384977095528016
0.30205549537073667
0.6485961456771289
0.8709415698922014
0.7186222867043759
0.1649114014064134
-0.4519750492707288
-0.7795867208367145
-0.886987973914474
-1.1555909227406387
-1.7167357401560532
-2.2112159064979826
-2.1927446630838596
-1.5836544403406985
-0.7179472442759282
-0.0690335400070332
0.02888588023016209
-0.5077842946880734
-1.3960763162295202
-1.9144572222782803
-1.4350231055615223
-0.22921700814638696
0.7987132151238576
1.1207246453719553
0.7732617812254974
-0.04851566277586337
-0.9745045082180572
-1.446573025185914
-1.2837643223713113
-0.9517999571438389
-0.9442658389723594
-1.251777128946145
-1.5187806408063569
-1.3591070528514435
-0.6256387611923923
0.360085153118192
1.0086815085290401
1.0307424463493922
0.630290286222262
0.1904628765933814
-0.00287598554910381
0.11266611694702998
0.31725205072930396
0.32997806267402036
0.17867614863900064
0.12749371655222108
0.22930022735084132
0.22092453782368682
-0.1343096866960952
-0.7193295737520001
-1.0932589957778087
-0.8984499065446077
-0.2644537896368428
0.2747779423000063
0.3095512926341067
-0.12096734601430781
-0.7025807895957941
-1.1285919081090277
-1.2417579161019576
-1.0294875540795618
-0.5151371128733532
0.16753223367606213
0.5994605236212837
0.37967824490296337
-0.27141465173139817
-0.6395635439988716
-0.4033190676168833
0.045561516217639195
0.1418297041081654
-0.344175823153692
-1.124294806152283
-1.651176697213872
-1.7020434908265383
-1.492283296149201
-1.247607892743236
-0.9817205973498977
-0.6518727244302965
-0.34140993686754745
-0.22217529706754102
-0.32016102600868296
-0.4378345092229514
-0.43637965158373276
-0.4322872517005144
-0.5045918897111676
-0.5242358531091172
-0.4635873656083105
-0.3754081551020238
-0.1251736669564911
0.30115111346620155
0.5230544382866709
0.24085663742916433
-0.35110981833909966
-0.8162630764801283
-0.8808994783954013
-0.6133820922369558
-0.34943849325348897
-0.386722240480067
-0.7179431850543357
-1.099540550327397
-1.3567910355248005
-1.5273699793869955
-1.74191100440945
-2.041806990267705
-2.268282389755879
-2.192651549735441
-1.830238141335145
-1.4606231022672929
-1.2742662399119027
-1.177576801484659
-0.9624538117500793
-0.5665552321197025
-0.16372397780903172
0.023576738769582065
-0.02203277414468161
-0.12777527005795172
-0.19017696187038166
-0.3404049509799083
-0.7423536972777056
-1.2922043754339891
-1.6864169530607467
-1.7084859424063858
-1.3916537660280746
-0.9812359376460692
-0.7431317557298174
-0.7002997352266213
-0.5981761549382909
-0.33340045290225384
-0.1487753317102672
-0.14513479604442786
-0.05850483748006536
0.2634473135702476
0.5934909803665163
0.639258381063972
0.4141728398955403
0.2212773660381338
0.20683548570303803
0.14304177062509504
-0.11580215072208169
-0.3003124478567544
-0.12003384828712134
0.28402108227425155
0.5254879575568334
0.43625540331586204
0.15581311201961434
-0.10668193925355449
-0.262231573273898
-0.36232871640054204
-0.4449550937241257
-0.3752033617088516
-0.025291074214937516
0.45063362207426194
0.7510279930949156
0.6927328208321032
0.30046865362109176
-0.1530227778007306
-0.33736302031155924
-0.21922224798314674
0.012077461164891962
0.3060636663484705
0.6940892250401303
0.9922093640106833
0.94764223262019
0.6724007385408888
0.5945474828182871
0.9024793134385249
1.314057155314608
1.4097834653691796
1.0496611880931168
0.4917402519618964
0.0706028859634125
-0.16596886507951097
-0.381004858644706
-0.6170663191996386
-0.758714460939653
-0.8739322331964444
-1.2484725560620307
-1.869176504685625
-2.2854338834548438
-2.230182815559296
-1.955353284341862
-1.7726936618829487
-1.6598844082532558
-1.454445748081183
-1.142109483658507
-0.803126904915825
-0.39097467298004995
0.20215681389623127
0.8458557445286058
1.2501513290635689
1.3559994929472554
1.3580491514919317
1.420344885379005
1.5338220746012836
1.5264322374075068
1.2065515988861533
0.625474908266913
0.15452212963172238
0.1649646003270702
0.5989702288596104
0.9682904817482297
0.8696686571505376
0.4126641879573859
0.06940020366552936
0.1642063573473271
0.5356641144125102
0.7587140506006189
0.6716913039099216
0.4014586579358019
-0.002624167694716227
-0.4487700377464987
-0.572027949814863
-0.1865727165135057
0.3090134331574913
0.4087495787315878
0.11847247564431848
-0.20761579029975766
-0.38190339121271694
-0.5551068157378674
-0.9618126205283715
-1.5147948976599714
-1.83802031248257
-1.7230524906501676
-1.3247128238414072
-0.8738567126900144
-0.4153501234712731
0.018734635978728188
0.2547516565355524
0.228006436246662
0.13773138683217004
0.1537620943799165
0.09977063512907465
-0.3158840184629956
-0.9912751746857495
-1.4833843269097349
-1.495230678634318
-1.081220429436989
-0.606415931391047
-0.5592921226345109
-1.0644219701074533
-1.6202930115521066
-1.5609223573892907
-0.711372998236836
0.5130732015426311
1.505876423004316
1.9089262256502455
1.8103392600881432
1.453470214274698
0.8774817442735571
0.17883919522821087
-0.2744845915399067
-0.37693751639117173
-0.4937961553407608
-0.7315631026557227
-0.6809629816652802
-0.16935713481724982
0.3508126477656699
0.349824376468063
-0.18321654908982402
-0.8941592842578339
-1.5615985736812812
-2.049742571322418
-2.0805600177438417
-1.5184854102561391
-0.6933960725271624
-0.1238771626949639
0.04148477746461661
0.11110967261955554
0.3826252850776222
0.7479633178769292
0.8420891478287131
0.4605047224189759
-0.232802134064401
-0.8240568717616373
-1.0153886311872526
-0.8729247702271462
-0.6622394460234284
-0.5026572698696964
-0.28138662579624857
0.00637029600724201
0.08238911200042831
-0.17826190702412745
-0.5206646127165109
-0.6990224006691884
-0.6725981511504856
-0.4441139485216347
0.0030541606002262786
0.6711453358770038
1.458151130916065
2.0694089098993795
2.17383107809467
1.6992755157938584
0.9294626409513148
0.3407872679478574
0.27796850455045136
0.5728557422327065
0.599633288111069
0.025084294105381735
-0.7164018347189796
-0.9788579276895605
-0.6215748030130785
0.013919488766759537
0.4744737254070458
0.5028766862254173
0.2982147470715196
0.29315792922497647
0.4786254030439468
0.3016849319487456
-0.6157002947578176
-1.9293867409152803
-2.882243617365414
-3.0704477924579585
-2.723401624521774
-2.193501674953413
-1.4900056720411317
-0.5380056636719691
0.406629190199
0.9600248662639593
1.0034499867690012
0.6700434646372153
0.22180592546956898
-0.09661265872449426
-0.22719813145496343
-0.22684470608280177
-0.19433653632020487
-0.3305130476708617
-0.7695533348190505
-1.2639171771560873
-1.3216432119926613
-0.8057280479504587
-0.12120438182169871
0.3329205734827088
0.5378370182180215
0.6520497935238256
0.7741257722942516
0.8457869554249745
0.774562516860203
0.7316377735538825
0.9889316392491265
1.4494183936470342
1.7294444670431257
1.5707706595952995
0.9872011402217488
0.22870706875191663
-0.3441897080746761
-0.4450119376800972
-0.026511703563320096
0.6635019932350825
1.3266251707314323
1.837425697700173
2.056575537823456
1.7354524904134971
0.8936124967043538
0.08565885144143122
-0.04329871297757276
0.5607589689791423
1.2975806149124913
1.4927721633380135
1.0427513568005375
0.41638869448315385
0.05603242005581162
0.08066929920708842
0.41728517999734144
0.8287366902721331
1.0565384546732697
1.1899628967739226
1.4866025012673332
1.8041404378943229
1.7260318963245767
1.1401968313362656
0.36365000029383343
-0.18469572648347593
-0.35112189117489634
-0.31223949588663474
-0.23878977521633815
-0.12993873786950386
-0.12888570113192763
-0.5653191966698282
-1.4379388619740159
-2.181760663721705
-2.169657703635314
-1.3104859053532967
-0.02826828790186215
1.1582412739696062
1.8515137623944447
1.825705864762918
1.205497975358675
0.46927514810372223
0.034400714409268784
-0.021005617885844614
0.17318687698195026
0.41921964708023796
0.5339551926069283
0.4993086220101161
0.45714726901176317
0.5260106221173365
0.6999678685132168
0.8130368615535647
0.6268638648754146
0.12893157479940562
-0.41417239564487934
-0.7403416187138918
-0.7901026404183934
-0.7595430307573446
-0.9243402447852865
-1.3320194396529277
-1.7945141671676141
-2.0854340901491417
-2.0217205970059458
-1.5606055024151766
-0.9515032590260192
-0.5578870953572187
-0.4397996871265292
-0.34937965590718456
-0.12957207469947526
0.11357131886418788
0.19462471040436152
0.057372512154277654
-0.1980811436097147
-0.4250575205831204
-0.54030758155652
-0.5680768097858631
-0.5293288677960971
-0.32521651676933594
0.07406426235454247
0.450604940110205
0.5051121108362271
0.08707166338912449
-0.613994774456052
-1.080737790437176
-0.9914572073612068
-0.5788799081968669
-0.18881735556628387
0.08737285823947061
0.21457186547325752
0.209550764648084
0.29903977533476
0.67902472152212
1.200596799657063
1.4969111044049768
1.3233024811882605
0.6825478842710914
-0.19942947458676002
-0.9925374704106081
-1.4723943400754413
-1.5250396626684781
-1.0469568811195809
-0.13946036369333578
0.7532775675942835
1.192732271410368
1.080848404395264
0.6153327014808375
0.14438396137851398
-0.08609175938898979
-0.14990112454048302
-0.2195303722031109
-0.30967017602808755
-0.37327525914808213
-0.3318281069409598
-0.03811735569500499
0.45151584788265997
0.7872474455579586
0.8054649602818387
0.786591340783561
1.0149737198064097
1.3487053695790459
1.402197156565114
1.0542857255337381
0.578419614219828
0.18321174628917336
-0.21959510742378943
-0.5836287051163845
-0.606157285959873
-0.18947348082877571
0.40202787373584065
0.756868407259415
0.5956109005614685
0.04428784057633609
-0.47317320571773247
-0.6579299916538146
-0.5629743332744787
-0.44245638515822444
-0.4140538318964016
-0.4294279982286472
-0.5230560410624363
-0.7331679872589945
-0.875926969565138
-0.7748238431501321
-0.6075917432186086
-0.7401749682081855
-1.2785796439472044
-1.8775643641206996
-2.032576441676713
-1.6589034881141476
-1.1705300400960075
-0.9006589329294271
-0.8100664990616652
-0.7571477800583836
-0.6377354224052845
-0.3501805087718711
-0.034454480931740236
-0.07441895008102906
-0.48949689513177247
-0.7696387644842245
-0.5240238051999133
0.14466759053221026
0.8559504548002318
1.1923031428241389
0.9116751479471674
0.21822362803864426
-0.2908095910730566
-0.1517528406323532
0.4493228012180299
0.8327481735973099
0.5899827877836601
-0.021871567465295318
-0.44575762024265686
-0.3497479961484578
0.16946016709307926
0.8101460796728159
1.4075109211621657
1.877873035132178
2.0289777249097156
1.7355699627007735
1.1523415403596882
0.5922162936568639
0.2560220923315918
0.15396690356485404
0.24978344503498576
0.523674744469931
0.8561358897507789
1.0198181400628452
0.9336249960563567
0.7984828314218169
0.8100673418374635
0.8799072790434569
0.7999124602325074
0.5428323603574918
0.2792025774777237
0.22793302954509
0.5111029227382927
0.9942015485504537
1.397510769968214
1.655968967258486
1.8598321631939387
1.9109604336573258
1.6342149549704728
1.1840551863768403
1.006519169150584
1.3113363749442153
1.8014061095456633
2.0032687548418915
1.7090112483502882
1.0542859373906655
0.34405978300312584
-0.10225609645399553
-0.1203311876234428
0.11185269847844702
0.1479759138610609
-0.30506290656758694
-1.0551123621357203
-1.6744373512276471
-2.0006574831806647
-2.0455901571806483
-1.6492878304323773
-0.7831965061233505
0.08495408725740997
0.3968302956563419
0.13756823178984018
-0.11283235265146797
0.19357325477519766
0.9212984763668448
1.4050320552346547
1.260631140005758
0.7695681460302545
0.35417276091986877
0.029161826483483855
-0.3203136116932421
-0.5269694415673046
-0.4775930772730303
-0.39738921021134466
-0.3841474089639852
-0.2431881046800862
0.07195332531299363
0.37851686612675883
0.5417084529922198
0.6092974816121441
0.7350787886742002
0.9552909533665557
1.0554514397111556
0.765425420326284
0.14130270129713973
-0.41471387784488434
-0.6617210383159667
-0.7325810592150966
-0.7219046935145884
-0.5283749733438452
-0.13228133548448126
0.4237408800360477
1.1993065170356032
2.0276766028954296
2.2934486824804
1.6363794695535752
0.5797043818631076
-0.0933377045117861
-0.2157407494756731
-0.08969494647612497
0.08465147634313225
0.2519985798820707
0.28557314368065756
0.07436678591287499
-0.26051731459055255
-0.4195855676247039
-0.19626152118905704
0.3310401411616432
0.8573601063838666
1.1366905942925984
1.1744517130346153
1.0848619323513116
0.8619732532899665
0.36064015013492823
-0.56022909637007
-1.8166691346317543
-2.9397606575968065
-3.3423442905880685
-2.8284540282003565
-1.7706553318492004
-0.8320091704027082
-0.42532817584006044
-0.48594626314077816
-0.826523599972302
-1.2784910317289657
-1.480759087792636
-1.1412843705959899
-0.4439522918883731
0.18108758743352943
0.5369132130105172
0.6862245835139968
0.6772127658463143
0.6080512153553339
0.7660680802047458
1.282832627919273
1.8952382528202165
2.2536750710837095
2.274616904142405
2.150908721917814
2.063735919986776
1.9666122706924485
1.6733363319950951
1.0179197959366242
-0.0033854101315650533
-1.0751094607562475
-1.7002235460383752
-1.6815501558310895
-1.3366436990160868
-1.078608471616406
-0.8820749805782915
-0.3889557215205907
0.4882600494989375
1.3295231230423075
1.5992292188732502
1.1596688739981906
0.3956068510430373
-0.14522803193958123
-0.18239958732669434
0.178270741286336
0.6156696661079663
0.8601275844854616
0.8666911789271987
0.7504494373889399
0.5599615084010433
0.3068318280850029
0.162944647505799
0.30835031145999264
0.6063634128975037
0.6707640089636145
0.36616486093619877
0.003930964915613356
-0.12434400681941025
-0.004373418492070154
0.35934232971419383
0.9209716619056562
1.3654189740992764
1.3384742701823547
0.8360579839636493
0.16359452642350095
-0.40149190987670696
-0.7405786109684405
-0.7565126653241178
-0.40237466822354373
0.11147144948341367
0.4461629108338902
0.5103422586402112
0.44976054442544594
0.3587797740791315
0.23790336885404906
0.07402442494038555
-0.1257596037431664
-0.2720278359589696
-0.2659256303059349
-0.17829210175360902
-0.1950272208201219
-0.29959683153647587
-0.20560204655085185
0.20606451561628036
0.6376010089698602
0.7118186900843769
0.33963057877591935
-0.23767631997055022
-0.7336463566503972
-1.1495998818176956
-1.6456033322015347
-2.23172719806332
-2.7512606592725937
-2.8929534556615684
-2.308754276864129
-1.079291323470598
0.12622012603468974
0.6462571944954332
0.4306577569502393
-0.03918779457716292
-0.2518011532522443
-0.08749826365920965
0.1697665879083456
0.14630075122090827
-0.3454026684782304
-1.1231881541674085
-1.6457323954322205
-1.466739457147005
-0.746944460449422
-0.07976683341986836
0.19527662835441867
0.26675309756575194
0.43066986857439793
0.662394605886468
0.7211746397328457
0.46472086437567955
-0.0030979855213124634
-0.3625156834362663
