1025
-1.1861882657390472
-1.2668702444296935
-0.9272355245834335
-0.33543647052929454
0.2557403391061005
0.5959586023401013
0.5247816772152337
0.09290252102084179
-0.4921492993655261
-1.0378703032930143
-1.346528139649244
-1.2121306469800446
-0.6304800205640021
0.10595532919696424
0.5978935605863088
0.6708473716382378
0.5278434571867401
0.5401598466270893
0.9758859043891345
1.7893189351623096
2.4916766884938046
2.5579001566727735
2.0737946951747386
1.552551826513059
1.2170012838522044
0.8944760087250749
0.4140053727569587
-0.18171364250740032
-0.6610467251953918
-0.8132177082963322
-0.7359060298789578
-0.7145089139100246
-0.7760518246040378
-0.6724181617111017
-0.322774134653385
0.03246338284128557
0.19757122409522263
0.32942164847799843
0.6684986748428076
1.1158768603031453
1.3759693138539486
1.354692618466956
1.1870718304170857
0.9968327236496182
0.7625966370956833
0.4116724283103591
-0.019188869478989932
-0.33799910122360155
-0.32843168903237135
0.013999123767083855
0.43759701788186944
0.6946569044920902
0.7428848822483038
0.6214100999759705
0.28478128316577855
-0.2546025462224547
-0.7767870111732068
-1.0800303568302134
-1.1963210931321027
-1.2521426158476472
-1.249383901069595
-1.018762155021467
-0.4339961234875852
0.2531353545337218
0.5094981111273764
0.14646590220417852
-0.3842094701422096
-0.5249871832731812
-0.1854094540444736
0.3615461633250382
0.8319839467295754
1.0214778396682322
0.8251104461998622
0.38189367881528086
0.09004490621753293
0.24092927780605133
0.6384467953112062
0.885188929841767
0.9563767652195639
1.0779037154541287
1.2220895214633165
1.1123836716721724
0.5757214496511103
-0.3117457848360547
-1.2706750333864727
-1.911020401708013
-2.0234126184293504
-1.8078558288947044
-1.574363095403131
-1.3773870052985924
-1.1024304939278513
-0.7083096816574791
-0.3161053513492024
-0.12977738787360024
-0.27774173425689985
-0.6637814609317634
-0.9991546911478264
-1.0469031753586802
-0.7249195502965138
-0.05441475485584802
0.756669113534947
1.3420359546266882
1.4939707604666126
1.3311705965892051
1.0821439047458161
0.8167965664504195
0.48351115111461884
0.09080329760432555
-0.3119670386800736
-0.7294423596719815
-1.1037886569902264
-1.2496910542282138
-1.0921267811625408
-0.7577275152293836
-0.3381648024221503
0.12598106763103817
0.47328966327458244
0.6111759296865706
0.7059352973604082
0.9135671717863199
1.206857254564435
1.5242249961869054
1.7027088159741806
1.4267958336585125
0.6304241982823584
-0.2908252410919959
-0.8928475508489415
-1.1116075737114213
-1.140739540590981
-1.0475756187807992
-0.7332617490594732
-0.14193794354841371
0.6166792918140449
1.2395977772274083
1.3999440328696662
1.0021023809492542
0.22085298662428546
-0.5827312844186022
-1.0409113853074263
-1.0605205977366692
-0.8552085560706643
-0.706955978543977
-0.7395394747090922
-0.788806301277505
-0.5513712037125102
-0.0031157443993975018
0.43568544154039673
0.2794213811448623
-0.4687436559102364
-1.2502004711412744
-1.5123609083010843
-1.2053819011093676
-0.7174466021128357
-0.4349022306075193
-0.36610827821972436
-0.22438337047429627
0.1648002968599104
0.6951758132701453
1.1627106333550956
1.3852568367450713
1.2279123764372961
0.7612183152055416
0.23999881589193
-0.21602022528774856
-0.6839335709884627
-1.1452854803202668
-1.4253181271283029
-1.482921107865777
-1.4481578761258862
-1.3178666272509523
-0.9638215529654741
-0.4590681629395952
-0.08479911699653266
0.02134755382841317
-0.0037376869818806827
0.008618299538520734
0.07373604895167615
0.1290427374852324
0.14297883772885064
0.11355308496565007
0.07212687617344332
0.13142658764558954
0.39337818163372845
0.7438682750952723
0.9002927994262917
0.6534210182996588
-0.012028571019892749
-0.7840646412183071
-1.080130035018745
-0.6472117026203557
0.07983369398026832
0.5326370672368866
0.6725820795845912
0.812440670445472
1.002048713104339
1.0187501217682653
0.8230155802807295
0.6791119313858907
0.8451924509509948
1.1993850998183315
1.293041199609246
0.8817293374626994
0.2462674649262522
-0.10983157575613395
0.06928023094087284
0.6771635944266958
1.397488006613055
1.8636310636385764
1.8019267088980762
1.1941321842158172
0.3470808466684164
-0.30685851719641954
-0.5085450930259616
-0.2879391357084144
0.09770299048506163
0.3532791110387829
0.3432646241417075
0.13024958282417648
-0.11837115344258047
-0.31508804543751234
-0.600768154380803
-1.1342175086834954
-1.6926955822804066
-1.8194983401789073
-1.4565835734775008
-1.0668071727890036
-1.0554282188837967
-1.3665405250776121
-1.6759590782332843
-1.6877625796833182
-1.271250484374335
-0.5361287354306934
0.21423532389641262
0.6316450738073704
0.5251209823886311
0.028332954260041936
-0.43292220215144045
-0.5145577300174388
-0.4081076307741811
-0.6081797350484682
-1.1445161511050743
-1.425158148025182
-0.9212635890506126
0.1880151279952428
1.1833210597441193
1.5605153659094384
1.3918711631100344
0.9785054338711368
0.5388515049658689
0.2906397411320247
0.32257753670608613
0.3571633659928513
0.17863991729226095
0.10574545149265935
0.48337878511571003
1.077569002041699
1.4735194765924613
1.6137400448991959
1.6340343088991907
1.5089153802786355
1.0267793220829267
0.1477910015568782
-0.6844165380637264
-0.8858520753296073
-0.36118530783399716
0.4760148751052317
1.1578473349131702
1.3945943090854296
1.1126614280343514
0.5182736294184107
-0.055492735952549374
-0.41413797726698376
-0.4758962868983561
-0.21644001934365156
0.17687576771393182
0.393203598532118
0.3213484266963811
0.10442689520395834
-0.04481299514638691
-0.05142170930610667
-0.07813761958860026
-0.2753445138878488
-0.47035999253646893
-0.3918291926010713
-0.052428297708625254
0.34956594197898455
0.657123237965374
0.7408847556788037
0.5299618758097375
0.18180539257228945
0.0669212256928296
0.38352788355128603
0.825442755027989
0.859841167169162
0.365580862914691
-0.24209554999108981
-0.5337425529605323
-0.40080783647456447
0.038693019266386894
0.5169614415493804
0.7159135894223128
0.5065924451243163
0.06097958301308974
-0.2976902234411774
-0.3612778251906624
-0.1852368156405952
0.021921153925348234
0.1600590566084574
0.2595603299785795
0.26753292339402657
0.07852265046098841
-0.27438415167883234
-0.651628372264502
-0.9134088381368599
-0.9244161354387042
-0.6101597986436763
-0.04263602635332476
0.5753046214199635
1.0201824423087749
1.2456536221884076
1.3601405610990087
1.3253929568254967
1.0380334747718811
0.6637626510054687
0.45276204851316515
0.4001607346832317
0.3367503680717108
0.13846395296036879
-0.21718689544891043
-0.6497686813531193
-1.0362718306855472
-1.345678459000164
-1.594787941048267
-1.6346873405968088
-1.2820913830383287
-0.6844342023848872
-0.2235060785857032
-0.15199054392437367
-0.4508138492128722
-0.7982656133040241
-0.8241768488447395
-0.5405425825788911
-0.21211805526717567
0.01807120643488359
0.06766727523697612
-0.09451164481674786
-0.2576725039246603
-0.1718168283247553
0.17089957176782752
0.6391122451744322
1.050740237251535
1.2371084160653616
1.2346089883163944
1.1273009395595317
0.8390100966553884
0.42273800224428243
0.11903025019640608
-0.03670664532704257
-0.20578268421498305
-0.4247933247508736
-0.6249142940112339
-0.8025745878393156
-0.9328428707466407
-0.8808271037265175
-0.5992765480029831
-0.25643243939788807
-0.05739490711352294
-0.07083300440394943
-0.1808885769571004
-0.16568078908980705
0.04393230067098189
0.23837182642736723
0.14862052689571845
-0.2560130192557701
-0.7037678596766144
-0.862610150093216
-0.6670795384122874
-0.35258114482806874
-0.1720315732694152
-0.10471869555668947
0.15430891594084886
0.7264747014043985
1.180668825963752
1.0820959123553762
0.6648477779866748
0.468097993724051
0.6311403768266907
0.8446704603476713
0.7247452664118943
0.17983214855616597
-0.47685665131642285
-0.8295835266895657
-0.7054530932562553
-0.22443809518513153
0.3053652407263243
0.5653061319982624
0.48460291661500693
0.33218947352013095
0.3753883905416257
0.5661137153657915
0.7569481893184529
0.9194124663380037
1.0059121856565671
0.8510083849952784
0.32969102601409955
-0.3694218115038288
-0.7724289557603775
-0.6433669143578662
-0.2996062306247623
-0.1342464008127472
-0.10373891316715877
0.042818178160144736
0.37183025848547224
0.8258571480317857
1.3343596341280741
1.6800820631968998
1.5974070629482586
1.2063409859700904
0.9424146045338616
0.8191194348788233
0.2992364517268004
-0.8137475100308502
-1.9212853722530148
-2.3492567097073143
-2.0715424798211193
-1.5005822733533425
-0.9272014984583166
-0.37869149837535426
0.15930456161258227
0.5217846568705399
0.4489200122284685
-0.07933267732895083
-0.7790812610117236
-1.4060416263957705
-1.918843457409438
-2.231584954962932
-2.1319459331785207
-1.5994710345382792
-0.9283134856186128
-0.3673448348212039
0.09582310403083173
0.5315793890220167
0.9622323331795414
1.3656143721353342
1.5668073256127257
1.3634973537960309
0.8261631000476339
0.3106202101017654
0.19370316134371268
0.5387808696540056
1.0163810367828598
1.1997759921220565
0.8298486569076284
-0.048714296227408416
-1.0739771907923388
-1.893283499553853
-2.363724300355205
-2.357780416932397
-1.867806536274881
-1.2581648996340475
-0.8488627685901535
-0.4545640396312877
0.2103312031944163
1.017999925478564
1.628559338387012
1.9046876186181434
1.956993818609411
1.9136139359135245
1.7798373578162037
1.4929677699137873
0.9434818139240059
0.09947193846907962
-0.7536033950246581
-1.1740975960068696
-0.9707618670714262
-0.31621634745829985
0.3773411914121474
0.7508095223202107
0.8187526919157622
0.7769911390356351
0.593376051563661
0.20079744660889517
-0.17748088038065163
-0.2925670988924115
-0.18189008958894903
-0.005881025974541088
0.1783281344150678
0.3525685775732062
0.40116105950929354
0.200299734902886
-0.0828595685823585
-0.07344085372756133
0.2016325951370688
0.2504209524878198
-0.17993284323746864
-0.8335496325718175
-1.3840624319298258
-1.6770907281944047
-1.5897304677685458
-1.076696711550342
-0.3578543448063757
0.1815379441813217
0.22050379257773517
-0.313884065454125
-1.0111084998508688
-1.163059132996152
-0.5534140493935062
0.24927174878933597
0.6151977847048984
0.4916131439308451
0.22210096555702513
0.06706011815946836
0.003513359092514485
-0.18651408372280415
-0.6931838369470297
-1.3639851625995192
-1.7189626819362538
-1.5296874815725323
-1.0818836185666711
-0.6868737917407035
-0.3731382400546979
-0.1577352748490025
-0.17833315933293406
-0.39906428980433356
-0.4995830234907582
-0.27643978244059136
0.07051772550295947
0.30887133001613887
0.5629931557238828
0.9280866054474722
1.0466530112086756
0.6036036316530347
-0.09787105107637714
-0.4564469308472239
-0.15648059670765568
0.6721149239298514
1.5210603154678926
1.757867368062116
1.1087244149176025
-0.08320718669475469
-1.1513495680675012
-1.7341561170401896
-2.051574316422963
-2.3724810384961663
-2.5147428790483137
-2.202882589406006
-1.5273295017790267
-0.7624063267693276
-0.08168167428542718
0.3658607751051812
0.4099767164566177
0.1455869266577183
0.0408453758346528
0.41832312811391276
1.0484921308649966
1.4524798356213722
1.3369083237168313
0.7564172382606604
0.04056928869750772
-0.5082403290714388
-0.860452392306543
-1.1904287937408222
-1.5578773510624793
-1.6662889103973948
-1.2040553898749793
-0.3952389802680585
0.22435425469880874
0.4475418403273886
0.5012230205461742
0.7148687527162217
1.1980237413534847
1.777642597112474
2.209027105326283
2.3089507150605386
2.0173160719084775
1.600751077069303
1.5409088454624298
1.8872270155018867
2.0743106368257758
1.6931309509865817
0.9082782808703154
-0.03255931664940846
-0.9593678024802251
-1.4725122285768737
-1.219004139913951
-0.4066889879342816
0.39330632520264935
0.7485674767469037
0.6161981697984766
0.37149646882466253
0.4087435330657397
0.6804349622694725
0.8621550254845097
0.7856677743652857
0.6312571099863977
0.7780973515501258
1.2962054746416667
1.7436160889943544
1.7326691219394337
1.372755643582167
0.9341027862322888
0.49865926607779765
0.13740538703770278
0.010251846028261636
0.14953616455635935
0.36934042921422516
0.37775511423470565
0.05952763915176985
-0.2610735912974813
-0.07474366694371745
0.6771581537366457
1.3809729085538132
1.379616929265544
0.7521083883828623
0.12480540003352426
-0.14620234894262388
-0.10728435807261895
0.21956610201167484
0.8088958647618621
1.2996902959400585
1.1451831674994264
0.20849355083545623
-0.9754673791888337
-1.7170366870763831
-1.8710254386807708
-1.8085627403446176
-1.8299974208697685
-1.8499538290398068
-1.5603194601721302
-0.8384119711580011
-0.028138500581877977
0.395585650739886
0.44029337375268096
0.5160103576943548
0.7713337274372054
0.9114252809814416
0.7301418009490416
0.44384533741613574
0.35499209108093255
0.5032962711050903
0.6724808898129625
0.5170236145131554
-0.10149509489289263
-0.7906212250424857
-0.9881054311744366
-0.6574267457545327
-0.2721011371210433
-0.16195518180811383
-0.23932613663673052
-0.3449009348642261
-0.45079043871562813
-0.4365885266374776
-0.09572453092552713
0.5106961639070121
1.0115275651031561
1.0646867648156413
0.6689668183687051
0.13380371045553036
-0.27354764698317624
-0.45341026463119105
-0.29225904271378134
0.26265622696937513
0.9277413653582102
1.2276078353287427
1.0616420717427597
0.8977721335305379
1.1564637746086353
1.5782394893659015
1.521086013993436
0.7467856530503937
-0.33403842614249724
-1.0644047866195248
-1.103838614186648
-0.7404473841209678
-0.5330178892832699
-0.5843573313357173
-0.5008957444814686
-0.06429521296486203
0.46417689707661003
0.7343651385732044
0.7625072621844372
0.897400404283248
1.2668509446343925
1.465258830180536
1.1231762441205122
0.510354127448087
0.16133359717227425
0.18580370901087065
0.29077910972734133
0.2780829783664261
0.23438966856827104
0.282405092385906
0.4352254620387326
0.6904764648575684
1.0107311900878684
1.2472005697966373
1.3032505156709135
1.317348309324054
1.4336001428887322
1.5566207181602645
1.5532630705000778
1.4137408068868016
1.1321241495447107
0.7781640870952297
0.6585635891876799
1.0043762297190215
1.5609851243364612
1.8956800413592712
1.9999413042913354
2.1823996670752646
2.4617318926780563
2.4830245462890517
2.0877172715064725
1.5796649196679144
1.320813008286022
1.3930036659460678
1.6224270929107876
1.7137455460988242
1.5328005542359617
1.2618807017832123
1.1179864954538823
1.0853034605073018
0.9957575139700255
0.6772936593784874
0.09043148480110251
-0.512189537019449
-0.7564275210805045
-0.6297234767478673
-0.5322014889778989
-0.621876239957493
-0.5344508724640231
-0.10152332674120526
0.2607632368529185
0.261341193620649
0.23343976142211134
0.5445806243700336
0.9740688542927102
1.0903665042344486
0.8575869832491424
0.5073989375512981
0.1394220767883018
-0.35138781677347886
-1.0645016324894807
-1.7478464038441868
-1.824019562951898
-1.079957028436949
-0.07685768856495004
0.4203572772986966
0.16174936976256166
-0.501551697425084
-0.9797527198881346
-0.9452591448861387
-0.6161304468422169
-0.5037284865416259
-0.8429102303828795
-1.2704924519098943
-1.1105783062220498
-0.07694660541590674
1.2984834706926534
2.0949382014180795
1.8997706745577576
1.0954568465437127
0.2754859397694437
-0.29464236561399787
-0.5270237209831695
-0.28388800467703346
0.3191492974736285
0.7491203472558233
0.5580379212573408
-0.19438180513725642
-1.0859071353269818
-1.6051932904093753
-1.3938193183826235
-0.5790169730325999
0.18569286385000636
0.27335247199636253
-0.2950738093753449
-0.8683767701315378
-0.8185149983109372
-0.17901772992282616
0.39266208932993424
0.3501881091654566
-0.17458237157343995
-0.6479731302059225
-0.7054133112292365
-0.3914602530597433
-0.06949370571041058
-0.02307230010711602
-0.0862633541046597
0.17010650930685092
0.8374059642897356
1.4612317829706711
1.5592424117775343
1.0956545023356914
0.3513213354610154
-0.42352633109447935
-1.1012297580036585
-1.491237416438978
-1.3037897987853642
-0.48295043706796287
0.524646462795854
1.00356605612598
0.5880175980602304
-0.35082058949241246
-0.9789625648516108
-0.6897038210474588
0.3554440590965976
1.351000179941763
1.6247670403528598
1.186357892741036
0.4971254816397155
0.05842616671827814
0.16942868373063488
0.7009728461593736
1.2153952246017705
1.4691328846507767
1.5754349115668107
1.6759866513025297
1.7379435888137627
1.6254132719924168
1.2215680502150776
0.5654589442616981
-0.08417960089298995
-0.3827979189015001
-0.2151634464230267
0.10941111405330187
0.13019089839900697
-0.26154708496631246
-0.72896653231189
-0.9406891945497544
-0.9219713859697496
-0.8493092399941058
-0.7529987631040943
-0.6415409011615775
-0.7252371408294991
-1.245718997031345
-2.0177320733083213
-2.3838726121475258
-1.9092563723764175
-0.8726841683089962
0.12469315979824157
0.6872729843107407
0.6956638375888785
0.27089821462899416
-0.17046216819494037
-0.16010545093106157
0.3327510691295017
0.8879936298016045
1.1518319746141525
1.1627595830875765
1.122023453851622
1.0695824607986595
0.9674478868421191
0.9018089881760069
1.0341117292723816
1.3816185990797527
1.6484243126069575
1.3988519651990723
0.5111243225696362
-0.7148981374975483
-1.8991054190398253
-2.8094036378538636
-3.3068917075033895
-3.2587044287278717
-2.668807873674502
-1.8278597544363806
-1.0524579714707727
-0.376489522471092
0.21803583819109776
0.49562617938763076
0.23690404096992906
-0.3612269484299771
-0.7858333058885641
-0.631473678739412
0.02133834468851219
0.6161519278442765
0.713910791163833
0.49199420986773906
0.4343265650252646
0.7329630322841736
1.2009666734362328
1.5243690621123664
1.4732538913286366
1.0774147957789264
0.637516340021658
0.47098278055236914
0.641607443853074
0.981126687854953
1.294284605678173
1.4008782908161315
1.2190443408400402
0.9511197056370813
0.8576702695820064
0.9029029311987017
0.8660232668849808
0.6429805932460402
0.366200243180842
0.24349323939432496
0.23746295536141723
0.09802905990235379
-0.23779756199723578
-0.5662158548179734
-0.7475282808575454
-0.8040032875472366
-0.6974898491802283
-0.4051467089500242
-0.1358429427372869
-0.05838233493796304
-0.021134317169133214
0.14461635090979605
0.34680656244080266
0.4623510287153004
0.5170403828309882
0.5422057356357025
0.5157943453835182
0.4582362201179651
0.43936618933255567
0.5397905993830074
0.7920574737815189
0.9811032204193287
0.6901833442997274
-0.15865264381391675
-1.0277020752751826
-1.2046582645985364
-0.4435693198024269
0.7674587476447459
1.645424851040986
1.878111160229457
1.7240267678503902
1.4673637252487624
1.1717407328741105
0.8657053329955385
0.6329806127566516
0.5251685893471952
0.5620034271847526
0.7770191444697745
1.0192338135345809
0.8980445936615269
0.33113607620851687
-0.21928519011652184
-0.4030323799688296
-0.4112350595036134
-0.5944107753353302
-1.065763593872169
-1.6416253659068492
-1.8392713134310366
-1.2064784937111717
0.06071602338133001
1.164643694080424
1.4835059732036746
1.074344362260203
0.46666610775153367
0.142062389747822
0.23962590623407937
0.6490156931883042
1.1635868728230605
1.5027140685808473
1.4260908460152038
0.9111998688309071
0.16101005828611714
-0.5048600817176909
-0.7947123045894126
-0.6392312427120298
-0.28283199215462046
-0.06186910872616593
-0.062463972811352166
-0.14570862628484924
-0.2393068494433928
-0.34636039388030515
-0.40778827876752294
-0.3954250884530012
-0.343037234381374
-0.17620040126518846
0.26546413801909613
0.9531719123727386
1.556312027814558
1.7575332122196328
1.6204655581346645
1.4707549954864538
1.4306881644533291
1.2778946660133552
0.8657505412639365
0.41629553103988054
0.1792053183795476
0.05584721061615108
-0.1705443323365956
-0.41986857582167636
-0.41870933938686794
-0.0842634155708499
0.44894794979778246
1.0725048735273524
1.664386471197946
1.8898578576145297
1.4934389224477536
0.7125847534493548
-0.04317003416782336
-0.6838196526345861
-1.212607832271196
-1.4097274507166142
-1.2047974543690534
-0.9876242453273045
-1.0925904163329019
-1.347891066967082
-1.4761204890568191
-1.5733070132606712
-1.8418572536469915
-2.0945682779827663
-1.9456508683195286
-1.3451822060836853
-0.5955824731325462
0.05942151142831946
0.6873684161289744
1.448186627786407
2.1976539599229254
2.5393714660263935
2.270634885843994
1.5724804772692609
0.7540976189989512
0.04394970949485932
-0.3209296984979889
-0.18618038322957772
0.20687474279641668
0.4219874827165486
0.3579010623684514
0.2491991658694538
