1025
-1.3018108794764292
-1.2535973628375756
-1.1690977579478412
-1.009716933121956
-0.829928501349225
-0.7215450779142131
-0.7128116801233596
-0.683034025002355
-0.4636125707538866
-0.08366989111811825
0.2435161741444741
0.43088585323540435
0.5896420653717539
0.7540331192324193
0.8132188677999588
0.7323492262511404
0.6258528920591198
0.636502484299916
0.8185797043971473
1.0252361346777037
0.9408452408923741
0.46741739495410767
-0.05801736599138069
-0.28980981364044484
-0.19920155387359886
0.17818931996514667
0.8132141033848642
1.409487849590841
1.5128142905204824
1.0263122594411702
0.35051042865521065
-0.1424514177449231
-0.4383271805043444
-0.5908011794195982
-0.5951606288211666
-0.5471774191706411
-0.5415798736585895
-0.5433076491960184
-0.5572013296548425
-0.6869747336625561
-0.9003270141508428
-1.0497070191695388
-1.1400603219020788
-1.204865305994184
-1.098635882052254
-0.7432569353683429
-0.30388266637354105
0.06931139366377391
0.4555684224338504
0.9978928062824575
1.6255053300657256
2.0993993287278667
2.260990643521458
2.0837918750357964
1.6502400293614878
1.1599919775114957
0.7509322853507319
0.406639954554238
0.1434443319395898
-0.0202272715163609
-0.24450531180167961
-0.7039594997398714
-1.3262996824389983
-1.843788186490052
-2.0568444561446637
-1.9446878513770958
-1.5862828580131685
-1.1358109341864944
-0.7131655366485045
-0.21479029988428078
0.4968953053935607
1.2606750801967535
1.7384480397442128
1.7406459415262898
1.3602798071477875
0.8736331837971846
0.4305954971523756
-0.021179693288803144
-0.4903263802030225
-0.9036733704938794
-1.1717655577754946
-1.1718863216787636
-0.8119006511115736
-0.06565006391006088
0.9752809606556471
1.932507067573602
2.21066597912885
1.4878732733806623
0.158103769056998
-0.9285938998241094
-1.2696395062545807
-1.0139340944412885
-0.507949484673989
0.07203458328795319
0.6519819970175726
1.096475799337741
1.2000686608630047
0.9571522142180183
0.7604497334898451
0.9219506450442484
1.1441614910906237
0.9560681964496572
0.39471088941685245
-0.15300904609584953
-0.5457462985213296
-0.9463265318954691
-1.3433752633618077
-1.4514557032942743
-1.1060056869634631
-0.40584995527039847
0.41129735901591247
1.0346650584038577
1.2888637475182483
1.3250581057602289
1.3301681845835291
1.212635168213933
0.8065619050804514
0.14781314134686643
-0.6063739116718602
-1.2942956523256726
-1.712527406680283
-1.752724825217871
-1.5504958486784928
-1.2724873986806362
-0.9620793259641139
-0.7389197849128989
-0.7732495776950106
-0.9784596658636552
-1.05896236579861
-0.8516094515915463
-0.4674298114930808
-0.13615024546461896
-0.033639298922731806
-0.2651937342930249
-0.7390032727429918
-1.0627284573615023
-0.9167960012939542
-0.3777064857410243
0.2708926878037493
0.7060793885999551
0.7005622760369224
0.4584719229967513
0.46476917654614947
0.8185608057871456
1.1120056225618173
0.9567551394083821
0.4140612005900686
0.007192356666359225
0.18362779483654781
0.7108347481506284
1.0211927176317692
1.0604707844882588
1.201973914800199
1.4607693795203363
1.4428199461437685
0.9239830916951611
0.014413777454642231
-0.9496896406672123
-1.5546108247156665
-1.7004995965749223
-1.6411763536642658
-1.4659637868881188
-1.025797111586048
-0.5234523954139776
-0.4894132548854915
-0.9602271891392969
-1.390272442570273
-1.3414097352391792
-0.8113531716380172
-0.1375423584080453
0.34364855902895336
0.653206897161565
0.9919285652849007
1.2532900214371792
1.1532628009217627
0.827226192997544
0.6484126650119415
0.5797156930302622
0.3770652670939918
-0.004908033103541921
-0.6175563881241812
-1.4778125476395314
-2.267630541191425
-2.560569605899839
-2.2055922790839344
-1.383044995792537
-0.488129021562218
0.06718455314585968
0.07855910042435184
-0.3122202177159909
-0.748166449871017
-1.0177611520558256
-1.1910664626424423
-1.4211315520869492
-1.7086935848810534
-1.8058206322019559
-1.4545172502571884
-0.8027942692603993
-0.314767161138966
-0.20429319545204755
-0.26638943149930533
-0.30548059991522897
-0.3398830168889903
-0.3231052717537267
-0.09900702611710925
0.27428266678567664
0.45613542026937476
0.15149542295217064
-0.5845494325260429
-1.322032453642774
-1.537052714281432
-1.0547957540268267
-0.18821718786909675
0.6001478357683775
1.017995296972591
1.0428427254502408
0.9196050484318435
0.9097493500892302
1.0287793866023314
1.196650935085339
1.3729693169479658
1.332096601156615
0.7392838949178608
-0.3163560177486251
-1.2392769352242587
-1.5568964569291224
-1.3432239011617806
-0.983441360612826
-0.8316265411764704
-1.028036987830669
-1.343002312115031
-1.3253151782887194
-0.8596905242923457
-0.39643540724632126
-0.39574179825240346
-0.7096219909020389
-0.7964382880596306
-0.4530746001967167
-0.01701756391736226
0.1739740510610179
0.23975825633902847
0.5151627066230581
1.0619635407890133
1.6098736219393326
1.8310733351672828
1.5699446289968404
0.9722561369506798
0.4663490227145327
0.4102194099723658
0.7042370062355681
0.9811198280198037
1.124071916543915
1.3042925668598249
1.598932886976415
1.8011133953390295
1.5913581438863895
0.8684794611894633
-0.11048695698583676
-0.9351767274918245
-1.320956183600129
-1.2768801192418655
-1.0839612315179883
-0.9604404905494232
-0.8668184634298913
-0.7689601435617632
-0.7387902878667069
-0.6995068161891017
-0.4703682709257367
-0.07463612721174985
0.2104574102315683
0.05342698056625128
-0.5497766288561291
-1.081195024138526
-0.9855347613699863
-0.28873303585702853
0.5050542238934703
1.0553511445314485
1.4737998305917253
1.9207307770147206
2.193815767954143
1.9328701020275951
1.0961846785962315
0.15807515078248568
-0.20420774828749577
0.20261976705440798
0.8852709386113448
1.3070477314322007
1.3477154586801599
1.0631760479654837
0.4912661362491412
-0.1630925643509173
-0.5271869613842266
-0.5257739012855301
-0.5816994261787748
-1.049384295688305
-1.725209233144804
-2.109860136527517
-1.9206101696277031
-1.2707423217413476
-0.4698204936043689
0.24804373348633096
0.7562696772516474
0.9089007412314241
0.6541074756819476
0.2603011288494363
0.03571596182497304
-0.08646490417450042
-0.35274976048196893
-0.7605685974002592
-1.0462769600062185
-1.0338665963500024
-0.8478877924195136
-0.7583825338255108
-0.890613358625097
-1.113454785178347
-1.1810843590307059
-0.9485489663762141
-0.4456015062243287
0.20376324992378156
0.8159812195279786
1.124966865867984
0.8872032792229274
0.13938971622269897
-0.7215667236142642
-1.2565274662846735
-1.3025876221156485
-1.0525767733223335
-0.9319909368253517
-1.18363359849424
-1.5729203226805393
-1.6299422932419947
-1.1418799351113256
-0.40808256797330894
0.02026916372076856
-0.08452200990725489
-0.36889657939638887
-0.3200295565785264
0.13795571059356412
0.6075397331790535
0.6910689242502505
0.38281696688776246
0.058323586039466
0.11955083864048371
0.5509578823689157
0.8663500837799032
0.6515222344958486
0.08335941649317312
-0.28237471260544283
-0.23205300053442088
-0.14589419011627547
-0.35932417239578024
-0.6725743328182326
-0.792822043043279
-0.7423408102439057
-0.5129260588138908
0.09685904734228432
0.9851708650913901
1.648988949147704
1.7970041843126106
1.6486192088706006
1.5471858009736004
1.522755381432586
1.3422158678007858
0.9213753995189942
0.4586564020617017
0.06731727358640809
-0.42848542995790917
-1.1296676710874751
-1.7284705453229186
-1.7658668731424532
-1.1394644994721481
-0.21437036835307793
0.5211398806199967
0.7960615337749307
0.6480788314993938
0.3522101399973696
0.24729339326197508
0.49541842628765836
0.9817079002560469
1.419633623170142
1.5065585932707677
1.1577206130451407
0.6275153793191681
0.26060938641418885
0.1811756215864135
0.26805445790272636
0.38337078756105997
0.46533471292418627
0.37262529294348135
0.0018121622120341814
-0.42067196809186785
-0.5288411585850182
-0.20612458700653288
0.3776014259795963
0.9486392610258804
1.3449811383534822
1.5126251979858794
1.3483402672660953
0.8505745065161132
0.24378401526514423
-0.20190741907903204
-0.27633668717467486
0.02147423753189281
0.26220424889671395
-0.09426008678772442
-0.9830047583047654
-1.713090109180984
-1.7545201222216484
-1.2162961640118657
-0.5513076345999659
-0.12814469271772952
-0.12655846251622851
-0.5585562494273241
-1.226674623457725
-1.7863469990833378
-2.051423555431943
-2.1616835871610016
-2.271470233458424
-2.2209006396259587
-1.779498434342565
-1.1423930228411
-0.7956566046042544
-0.8290037377189732
-0.7843317763466081
-0.2919300379459796
0.5025689638837162
1.220622014708263
1.5923956373792605
1.5293334320302774
1.1583060861154966
0.7162329147359512
0.41519303790712436
0.44446171691114755
0.8124036238843924
1.19685969179448
1.1558669173474405
0.45682727355755387
-0.667809160254756
-1.4664586339298362
-1.2563100662024436
-0.2797243522820193
0.5231809465678164
0.6724662887745473
0.47776676838498944
0.31162416898799994
0.23674217895533178
0.2759441584588272
0.41359528393651235
0.4126429657138745
0.09197165355125436
-0.44329031160423255
-1.037692579890092
-1.5305904532672014
-1.652359921371512
-1.3388354085110243
-0.8484622100632399
-0.36423201735667093
0.08060673893807441
0.39718857788281003
0.6230771119118009
1.0097032509153965
1.559745069838357
1.8594707567145081
1.595922582099117
0.9319800818673903
0.28214626554729033
-0.13963546385230727
-0.46147250350416863
-0.8302720216577151
-1.1251348239748382
-1.08999933265966
-0.6511678247426059
-0.12340133170694088
0.014263977603558088
-0.3394415760885202
-0.8110119316651955
-0.9226734790348584
-0.4117255058920611
0.540858974353954
1.392240987616109
1.832335977379622
2.077220614163888
2.3137325338909367
2.31922954643898
1.8760417633239217
1.1016930935433038
0.27778051734044357
-0.3192676874028556
-0.4623384983670074
-0.14932017219790392
0.26697025874831964
0.32190519628108977
-0.15631712953883684
-0.8787248264649125
-1.3414334387950981
-1.2962695315278747
-0.871560110657696
-0.2973989283548201
0.19996409889549696
0.3765232322880339
0.16937471333828824
-0.179116474870549
-0.34241257270153563
-0.2278396418428931
-0.09094888490807525
-0.22863735776737096
-0.5751539178772387
-0.8496900128570652
-0.9494528781406653
-0.9266202657346779
-0.8449498070425444
-0.7991535431199801
-0.7763367213011936
-0.543261079666614
0.047785746365162564
0.7730988665714612
1.2272585983751512
1.1078442596443154
0.4271829992068489
-0.35897479589785736
-0.6411132685169346
-0.1754999311614238
0.6557954803107754
1.1932417641990494
1.1717070486539298
0.8274059610385732
0.46767608262897165
0.18906311688813948
-0.1246738110023048
-0.6212013220207265
-1.2005330586131278
-1.4616414841881926
-1.1291986950668846
-0.43188217830476644
0.21833144138955113
0.6977953129630639
1.068323556152097
1.2857323049293774
1.2812141499388012
1.187857149310746
1.2259723449585034
1.3771707015549781
1.384769155698483
1.1095555099176877
0.6745520674115173
0.1410489080487683
-0.7038771552406552
-1.8884085884009632
-2.8112358200710377
-2.7815511293561355
-1.8736161379130816
-0.81958386225616
-0.21893239943096893
-0.167913818121104
-0.486794483096157
-1.0046391751242087
-1.5315992458942849
-1.7820201812721963
-1.6205690731574223
-1.2029145096358291
-0.7247208545704316
-0.2740423003865764
0.15390911954903863
0.658001281884379
1.2659337012544252
1.8004720485941004
2.0140827210826333
1.703310711782118
0.7664536828448134
-0.5370426843433924
-1.489651880053029
-1.5401895815343662
-0.9719711895465373
-0.4989990454255473
-0.47213765992827583
-0.8301212554935494
-1.288874471678444
-1.3755950884850894
-0.8526944295581415
-0.13922752010440748
0.08899856530404703
-0.40292583248384783
-1.288029870960137
-2.0173861245869404
-2.202299040194161
-1.8465013737198102
-1.1874299034999787
-0.38725056668110985
0.36646058644345536
0.7275149745111463
0.5451617279296701
0.1367643315633955
-0.07381153366431185
-0.07223040809482131
-0.2033412235001581
-0.5818829823128303
-0.8148899014308273
-0.5933277826638963
-0.21264741950610608
-0.07277100199727336
-0.08849681367689657
0.03671994352420094
0.3426799083553709
0.5704960327749238
0.4416315844650626
0.06892442510771885
-0.029872838263029246
0.37056070746729125
0.7559470450761988
0.5327290953910503
-0.20763769963277753
-0.9294445051320419
-1.2613369531526128
-1.1462859252301218
-0.7931593660665075
-0.5735274583456196
-0.6601033651000524
-0.8531192019055751
-0.8196480903630314
-0.3079704103141939
0.6463666444991282
1.5587432039592142
1.8371367995692478
1.3280042560699168
0.42079564666577746
-0.30227844636044493
-0.5652350592122746
-0.5077055775664563
-0.29994081004862594
0.022822460665265637
0.3578462751237417
0.553107383850952
0.6333802119440921
0.7331594245774982
0.8808783153112898
1.038585896557183
1.1299814244403776
0.967944433276963
0.5098866246606947
0.07826236286619505
-0.03202851647263952
0.07291561573583862
0.16853589115716508
0.19695747794838186
0.11963093349247635
-0.09563076783362841
-0.3132986623772342
-0.39456079097111163
-0.4401281037006481
-0.6720019521549284
-1.1794238148139398
-1.7226464012365246
-1.7734473262760093
-1.0588310274935437
0.03124557187850171
0.8523021501834304
1.1514362629736146
1.1331457600864938
1.0539245874015983
1.018660541444312
1.046442982579875
1.017195814259097
0.7568990111997267
0.41148383085075796
0.3640823465114082
0.6374580366832929
0.8386689662364037
0.7611816448815784
0.5926494937688433
0.46769031677836975
0.2655800697126284
-0.015537617993581821
-0.15974437887184548
-0.14397329545003298
-0.22063581673709926
-0.5683197287094657
-1.1414664820304155
-1.7315102932546937
-1.9963067808314263
-1.6714861619041486
-0.8985802752657748
-0.1216198117172894
0.3564103556259071
0.4523637119287801
0.08970434479769303
-0.634097088995896
-1.2148342288500626
-1.1427581521191439
-0.4446805990702638
0.4591600930134332
1.2268978400282902
1.5867459516679006
1.3140518642065495
0.701879758313981
0.39921994717555626
0.47993241957776256
0.35994032993575803
-0.33811538139496267
-1.325744038973991
-2.019160128238413
-2.0653633352341316
-1.4861046108129128
-0.5838157154567556
0.20032397830702603
0.5357437903661075
0.4759890570710647
0.38264413252347645
0.4750655892321786
0.6046598943999635
0.5112965158333496
0.14119270353964544
-0.3179598703862191
-0.6211518959098584
-0.6463781530953829
-0.4198070922317699
-0.06604198703176577
0.26378713685413
0.48396261760312
0.530990536296382
0.35893986310724874
0.07698298091402779
-0.15085863605176733
-0.27617826538483
-0.24711475465996321
-0.004564446870159275
0.33728545226048307
0.6307026785959372
0.85057504771682
0.9403184413020679
0.84817951992664
0.710031909072288
0.7006485752879187
0.7951810118442157
0.7809738540529383
0.44331101206876583
-0.14020202672004853
-0.5039790211262217
-0.21180756772411446
0.6274572478444914
1.3882733895360813
1.5235559516354718
1.0604874230975645
0.456322557789345
0.06522653252167658
-0.16100812615889531
-0.44152614171341437
-0.7445211779641568
-0.7687248733690767
-0.3544192842852321
0.26517493639693945
0.6831026825109628
0.6536845457300953
0.27455120323280785
-0.03711888203471203
0.049670615174510484
0.40700525341715804
0.7356598143798869
0.9590213986776158
1.039478687340483
0.7999067601222658
0.23168784850958432
-0.35531047445680264
-0.6882852445523713
-0.7663932154699298
-0.7046650675741238
-0.6005624401503277
-0.5557838043312022
-0.6206396655048954
-0.6401793007468437
-0.3964840309375376
-0.01745657077631999
0.09435066149027789
-0.22529271656204464
-0.7108769508895174
-0.926139454522813
-0.6869012683764596
-0.2511291454618791
-0.023685066506181168
-0.14582732254369607
-0.45058435809356756
-0.7386685623586264
-0.9123548371787038
-0.8475482897813985
-0.42805643484264005
0.21171968867804386
0.6861827116797075
0.6520669876531887
0.04916597958818279
-0.8358875312099316
-1.4517570802886484
-1.323731472361266
-0.5234292173730161
0.38461295333387263
0.9658725232002692
1.1732497556204766
1.0013740447497756
0.4179651982027929
-0.2288501831244776
-0.31285682994416947
0.28922508520442364
0.9616731377978188
1.0773713141363366
0.633939711627633
0.11960303752220292
-0.09557443527177698
-0.10578337269784986
-0.12214664550808486
-0.11313476974550465
0.026848398987590505
0.26628274474962665
0.5000078404074371
0.6977855968842842
0.936948405858832
1.237925639477356
1.4027651504719245
1.2407415530402943
0.8843772813591315
0.5175016697087785
0.015460178162797288
-0.7208932806968065
-1.4214533174297552
-1.7595668561569968
-1.6657821355283735
-1.247398468184249
-0.7281679607580136
-0.39814143865720747
-0.3091717889225784
-0.11847350521358639
0.48862025696456246
1.346731764057402
1.9933675772566068
2.054396591392234
1.3424917845079063
0.007153773935008856
-1.2960423605824913
-1.853670560208337
-1.589214220405537
-1.0152039990735646
-0.6309640706150428
-0.4813160186682991
-0.23613261788342746
0.23844342525138945
0.5691777866233171
0.37592973468536967
-0.14761512286581419
-0.459844548306309
-0.31511540329097043
0.08596431502667636
0.45477498083377393
0.6217514936203584
0.4689055514351933
0.004886449493796398
-0.5378040910272801
-0.8845703986333591
-0.9272018701234138
-0.7674304463933179
-0.6324552217361697
-0.6256188545683923
-0.571755345428948
-0.2773633197040757
0.17518284790518976
0.5332656592185815
0.6355802187013381
0.49403470494133933
0.21345113958866752
-0.10380618862718659
-0.3710451288969
-0.5044863005661467
-0.4657202305118287
-0.27107867246952755
-0.017173841189856376
0.1352448682250964
0.19556630036391615
0.39043255305821467
0.8084315096127271
1.2456520903844615
1.476305653118137
1.5161454292113998
1.5728848629516783
1.75876838253365
1.9167272939209035
1.804399994128528
1.3610717328549213
0.7685459458319002
0.3410919266592023
0.24138897236935958
0.34807522149750086
0.46422427042942643
0.40637928085112834
-0.01491642584121749
-0.7735740847726564
-1.522513974089264
-1.9079229975104144
-1.7796121675506282
-1.1536826972097207
-0.3059642354159147
0.28611134189967063
0.33624723537304274
-0.0007407511928829851
-0.2734418472312733
-0.1764278836217589
0.10664610547381011
0.17383769921224673
-0.0718760629602381
-0.37112871158626776
-0.45876506834551783
-0.39913842030806024
-0.44450436273092614
-0.5711516321112502
-0.5640754227121968
-0.4777035964540201
-0.615920759149324
-1.1510437199883001
-1.9059144413230502
-2.4517219733640068
-2.4820904248495683
-2.09268812698528
-1.5727780426732092
-1.0169135315130642
-0.30952734609004984
0.5243690656109615
1.1609013409350164
1.2796849297048865
0.8623630208732006
0.09363591852782059
-0.8838652214186562
-1.9823929374180047
-3.0268785451516647
-3.6662166957437985
-3.5536696965120687
-2.7590056748869998
-1.7492498308869247
-0.9400194850052083
-0.44085563119314347
-0.07174850894305819
0.3540319255813185
0.7408653255543318
0.9051396421121455
0.9040605417756182
0.9438176157766381
1.0732434326379772
1.0710044898907352
0.7073446334886341
0.1735286884239015
0.015837459913019703
0.4411450655679929
0.988592892907454
1.1361698641415812
0.8473136407541949
0.30148899010005925
-0.45038829928176294
-1.3402319186939895
-2.0755861161044287
-2.219550625971235
-1.556117304674786
-0.3995775812761887
0.6125626032086335
1.021987286533204
0.8350659369393637
0.4177388834822783
0.1728534017347991
0.2996464339894477
0.6659894563314208
0.8724176038018672
0.6494876315749136
0.1560968183472575
-0.3012983169944608
-0.7021465687676649
-1.2073974230026419
-1.7628027861483444
-2.060205896197668
-1.7877528382782986
-0.8687946414499786
0.34693917387760503
1.2076674377138013
1.2534341862846896
0.5360769651896337
-0.48929424030544855
-1.2912974883616863
-1.5838167647207502
-1.4298402946040452
-1.109542915352826
-0.9062120802904385
-0.9418524383343
-1.0973970908047703
-1.0288806304232532
-0.5053169048689224
0.1788926185939022
0.4633008583236235
0.20112144208527577
-0.27030796099287474
-0.64120923673867
-0.8180273806298977
-0.7627550770240699
-0.5154917136409979
-0.28324744818807235
-0.3150762928319559
-0.6279182105643002
-0.9520176031259331
-1.0898617005448559
-1.1172943391334922
-1.1129731694803464
-0.9005317698844593
-0.25341847710592963
0.6232252743243062
1.1544988666043279
1.0477414307674482
0.4990464346539812
-0.20772670250898856
-0.8772452030109336
-1.2419739856893492
-1.080837252173842
-0.6257797579161938
-0.5305712519108738
-1.1482743081926223
-1.9684862530666831
-2.097937228723661
-1.2619912003051854
-0.057055865628978054
0.7563279182728553
0.9192675802652066
0.6405689381077454
0.30798284320031094
0.23935735744354375
0.3818897589947943
