1025
0.7388603439686068
0.2625373529731133
-0.2741524944135226
-0.5000706309233793
-0.03809204155505207
0.7966504794565229
1.194986173874549
0.8718235667163319
0.3815046920940172
0.26512341724326455
0.3437961490395363
0.17294694116050555
-0.18164261478538876
-0.3177543645841196
-0.17456726654543053
-0.05435193382933074
-0.1673080724156336
-0.4546379966768636
-0.7237762522872372
-0.8050805215584137
-0.6508762129337202
-0.35241396386132284
-0.08324321683517912
-0.009037695773707883
-0.16545689947800876
-0.42455836541081327
-0.5517646903374968
-0.3615372667910229
0.026491869739378254
0.33004671797384594
0.5385929638621544
0.7604564650595587
0.8413079640441832
0.6474669425032884
0.4331902229804477
0.46812205156988707
0.5551292735057198
0.3365726452280124
-0.1644367548810568
-0.6367884775503749
-0.8667585909905187
-0.856854081481183
-0.7185491204301441
-0.5802699172073477
-0.6087398604084864
-0.9097685575900298
-1.2736005028597923
-1.2460849798162
-0.6433268168406558
0.17314781136355387
0.7408130107747649
1.0310862751689183
1.2852674275050862
1.4875997582121678
1.329588088915472
0.7288150319314868
0.07858850848498455
-0.17246514243342326
0.07130772220883703
0.5924451729890673
1.0250468317983463
1.0657797457737694
0.6722974711814775
-0.008439129268013887
-0.7292974958989296
-1.1298160489102507
-0.9923526218096991
-0.5219327230144847
-0.14466133043377752
-0.07610374672057618
-0.1449810901010122
-0.018463163749016995
0.38832789874969154
0.8122932290778407
0.9767641948871494
0.8907701321713906
0.7912272988992708
0.8896854049918402
1.220447242154138
1.6063663215051454
1.6813115587151337
1.1745554587343978
0.302244212267758
-0.3332410419414673
-0.29206753205343433
0.32547586482690066
1.0115570991252953
1.3492071334845734
1.3364199073544216
1.2146098718586336
1.1346250232471864
1.0461682032230202
0.8531055148099456
0.6384994944381763
0.5652679130563957
0.5090365257560908
0.16498937936662308
-0.39622915343539017
-0.7690925731232522
-0.8397663051657634
-0.8383082762139246
-0.8334420120844891
-0.6932438049909488
-0.4333953163927519
-0.21840019310469633
-0.18988667655428013
-0.44940341605983947
-0.90472280451577
-1.1433109140309605
-0.8628056581144307
-0.2971730985801241
0.07416134681503027
-0.0048232521397525915
-0.37196954740851973
-0.5171408839285008
-0.15530979110833348
0.24840497902818823
0.04929888457301552
-0.5976426345051933
-0.945260025438961
-0.6690140272894498
-0.0658598227885692
0.5273950231852828
0.9353368411923686
1.0235229650802093
0.8044979560180009
0.5186191897112471
0.4253431455102007
0.5226333399369354
0.5624433134837956
0.3838146814586918
0.029009883695137982
-0.5012434225418467
-1.2455371987328399
-1.9650491137988426
-2.179465324169166
-1.656958848113898
-0.6923851840442357
0.20466538641850807
0.7559313597428985
0.9561158406291752
0.8313243586215825
0.4154253780700963
-0.015267213486729552
-0.10153105997402989
0.06404598829778846
0.02625051001438026
-0.360781013905692
-0.8141268536720361
-1.0457056146022436
-0.8890216352701092
-0.34426319157475055
0.25220536865697296
0.5766437291712408
0.7756110065161489
1.063045398184186
1.1765875393012262
0.7950337488492581
0.1339797973875835
-0.383487966666388
-0.6889520774816975
-0.8664093071345019
-0.8454241937866028
-0.7614291922158717
-1.0091881132692253
-1.5411798061632525
-1.8109654955016627
-1.5941734315622715
-1.2132957469065038
-0.9355730185549708
-0.6726479670967986
-0.2972193692208584
0.09501808830091776
0.3538643081208183
0.5187061717598309
0.7033420791535026
0.766524539095642
0.39226603697928153
-0.39741479520592854
-1.131358418548234
-1.376828003254445
-1.1784909218619062
-0.9931191397860037
-1.1202520540689356
-1.288104167417313
-1.02706208787696
-0.33616423336460377
0.23975455034343224
0.19505133879329462
-0.39735816622259734
-1.0447402823980294
-1.4080407278642806
-1.5027314193147903
-1.4749377098823764
-1.4334279116801611
-1.4314948794248548
-1.46831608176338
-1.504813342831309
-1.4799684997090718
-1.3337262703214277
-1.1126851312171735
-0.9908642292566875
-0.9610160056195879
-0.718345812499752
-0.1616228727304512
0.3897413769721302
0.7291958976089695
1.0985237257424254
1.758704882293642
2.360551451239693
2.143658913857347
0.979396754552713
-0.2905117044830645
-0.8395737999413435
-0.6376209531715793
-0.06724259044158498
0.5851522044971391
1.0233710817319228
0.91816224223522
0.27548770653505983
-0.5207962689857317
-1.118452451266472
-1.3978716800780477
-1.352100154527421
-1.0086497954992848
-0.5424706915098693
-0.33881677594074744
-0.6146622632237
-0.9731620407612783
-0.7236554965587391
0.24917390670975767
1.2310143247915777
1.452543665308713
0.9023020370725797
0.23607588599188106
0.040560369771017145
0.36029758276365714
0.9028531830097636
1.4499324861622265
1.9827878829664278
2.501839319607435
2.8119858420248316
2.6709773722368415
2.135037530816479
1.5392318199456516
1.1148312732535215
0.7631667140779324
0.3059705621739432
-0.17824353535310494
-0.4048762686958132
-0.19240947400008582
0.3244156884937148
0.784187710267457
0.9604459963145905
0.9821736623055175
1.0553490048554524
1.15291279408207
1.159417768298722
1.019540730572126
0.7114689646796496
0.3328532965638129
0.02253630645529037
-0.24805685391528273
-0.5177961298042267
-0.6629089348762887
-0.6345312245600464
-0.5736199222058536
-0.5147390510268759
-0.24904764629037673
0.33237208407555063
0.9269670199329203
1.1147058056603112
0.8895456732887222
0.667587291792846
0.8439909440014713
1.4044620095036784
1.942192911803228
2.1115872840759207
1.958781027799175
1.7182081942471181
1.4740892618602053
1.1724208259001059
0.8143108056091519
0.4334437461603883
-0.0023933023420676493
-0.5135084986607052
-1.024880075098718
-1.3863013970174123
-1.4700553463774226
-1.3235599592734182
-1.169637212085943
-1.2019427291615368
-1.4241295756272103
-1.6543955317280383
-1.6776776093275616
-1.4070458615667256
-0.839290489718128
-0.02990941681278823
0.7769245416074348
1.2982758290529124
1.5439489741612245
1.7304529331418435
1.8689768989811335
1.7040967155381361
1.121636251373546
0.3647971990476669
-0.2263600636437886
-0.47968712634798577
-0.38422813019019797
-0.05521977235056557
0.24366487792433225
0.23700576390449266
-0.06021037888871137
-0.32181963194506275
-0.26248580111295755
0.23040008046078178
1.1583956890005198
2.214398583711246
2.7708989026121094
2.5355736592276936
1.936362578565556
1.4271347620108286
0.855691447247874
-0.03837510452382423
-1.0053678501224264
-1.6345755646264037
-1.8537989093430958
-1.7415159271435317
-1.2695101585587645
-0.45829027019128543
0.4723498591534097
1.2626200734037774
1.7888229887699008
2.0230787586794254
1.921586406590079
1.4338302129424778
0.7162223627042352
0.18280347209502065
0.08575165054009297
0.2887846301341988
0.6148840659287658
1.0228850424207563
1.4299175138178484
1.7299987227570002
1.8784314775409428
1.7897740372050908
1.3788052949653837
0.7705224110175457
0.20017608550100355
-0.3084130993412979
-0.8814152282678656
-1.432693740774759
-1.6565676354923964
-1.4490776100563607
-1.1118241620229035
-0.9895407134425164
-1.0275470763585959
-0.8816721571499763
-0.41422108013828934
0.1375506586912649
0.4602870913734019
0.462186050637427
0.2723654012263213
-0.003866035361946876
-0.37983173225980327
-0.75661916167942
-0.9174514188940872
-0.8434087964775513
-0.7538735451863727
-0.7999016376837111
-0.8174696184750528
-0.48967624300238266
0.13558794003563876
0.5334607092668021
0.3377618583466107
-0.1557491398655022
-0.3098897078967194
0.13277303802047452
0.7587073427396576
1.0026168787861292
0.8557997306046861
0.7377078062454387
0.7798209170786102
0.6884219583755008
0.2890518631242468
-0.1391336403494859
-0.2210862080707946
-0.05135528943311311
-0.019883100636675418
-0.1319027616936347
-0.04059970341505154
0.38125507421533916
0.8969998288892577
1.1325637166384874
0.8421289248807574
0.1606346532225866
-0.45659270310711236
-0.7150602143444351
-0.7244159337322508
-0.710032316396055
-0.7270339089822888
-0.6248858499846608
-0.21797946123594894
0.46796628646348676
1.1600454409873564
1.495072798584369
1.224128296106328
0.39212202883696845
-0.6134641576542643
-1.2182527878720557
-1.1289260688971823
-0.6920830894830848
-0.3966778330330383
-0.18412278462287165
0.23521148943328063
0.7457711312855089
0.9617990403380726
0.6816073492525256
0.0596528325998302
-0.5308634005320959
-0.9480458334657085
-1.4086953944407545
-1.8560803329115052
-1.7939882414617665
-1.1212202262891673
-0.374977087271439
0.05913924056162945
0.2964718232674417
0.47473320506487565
0.46860295796055246
0.23176646758915453
0.06653098686498629
0.27956301618905394
0.7531084088274408
1.0643697198708455
0.9197946344358762
0.4054192728914219
-0.13347453860860367
-0.3966116298088526
-0.22928124890276055
0.3144352350908331
0.7990152307874417
0.7283146278208865
0.20205551225550406
-0.2305484894050113
-0.36098704881279925
-0.45998168407480305
-0.7186147028470684
-0.9244494396512661
-0.7316010331645387
-0.13942170427935996
0.5151835844590402
0.9671527423242687
1.0865361180968636
0.766977019298778
0.16773568483981585
-0.2129293435042284
-0.06470517605670131
0.3316609833471561
0.4515307118391192
0.1479244458033763
-0.22536041509239196
-0.2073536530838069
0.2531732682465259
0.6303759480183043
0.3897255228289861
-0.33347619680219986
-0.8914278719314785
-0.8727240812297962
-0.44299682876767105
0.03439413436526304
0.35667212571670026
0.4273560154145449
0.24538055384971777
0.028382596340472112
0.03643622015843028
0.1842133659088303
0.12976003514253195
-0.2724875465705233
-0.9110788644420834
-1.5327275411334627
-1.7278362928932447
-1.210468815956248
-0.158226133617737
0.917418739728434
1.5482857152286738
1.6092519393591673
1.3894002293598529
1.275331846651157
1.273304997492918
1.070115556566558
0.6219412921549071
0.30280391810490376
0.42308365818241095
0.8109848841574694
0.9641754178423795
0.7145082120148537
0.43526150902758726
0.4109848315236259
0.5136926372754016
0.5262426483194692
0.31183055546617605
-0.1275427582168493
-0.48699961188421625
-0.4409133088867205
-0.10682208531943699
0.18812298825615792
0.35535703864631474
0.4072392230192928
0.2953302015595091
0.10767398682066712
-0.020688227302645426
-0.13370886440924312
-0.23762398594134446
-0.20414296123750555
-0.10451852307432741
-0.19966295352370272
-0.4866623802162549
-0.6167994404071974
-0.339833188060569
0.20803949892248053
0.701052366336737
0.9483979760018598
0.9819854128326129
0.9090101545017297
0.7968044341429371
0.7017977536998015
0.6506629846182989
0.5967508332198566
0.5023905906318193
0.39982419696738924
0.3403925990131325
0.32508052752970706
0.31291578270095793
0.3086911084027277
0.37585010332853863
0.5193731096063894
0.6456386039261628
0.6996823374189637
0.7564604690360045
0.8804195079823067
0.9387369963509223
0.7621324499202199
0.4671250232366511
0.32320749267778703
0.3668831993265086
0.44533551365641627
0.5054438655609019
0.5450358322195985
0.47741923741542397
0.33805189140934555
0.35493938212293835
0.5758317126562448
0.7313685640214782
0.6179760385538018
0.35950484401364013
0.1878113446909039
0.1387425612562027
0.10360400040756215
0.046109535628892126
-0.005604335291665637
-0.028693668648523567
0.04660203911234168
0.3005238231666058
0.6233627674564831
0.6830032159316209
0.24270302763993212
-0.4809096617834208
-0.888452305436732
-0.6085725678947989
0.12259509426271341
0.8364682694006351
1.2889316548692122
1.481868207639375
1.45245151589937
1.1551175513690524
0.5793731487986279
-0.1165202596490288
-0.6770657829618472
-0.9374545692985812
-0.8885634653634648
-0.5671627196595344
-0.08882752162532706
0.2573450071006803
0.2506184373480115
0.009301386786663559
-0.1672169307402691
-0.16191854023574578
-0.06061633092296257
0.11093269266180564
0.3511705244054346
0.5144541847977836
0.47681415293789775
0.29667420990638194
0.02318987264115891
-0.3854849466594363
-0.8465142551663055
-1.149910683717779
-1.068090479936102
-0.3740570771083044
0.9035548782243148
2.2318154012322378
2.8637676843825948
2.4707727041377785
1.381342715268227
0.23860247539186974
-0.35641499264142534
-0.12052250799447586
0.6257916101538146
1.1616472704398642
1.0484645062385758
0.5624773281412397
0.3598152298241365
0.6960086498183342
1.149905992267321
1.0901311583710764
0.30683020188207744
-0.7186999985183213
-1.2746590325025298
-1.192981069475594
-0.9015864773816649
-0.8036868662145208
-0.901004897012845
-0.9584943936967463
-0.8851915349564717
-0.8125286204639421
-0.7742376063666366
-0.6336951482998409
-0.407667325318884
-0.3131172530420869
-0.43398968116882775
-0.5704195474474408
-0.46215029235401933
-0.08751433584330372
0.2851114502149439
0.3379814668983973
-0.05064066720106644
-0.7519741831161146
-1.4132506820488406
-1.632958394537968
-1.3124632463035621
-0.7221094923790262
-0.10736115597417657
0.5499421568747642
1.2648484282014767
1.8660833505970966
2.21531197275482
2.2779357543941585
1.9790053866907509
1.3688697592239112
0.8265113614849158
0.7045700055988462
0.871341578604926
0.9013176217770053
0.5906857573683214
0.026390801924293394
-0.6482419452553766
-1.2302642266155754
-1.460723183844499
-1.2665160913858724
-0.8479831721855722
-0.4855989920434487
-0.2997850830630417
-0.12770824372061226
0.2665796668237339
0.7882365170807304
1.056621426829517
0.8593444587142259
0.336630327443613
-0.21530869536179126
-0.6164670478581219
-0.8323947121185908
-0.7948937674471236
-0.5585384266797003
-0.4880377804828858
-0.8373755988817493
-1.4220905890083635
-1.8621972329293761
-1.8604289625168597
-1.3756266258882341
-0.6755814606055781
-0.11564313477042716
0.13004292377569474
0.07910270149644323
-0.25457700994714005
-0.8325473280131543
-1.3937474587061383
-1.6100774618409561
-1.3113076575803564
-0.4980992254227171
0.5114239033064714
1.1319532040749385
1.0357560711684937
0.4702105414143719
-0.010187383845747227
-0.0624898955801654
0.19761266767479913
0.4258697564312539
0.3780626177936748
0.06040106718698556
-0.2866215401248914
-0.41241721170420564
-0.30134460911597305
-0.09613999585201169
0.1877212473685234
0.6423395427616732
1.1104553240134034
1.170695393314943
0.6389108976847208
-0.16157761523526148
-0.7298595196327795
-0.7765060821785236
-0.2703220094806601
0.58734527612339
1.3645890160542038
1.6349894007228898
1.2974840391044673
0.6216821915198065
0.025224610184055106
-0.15935908268219856
0.1461646167409683
0.6765577924442908
1.0467689713742754
1.14429546483551
1.1416622146947346
1.1208518782204915
0.9147981277611019
0.4311364792797933
-0.09140667224473434
-0.3554484110386631
-0.36980247044402964
-0.39327363735141746
-0.6794815224203057
-1.3047691326508835
-2.0419257643175337
-2.477694424857766
-2.440803323716213
-2.155703072459474
-1.9313439474563754
-1.9053709158880507
-1.9753327270118295
-1.8425661040221817
-1.3272850069704643
-0.6642530519839465
-0.25613121795494054
-0.19730725903792112
-0.2669923662970893
-0.2518880513910316
-0.10060938265390905
0.09835487742319099
0.2272475203724074
0.2607106815234141
0.205897917642557
0.008503908816315655
-0.30820994558885656
-0.5417127409511391
-0.5588299786239435
-0.45655977738986064
-0.2681173699223939
0.1549611823686223
0.7197029735985381
1.0380088930393558
1.0244038264601558
0.9704991629672638
1.0055414810931016
1.0181867115127514
0.9581060213980146
0.8957991056721536
0.8760176162593679
0.8154082959194072
0.6267126209949738
0.4062037452264368
0.31093853877476907
0.27703220720703847
0.043701496373619086
-0.45934799727165815
-0.8875220016815799
-0.8432498846265808
-0.347392739864262
0.2417620087246242
0.6250351434394819
0.7064725640632094
0.5865437498719916
0.5835612644577486
0.9129396177024449
1.274318518354108
1.195744024164247
0.6672552355613299
0.047452670824471
-0.44327377391599204
-0.8826246761299277
-1.4216957923368148
-2.0050349773378398
-2.3157511699813877
-2.0912818659521024
-1.4036560338178172
-0.45784779543904935
0.5825331404653895
1.3757407817560632
1.4746361095443619
0.8458431625064983
0.05114052906316917
-0.23727425399710617
0.10235994667840305
0.5461719303026168
0.5944584402443637
0.3822037899263106
0.3810829691624173
0.7035766706037577
0.9895064251708118
0.8607189502508636
0.3274549507176862
-0.24789574097907185
-0.5204248665446835
-0.4136571975005428
-0.060826400800882786
0.2818063633980915
0.2985101930468903
-0.15881282943954247
-0.8947967433380553
-1.4598259742835658
-1.4372929235936491
-0.8213918699208447
-0.0854988869391673
0.28433754555226765
0.15219658292310131
-0.34720748259812223
-0.9014762984725897
-1.1341905053709798
-0.8612468227660494
-0.1982946924336107
0.5530396851165217
1.1023423599775082
1.314572430558376
1.1693739195181523
0.6732870356409818
-0.056329197370903104
-0.6974105878933046
-0.931517099057137
-0.7657883255363619
-0.4732003332855827
-0.2698990599232223
-0.1953700031858689
-0.18583522168648242
-0.13863765793663052
0.03188639510905888
0.3042451480768754
0.538665538277945
0.6007742225325583
0.47963359111129483
0.28696477161312567
0.08534655393998161
-0.2970218899993987
-1.044868422009692
-1.9072574515181129
-2.403166624846729
-2.451239442708043
-2.266965419811943
-1.7898782642177034
-0.7782735826776147
0.5850065917929865
1.6249491457321477
1.7536285882447638
1.0248947644764808
0.2030398485492722
0.07574728480864598
0.630200145653687
1.2366260557149937
1.4770699441616064
1.35126455861332
0.9691760682020473
0.5047655416983282
0.191389895209798
0.07325815208248171
-0.10413263736679448
-0.6539363561212759
-1.5623431319684264
-2.400803959839661
-2.771761581218737
-2.727549287451363
-2.5716680744847698
-2.3910416320316648
-2.059706380865176
-1.6568761684058624
-1.4567500832699525
-1.4539462154314629
-1.3343106464770562
-0.9857099610256222
-0.7026936538809596
-0.7477204221570911
-0.9172773874167252
-0.79021799265759
-0.28746303227353687
0.2755157131336842
0.5219132384326366
0.2378076237542641
-0.4379934937872555
-1.0244832641929378
-1.1914265811261044
-1.0949111442584343
-1.1065057162440328
-1.441942330428953
-1.951589490698982
-2.1324404320893877
-1.6062915030536589
-0.6262759438733649
0.10813193665607605
0.130605509830092
-0.3743037533925688
-0.8358241445393707
-0.894663609951943
-0.6434372240295702
-0.3885748913186767
-0.31906375896773037
-0.39212090171442726
-0.48032299691914687
-0.5578547583548881
-0.6411924781488033
-0.6292500534138668
-0.4009622329622056
0.00014726994228776797
0.41248961492472164
0.6546152532862196
0.5109332153067669
-0.07807689448624698
-0.7248946523432979
-0.9228818606655601
-0.6259964556890887
-0.12454355632043118
0.3725378129077821
0.6882958797836751
0.6050637698163948
0.22611303285579984
0.002256769916837454
0.0697057087408877
0.03745336525278643
-0.35894496462061826
-0.9001406480127623
-1.2389877754041587
-1.2148233969878959
-0.9242233665642698
-0.6687248042676797
-0.6078938531024619
-0.5301348396532557
-0.16096654860616527
0.49559022485966797
1.094452906298644
1.1492964326278996
0.5370085120228876
-0.26536078282247477
-0.6644767608656342
-0.5632980856948813
-0.34181188057981593
-0.33267708090040565
-0.5469894305176178
-0.7735796473637742
-0.6622356517697595
-0.01876539876530865
0.8064984515010307
1.305163428722911
1.4273157574165958
1.2827213142978144
0.7971676414164801
0.11796575199362401
-0.275018736377704
-0.11889427136497466
0.30105179509735536
0.4701046433291598
0.26081145377527026
0.08606351766012614
0.2820909182982422
0.624796011260192
0.7769642635122473
0.8759560851302912
1.2315932049247071
1.6806253721003344
1.725403030573113
1.2434205380023762
0.6305953431029161
0.2536649348163702
0.17135193342655233
0.2889487648024818
0.46253203035131474
0.5584409309054191
0.4909003270001909
0.3109283767782422
0.31532827309572675
0.6938891141964885
1.0845977246413698
0.9761377669577932
0.4270774442234505
-0.11952258395899648
-0.5208635665685004
-0.9378917278583486
-1.3364676622325269
-1.3665537299897579
-0.7368944614262011
0.4478278506710475
1.7410676693606169
2.635978072777227
2.8368227820701035
2.3903154956006993
1.5591366612217412
0.5390213400718626
-0.5647684373554643
-1.4322861568022722
-1.5659965223097563
-0.8617251369981325
0.13113112425822718
0.7294479753305456
0.7740017779847631
0.6017369626704219
0.496801172789307
0.5021634829179131
0.6558901856075444
0.9438257444228801
1.1006559746098081
0.8534257295674047
0.2963760476359249
-0.13742279311630964
-0.09249133228381609
0.2821867412036836
0.42186173583741077
0.0034975400973564093
-0.6911887027172013
