1025
-0.7935644647552196
-0.41631755833720285
-0.0720661319372162
-0.007682872130598203
-0.24391846147883428
-0.6999315241486684
-1.0528764964268837
-0.990052787556998
-0.7111742195042149
-0.6446052519363711
-0.8213262011620565
-0.9964202092581848
-1.0661015908385028
-1.0957380640509158
-1.2392433355107253
-1.5404950377260591
-1.7557916618788667
-1.69855913657725
-1.5396727165570132
-1.4763630309817222
-1.4095873260735052
-1.1072629310437856
-0.4637298739048351
0.41165710734529753
1.145988608500351
1.2305946592373143
0.4482800412989837
-0.8041986622071555
-1.679374115073548
-1.5265993196972563
-0.5086543921507585
0.5559270064711177
0.9707905130156577
0.6577069881581451
0.05478148984770477
-0.3327872309182489
-0.380751349220618
-0.30339224964779443
-0.2445544655408962
-0.17843841632187613
-0.018629761278373548
0.3678200215318111
0.9226620847944138
1.1982218623608227
0.7731306399424248
-0.2510989881976838
-1.3706783941114156
-2.116986032334211
-2.324226899974581
-2.154748443376126
-1.860426431053401
-1.5017850685204677
-1.0615539670811687
-0.6561863853098406
-0.3583718473565743
-0.10000776345663576
0.09389379026672376
0.10644266988684675
0.0002626013511086725
-0.01733504305079543
0.0464063949625275
-0.0650372220691869
-0.40624662428917113
-0.6417856687322491
-0.49500246167373874
-0.10150284173158265
0.25097971583096396
0.5371136533320136
0.9351657320164634
1.3771996246225742
1.492440257510673
1.142129402413159
0.5937293430942238
0.0965313905216788
-0.2089551720454855
-0.16048848698384885
0.21502717458528614
0.7155465043046442
1.2532596838087604
1.7761889192377376
2.038484375296905
1.7926419016631667
1.2515517042551765
0.9966364286363663
1.249489013345026
1.5793435199614498
1.5087592027694916
1.1243030173016941
0.8430625018312865
0.8217902563065633
0.903823494129145
0.94160659873151
0.9188182860707771
0.9073024998085947
0.9331814463765316
0.8194792262340354
0.3975720069980282
-0.2011036559310627
-0.75400422767689
-1.227528779552905
-1.6206165056783188
-1.749611122903542
-1.3518823850179202
-0.3893316418754144
0.7702341453772084
1.4999443565355866
1.3954590215039278
0.8053226815442001
0.50957275116243
0.6908780899962091
0.8668020594611476
0.7548892124115546
0.5005105972223476
0.23981095678167677
-0.042289656576495166
-0.30366433765337186
-0.39539403426069564
-0.18640448349020722
0.34183907010772413
0.9733977446788272
1.30103677414966
1.0809044374000722
0.4694760492524151
-0.12034852177804481
-0.3736083361170627
-0.32211460899014643
-0.15765984867768107
0.10893269582958634
0.5113523723152553
0.7778420830800967
0.5239646273804713
-0.1908749517389584
-0.8087401604159707
-0.8683186557796629
-0.44720983265353875
0.04914963414235734
0.29980413002726863
0.26021202134371985
0.12453882528941357
0.032640446436593536
-0.10801058022319807
-0.35872108377244344
-0.5167418889377055
-0.3008014981423815
0.2920152262167874
0.8434327841005282
0.8339305233110029
0.22727741756120665
-0.4836051124089234
-0.8665483779713574
-0.7947613189170661
-0.28580892009152614
0.4438357257091021
1.0327285403795867
1.3147651514644447
1.3564221512535897
1.2085753410350761
0.9299173399659825
0.7426171058968012
0.8679395138901765
1.242978356232665
1.532994269022782
1.444422409948798
1.0019290672669545
0.46698365045876195
0.07901039534423504
-0.05310347185598262
0.021568417542101214
0.10331064911419158
0.011359404348361309
-0.17633654522727363
-0.17688800570344212
0.06538850618277586
0.19117261299665042
-0.19399891186718127
-1.003239696956037
-1.5873701905338617
-1.4747573283080877
-0.9616951323993786
-0.5314819367847975
-0.28538958896765637
-0.18911556941993576
-0.20968721827054526
-0.1689831940094295
0.12458037797128639
0.6189416374158717
1.045797634720646
1.151393647818517
0.8235536531155941
0.15560756241476517
-0.5392953466605422
-0.9958934911434331
-1.247721700549368
-1.4780369554278434
-1.7484258803580441
-1.9377023247925322
-1.9000538100964293
-1.6126724741574894
-1.1432042720829565
-0.603428998814391
-0.17785591867574885
-0.09682602547585312
-0.48722741624628196
-1.1863189715880578
-1.7999328027605463
-2.0254394193621974
-1.8160920250960124
-1.2790513913278403
-0.521036827447758
0.4126159228118807
1.4386889366666296
2.2719329575639273
2.45822924261661
1.8303015684940898
0.8350723598507812
0.09149173742210834
-0.1827918456673364
-0.13499081171225305
0.048120007927558536
0.19591833496389763
0.08818910546743552
-0.32958286758103167
-0.7701630069231913
-0.8319769114148896
-0.3674647424759962
0.3546629515101592
0.8452700211383011
0.7375053826620624
0.031204293542566052
-0.7600669413204549
-0.9606037244048163
-0.5393131190598591
-0.18695253505561976
-0.4329464276649504
-1.0912179126991308
-1.6137418238804861
-1.6268521330753232
-1.0897218939467759
-0.25272673200440937
0.43863598611909743
0.6680118284901757
0.5629999107584138
0.4742934965669505
0.541739375937
0.6822984035977586
0.7659781250439543
0.6291116162022949
0.126398684551328
-0.6535040698518099
-1.3653454764374557
-1.7283997367373478
-1.7292704268390517
-1.5024427313237176
-1.1413894155205946
-0.6530583911935487
-0.0774283114986128
0.4140203482435035
0.5898401866755179
0.3721670829878443
-0.03140821353533048
-0.2928802194089664
-0.26993611189978894
-0.09660734202926116
-0.031020565171303402
-0.31975693921589043
-1.013485253581817
-1.7425885989104568
-1.9736968137216122
-1.6460493187580365
-1.2411214754454958
-1.151879304501596
-1.2834745674312817
-1.2774482555195315
-0.8410695883157013
0.06546873655196299
1.0616697073607466
1.550115538780509
1.310231870886408
0.6973191604581485
0.23237224773303172
0.07978063011383275
-0.08362938884535905
-0.5684113736038436
-1.138476929830346
-1.253884483173932
-0.7250784133637368
0.12027070098951839
0.8131579373246657
1.1570320904061
1.2745705155579117
1.2304062422321091
0.8309362903652949
0.07767967261555504
-0.5536608376288863
-0.673275005309552
-0.3547946064136833
0.14279189235362996
0.5523242813205655
0.7365919363932768
0.8942192522652372
1.2224570085790734
1.4996530500499288
1.4549019480511323
1.2094099785658174
1.0737094124080366
1.2027553558374677
1.4791650085046968
1.6415904309591967
1.587655010814324
1.4575870720797601
1.3757111857585151
1.3346518765615962
1.3845656404386826
1.6303479127146348
1.9423792650580247
1.931037195402503
1.330032198912583
0.32761740494786995
-0.5395183276934499
-0.8343813264606021
-0.5639775850927816
-0.07704070359378064
0.376756390406529
0.8411526368464791
1.3027570516215314
1.4689060917888297
1.1395553041072781
0.5183102391738429
-0.029478373480370065
-0.30044076439547945
-0.27075605864312596
-0.0744396002994672
0.03904456245968808
-0.03663017239482136
-0.22664219437303293
-0.5672632832173109
-1.0667398959903878
-1.3753633385110013
-1.1388988554330417
-0.4582262590470237
0.3091454890431161
0.8608859448184413
0.9541461210268344
0.5446202141439983
0.013430318831959701
-0.18417946945129798
-0.11625326245380088
-0.2087290603610421
-0.6197094658659168
-1.112616326358529
-1.3977624448786776
-1.3889648752461006
-1.1460847367929194
-0.7747200787377916
-0.4371140106330299
-0.20580684698615578
0.08040843852070644
0.5529322121876892
1.0146151675115036
1.139295064980122
0.853439932055599
0.4266303792173387
0.2394245679113244
0.39837320361625217
0.6483092184922208
0.7747796970624237
0.8541648028459502
0.9166029441168314
0.7357393183659323
0.2737355675595543
-0.07149861328426994
-0.007586310090816825
0.1908853215700615
0.07723815875685619
-0.33363179469351784
-0.6456350379057257
-0.7098022307228468
-0.8699356575607868
-1.3970545062681081
-1.986628092136692
-2.1312411101229265
-1.6132314174604487
-0.6055451072871679
0.3691018565856563
0.8829288004516158
1.0544637537225738
1.2014343434667778
1.2782221188876548
1.0029534375064129
0.3698733898700973
-0.25490877047516874
-0.4885393718210321
-0.2043143108866707
0.4553165540156406
1.1945076591471633
1.679308238829964
1.6232771994454638
0.9500015539790906
-0.06073321449799567
-0.8938095663452591
-1.1015610027241016
-0.5633390705099527
0.326137579794047
0.864862794665333
0.7237125883033927
0.22732946513766178
-0.0987005230143232
-0.03337311333805948
0.2381651405210849
0.40183768955245924
0.30445345057141815
-0.009981931093940206
-0.3121757457676124
-0.3872240748844338
-0.4131909292512965
-0.7485577033230926
-1.2963519787549547
-1.5540352248847376
-1.3181292377859484
-0.8894871580765217
-0.5399213510124953
-0.21935912761290818
0.1421689815609002
0.4356686752271501
0.5799125888343979
0.6665241554705269
0.7772116901263364
0.7910357101117745
0.6159872958517977
0.42221223713917533
0.3263422473167813
0.27115252405765733
0.35983385301987236
0.7449254823400773
1.254323498474983
1.505156686762339
1.2280396851285205
0.4308021191778188
-0.5638915730540993
-1.2904479447413806
-1.5091049787672561
-1.3932072348321407
-1.2711880855974451
-1.319758692516109
-1.5617396091476594
-1.8799320416392153
-1.9834671065070464
-1.6614422399867765
-1.1308042156402356
-0.8812318445734445
-1.0166952780573166
-1.0902946287491597
-0.8912519938737067
-0.8322835878607074
-1.2253771143590266
-1.7917979648557745
-2.0884579198030195
-1.953883711431119
-1.5145303677946846
-1.0085014097434153
-0.5444739383148209
-0.053315050472210516
0.40646044131510034
0.47268841747545254
-0.11886722307377566
-0.9657497262733896
-1.231569031376085
-0.6262046923949764
0.2701927217839817
0.7557451604563394
0.6518328240204049
0.2728229989454345
0.028237871587517987
-0.057638036969382835
-0.24709830717312867
-0.49896147529624935
-0.5898342556455107
-0.6255414333600937
-0.8109797504359811
-1.036959739454306
-1.0996633605653752
-1.118936011302202
-1.3275998775500761
-1.54478945460733
-1.370819063316437
-0.754471272021239
-0.0045231359838298355
0.562453614538219
0.8283118561501968
0.8708982921227932
0.8582742919721428
0.8710443145937898
0.7767374757428216
0.36224726611390773
-0.364459223419436
-1.094281967889592
-1.5382103601684654
-1.691782146249186
-1.6115566045141856
-1.203559145091942
-0.5448923889440453
-0.10908847234026664
-0.2618886038150275
-0.7569168015565197
-1.0542285281651633
-0.9265964055317496
-0.554069378506406
-0.22304199048058437
-0.10609980569939738
-0.27324473277932165
-0.6956771819731679
-1.1415606628472594
-1.2742813338037313
-1.009599262488947
-0.6560209573595993
-0.5929859497537868
-0.8791836092897568
-1.2079505952916605
-1.185721268086761
-0.661041535065516
0.10907134604018862
0.6424092600446364
0.7284966797068791
0.5985766334549165
0.4851332182601014
0.2877540650441256
-0.1761669528522804
-0.7943249716625725
-1.2536676366167903
-1.4578560203957711
-1.563178787818592
-1.5931216214642836
-1.4468312019612304
-1.2838146683857101
-1.3580818112702349
-1.5591499377001339
-1.5975196393839628
-1.4601145087983385
-1.2583617669247755
-0.8129664557872085
0.08169278583478998
1.0527062034265262
1.372354408540081
0.8292745179785076
-0.006470818931086296
-0.47742384600722143
-0.5298728103156938
-0.46094002609199547
-0.33746324110462644
-0.12951744535750545
0.014509582180272375
0.052801357361079396
0.1469830678506794
0.3383627796945985
0.6329081791350346
1.176575947985994
1.8794285120632455
2.300662958340008
2.1767612450382914
1.693615316599176
1.169469911668054
0.7296327535617108
0.4044064639334569
0.31401617605657317
0.4818376630823546
0.6368824083587341
0.4916935207188101
0.1739022591012327
0.10752519177493898
0.4613295629358861
1.0114155176417652
1.4780528445250294
1.7191810637576075
1.6535326647097428
1.2048938186255687
0.4024797938440293
-0.509212520952547
-1.1553699384273795
-1.2296574470389598
-0.6601868700535471
0.28796074774411695
1.1978818761673873
1.8637411804289152
2.240910139176359
2.149217532525079
1.4417111165398628
0.36863844427886405
-0.6501472126307358
-1.4743378885199316
-2.0598960157539725
-2.1508506807729866
-1.616016972649585
-0.7842251830426155
-0.10154452713482463
0.35166902420400314
0.7544306094051227
1.0616433379144286
1.0194088196635014
0.6332445382443123
0.15264756861016984
-0.252001692544405
-0.4837217964500334
-0.5094449593696906
-0.42751837018529576
-0.3955115015123026
-0.5730518245249668
-0.9987540817460426
-1.4191194786116175
-1.4959938986084156
-1.2011835060786773
-0.7495035463574813
-0.3315439869917294
-0.10204741078754334
-0.12479464043520033
-0.2790420654592175
-0.4320722282350876
-0.5672970005439147
-0.6012510597982551
-0.3257392892170469
0.2764489617276453
0.8611870790287887
1.1120603924534573
1.070036159727141
0.8632052355530159
0.5542512842022017
0.3237293468925755
0.2989181726675813
0.33553546008006047
0.3049426989451875
0.2918521008178727
0.3411974486165467
0.3927054414266436
0.5137257953847462
0.8546068565294918
1.3611105039698026
1.6939055218418144
1.524769325646905
0.9433034574897259
0.39836476163743473
0.20134208552778252
0.2997220287766294
0.4773425878554912
0.5954622635627117
0.7076428653659301
0.9200591200254667
1.1307714529957018
1.1040096989299266
0.7216887928065825
0.04369580398681164
-0.7278487863197608
-1.337313236318544
-1.5793461901201502
-1.353150104168074
-0.7304375062892604
0.07773152357872325
0.873007325955082
1.5276894199732765
1.9552033494099532
2.06386480022981
1.7618630948567384
1.1348485638483945
0.5355579450147497
0.2512030091030377
0.15962080373470527
0.004091292547634556
-0.07387105881377574
0.2988513271029326
0.9900268609749019
1.327353827274167
0.9466111940792006
0.14605298790909202
-0.6496986955060471
-1.2777151771639423
-1.7271556104704349
-1.9954772459866505
-2.074190292100942
-1.9826787139403017
-1.7773434166674178
-1.5236663021097554
-1.2373631977213138
-0.9080826142471992
-0.6687924816259987
-0.7261514870632066
-1.0467743439083876
-1.3618340812587189
-1.3957137236601413
-0.9497437658215699
-0.03758807344067155
0.9261678453432356
1.3318245472512737
0.9794009305514312
0.34516823195718355
0.07071185149174372
0.32881297251268726
0.804298280903192
1.0414847678110717
0.6789404441068965
-0.3233039453073363
-1.4819187296692078
-2.063831243709272
-1.7440713353554036
-0.8531384279747017
0.03524939909210045
0.5343014143941729
0.5553981092102594
0.25827580079750234
-0.10399584968884981
-0.3739067564923266
-0.5966603041781948
-0.8685553011486142
-1.01365916054451
-0.6571377105721325
0.19263785685236925
0.9102050590740132
0.9846226290251849
0.7236059206621532
0.7177786213581457
0.9286774265433503
0.861036529625333
0.31264815980614574
-0.4649358762962244
-1.0787484676483075
-1.2371479155721694
-0.9101170517501774
-0.37590632140041597
0.08344448729373855
0.44178619599894103
0.7146637826041407
0.7914764443284146
0.622214585414604
0.3667507858712097
0.2681349699450807
0.35881119325875044
0.37812738040999444
0.09851264651157815
-0.4094630731029788
-0.9095274809468868
-1.211728898217832
-1.260101824951691
-1.1353586141925358
-0.9632727624538822
-0.8413219853225582
-0.8238673939395342
-0.8853423839912071
-0.92843033576864
-0.8329794801772065
-0.5310300724309486
-0.1788308001960248
-0.03818112576560173
0.008140890919356283
0.3356901999282254
0.8385727167739263
1.0047938278735007
0.7603417339427309
0.5311253200058507
0.5479075407314311
0.6312887516844791
0.5787822645934604
0.4040232798619067
0.18932066085574545
-0.011829326091111028
-0.03438047634858478
0.37564305173025336
1.2324502881080492
2.160357671805466
2.6512716751365253
2.4046750088844404
1.5955114565929012
0.8125491002482194
0.4377503323669969
0.26127032864786986
-0.058205046767287334
-0.5014081889909008
-0.8123936557401248
-0.7787785434267764
-0.3484897676706783
0.2923626683867818
0.8242999453346049
1.1063248897237676
1.2742570283795203
1.4565143306235557
1.537211199807823
1.4189066482267234
1.2932438048757466
1.2807384682764011
1.1619541792373405
0.8157694783191971
0.49159809613700445
0.4951670376630882
0.883292293721962
1.3580298653678502
1.4377637499676117
0.9744684779825322
0.38731412025158635
0.16205823253777057
0.26209082170213416
0.3243425862736352
0.3124352021228182
0.47735226429473115
0.7538279749476618
0.7672119830442193
0.4194167496224051
0.039475410135826804
-0.03643575039242344
0.24312483754605554
0.7042905600519566
1.0489419835120248
1.0206667826697382
0.650363110265575
0.18594319927157607
-0.1269959211513969
-0.09608836012241292
0.20834422716724807
0.35501774156262755
0.0826415714955853
-0.3366015683013675
-0.5015344781323325
-0.28543065501513776
0.1345917568063839
0.3957893670378352
0.27661163229736113
-0.11579248177227348
-0.5752212615592261
-0.8872557578359969
-0.7266670327738598
0.06518338406106501
1.0620046940090542
1.5242768963315452
1.268530183544584
0.877650102928141
0.8088403517141328
0.804352150353115
0.4847358190383791
0.007731198604657052
-0.1954697226947691
-0.04044009875742028
0.12405919992365746
0.06146638727218974
-0.007476927535682496
0.16616204661507092
0.46497707240954195
0.615643697513649
0.43521435094928046
-0.09956545566037099
-0.7347018143145854
-1.0436799313816334
-0.8549045958838979
-0.4248306689437783
-0.14027644411061904
-0.1806099135022985
-0.45204757877647384
-0.7221722631077242
-0.7737732413590778
-0.5630955865095567
-0.32788112878624415
-0.35262387784523613
-0.5287111483137195
-0.4440042714580624
8.179100768116366e-5
0.4332220785795619
0.5491068143639664
0.4408211422172932
0.34808491684839576
0.3282316168309121
0.2650807541683659
0.08186336579218238
-0.1297900546302259
-0.18968667043344448
-0.05893587004328229
0.07558708209659021
0.010895168006745466
-0.2915437840948591
-0.7660866747766693
-1.3371484268039782
-1.9029893147432937
-2.2722002718262018
-2.1769414996866816
-1.5469673223882654
-0.7512807563776472
-0.27025130544724285
-0.17537884726482983
-0.18604281058659336
-0.12493843614870837
-0.038035317774190606
-0.015063650066961315
-0.12520052810353766
-0.3388589186046055
-0.44307215097777536
-0.2248089408299634
0.2557537717073502
0.6848592315580546
0.7652779378555039
0.44775710688068
0.004577500825408992
-0.1710995659044936
0.024395825957343083
0.30373203677197386
0.34403925065454705
0.11776713570867432
-0.1320278178387096
-0.18823345580405207
-0.07865157301112218
0.01189048939000832
-0.058928166263663984
-0.3471039868723304
-0.8391855879964708
-1.3810625485183878
-1.682051584307879
-1.5163944998394525
-0.9836749198015377
-0.5187484974153487
-0.41776844926323903
-0.47603426830017603
-0.41503733577979757
-0.25449378648354376
-0.009892486433091761
0.34321221327510837
0.6363187323567646
0.8198288700683204
1.1120606693491872
1.4595828786653717
1.4317343284876374
0.8960402339944132
0.32711425424749574
0.20036276717220072
0.38617842771691707
0.452992171257649
0.2251902688452803
-0.2705668356048697
-0.8955133913549461
-1.216763875080994
-0.8877871538768052
-0.26138776779292633
-0.026538430270710373
-0.4189417616440576
-1.1663524312202205
-1.872173907485637
-2.245840423655727
-2.217371590581166
-1.9638619028234767
-1.733767054197705
-1.56588287039446
-1.2376496999746562
-0.5873982736924781
0.2105367827189812
0.8317661741884269
1.0949436452690537
0.9874740331632507
0.667729772680295
0.4028329692586595
0.3124513874341823
0.32399916706413234
0.34538015302749114
0.3445262806638397
0.3605726401849156
0.42619775473246735
0.48948712438049186
0.49547514624760136
0.5074108418228102
0.7101572376313456
1.2072406749226456
1.8278069190747281
2.272686188821047
2.3726114908466367
2.1467595907648884
1.7619281995416398
1.3954627257054422
1.01994075372027
0.46919938468918915
-0.2402509678552281
-0.8606918416977849
-1.1742980235953548
-1.1252129154960955
-0.7562187189380387
-0.16945592985992294
0.4867297330364028
1.0212455096994881
1.2378054737878357
1.1351604813728169
0.9955190125401504
1.075803441106661
1.365686881326756
1.7309735773027368
2.0225220769876175
2.124291112013515
2.088312426678066
2.034251243958182
1.8953502778829505
1.4654208003303009
0.6784138570191508
-0.29312802094934765
-1.164226076778942
-1.731310171770237
-1.9625963242741613
-1.8427598811226582
-1.4243460557542535
-1.0209135522985227
-0.8350160624923646
-0.6825077650482752
-0.40445224641013866
-0.07797668080742394
0.20041388638133198
0.38397183781185606
0.4178773377525201
0.2861850204378802
0.0897795020952301
-0.03960820235483602
-0.05619480275280272
0.014176009065710475
0.0964221392974161
0.14378781141094654
0.18128621376374288
0.19588185805239924
0.13365317117126463
0.02698554499766212
-0.0213756151645782
-0.042781934290019405
-0.2518851033422421
-0.7326621735695701
-1.2476502434498873
-1.4698800534094374
-1.2650700426007087
-0.7742002062331196
-0.30157871910844947
-0.12287369659709094
