1025
-0.3018632261209503
-0.21647557876216453
0.2742557345124518
1.1117308287415286
1.8550514663977515
2.088503990843913
1.7514568391920855
1.041561366465078
0.27171582170036285
-0.2826951732523223
-0.6271323082258294
-0.8810141287317352
-0.870994815049905
-0.325340856734398
0.6491814530692916
1.6362530246999198
2.238507632239225
2.221282744525565
1.6643762208898123
0.9638344687311835
0.45893069228700434
0.23383926364585875
0.2725239259745921
0.4937917302556456
0.7134302430192379
0.7827865598002848
0.7012328801166208
0.591509338594066
0.6440896036419451
0.9367288852536932
1.2544393756570371
1.2768778579562765
0.9076062796916577
0.32033052483297764
-0.15648609960650267
-0.23160986465203134
0.05413584680150493
0.3002984362255591
0.18230746013404664
-0.1888034624284379
-0.45442500173118405
-0.3519962486438084
0.16368262376510392
0.8729172808427305
1.3638873333740609
1.3145899385459954
0.774563965263255
0.08773423999978205
-0.48282442423392957
-0.8528301005020035
-0.9844665588055437
-1.004875151903719
-1.2443202700922353
-1.8044226126919505
-2.281267750020205
-2.1725754084807636
-1.4607956513636824
-0.6674956638666708
-0.2976977731324952
-0.2939563554440542
-0.21428922834423783
0.06463384770968478
0.16350051722980086
-0.12463456308282876
-0.45691122948243634
-0.579894181345625
-0.7850777225442697
-1.3130025698878154
-1.8667288372080235
-2.010006666379738
-1.6223412773526886
-0.9387405061599925
-0.3800413975294945
-0.2637278768405656
-0.48921802390461283
-0.5041001858985024
0.08736255864837407
0.888525149378256
1.167826525436591
0.8715479855810351
0.6102027403930632
0.6589769763216029
0.6200445049161926
0.2479898978892597
-0.08844221175267376
-0.04343431329783093
0.2787072489158997
0.6684443402073361
0.986789326281654
1.0260902813238344
0.6366691427173954
-0.020351152090114625
-0.5549167150205366
-0.7130144159386407
-0.5434940763425153
-0.2529586620447695
-0.0656881936817537
-0.11790209992517903
-0.3252841210388139
-0.437726348674079
-0.28608159311648906
0.08325667208576022
0.43257178856011735
0.49738612349050504
0.2835851111083847
0.04185525699108342
-0.11614296639615704
-0.27598660283698284
-0.44778841290759286
-0.5280072719066266
-0.4438148923510007
-0.16636774113313396
0.28860315928804336
0.8104746523234072
1.2752619366240492
1.5830656888894585
1.6527934479100677
1.5985155873083938
1.6444693215191624
1.7208972149018822
1.526733499242002
1.0355956707148548
0.6102429001128662
0.5974203964233696
0.9948265953892865
1.4837801973418454
1.637972229812507
1.2263039694012798
0.48646067614399463
-0.053484221025763085
-0.0980027580524286
0.1922934313204126
0.4762299279397444
0.5390124567508605
0.2929176113529862
-0.20249997150046256
-0.6301158857017839
-0.640196411665313
-0.20744281896737843
0.4178884340407779
0.9730935483344121
1.2219306869161093
1.038609053889263
0.675420410933702
0.5521584887963229
0.7123165338347455
0.8815593723199852
0.869384438601941
0.6302463963659444
0.20514413620959823
-0.2711474171105289
-0.6241494956455473
-0.788510892397943
-0.9383358046054885
-1.3271300809057638
-1.9067822146684792
-2.2840689458447896
-2.1682233754002955
-1.7444122630003254
-1.4190857553851073
-1.2154450907351046
-0.7910085079792446
-0.12317148196845583
0.32806299277053885
0.2593635892472824
-0.11050409380552784
-0.32390884847307305
-0.14918296344750656
0.1176222669754939
-0.01665873978349717
-0.585197000470312
-1.235874578241331
-1.7820551770018804
-2.2236527032924407
-2.3911335443379294
-1.9830728206212689
-0.98371588433114
0.16743007144673075
0.8609460167691061
0.7927937132892641
0.21886964919272578
-0.32645669102939234
-0.5162212291922913
-0.3910662376451634
-0.19943125313174007
-0.13134387748323248
-0.14652872506572662
-0.04737749445501723
0.28161999951726
0.6976231494971603
0.911532940904792
0.7503204898200997
0.2784099632393377
-0.2045410785844063
-0.35676537660434965
-0.11980829738034812
0.2426648848550025
0.33571061064987184
-0.11408613685267734
-0.9037862023529654
-1.4298539996383934
-1.3220072869386619
-0.7155403072882379
0.03959796961272596
0.5607303841900169
0.5671030110850175
0.17001401725256063
-0.21053892942027205
-0.321154984319146
-0.2680512484189999
-0.23131817131670523
-0.1810672074090667
-0.05644777770584945
-0.00737921392129421
-0.15835610027652847
-0.3301304328573148
-0.31600163966737665
-0.22421479865949537
-0.161032260214935
0.14263252161907022
0.9717407694214885
2.036608356600601
2.5844296088582666
2.205301832048568
1.270040579077405
0.410629444735689
-0.08186565000521975
-0.194202043824997
-0.028405776175702172
0.1840782325445773
0.2713612183886162
0.22816154113110798
0.09577729639510744
-0.04835331129302756
-0.14081490978503636
-0.16145727548632846
-0.02995983221004252
0.2289081959121257
0.38988524068546226
0.41682718070411184
0.5519185656993889
0.7792734319566019
0.6745864263074027
0.04668808329041453
-0.7336340696141872
-1.2737968134219262
-1.591165882133223
-1.8193053798492755
-1.8452493846095348
-1.4968567419916963
-0.8769781303105558
-0.2749518104632329
0.11405386414412493
0.2815928382696013
0.33202715866317295
0.29385341223098826
0.026043957377453495
-0.45945358571321454
-0.7256778357320111
-0.44780987557052093
-0.06414100027264466
-0.2925488070921217
-1.13892829132944
-1.9078983495871003
-2.0230743445355586
-1.5141572068051528
-0.8786313503098767
-0.5456108004580412
-0.44689266739625055
-0.2547394489372414
0.05850676752770433
0.19034241439796978
0.007548400500131128
-0.2818150633932685
-0.4898146164262604
-0.6131699824215199
-0.6612272202514002
-0.6114766225572594
-0.4288605564183781
-0.04267058566406649
0.5411295303452464
1.1065030814543477
1.2868263981471797
0.8472557112633341
-0.010900352194134027
-0.7165808409973021
-0.8720603270767538
-0.6335812218061166
-0.34793850686237887
-0.10903385254674063
0.022585438263530853
-0.14474691689668223
-0.5534393456495291
-0.8895342071002731
-1.0146517495899474
-0.9716683454558345
-0.8338190747453592
-0.698251739399383
-0.512601509655988
-0.06619041625512768
0.6595053135319896
1.3210889244818897
1.525566499531136
1.282007641056235
0.9164728421012219
0.5345821453157396
0.03729125500927131
-0.4038084020182646
-0.47839632972109547
-0.19857094554881377
0.1857813696092482
0.47781037142445476
0.561574448367349
0.38951885249004875
0.06792370129617285
-0.10938751191891448
0.034692642917117086
0.2291989824624733
0.17708847596639662
0.08974431381308955
0.2997575997069398
0.7788399545298285
1.2919766835219695
1.5380546649175384
1.2326284167281567
0.4797729651483315
-0.22729373334870534
-0.573904071723095
-0.6382955553726959
-0.5802492836932686
-0.44076038281870555
-0.22968021898742197
-0.06722677452099884
-0.08540018526969123
-0.22443922900517127
-0.35877898386362256
-0.4559892515258055
-0.4885284552600457
-0.4103791509573224
-0.18535567546041257
0.16564383645118208
0.4650390922682464
0.5096913548438887
0.30843516504974483
0.09837391365011555
0.13633771308439888
0.3169985487763572
0.15022827098802177
-0.5526984422902402
-1.2924506204327375
-1.5110206415279515
-1.2611990488584353
-0.9705148762707592
-0.8442371240056019
-0.7263055145549747
-0.35459180682841956
0.25234485524903655
0.6304661867299316
0.3748276022352134
-0.3068316845514107
-0.8353670815035538
-0.8511892470748808
-0.45183417799678466
-0.024271040257970083
0.09335284168802051
-0.1014705544125747
-0.3163470916325293
-0.3826084424153903
-0.4293607674070588
-0.5276040279444252
-0.5185654985444016
-0.35666719373736183
-0.2809208573079765
-0.39207645429133436
-0.3929146969034008
-0.04653163161391807
0.49446014085270085
0.9632621074225599
1.220589267176199
1.2203171339849663
0.9530619549850856
0.5021242703007033
0.045846941028148055
-0.3285432314970727
-0.6838421976632911
-1.0000207628240017
-1.0088493080375802
-0.5105911867063042
0.11269185923306031
0.16963143136841982
-0.4262334926805848
-0.993349351772711
-0.8860951156931968
-0.14191315527092455
0.6881580771826962
1.124955797848767
1.0432765785162244
0.5702122159138595
-0.026987031548024516
-0.4530206572925887
-0.5613732711785158
-0.4151122033625305
-0.18684507017328575
0.006280789171127914
0.13299117448873332
0.12648042193923978
-0.018479213017747808
-0.08108108963093576
0.11638068045587617
0.44817185446491525
0.6818196932052382
0.6575959252881004
0.31083461325295186
-0.23529839185679052
-0.7293005290375875
-1.0076693002233783
-1.038925357041423
-0.8526267283248473
-0.5898928419857754
-0.562902746940187
-0.9986478523503229
-1.7053363407011972
-2.224448056070381
-2.2265451040723887
-1.610199417372193
-0.4468710060347383
0.9931926115638956
2.272510409459038
2.9528859867466797
2.8124988280292187
2.02179640234299
1.0988023702237961
0.5027413006486917
0.23322972401312211
-0.04212056752453362
-0.4406058739838877
-0.6155843595242524
-0.2633432082304305
0.4050579707091644
1.03040249315057
1.500881323944687
1.720557397026938
1.5143245548431987
0.9334137368597333
0.2617333691928756
-0.3276707864468093
-0.907879731388145
-1.5658062091599712
-2.1192690550909083
-2.1951926562499025
-1.6618289999473257
-0.8396892281510211
-0.1798900153504233
0.17148108799285078
0.3877207246708046
0.5731497008645376
0.6632255621502618
0.7367467175178557
0.9754528936773815
1.2880419467494022
1.3474909559200146
1.0415786708660002
0.6426168572378085
0.5006275749037948
0.7101535090235144
1.0447018428600894
1.1659544095580863
0.9898523100252699
0.7665869433813772
0.6594399383366488
0.5514800828002938
0.389138361102237
0.26382104819053287
0.22459138570362105
0.3430598488565374
0.6738685269672312
1.0297830633106861
1.1077493985880404
0.8470741663722687
0.46547249290563
0.1786255750880643
0.0034144801490424573
-0.17507919962833934
-0.42695144118831596
-0.6311018045823485
-0.5415428863739011
-0.20115912098701053
-0.05526480456546722
-0.4115578020419713
-1.08484720118158
-1.685964267290769
-1.9942368261519097
-1.9569381635557657
-1.5558652299673823
-0.9001898954843819
-0.3266277856545662
-0.10530618037534815
-0.12488636453061082
-0.17031414900916972
-0.29152307321113996
-0.5951529866539079
-0.9312354600782037
-1.0128490461852395
-0.7917842359402059
-0.5241201282142944
-0.41967614736277203
-0.4556685664550588
-0.5234699007604267
-0.5996713832015259
-0.6769429575991996
-0.5173211166553838
0.20810366616638637
1.28254371164226
1.8243758561803867
1.2283343588563727
-0.05331082875103196
-0.9764035628826084
-0.9112971287499486
-0.09887647014230964
0.6975646001329364
0.9395046074847365
0.695613082268685
0.3584096291898575
0.18533191119396752
0.1588011550594499
0.13130824513860503
0.04174043638690526
0.0047276741318676265
0.06386416928862049
-0.0029481638747415454
-0.3594789545236234
-0.8321557737543859
-1.1838746265258269
-1.4085904392686943
-1.5640281457724503
-1.5713929360888397
-1.3388231500222487
-0.8740389771024585
-0.35705965628704894
-0.18977144289832698
-0.6079298075709483
-1.2647917374121216
-1.5797776270199908
-1.3325004960299018
-0.6976673908426952
0.010014689084715476
0.4932851205830538
0.615928845125512
0.5036043132051388
0.3928607425885392
0.3812479523160515
0.44881563995489204
0.6471407650121274
1.0586730457870468
1.5561159673457308
1.8377962072530176
1.7641574842039924
1.464800905266816
1.2218832140503135
1.3166210991688296
1.6767249891522598
1.8147668410554172
1.4348330881275124
0.8231022500798376
0.44200160039515224
0.37824408096830964
0.35391539895598817
0.15217203888717243
-0.13825648958880696
-0.22134386406437076
0.17115796831688845
0.9967281079448782
1.773652887612966
1.9661471173391476
1.5661859486864098
1.0569043025983893
0.8359777893835673
0.9432178901577132
1.2942166281883667
1.793651373799475
2.200147383756645
2.3013510138220443
2.1874285520539676
2.0310584633381534
1.820516319598742
1.4960229376023375
1.060108776664439
0.5367524159588419
0.03800159263079039
-0.24485283327162521
-0.23234958727132318
-0.07081011783178497
0.013613583976989
-0.006758944231332789
-0.023474129301480007
-0.08724917726474249
-0.3041763934260299
-0.5598032506218927
-0.6015784780734358
-0.289558597108382
0.33708275908594104
1.1130070100216813
1.7177896920237117
1.8147423441057076
1.439849147460723
0.946294686357801
0.4699462829593308
-0.09434079040676512
-0.6214475089388597
-0.8306221619419121
-0.7629809163464172
-0.6430582529341485
-0.4694378985623464
-0.2424550334521558
-0.19826074546277742
-0.38929526122480773
-0.43679618064604514
-0.006324475728813187
0.7309215906758868
1.3371521611446648
1.5754736069126474
1.452807596976645
1.0791721434362882
0.6459750586681847
0.38443262493571473
0.4164468767587051
0.5870947090985394
0.6179174861273481
0.5548113626457114
0.696527798203931
1.0712043797897846
1.472586990089585
1.7733480432578699
1.7939245731890654
1.299397439612742
0.3911777673052664
-0.5151765643256516
-1.2269903598663845
-1.9097902523221848
-2.600319181923136
-2.980410085063935
-2.7926171453853352
-2.1764904478016893
-1.4624720376738198
-0.861605718798354
-0.46235614329305325
-0.35602444827165414
-0.5726327272356136
-0.8997925278191614
-0.9783385311675779
-0.7214715195924507
-0.45008484288396006
-0.4091695813969511
-0.3655699239633933
0.05611672473460277
0.741407426879312
1.0724956298246828
0.7093356123973596
0.06871683651337318
-0.27955988071143895
-0.29621822173541584
-0.3499918111468017
-0.7519618030230844
-1.3926878014790538
-1.7608457784653406
-1.4559572870410562
-0.5970097942054016
0.2772970973615134
0.5985437587140424
0.1861872928557045
-0.5933351957477981
-1.1392563684957935
-1.1272860384760344
-0.733159347105024
-0.39013820236544416
-0.35033473318580444
-0.5341735804067325
-0.7596821576755776
-0.961971377148031
-1.0512698913749605
-0.7938093866259491
-0.12963914414076363
0.6533402272383971
1.1040545534616364
0.8530521477589682
0.024521394355304288
-0.725809763761044
-0.9512562909855408
-0.8471554904651065
-0.7723877652592394
-0.7702687368954317
-0.6849522837840978
-0.45017206001023535
-0.16685889405145848
0.05558088103043861
0.2924561663259709
0.6880030752603149
1.1549329996847686
1.3798535066285538
1.1472013940785737
0.554718767399523
-0.12108363417021242
-0.6556213101424273
-0.9159584736711569
-0.8794154316982421
-0.6205502040403728
-0.18821678980134038
0.3155094019577404
0.6270633632420519
0.5275212417054091
0.0640784975265502
-0.4412445579141329
-0.6486760887723649
-0.5750406729412733
-0.5237944840282774
-0.6551815509433861
-0.8552815328389566
-0.9859792074584229
-1.114784250562379
-1.2706460349251678
-1.050725971136633
-0.08749081248030038
1.129082667883381
1.5682284832155562
0.8459184983953921
-0.303111688061369
-0.8884101989102063
-0.7282430152741991
-0.31932918334162125
0.04142036099101453
0.3527953492864269
0.42353242803491536
0.07567042487100971
-0.45813391951668325
-0.8771054761016532
-1.1647855585452864
-1.3441770894188427
-1.2595293544093193
-0.7884266814852313
-0.05171992790063421
0.7002208297213427
1.1925880043029495
1.1211183986480704
0.4239537615599966
-0.45880320904333627
-0.9655520720885941
-0.927134964540846
-0.49028437648750234
0.15742139883592215
0.8680100997485711
1.542562643385104
2.022282280631621
2.036736879216777
1.5156559673283043
0.780604765839849
0.14635610208262304
-0.36861662431114817
-0.818344258929587
-1.2043115369018256
-1.472741376167764
-1.4205729374130367
-0.8926388137613674
-0.134683896832824
0.3612412072389651
0.3600344317378473
0.05414431604678525
-0.21885728657997552
-0.32463315229097767
-0.35383485018349536
-0.401973462115257
-0.44932168725929195
-0.4155679668061357
-0.3537156261656102
-0.4607166317058186
-0.7224527480021502
-0.8359721141489337
-0.6779190636434593
-0.5698805424764177
-0.8356049860549242
-1.2979170723510896
-1.5003344911787573
-1.2391742538658914
-0.6426659164739636
0.04626353733777912
0.5886002796716544
0.8650333279386522
0.9393453888096144
0.9121303934654166
0.7930621895187279
0.5923530704661993
0.46654772986810394
0.5738086865209354
0.7912703230509525
0.8729271043991986
0.7997694368540953
0.660785045145638
0.41365064825741377
-0.010460448704838895
-0.5425829445764888
-0.9802981053526836
-1.1245437518024681
-0.9336431798046404
-0.5791561113760405
-0.34277372357563
-0.36481896353975196
-0.5056950601412963
-0.5555738256539979
-0.5264721464726602
-0.5788231607176546
-0.7451011969351578
-0.9535183322540046
-1.2149489669534395
-1.484804186530036
-1.512175965464685
-1.1698630877384073
-0.6303232107774143
-0.015885259790579868
0.6250401271077743
1.0578807091881874
1.1087927186709925
0.9142018070727557
0.6255019057851523
0.2409835507381684
-0.13199530222184838
-0.26073855223506576
-0.1297419514600384
0.05260295924739886
0.16564673521676523
0.17073718393541026
-0.1148277041349409
-0.8770851930026057
-1.9206080156734682
-2.708195497349114
-2.85460391248449
-2.468115301166328
-1.9810712606375704
-1.7252022636577171
-1.695555175188287
-1.6394994460413694
-1.3508471130862933
-0.8860443771869702
-0.47422811112697016
-0.26850179938018637
-0.22635361780073648
-0.24603860731574234
-0.3911613445147121
-0.7734934384570701
-1.2029259403615535
-1.273267733671591
-0.8361333947861401
-0.15365160750752604
0.3644343486235391
0.4458087681043413
0.11171897765272314
-0.3928150287145447
-0.793956924204841
-0.8439235246101844
-0.4269856314059597
0.22332943652023432
0.6159274230403754
0.4376577787333679
-0.1910015625141514
-0.9241684812231107
-1.4111608953152692
-1.311217699982692
-0.5451504544768349
0.3935055708516697
0.7624889695593832
0.35839804045082013
-0.2528319794121837
-0.4839156292628695
-0.4042091036291999
-0.4209406456962886
-0.7408328979817114
-1.3512546483947767
-2.0765321878701513
-2.5289857215919755
-2.2797141077123664
-1.322903984592612
-0.23945238808744923
0.3502238249831415
0.32350238289146716
-0.0007731313544130265
-0.2593012725999648
-0.3396363205188014
-0.3320864777473301
-0.2912167894276522
-0.11566181961459669
0.31741772882450775
0.9472482127115198
1.4721337773641032
1.5370623885623624
1.1346325307899598
0.6310209264635207
0.2623883900754044
-0.034148169803411996
-0.2336023719638549
-0.07086104551062773
0.5247139413589172
1.1639311726608275
1.3470001465270987
0.8724091030998666
0.01732057364316154
-0.6516260001284006
-0.7816696230278027
-0.4108154716929759
0.1461074456476655
0.43097204741704526
0.24993858247337375
-0.07712210129273804
-0.13538931498672235
0.07953830343664357
0.16462994374702955
-0.14927213219433855
-0.47246590921772225
-0.22667279720275188
0.3880062442230761
0.6546170673566086
0.40911219307802144
0.07359045752825853
-0.03534526275202141
0.13185204224036465
0.4712212051709669
0.7467396369938353
0.7297964973988713
0.3447993075366885
-0.27113418375047
-0.7971217097111327
-0.9328338368851111
-0.6380774511275368
-0.10012485650708691
0.46614464487471596
0.8769353317552503
1.047172649861121
1.0336974908315786
0.9011416291509394
0.7526676618419739
0.787591170134492
1.102221633312288
1.6389671147728067
2.2387263966577886
2.658872433642553
2.8125385427113248
2.8223461486079375
2.640249202185515
2.0350095026719166
1.0843132397395765
0.2100789884149162
-0.275936703348316
-0.373982787902974
-0.24184009579934415
0.05816927372405248
0.5579122996265592
1.0820533618547483
1.3067672665507968
1.223968455872114
1.1983784632502994
1.4708328414633
1.7774646562068381
1.6283303066475345
0.911837664028333
0.061454987189071365
-0.37225629952692957
-0.2454904317071104
0.17508383222940166
0.5899621172675854
0.7672358754285279
0.5122477899416273
-0.11261276472971112
-0.7442572134100343
-1.017225328506253
-0.7606469020902354
-0.07904507855153617
0.6278911489404373
0.9400275771951245
0.7961648387821095
0.5116711588832926
0.3772570274641936
0.30817745768600296
0.043587094296163274
-0.2980347019802367
-0.19869554571704554
0.45702448622828984
0.9765734661941706
0.6729322236264085
-0.24822588605664722
-0.944359625307039
-0.9125036206500323
-0.4222252404435502
0.002868772767102119
0.16829168045300263
0.1698604791349936
0.0968462847551522
-0.03641923848053313
-0.17519177303674985
-0.1916543892661848
-0.032480546139523336
0.12417166560719475
-0.03494172386538436
-0.6451880974829646
-1.4637388438384469
-2.07191298076144
-2.3628770409538986
-2.53066197014399
-2.4671985740862508
-1.8141585886363234
-0.7062581992363568
0.18135245401329658
0.3711989507552287
0.028015577636487297
-0.3703861545094131
-0.5717390259815072
-0.5958856621911154
-0.5128978616972262
-0.4053317633991626
-0.4192598842969931
-0.7430841537664599
-1.4494844074908766
-2.286326605698879
-2.755244021073358
-2.5130870538946897
-1.6737523677090302
-0.7341779427409497
-0.18770414409878924
-0.18246247464477644
