1025
-1.8607111706459059
-1.9125680703089876
-1.2557354318906035
-0.3342475851454686
0.053942979261591216
-0.34642803737408756
-1.0457258399205476
-1.541164383488061
-1.693920741876815
-1.4900496226666708
-1.0961627234397486
-0.9443370899609446
-1.2450642350744943
-1.6297930689205147
-1.6051051782192072
-1.092186430668256
-0.27475320170863854
0.7313693519026102
1.7493110604378166
2.3793506153158375
2.3443315833318867
1.8846518082750645
1.530192410876169
1.4861681872245494
1.4777619538118736
1.223473281288192
0.7344197301940358
0.13318496401360128
-0.4218879724107619
-0.6798412435066763
-0.5527095870476374
-0.30959025098135473
-0.2408131463538462
-0.36790679995758807
-0.5420892328682216
-0.539876778191822
-0.2856207749125584
-0.0768473823117584
-0.22411024901138984
-0.6102513936893642
-0.8443443870399882
-0.7140432077511767
-0.43055522463242807
-0.3639831189181832
-0.5388848108988237
-0.5913708392157765
-0.30820500401691353
-0.05342458267194942
-0.35260810994009517
-1.0635647985789336
-1.4402744584819849
-1.074745930858832
-0.3189897030084171
0.19301178101714753
0.13396839313207276
-0.2055645421880556
-0.12135800112821377
0.7215136816062627
1.835282605476505
2.4081903148782224
2.1324298475527854
1.3919613052198092
0.6786752982128135
0.1686187822064693
-0.14482097275514583
-0.3314589831384787
-0.48530769392794654
-0.620283224941262
-0.6980646666682849
-0.7227021224097981
-0.746719354232281
-0.7748888268258635
-0.6709153297351554
-0.3537297981669914
-0.09190093997423712
-0.24857872674647452
-0.7455993898471072
-1.1592503233582583
-1.2731000344811987
-1.227137031693404
-1.2408355886934126
-1.3565279762111822
-1.376892292776058
-1.1523088427755113
-0.9189314382859822
-1.018789061107379
-1.4186663845774639
-1.8162456348089224
-1.9731220041698982
-1.8131426555841352
-1.4527741616059437
-1.1186149397572083
-0.9251518409324921
-0.822511182760149
-0.6604759912590438
-0.33284666625107234
3.9154069660025474e-5
0.06433514873252143
-0.1783547289664923
-0.5827875263583199
-0.9609106483891108
-1.0221710128555344
-0.5699492781583854
0.15236836512998164
0.6209076402435035
0.5717966401287907
0.20940796771611353
-0.11338792562593195
-0.24576347157202447
-0.2472061122840621
-0.19353225801625265
-0.0708739888033369
0.10058878280396291
0.18620936037630986
0.16267136391346054
0.18814227033330183
0.2802873218079725
0.24311076398663356
-0.00919683969248236
-0.35740736084274455
-0.7341864454260328
-1.1509257167580726
-1.382437778049599
-1.0763260841918936
-0.3580104840691548
0.220656805459617
0.4699507807353723
0.6936468455891588
1.006013609791611
1.1606676199277115
1.047141729740777
0.8089295487775405
0.5803877349118314
0.40315037962162675
0.2787991621414408
0.21813409868074002
0.2176352828759795
0.227507357159389
0.20695934839452962
0.09601398928675797
-0.17754131072814328
-0.46914206321783947
-0.4176365915772138
0.15251428674778086
0.932760656292773
1.3512927842778029
1.1695232791120476
0.7218732796216737
0.46490345911949976
0.46486484072947515
0.4483487669793373
0.2925976322137845
0.2242558663406078
0.46050969872855035
0.9403408316320635
1.453837847306575
1.8239921552136622
1.9574400505187626
1.8462389413092573
1.5738841778942128
1.2520267955096136
0.9204548066835846
0.5808820608552707
0.3293622876323102
0.3704477200260691
0.8273549617692927
1.5373353011157036
2.1248141688743987
2.3278368746062927
2.1349288517761735
1.6216788513027485
0.9704012754569941
0.4967406714694858
0.2848626294365343
0.1274232995058
-0.08129238650441893
-0.295629216885473
-0.5023101696343965
-0.7169021748217922
-0.8793446430440238
-0.7643941633615933
-0.1907125959790752
0.5792474354905719
1.0248493967180465
0.9676817795649821
0.5959551422867193
0.10535454975270737
-0.34329478974887856
-0.62156313853322
-0.7731671093912398
-0.9065618423541877
-0.9672771915080824
-0.8395271132587402
-0.588320127399573
-0.41937049732544357
-0.4804849666903512
-0.7649633063085777
-1.060979651053281
-1.0497450334815106
-0.7177478330253141
-0.5231511882198966
-0.7366295185128746
-0.9005225511376114
-0.5521206990464872
0.009605353116888975
0.2966410302359029
0.327737199665712
0.36620071184422126
0.44081145800387334
0.3441092878686259
0.028544147436675105
-0.1586230376307083
0.1424561645877926
0.799363967081356
1.3623787898059359
1.5687148483828868
1.4102181419326267
1.0289702732285917
0.7043304936739446
0.6081613554362886
0.5830655578554271
0.31858910808356944
-0.3362586026651096
-1.2199800141228825
-1.9484512996890189
-2.2112182240208735
-1.9936355813498947
-1.5001569276872935
-1.0322712693185718
-0.9181002523533986
-1.2512116666346331
-1.7058918599831756
-1.8249463306808817
-1.4497510074071702
-0.8206241600877195
-0.34152182916508855
-0.23986412044247582
-0.46272469261706217
-0.8179781381381547
-1.0453135864550382
-0.9545320215765849
-0.6788456507941432
-0.5259810788352426
-0.5714472859537209
-0.6769039270957895
-0.7303033305578429
-0.7148389324576292
-0.7182188275538992
-0.763057729821995
-0.6001269694342137
-0.009392160318561864
0.7841743469860722
1.3597395087274233
1.614720606402563
1.7846624184420208
1.9916713675686917
1.9752198529021976
1.5136415240381738
0.8408293971202672
0.3235926639797777
0.0376384839903115
-0.1291017819587434
-0.17257878586656453
0.007295051467441423
0.33071872209434616
0.47079799852126797
0.15630669298415828
-0.47868287610829324
-1.0030399746283132
-1.1868289157746494
-1.167146188549825
-1.110581960690781
-1.0250203792341335
-0.9047977780978242
-0.7815720249610157
-0.6364409985018384
-0.4545750962779173
-0.3321028096299106
-0.39046878747979374
-0.6432783286536643
-0.9885139194363738
-1.200961404985806
-0.9597521153973347
-0.1539744592628902
0.7852084458576098
1.18330699052363
0.8957795266669082
0.4838213222664007
0.46973939826400485
0.7277269094858498
0.8060992296112547
0.5876802538212889
0.4339461607381617
0.7698773998011971
1.5440784680855792
2.1511709696163965
2.0640276174427585
1.458432279423157
0.9382892881797883
0.7408818567201138
0.5692944717318924
0.11248904509776339
-0.5844287877285164
-1.2207897222209028
-1.5314977440234303
-1.4199649630018325
-0.9298291028118119
-0.23862544790359674
0.33274050573312053
0.39694932577501657
-0.17892626214464408
-0.9809402597599397
-1.399730735966876
-1.322041698776854
-1.1970938138947558
-1.3504897096105852
-1.5025987221996133
-1.21746573511281
-0.5682049906053044
-0.002058724416810567
0.22775496089906905
0.21977396583126008
0.13381790901429153
-0.019548977900962963
-0.2016472297773685
-0.18315022225075844
0.21158840037509286
0.8035177102686322
1.1806193656052515
1.120136683607057
0.7687645005007427
0.39608133463760614
0.17304620303285947
0.19652392977847327
0.44753592001518744
0.7486590742074648
0.8951420610593652
0.7659287341337203
0.47026513287117194
0.37258356788855684
0.6410741523754262
0.9870670108194003
1.08601797375645
0.843168086168215
0.18750141655803107
-0.8989975592253857
-2.1034411197748333
-2.8841270295868107
-2.9362461271274474
-2.4146794422941746
-1.685922864986366
-0.9849247039667992
-0.36537990820653765
0.04877065231329234
-0.011482931418841102
-0.5423533899684995
-1.0195350576245492
-0.9335314606710373
-0.35281281159231886
0.31871452431609026
0.8442455298332469
1.1388028812246194
1.0937393172979921
0.7886535867874181
0.5495485495295919
0.44133828824751403
0.12890779270972796
-0.4786145745890611
-0.9793334553603119
-1.0005562832962944
-0.5407005062523729
0.05560230747281604
0.31302034932874856
0.07097529443639197
-0.31634243181748145
-0.33040385701472585
0.23203417595300826
1.160002132139904
2.01634793890952
2.2686436212669174
1.5906962224395615
0.3093898788616049
-0.7752782722242676
-1.084614091349512
-0.6272302268957631
0.0775658745527087
0.4427068102855488
0.3382097968744138
-0.0009186268902180388
-0.3891995008108948
-0.6745620564449635
-0.6412218610966406
-0.2862085452786317
0.023289796136657822
-0.03715417689545824
-0.39677363740204996
-0.9334496918912376
-1.6667684835061314
-2.262901750921547
-2.140280263046133
-1.329072674273772
-0.44537686712508234
0.12145539535301964
0.3450830926975629
0.17523825538396715
-0.3705125766337744
-0.943188559432285
-1.1782423460668434
-1.100700716705125
-0.92374999705827
-0.6652250145655919
-0.20860754401505724
0.34997608082551346
0.6747891839977933
0.5729031189805849
0.2040600571880547
-0.15202631426037433
-0.4118738234961192
-0.6795967927841672
-0.982923441336588
-1.1245726533267246
-0.8412124311297748
-0.18314630738434978
0.4694340203205391
0.8840383202656927
1.096580756392924
1.1476697842522319
1.0609411925715722
0.8986991157846222
0.6229793433326002
0.084110572286739
-0.6642212857412049
-1.2477785784142275
-1.3437360409614385
-0.9611974394551756
-0.37254986478095536
0.0021081116622353123
-0.1915753474802461
-0.8814872010043685
-1.5060427323327483
-1.5483646608897859
-1.057449558107674
-0.43799657064840186
0.0755627441409408
0.5316195714094883
0.9661268826709467
1.1916624647711258
0.9973669761844096
0.4581304124172914
-0.09218520902222123
-0.42597962411966295
-0.6658716250466998
-0.9909722323062792
-1.2072448083987368
-0.9071391607820032
-0.11270798978789656
0.5506315486125128
0.5662576455171897
0.12543546859283788
-0.21398289959310113
-0.20018708676559374
-0.03956269596830119
0.008245430302144585
-0.07362534493962615
-0.25598413946091453
-0.6360687733247958
-1.3168035838661076
-2.253962034971852
-3.099165216595439
-3.339755798463854
-2.850536542272562
-1.9609727128213346
-0.9546595489099041
-0.04663344287954995
0.39820312363772337
0.2692942848047711
0.03239082058127815
0.1618412225272716
0.4744802512077125
0.4083415699861516
-0.1032762536937473
-0.4755585697032943
-0.24552363105377645
0.38617880491396167
0.8770755631212728
0.9737456743271471
0.8377661577420898
0.6119108176266785
0.19437241322147758
-0.4232391644696792
-0.9468709375897802
-1.1196674749212177
-0.9943035453843426
-0.7289123676756757
-0.37309273175253227
0.01957189079632355
0.2995082699238568
0.38910124922372
0.4146651597316417
0.4939385845307096
0.5534491204691322
0.5875133368119179
0.725212721563363
0.8164069461418091
0.5287040739265773
0.00633278165501951
-0.2314532107715215
-0.061358418146738286
0.202873105529324
0.29377147593307895
0.044223007390360114
-0.5418571310589904
-1.014324224228094
-0.8151460474206405
-0.006074056763314674
0.7649004829566656
1.0347772016371417
0.8967945186193373
0.6384164486479972
0.40822266491924697
0.24974385447705527
0.15211576820360617
0.057354019556286315
-0.0048952515493693475
0.08875272034104399
0.2698847865310073
0.2922789285263773
0.14081431059222146
0.03666023214165308
0.05091035912589193
0.016030820825199778
-0.19876692401489438
-0.49890693436385103
-0.7132631643465956
-0.7652060871683825
-0.6625711723575943
-0.5376728622267648
-0.5935494978210294
-0.7886210775624621
-0.8016333112583142
-0.5050871815058909
-0.17696363156865125
-0.006512814498393471
0.20731402294044363
0.5328130299259956
0.5880403359112989
0.0727239865181388
-0.7997947925554396
-1.5524476762818011
-1.8335977161485895
-1.5415561740086574
-0.8559330232524948
-0.188912291838483
0.12337413041855431
0.09955491890864634
0.038601703870479814
0.2643373229431142
0.8658652032511105
1.6180145901437915
2.251162322865131
2.67495960084186
2.8484517914400183
2.6769285214868512
2.1759562061310365
1.6174204651264528
1.3123395474192026
1.2162311821829483
1.0254544074187881
0.7115492581323843
0.6000369781173595
0.7412315506944495
0.639294207991407
-0.019467989160158652
-0.8733162891588695
-1.420610616299195
-1.4841788573071344
-1.0532049341367251
-0.2057933403867454
0.7914319208730356
1.5611190248423275
1.7946919851337624
1.4506832059062293
0.8293095029369965
0.30371579323562287
0.016043496166432646
-0.11337258580945196
-0.24426815537587004
-0.4760803032411128
-0.7114780337879294
-0.7231638341140704
-0.43940187189682606
-0.06262153702863499
0.1736857800272695
0.2385279946173609
0.19011059352471707
0.01645189283678416
-0.21976131706743068
-0.2752756721326436
0.06481710136651445
0.8015578204723375
1.691604838458609
2.301583206201352
2.275185074986606
1.6549980789889356
0.850284733553662
0.26947204397383767
0.08007229827730246
0.23496237061013442
0.5344385993009673
0.7683702214390805
0.8962913345412871
0.9759401859454686
0.9243825466981602
0.49780793675864066
-0.2762758184344519
-0.7802866040198568
-0.40364908373471076
0.5944381487137038
1.3109076176264403
1.3074778572579975
1.0094500198483327
0.9127999077243237
0.9357661834742451
0.7583785291782477
0.3225372797338756
-0.23720477947333635
-0.812139927142301
-1.2900229266797865
-1.4988813588672385
-1.4242491402452595
-1.3958922013657387
-1.657108708744227
-1.9503794815058495
-1.9847031043569705
-1.826122392350192
-1.4533857549192175
-0.6179967986114375
0.557478592833777
1.3721629335083394
1.1682774716174436
0.04428194234468667
-1.1821493718154503
-1.7631476332089926
-1.585839373698411
-0.9904955457792943
-0.3455653300268525
0.14058733566156636
0.41196324305355914
0.5579085394328697
0.7102674304358865
0.8634912229271365
0.9734858670721659
1.0526938784766056
0.9226574918977833
0.3157829042315207
-0.5831320281704485
-1.1893355485323402
-1.165208798447936
-0.6420889573099196
-0.005220302062149755
0.28853991345803953
0.050118407026446515
-0.42778155937610685
-0.7436208854252063
-0.7952904954208834
-0.6809594316786316
-0.41081300788878633
0.04917981060285612
0.5468119942375691
0.832828902110452
0.7928009486272699
0.45883402745342405
-0.017409649124449218
-0.364833883832422
-0.38198976445419935
-0.11787366671348262
0.21407779519438772
0.36772379845466746
0.1935030120184053
-0.18367825002882576
-0.5064245785262214
-0.6953475895861815
-0.7340049649598345
-0.5278336286070647
-0.17889010826408194
-0.0008806481983926914
-0.09707722199051905
-0.24266287293538072
-0.19336908080518925
0.10797756633615743
0.5725129117253661
0.9788642129592499
1.0623165423977192
0.8639429061707766
0.7471469066345544
0.8928373234292413
1.1664068812170354
1.4318421176472163
1.5572410174906899
1.3214262823462297
0.677832084726133
-0.045066475555998485
-0.3989837962756851
-0.2818652178331621
-0.011625085837014172
0.09983861793535097
-0.020979425966439015
-0.28003206124103974
-0.44859280692178816
-0.3869734576333684
-0.2490964850413323
-0.15044582355674632
0.08017428838306087
0.5215376428983497
0.9189926858590475
1.037611617526491
0.9633897651000541
0.8872340216873246
0.8630852389215062
0.8868562033517439
0.9327514933921933
0.9651638286828498
0.9851086447357474
0.983143004446429
0.9816694175798714
1.0060907368125724
0.9448720445434503
0.7640563950218049
0.7361487725242999
1.0410359052756146
1.4307376703503751
1.6027246591774367
1.589486887195286
1.6090919628506153
1.6921175743188497
1.6297849246984402
1.3189601507744235
0.9088085099096329
0.4876299648836298
-0.05285116723940548
-0.6860652193657762
-1.0538920792602453
-0.7961546971144041
-0.031803258987682256
0.6217247390624451
0.6287529597183302
0.07353880879996019
-0.5273419301836799
-0.8379765793304084
-0.8867907243088322
-0.7537928636750613
-0.4317329253809924
-0.005824289948286065
0.275278100127459
0.21277858316288922
-0.11233079996039454
-0.42860209138713784
-0.504061656265725
-0.189713568389958
0.48615964919385113
1.1436120257072446
1.3058937799069625
0.9844221421337679
0.6799957779622943
0.6113722153441425
0.48214425430864566
0.20652749093866457
0.14584755567373464
0.4946125065935198
0.9097185370138002
0.8469918927394715
0.25265916124750537
-0.31917174187739217
-0.4020019241323373
-0.03772687703698066
0.40813357863186384
0.5676073590407908
0.33711058019660173
-0.11688224136632164
-0.5165006409866797
-0.5530332370846653
-0.08049112612251406
0.6313738904507247
1.069811358208163
0.9742573412959112
0.5437249656833644
0.1709416110300488
0.03652792202560491
0.00791945219536341
-0.08852599779783651
-0.25781105346371924
-0.3553348316114471
-0.2084679083676252
0.12028123335164828
0.3436134851756087
0.3509094401603275
0.1988628364817291
-0.14367024274834342
-0.5920524722544845
-0.7871211188915763
-0.43350298292972195
0.3822396998439704
1.2599240689969413
1.7988183470792014
1.8511691274311166
1.4366388976914255
0.6391797536201217
-0.21845584595111775
-0.6851270756434739
-0.6135492401286792
-0.1742907646485282
0.4601577810551501
1.1840195480447078
1.8397338107517085
2.2330230973536125
2.365364845165639
2.523968720171844
2.8044267357240704
2.7872537990623414
2.1000844189881547
0.9520248087023214
-0.15834298775411884
-0.9050220767559131
-1.0829406726232902
-0.5370284180609756
0.5105883336334013
1.5334998998215592
2.2388467158598075
2.5429292106215975
2.210193676352587
1.1191579986418838
-0.2506681787539443
-1.1675705626346387
-1.4055487852835435
-1.2633242765372554
-1.0808188273513113
-1.056600014000086
-1.244227433848489
-1.440557945663858
-1.3272081678440562
-0.9045803382521406
-0.5326019839170352
-0.4139028824373539
-0.26308433345229054
0.2718993992252126
1.0878757848435872
1.7967819586007403
2.0426660238817527
1.6117337399829077
0.689088481281126
-0.1700325664552908
-0.587396336551062
-0.6604616662866556
-0.625036858168807
-0.4369064570191335
0.1030393056122887
0.9331952403803907
1.703290324692293
2.0873742368153416
1.9833675540187476
1.5248436242319927
0.9539059698453771
0.4451482300393012
0.0622279377177927
-0.23359328735056406
-0.49799225113839274
-0.606800617368884
-0.35760327819599613
0.165172648062514
0.5941666631292226
0.690876739260079
0.569481899950425
0.5145947861005598
0.7522067964962347
1.3387799747905431
1.9795390363815266
2.1451052275322557
1.7205637577144886
1.1845747804550164
0.9762441897926829
1.067206189326288
1.1617660673783217
1.037064186467022
0.614480105196511
-0.04919161250911318
-0.6814500940625638
-1.01665637547701
-1.076617959948006
-0.8817327541237999
-0.27113428175915527
0.5779194905552613
1.0097618612161265
0.6687699877889431
-0.0530181394201476
-0.5146805864267426
-0.3905596923641532
0.22727226344114781
0.9769194759443628
1.4691406164527228
1.513415346172868
1.1692071642987205
0.6572317842016767
0.2884782541976471
0.35897009664854523
0.8745426460712421
1.4516645329648066
1.7058086911503545
1.5954056530186789
1.3476903934447946
1.268976091237687
1.5621563898017534
2.065389374804328
2.206400275831883
1.570006780087165
0.4992672649015575
-0.24764264119246335
-0.36720482567454876
-0.17019418310850096
0.01680075575129777
0.13469041527477685
0.15652086408473814
0.07890727814012236
0.05546259862879503
0.19730160965575064
0.43245666388373843
0.691956758531545
0.9100917495858919
0.8570850347786803
0.3941442399729002
-0.18494078457376828
-0.4839863404421648
-0.5556002147971418
-0.8150019998681812
-1.4598867222620087
-2.104516364852393
-2.1198176407092246
-1.339866192824295
-0.22160332064684501
0.6659737037013896
1.0619271046416834
0.9309262259895438
0.3141852747000127
-0.48143618317078735
-0.874119561170643
-0.639229138928129
-0.2889064075935162
-0.35924752573229707
-0.6525300439190034
-0.5293867321443582
0.28864398675186753
1.2438357311976294
1.360131031579382
0.31700372886705225
-1.1891388067266044
-2.2770795367162227
-2.6360438773278205
-2.3679852680906466
-1.7120288068716238
-1.0284097685542624
-0.5259002516305407
-0.08936358408645041
0.3465254472081212
0.5568803820976921
0.40001380695391286
0.17827328549985935
0.31012635674027267
0.723297398097044
0.9587064131160788
0.8395359291186385
0.6189712573063091
0.5525561286500603
0.724111747886509
1.182002152860102
1.8087759820872085
2.2240281844106464
2.2058933055992562
1.8878005961672923
1.4382477269861973
0.989909805786427
0.7458366904271294
0.7876942310588039
0.9489308893037526
1.040879149676414
1.0183890417100943
0.8959396387750882
0.7145785484509748
0.5056486063705188
0.18549551814923654
-0.27055602391903155
-0.627049085999085
-0.668218754597639
-0.4711612724745906
-0.1870201093031047
0.12993984010654863
0.3684476213687938
0.35970132849477776
0.0837242904872008
-0.3204518850185415
-0.6954243059991071
-0.8690150531597376
-0.6921924256516708
-0.27989915313494135
-0.028126326864394646
-0.18375498309282862
-0.5915628303881298
-0.9580937389724052
-1.1239888555679167
-1.0784077505970373
-0.8877008788062433
-0.6396838204260261
-0.43013095492029385
-0.36442054346874053
-0.514612776318542
-0.7719942880632437
-0.8024034234337063
-0.3959952225641258
0.2630167983487386
0.867876230380409
1.2674327970005885
1.418182154894483
1.3695499653733927
1.2525944495223307
1.0650320523387138
0.5998050817645381
-0.23089262083137244
