1025
-0.3606594048575671
0.524404240714817
0.979110762392607
1.06307632087372
1.0640730471917148
1.0756820398635702
1.063191233967047
1.0530982391801609
0.9914459044501592
0.7773656140441879
0.5475486415320938
0.5587724627401457
0.7909970762184543
0.9976824878304003
1.062715856399248
1.045910864030651
1.072363694469943
1.3313302866562686
1.9044788461380964
2.5795278126796983
3.1078670794744916
3.414326530462407
3.2785079401081387
2.3599118018140572
0.8770442290299567
-0.4028835370586028
-1.0063493551336244
-0.9965410003075195
-0.5961669300785795
-0.08736890569826532
0.21186710168729014
0.2043502768959144
0.0556943669813244
-0.09960390379779306
-0.2669992661634253
-0.42830327508837385
-0.5375133378457791
-0.6912615850047457
-0.9998540053808453
-1.2631780430273896
-1.2396498267147247
-1.1592546124034944
-1.3329586976622982
-1.5116516812032144
-1.2506392710273364
-0.5140018310731687
0.4177140020851135
1.1852312809168395
1.4328983803208202
1.0656603098757447
0.4395489663836798
0.06677515814710042
0.11094728372426084
0.24716795351505635
0.09098282640153318
-0.3310920555445896
-0.6904042777109383
-0.7129075871760056
-0.27487927776772914
0.6079665986498695
1.7172791376985341
2.663896047958733
3.1187441509842655
2.988920391586098
2.394578956244341
1.64236279089787
1.0666063081064467
0.6981910357855252
0.3211248741124644
-0.12924697617770195
-0.47561736263231585
-0.5600989220341969
-0.47308273359517417
-0.4440729777367048
-0.5210555698161197
-0.5981765430708181
-0.6769402236321703
-0.7499816724576923
-0.6362957060874771
-0.2336144647876052
0.26077394288384836
0.4600613952861826
0.0765532523763583
-0.7704552253316884
-1.563634815639327
-1.7388174451201843
-1.0966313987609595
-0.0519972931908532
0.7032235462117608
0.8932339783927081
0.7087207415016799
0.2957377792315544
-0.27061403173558685
-0.668009786792278
-0.5464259226725532
0.06271941099261563
0.8588644421856901
1.508922284965764
1.7042746905280612
1.3839875419419505
0.8544407378221016
0.4370963538454647
0.16212120168812108
-0.06319657500569958
-0.23134953034942457
-0.35559223065168755
-0.48243391357664406
-0.45612758590419067
-0.13338706832002112
0.23983839799010576
0.27894168975493194
-0.11294573359756917
-0.700991641930638
-1.1595314671303563
-1.3806716629810365
-1.4689165142931013
-1.4442896149061626
-1.2324490860617658
-0.8337494108123866
-0.24086165633638232
0.4600232324935114
0.8191190728096528
0.4194291733743801
-0.484531339318234
-1.1903326832679875
-1.2771923691366547
-0.8759237278089019
-0.4111557279049285
-0.19224706843878642
-0.1959828173023136
-0.2639483510495603
-0.3605504803983348
-0.46720775301949174
-0.4272724464179502
-0.13591788487722617
0.24304737017210545
0.4226264734433462
0.26914936735625833
-0.07918862683944808
-0.3623005518348914
-0.5892231683400844
-1.0468377054682387
-1.754109998579239
-2.287977357067718
-2.2827958997499533
-1.8643780060358504
-1.4553218951522697
-1.200390410415743
-0.8363723166146642
-0.17739621022723492
0.554527538207718
0.9338116125917003
0.7331338486657257
0.13777090526166544
-0.4162896306217708
-0.6388732633419711
-0.6132197695038213
-0.5921976504451323
-0.6372405879927918
-0.5868579681166096
-0.3163944997181628
0.14806926828904804
0.6606846168258612
0.9220638424040823
0.6271721391292508
-0.21783745229078474
-1.1667755523941719
-1.5475483203343159
-1.032409495558551
-0.002950300425871095
0.8521920012019064
1.196401305055169
1.1836288536513222
1.0849196524955462
0.9670456901111936
0.7681669244406095
0.46872391230608496
0.045814109079562515
-0.5055661162625816
-1.0448638592810502
-1.3894947583594817
-1.4965226595881544
-1.434844919254575
-1.2856858899504648
-1.1748595779887765
-1.294294607353389
-1.6255259007190814
-1.6928667415444667
-1.037660607125792
0.08382400308629452
1.0077011302816319
1.5082135110808168
1.758040358106292
1.745216563940581
1.3206338721233966
0.6275403226439787
0.070831732374104
-0.1352028528711133
-0.16932922205252354
-0.26910085449935695
-0.4010198748162958
-0.33642547798112393
0.18171322460614098
1.2298708754294205
2.300462670102332
2.429020665954463
1.245902646572054
-0.4377181573700397
-1.4968789350345049
-1.5829079849430765
-1.1945311176459938
-0.9756078653384483
-1.024625666895987
-0.9569176380340013
-0.5748137327288347
-0.060303332735501716
0.39121537393345446
0.6777450594708534
0.7208753243081546
0.5097660278095101
0.0907446637235375
-0.37798311112019045
-0.5507858087801216
-0.21561723435028585
0.2957018173423905
0.43569875618466314
0.09678796926016613
-0.4450394518656497
-0.9467631677047246
-1.3028149182319424
-1.5631942319819478
-1.8952019473782964
-2.2909303293356915
-2.4733072438776555
-2.238745667722932
-1.653021695137155
-0.9370293565706105
-0.3713700540293298
-0.18043122159688296
-0.34208161407264803
-0.5615903597381998
-0.5635962795875186
-0.3786240665003375
-0.18286623914453254
-0.012041872666365885
0.1367614774051525
0.1407142677085618
-0.07451213605717187
-0.37258549772295324
-0.5579465998098417
-0.5479484812193112
-0.37335179914982103
-0.08752219452897227
0.2990594868389263
0.6987314719640453
0.8014715166791339
0.32426561957058964
-0.5692944222479424
-1.3308667149159437
-1.4849556708996352
-0.9909375613705164
-0.23713074061560518
0.39588198009309833
0.8469124520338784
1.1146222296407253
1.0829619883046255
0.8029252589551319
0.49839243409165723
0.24112596700573038
-0.024061692818218225
-0.24889811058904135
-0.3133731114172751
-0.21080452366521382
-0.13746693933674356
-0.3796787323992561
-0.9736194708156528
-1.520789141169257
-1.5343130959106122
-0.9677212211526034
-0.2959071833049428
0.02448405208315809
0.027154502823741225
-0.01262482011933195
-0.020450745221063903
-0.06839699639242874
-0.2228567908108167
-0.6051215338718087
-1.157223094962271
-1.4145971393577037
-0.9860499474192171
-0.061677704481029653
0.8467030150537127
1.4049116734591214
1.5421834354858193
1.2784525132277393
0.7386417335478543
0.27052630989442694
0.18433042595774451
0.39795716223593536
0.6045133032230191
0.6501151468341438
0.5327321405761473
0.1990591447185088
-0.3565346027466124
-0.8717368889628888
-1.0211688844514741
-0.8077770158964589
-0.5335194360376547
-0.48072380052966707
-0.6707278608113967
-0.7944914282017337
-0.4977133587567407
0.22276385748106556
1.0446695223673934
1.573710459274818
1.5529527349298877
1.1664238135256202
1.0030671020829272
1.3317773788932348
1.7133341972306229
1.6562618702755703
1.1913539611952646
0.6528401954397315
0.3671371511606994
0.4733512424337131
0.7811915789261259
0.949148827926586
0.8201542555026954
0.5285379596960619
0.34066070771751833
0.408367578612282
0.7211113268183389
1.221863375221897
1.7431873014594532
1.9097710717504506
1.4131834982310034
0.40393512430339623
-0.5958195726084491
-1.1562038057508524
-1.2172749185485532
-1.126099077178342
-1.3588180041659963
-1.8767163328169507
-2.057829411195676
-1.5431158042239768
-0.7304405654718025
-0.21806784365846185
-0.15692485709464982
-0.3735242555554122
-0.6968534738548363
-0.8845908760422782
-0.615998773369517
0.17049849094782155
1.131249038654129
1.8318109984498887
2.0614795150134775
1.8414206243064684
1.3520018090577617
0.8820620260416765
0.6670514531943125
0.7410949079365352
1.0231061046484882
1.3884366238654928
1.6143673784080883
1.528918956706663
1.1370720014283957
0.4952278181796921
-0.22132249492786338
-0.6397297591560271
-0.5394861853203143
-0.06213168279357224
0.5057299638595507
0.8856935793924701
0.8983451645591369
0.5827403319989889
0.0775689135077282
-0.5186350954830187
-0.9965424555660132
-1.059850451687267
-0.7062350540932595
-0.28060455027043635
-0.07638083575876886
-0.09362550178510068
-0.1807619436508944
-0.24817057019128552
-0.2913110174801933
-0.3468920468970826
-0.4537438975444659
-0.5951346221438056
-0.7517814562172846
-0.9021432074345891
-0.9535364676786107
-0.8927238558678875
-0.8348063245952532
-0.841750417887782
-0.9343120700540137
-1.0826320781645995
-1.0520867545927104
-0.5631750145559434
0.3136491112089583
1.053964354009789
1.1462167593180719
0.6958953129579941
0.2730423952417257
0.14441615434713514
0.04431852449005464
-0.29380628607962817
-0.7831341735008561
-1.1334227786416466
-1.0705523221732864
-0.590802239933942
-0.09587470126753375
0.01632277288961653
-0.18981427655384814
-0.3993861140852577
-0.5066465086734596
-0.639124351061053
-0.8413820226659185
-0.9490869440597655
-0.8067086541238842
-0.4691442457336355
-0.14634096134085584
0.014913783432367435
0.006104554643986768
-0.14639351464059577
-0.31305783965133904
-0.21299540036696457
0.24244382417529728
0.7730216503469953
1.0588910121541115
0.9244052098572737
0.2827721839590835
-0.711661868698146
-1.5938805998895442
-1.9322828245730013
-1.679570963655268
-1.121849682575837
-0.5658795993360816
-0.10260649618450529
0.30910870018812686
0.5932773019702703
0.6003612541776991
0.3698127400805113
0.15232970436854185
0.12157962331625076
0.15601261909140177
0.00871356236889785
-0.3912498690042915
-0.8995028141434316
-1.2739481110291193
-1.3803462399956143
-1.3775168827068007
-1.4536553368344354
-1.5178371624263542
-1.4446523396209057
-1.3373745210684609
-1.3804380807293666
-1.5922423798428254
-1.6786661084537446
-1.2021959667268018
-0.1427626198091743
0.9396365404558555
1.5017354255895854
1.4752080072556009
1.1325658113718662
0.8009210213336843
0.640418356186249
0.586653437198927
0.5770122161923475
0.6686057454919415
0.8368554664245605
0.8815716087807761
0.5915707541451991
-0.06067605511856327
-0.8520234809411623
-1.4786118264447747
-1.85419094063713
-2.1329716967913526
-2.3851419032531074
-2.402809903610325
-1.9479746114867726
-1.0949303351084352
-0.13106988271968958
0.7603516734234563
1.4748703952730002
1.8276402630392905
1.6781529694341677
1.1818959610780257
0.7906007617837321
0.8022074751445183
0.9451919924734986
0.7486546079002712
0.26600068419192
0.0010452679273619935
0.18582682571965997
0.6237172747635809
1.107287833020966
1.5422908004658107
1.8226199130518148
1.7857446516474038
1.2647421243991892
0.29928091106548843
-0.7157277595775379
-1.314720984371965
-1.4266425480441176
-1.3591722591463797
-1.3940182646469406
-1.6111013198670496
-1.9333906459383543
-2.144343720989506
-1.9864289098285761
-1.3806049009097272
-0.5903842519363667
-0.09726403576327791
-0.1895459233246849
-0.6873219090570496
-1.1539158741014865
-1.323324053419465
-1.2240803660748718
-0.994183176051245
-0.7495062664748352
-0.5839093487831021
-0.5253774785191333
-0.5712998144849349
-0.7821567835839085
-1.0802999820915418
-1.145398485330276
-0.8263038682626453
-0.37138947678291684
-0.10693585072386404
-0.200168196654611
-0.664833386600095
-1.2739382890557631
-1.5608298159800305
-1.2088373536214279
-0.4295725629559496
0.2757892795048939
0.6201112192873689
0.6899020503854137
0.7560869122111407
0.8653289594789392
0.7452460802265682
0.3047846515658606
-0.146185494797891
-0.36759645735837976
-0.5327507251378852
-0.8877526884488359
-1.2748476368260628
-1.3015426475253997
-0.8186068261662063
-0.01935317001333118
0.6969220491219759
0.9955433608974147
0.9532182585882486
0.8936878422733664
0.9094379696281294
0.8967403311898826
0.7939323932441161
0.5468888824953022
0.16545867526043487
-0.15332692467367712
-0.192361457047859
0.01681242443194823
0.22808098696773438
0.23830524099738337
0.0074575675016991935
-0.3996611716596232
-0.9160560933237162
-1.429907624088351
-1.6915299573825633
-1.560589850474495
-1.2253331839573927
-0.8889542540091523
-0.5007066501548226
0.02390732242098727
0.6163400269918428
1.210304635846948
1.7569837129279227
2.0103628927130983
1.6809430512091805
0.8149238749077259
-0.2226657620129693
-1.0176550484455695
-1.2205336352326925
-0.6415527908684129
0.5068081466808674
1.6729295437526897
2.3921224648750217
2.4414946355457356
1.821246846149343
0.8596069174525979
0.038338783352393435
-0.3577034370497404
-0.2557105946240771
0.26125200086296635
0.8999530166542615
1.3298362023321046
1.42686872390349
1.2545029206971081
0.8728824017955996
0.3213808650882126
-0.18865059877904264
-0.4280650143868598
-0.45037540484187893
-0.37087747238204416
-0.21843245248537857
-0.1882750693494697
-0.48705253658394715
-0.8980054925116104
-0.9688777026813068
-0.5375174100693237
0.25858939399054454
1.2793686703001341
2.430290547003472
3.5294945409022125
4.265741960404218
4.342652734996834
3.633537049904539
2.2432112616217488
0.6032375611275625
-0.6013851551070257
-0.8977974756783373
-0.413535434160482
0.31455534131798407
0.8103832355681456
0.8572840913911199
0.48629255554112405
-0.011815780692430982
-0.2660896002337451
-0.2302949525566766
-0.1942152133776143
-0.3268607440999921
-0.5691696726171156
-0.8557661750242251
-1.0848068655494802
-1.1029155315431691
-0.8724647679009526
-0.5063214323546138
-0.1862331036362339
-0.008267602995111735
0.09933357863651933
0.18435461053412674
0.22045493344981437
0.33113144906026665
0.721091052633688
1.323288016908934
1.787875168562607
1.8623879389530755
1.6052452075543968
1.2177886759349847
0.7601576372753327
0.1980678533835417
-0.25758941989465084
-0.3314732452133898
-0.21870539786250348
-0.30371797981182785
-0.5590567354716124
-0.8540225718284384
-1.350978094492076
-2.0136660742920087
-2.314189380805828
-1.8902306504910484
-1.007865108792268
-0.13174968402459772
0.4647078038887237
0.632855659121343
0.394155195089872
-0.03745854955291175
-0.43477438967432636
-0.5989877673231354
-0.42683165946496177
-0.06144151128633296
0.23586756811243975
0.32572084405133184
0.2541084313201951
0.20171185612338738
0.26708343850174476
0.27745092920773434
0.08474596118137752
-0.0879805214323879
0.05471061546005104
0.4437446477281232
0.7691389740113327
0.8954020503977932
0.9452293515151551
1.0168878230935736
1.0664014107853337
1.0473907755680554
0.9248003037556372
0.598457590361635
0.06109180081355666
-0.3879609864045121
-0.3388140726726159
0.27508427146693304
1.0689601853893176
1.573858024521973
1.589721672545431
1.2215725636304526
0.7447286793571996
0.3910197482396666
0.23408899650961465
0.29466388691004786
0.5442129014909876
0.7610899821791627
0.6612421681113932
0.24918568619521855
-0.14946709522790264
-0.2232286018767208
0.08310016228166157
0.6833071868883668
1.5104282751327573
2.3098789241859214
2.550166930470424
1.955491410659723
0.9063382985320299
0.05007995518126794
-0.2820261163183417
-0.15364391748986972
0.25753138036524326
0.8134269220757668
1.3473976228027074
1.6776711345275093
1.7430038764869282
1.6040239793717594
1.3442051182215597
1.0719618471398777
0.9341789883919727
1.0331320037516585
1.3566942942936822
1.716639203587635
1.7512579701863213
1.2347290029879183
0.3619120795339167
-0.5044442910450965
-1.1509479633329858
-1.4543827655959418
-1.3823834307754916
-1.097038874770133
-0.7856172521687719
-0.4448559562400878
-0.017213295563303255
0.3759703176002792
0.530832660152252
0.38100724168821504
0.02271314599252567
-0.4316798992007713
-0.9740217273312399
-1.5536192244243006
-1.9410630964295297
-1.9745171420679006
-1.7346642134438601
-1.327385996460316
-0.836669000225058
-0.5402584694293893
-0.7001147259226546
-1.0898750528555055
-1.1354446727616871
-0.6032332229293603
0.12195735870729109
0.5153836081616724
0.44386427627450215
0.21030230142326303
0.2093276882884793
0.4297321608679013
0.4118156550297101
-0.09394598107709756
-0.7512769620211399
-1.1375439148281898
-1.2285326988574865
-1.1965681458156419
-1.1103367850021375
-0.9661221836461259
-0.7715985877202194
-0.5530717972816263
-0.36000506793896025
-0.30191829073206244
-0.5392230374113837
-1.1409061295471996
-1.9059766095256818
-2.384191863241024
-2.328785933511828
-2.050228439847458
-1.9319526869555417
-1.877959062497782
-1.6540212408180028
-1.2888191648887144
-0.8100882751082706
-0.134704184585175
0.6127121146246959
1.0456809500919888
0.9002309506113012
0.3714112017786348
-0.082192244539278
-0.21753178419555
-0.16357171104273335
-0.20244153342789672
-0.49066240084479246
-0.8952825835038086
-1.045662275561054
-0.7096785322241248
-0.08664174409938029
0.46047894286729263
0.7658271876352684
0.8416195713585344
0.7703529926904733
0.6682412118545169
0.6343226151316251
0.7080127607482785
0.8620770258810745
1.047454774421149
1.1337443671820797
0.8660567896571268
0.20832814546423825
-0.42318814282138095
-0.547587486663502
-0.06769717152280362
0.7416052672916961
1.5060307945346767
1.9518904139037103
2.013801427445539
1.804753180724977
1.4259909963102373
0.9834843370973884
0.6495891682843896
0.41168341014381316
0.1346723694346588
-0.05602350796474369
0.039729936296794346
0.29997983827420244
0.45731724490665887
0.4635892126289348
0.4504581117508325
0.47190952466070446
0.4616392775188254
0.3834965190852019
0.3644769181777598
0.5643574878197539
0.8598092584184881
0.9812182704008304
0.9059646359708808
0.7417636755341183
0.45857719347864595
0.0714038922146869
-0.0898312628278303
0.33114897366680046
1.1250430346492608
1.5567646301514326
1.092474385087066
-0.06399503711745912
-1.1465014865260332
-1.4979788194773729
-1.0978726678596216
-0.47702794485350597
-0.16520097758401464
-0.2241504321903322
-0.33170916681379725
-0.16784022090145564
0.47370805918405445
1.620843037047216
2.805519356752438
3.2333019572305455
2.6953711697389195
1.8922838337418535
1.4691941475323005
1.2657399617944138
0.9237576099866194
0.5720686763904098
0.4633385569684717
0.4500228011018463
0.18054724067270184
-0.4123808584620916
-0.9709719255313747
-1.0516472443285587
-0.6614124538311407
-0.2836478888054832
-0.26047427928729566
-0.4195820891794287
-0.43786565938665994
-0.3186181694532768
-0.2707750289375063
-0.41717258941475027
-0.8604201888010539
-1.5782381886263763
-2.2118381778391094
-2.3845037916066456
-2.051661400335847
-1.3859393324712976
-0.5877913620232752
0.13195510959499174
0.5286654386761397
0.47391792501794605
0.15331384474847956
-0.12206916230616773
-0.23649227550795035
-0.1955326541730873
-0.01852753946481158
0.07537567385447859
-0.2214194065263504
-0.8277812771174038
-1.3045678548405593
-1.3758462395779585
-1.0797693004978008
-0.5399354370207402
0.018298955087331936
0.16458592604281763
-0.28772162515699945
-0.8005471423402566
-0.6478218447563565
0.18858028193219653
1.0934841986339257
1.4277661858092023
0.9512939155733456
0.1373785333099367
-0.22319561079347364
0.00733059697922393
0.2616018175470215
0.11536781238427449
-0.24598580508086937
-0.3678227478085588
-0.17070013036328335
-0.03459648485257195
-0.24612893371534075
-0.6439684160695205
-0.7709764295678108
-0.29624555458797597
0.6152011301766027
1.4556456306143013
1.8645214451818408
1.7577566701705438
1.177206282513568
0.32996937265930326
-0.327915707172184
-0.3029215916434155
0.4399338701213852
1.2390605600686044
1.3748312322332603
0.8711140513764087
0.29173972294895123
0.03721490286148774
0.05313413682320776
-0.04118027883124581
-0.4376695975362895
-0.7943712573380428
-0.7785286904865073
-0.6440492066805964
-0.8180590528760748
-1.2547903897832537
-1.5650527751243866
-1.5108500003765202
-1.1501585169540551
-0.7603216419071979
-0.6608099363215323
-0.8242371931095472
-0.814232197505065
-0.4133207671727181
0.0078092199143443295
0.06756306057715256
-0.16048935668167602
-0.4776179752057515
-0.80903382518619
-1.0801544878742044
-1.242205945260075
-1.3590168309148312
-1.4671788619183583
-1.4211703821109325
-1.0491010777037018
-0.4162906092281943
0.23396992889062818
0.6737650752801261
0.7380360007364255
0.4470761846977259
0.07904482621044845
-0.07655039936909457
0.07294289590377832
0.40428784804309836
0.5736030750272962
0.2672743787031072
-0.41422712258623523
-1.0446778689809417
-1.2369008492768285
-0.7913882636803695
0.1672706781494849
1.1038357790125484
1.4489878721427727
1.0996452452478553
0.3808499735569788
-0.353757404792244
-0.9095342551322622
-1.2374616357630777
-1.3813518687298907
-1.3027639020336301
-0.8421376426776578
-0.014383811097958306
0.8108719280087742
1.1389662764976183
0.7370795132390126
-0.21164850627684187
-1.2648902511134215
-1.9243178654107764
-1.8693795603439125
-1.2291386404794526
-0.48425834730529266
0.046797678327392074
0.45544254760210806
0.8906268324606362
1.2274195852420227
1.2545118547758107
0.9752482262102911
0.5754752630305041
0.19325094985621658
-0.1335561259431386
-0.32860724025121607
-0.29271097833262577
-0.026483678444878284
0.3875581780968541
0.7902529808549492
0.9176837875678148
0.6029632781593133
0.010942835372541686
-0.47265135251954793
-0.544763372100336
-0.21292760294517224
0.25461221463838213
0.6364803519616936
0.8547859442745528
