1025
-0.7717528765374324
-1.0763057492974177
-1.513837268960468
-1.6454230838587525
-1.1893210207318266
-0.3759668590606042
0.09860922975353835
-0.2605989271544226
-1.1159386316312978
-1.6425973334706425
-1.3648221921836896
-0.45922287713701304
0.47214382546712613
0.8678777423996934
0.6453046484632009
0.15700661132615312
-0.23412715899309003
-0.45750716207885805
-0.6322008303693716
-0.7462920053383502
-0.6930903840047657
-0.559910024997804
-0.5154147788825598
-0.5011251428592423
-0.3997969687188896
-0.4277435583360868
-0.9241367907919431
-1.7711928466237081
-2.431640818168651
-2.563329321959337
-2.3124252177556226
-1.997548430199405
-1.7377476188904009
-1.4459207915178103
-1.0092623136381713
-0.413534196593996
0.14356024668423417
0.32673660421969825
0.06882027698548956
-0.32557567105255086
-0.6098609860319372
-0.7879706506562254
-0.8629744327839561
-0.7001027809946593
-0.2232899289292778
0.3839340348922452
0.8270925409478134
0.9275623138601722
0.5923202121916906
-0.056959410822159454
-0.49717255120409215
-0.2660081642259081
0.43145556000392093
0.8838168784900253
0.6480658375430101
0.04257071061158113
-0.38174047036480135
-0.6109604503725866
-0.8544111845992176
-0.9275958999784263
-0.5740676152351832
0.06088248795078034
0.6210136212345609
0.8829292616836086
0.8213200894973599
0.5277793061427595
0.1837142350908342
-0.012568011887878311
-0.059975201095704644
-0.06474717612716045
0.0651536857426789
0.4434337156840972
0.9211288985781928
1.2122861545906611
1.0902677944102985
0.604676708338065
0.2035161001392834
0.3014379326159819
0.739749821324099
0.9606921024933791
0.6144447072472143
-0.15771147468710067
-0.8897114762557109
-1.2246725050314555
-1.188033021527135
-1.0079327584876228
-0.9220046555768322
-1.114441884958453
-1.4997269746423985
-1.6244197563142249
-1.139504090092992
-0.3666300012464168
0.045821375658265905
0.03241608904419986
0.10257490634720741
0.42309669876549694
0.5787275083927171
0.3664259423849935
0.13275696027516576
0.14822929242109317
0.33002388076513106
0.6002788682271466
0.9766140249994436
1.3121086248054858
1.2588239481240246
0.6727180679013124
-0.08102739547436848
-0.39817118024225084
-0.0191144264937119
0.7115158071108548
1.2431635101108376
1.3218900734588281
1.052060658756904
0.6793914855276144
0.42220562322825467
0.44801800514268175
0.6920831731273599
0.7557482491875357
0.4157326899626355
-0.06898048901152667
-0.441338634467037
-0.7654221455739397
-1.1575416626563964
-1.5599704071057798
-1.7647614704393428
-1.5679196348548818
-1.0550989857418687
-0.6533945857073947
-0.7348868713875455
-1.2822736755790054
-1.9450453919940576
-2.302419398963391
-2.14766587988398
-1.5866582774924007
-0.895501515308655
-0.3503780059159553
-0.07913065127033418
-0.013443398071029442
-0.054853784180772955
-0.16458866382808773
-0.24844536109853063
-0.2073671571069631
-0.1248956758794619
-0.157579353661977
-0.2882450900620126
-0.3255532754773568
-0.14037004379058873
0.08922275152169493
-0.019418045719556257
-0.6164960595708743
-1.4451024684609635
-2.1531542547249014
-2.5620802487670575
-2.6458509932014103
-2.476671111426023
-2.1515552736659784
-1.7328964725195808
-1.2945098613622088
-0.8756827456447671
-0.4234492764987295
0.09647228487107294
0.5780878264892129
0.7574124119198953
0.42445150079745353
-0.29496395030212874
-1.0497056671941014
-1.5768320203248098
-1.7365994446419666
-1.4302264379634833
-0.6858859911546378
0.24498328353351861
0.9850833677266689
1.2850625545561818
1.2015735170244475
0.9957343692650582
0.8244062299140771
0.5691021293704893
0.10273026698726193
-0.39093929848599457
-0.5887018537449699
-0.39267542402855443
0.03448336118973353
0.48494920061380625
0.7998812527172993
0.8417206705262766
0.5293917413085791
-0.07364784349578977
-0.7143180516584859
-1.1506999462504626
-1.3386550690408265
-1.2478503593994403
-0.8459344103560452
-0.3126067404118811
0.09766471303866707
0.24291392675077994
0.043578122472196223
-0.4302158835544469
-0.8883252504205637
-1.1164358471881155
-1.1778535727927162
-1.1931154957359256
-1.108950045742539
-0.8174091234809453
-0.5049564526696539
-0.565583119631046
-0.976498449699685
-1.1892361573129695
-0.8401773728105172
-0.2793951620031585
-0.15070944233960462
-0.527807014896818
-0.8503922975486172
-0.7098839391550148
-0.27938034312422017
0.06545987448939879
0.19551953188859716
0.20839800780363688
0.22201625699502656
0.25791233090975996
0.23343456433864349
0.028244803937203116
-0.4538257239785355
-1.1489542622857098
-1.787448423459819
-2.104653249160323
-1.9902047343386813
-1.502081998803474
-0.8260563249163944
-0.21007939344491833
0.08092437586879915
0.02970315461441986
0.027126573319008352
0.4267210903374523
1.1077062639717747
1.6512411654844743
1.7502092565156988
1.4363273046035259
1.0612344665947429
0.958165237042663
1.0523213919781904
1.0165122078308946
0.7624046999038456
0.5088385414794638
0.47094484529281777
0.624391512108556
0.7382300224661357
0.6375976424144975
0.34561026558265867
-0.010299697019054359
-0.25993802998804943
-0.2646620527853616
-0.09386868618278828
-0.02212564692008548
-0.1956962136769931
-0.377831623182195
-0.24790778265542845
0.1023815081034839
0.2817700812343392
0.2101117022260533
0.22788006323344223
0.49265242098111917
0.6190297626527074
0.1377941975757061
-0.7943791513463947
-1.454331611747807
-1.377561058942407
-0.7558357318950877
-0.0831204153015044
0.2789610262680676
0.29074158728504057
0.06674094435776207
-0.2775041682049366
-0.46595834893912624
-0.2560151734855799
0.2057259509852006
0.6072317969090999
0.6994795482386171
0.3033475062105443
-0.47152745965822396
-1.202375397184666
-1.4966125434136637
-1.2470309525082783
-0.7353142112261257
-0.47619757739089513
-0.7318591490382612
-1.2632240306542881
-1.5962675244365419
-1.4387628078577583
-0.821458326765075
0.06818417365172913
0.9638035725734018
1.6168745636375539
2.0444740929747836
2.288056542839728
2.109416466973052
1.4462227986497223
0.6752223523153827
0.20822447106011935
0.2959085760941282
0.9707569790456015
1.8170615973252016
2.177553231630704
1.759336620942662
0.8575690299072632
0.0478326643492923
-0.2943105620770974
-0.24403566238968327
-0.16005215189519648
-0.34665145199870945
-0.8145404363241392
-1.312337838820773
-1.65026714610738
-1.765670118535889
-1.4794497158232478
-0.7167950344803615
0.1479930034939261
0.6540708106069395
0.7211698003994677
0.5447805202064683
0.3025717136013574
0.01602424681043828
-0.3281446519424984
-0.523459299718055
-0.3543559975815517
-0.06951786299366153
-0.11463838566916634
-0.4845774887590005
-0.888681398501492
-1.2711993402845259
-1.6165402630929215
-1.6687388102091234
-1.3325951524816009
-0.8827785423358171
-0.5419356522081331
-0.2939241554958204
-0.044106765501668324
0.27499908277222224
0.5345109135559065
0.4120418856926293
-0.2022706019184215
-0.9934438617318166
-1.4970621365826404
-1.5005610651612662
-1.208003811863591
-0.932378830894997
-0.6717566479624906
-0.2010315988820537
0.4532609703011382
0.925824188929745
0.9800361162936818
0.7784608218286606
0.6026963646760841
0.484903584224318
0.17335235370560734
-0.5347603019944867
-1.4714334703263177
-2.1950007263197566
-2.357606453126324
-1.9223256260580224
-1.0630522783096843
-0.0037589311397333907
0.9029825695514851
1.2474891304293434
0.9408370718589761
0.2274461543247603
-0.5363502560914019
-0.8938231268487349
-0.6053467951883882
-0.10105471470646345
-0.06986449266848141
-0.5882833322270766
-1.0957771473784437
-1.1498071187032899
-0.8514008954300338
-0.5758236299485252
-0.5375661413820243
-0.6324778617560388
-0.584725602284896
-0.248378682233262
0.2460696624183057
0.6440170200896119
0.7692112961333187
0.6457732118071294
0.520479960086902
0.5881217511965778
0.6705081870432411
0.5128841229388726
0.2852891080649521
0.26485981861413305
0.3150920121722253
0.14913656757282273
-0.2656850990349855
-0.7121979710832151
-0.9043903617773108
-0.7875113803109884
-0.5750663128500504
-0.38335665740011265
-0.2214274747950729
-0.2863354113645173
-0.7521401334631774
-1.3409983192176915
-1.4644191120118006
-0.8441554991431088
0.08540186904891511
0.5707923018704228
0.36828901002591724
-0.09855421097654136
-0.37771370223337036
-0.4590772079691058
-0.6165017258719049
-0.9853944684449558
-1.3319647817730642
-1.2439738015427637
-0.6512294157717838
-0.059837029624481584
-0.005215443670725441
-0.3873633186011981
-0.674836602360519
-0.6828292724771018
-0.7528631678123624
-1.123427283445945
-1.528311536116562
-1.5714352999091925
-1.2240548935293927
-0.7496263052434915
-0.34684591392895886
-0.11952681561654223
-0.20099649353346874
-0.6096123825895025
-1.1107880180769532
-1.4601967112980379
-1.5737454379735698
-1.4343445778645472
-1.151126097481595
-1.0244535919525215
-1.3000734703954095
-1.8066933907447793
-2.0088454218861305
-1.5939468542432171
-0.8262787354406126
-0.12099615307934361
0.49878343142529863
1.1846594347537003
1.7259510741048012
1.7227610661445705
1.1863490179072718
0.49344598206666074
-0.1663810552731797
-0.8656444286239029
-1.5390126119840644
-1.8876524797293348
-1.7762026288026336
-1.4724539649886559
-1.2215917587695586
-0.889867887729832
-0.41484649396105033
-0.1575175078366287
-0.4247131451586607
-0.9914325427536401
-1.360953335258667
-1.3514397237641624
-1.185303903227582
-1.0507162036790507
-0.9102042553974224
-0.7662512036177253
-0.7520215219840344
-0.8617031677090564
-0.9636515607806068
-1.0876248784993463
-1.3044678731964874
-1.5229616838387696
-1.7063451769798472
-1.9475555881044913
-2.1696572472298823
-2.0707548080769547
-1.4620697624453687
-0.5158328482932616
0.3344023037197102
0.7274751103028735
0.6459124124618414
0.3236303968115156
-0.05239698802860534
-0.36403133413035166
-0.3677761662643184
0.1389181114998199
0.8901582824124753
1.2564779465715108
0.9295684446052074
0.2980330770657566
-0.10029893357561492
-0.3269357670322485
-0.6987706600400644
-1.0025523979365243
-0.8236664327797438
-0.241154983892378
0.36965922918210864
0.7540951292968132
0.7499777044730398
0.287111638597188
-0.4883954008039891
-1.2718682236086671
-1.6962043034674552
-1.4943309035644614
-0.760184062143387
0.15043204290372442
0.9567794749450648
1.4223771052472942
1.2579273928155268
0.44133560482292317
-0.6356170736826257
-1.5082830299285326
-1.8698985746653436
-1.6260108070309485
-0.9981553112946604
-0.3862309297543645
-0.07824004346264399
-0.15137322782168078
-0.3782376776594061
-0.28587547178120243
0.3986141512454438
1.4682587588035285
2.404912036440939
2.6919189151073217
2.147757565032868
1.1403876121719967
0.3168308190670524
0.0625000050330292
0.3158763133537586
0.7365577609264509
0.9687695024013968
0.8757801760888015
0.5658285960707663
0.2536177645315717
0.14247458667563767
0.30680485531763163
0.5776799592117117
0.6653346304812574
0.4111094641515655
-0.16951921133623368
-0.8544969207575294
-1.180739056185221
-0.8426360393386662
-0.16836037739449197
0.1003715613614801
-0.36018311547005255
-1.0060806403816227
-1.0923645492362497
-0.6356390405861247
-0.3483292495837049
-0.6941285445737149
-1.3607426951418664
-1.716424797042096
-1.5357317236737498
-1.1773748319186257
-1.0175375669418896
-0.905702596553205
-0.49116950732832415
0.18606583352520967
0.754887964021091
0.8654501763813497
0.3266883733602075
-0.6676342761824616
-1.430707251703004
-1.4615829409074375
-1.0735809552894269
-0.8096672886454599
-0.6141590500193443
-0.08579049850338506
0.7722890474161479
1.4306721885000442
1.392584395448368
0.7422476918278453
0.002377101294281363
-0.4450360922958631
-0.5749130997559939
-0.5674314298944289
-0.5798144462636484
-0.5590145201600076
-0.3689398823687597
-0.061374863285005264
0.19475921598185464
0.36351614837079277
0.5478584638487692
0.8061377802685495
1.034360186032792
1.075289140546045
0.9182599243692476
0.6515870135310837
0.34310530646365117
0.100427017050105
0.005018929891159969
-0.0724500452706167
-0.3541170430347923
-0.8202634205713171
-1.1491316361529662
-1.0328716670312315
-0.4950530358069367
0.14324072182015346
0.6058526206341265
0.8697964865908033
0.9921314005612846
0.8372847307656113
0.20878803504849275
-0.6834379165394106
-1.2957564279321794
-1.308032359485851
-0.7442993812778056
0.1449206532982491
0.9136499705540171
1.2145269428898644
1.069591771874773
0.7088093526995064
0.34032691820984773
0.1216470618166426
0.11725830458877595
0.1756737673225498
0.05888493025221457
-0.17264684188023413
-0.2317084394329967
-0.08665082087904019
0.02487245912322001
-0.05500474627926785
-0.25453813445027185
-0.4174265739137867
-0.5685107781067672
-0.8328907256365903
-1.1378466316351619
-1.3181425616375488
-1.357261761062366
-1.2863227954416667
-1.079002026145053
-0.7789511476132264
-0.5370174914745826
-0.45389301835497003
-0.4743976649590918
-0.49803247104940584
-0.5691047787843004
-0.793341728764603
-1.0509072031223363
-1.0874689173843943
-0.9202471451435713
-0.8288354728798306
-0.906807839781806
-0.8879282361470263
-0.5264148833112686
0.06302968288511869
0.5445216678098302
0.5592858431625859
-0.10927433308317001
-1.1571190428884703
-1.810581174145199
-1.6041755763301428
-0.813927923319563
-0.03964720662656642
0.30830440402455417
0.24878102916468756
0.13710270235539518
0.12884376571832687
-0.024075629889964523
-0.47147917277887363
-0.9493461161423872
-1.066467910920873
-0.7585666446672932
-0.3515634569738452
-0.12427120642259824
-0.05456496629746753
-0.0864677697403154
-0.26152215157822956
-0.4911858047156256
-0.5330623665247562
-0.3064392500423886
-0.021758879407237024
0.11929159847685049
0.1769442976431641
0.3299903829734094
0.5797651605688511
0.7652067548784347
0.9010956051691729
1.148380148322719
1.384739324931863
1.3238619632316224
1.0411221465683105
0.8616390798999398
0.8770669541892119
0.9810047247548677
1.1217143671641951
1.1868784163455786
0.954529874583835
0.39075750731347847
-0.2704697234393406
-0.7910361873858898
-1.0721819544880218
-1.0693287751288951
-0.7188070407964446
-0.029233597118415413
0.79123214588909
1.3907009338147738
1.5206697910863305
1.2668671444481
0.9911511610552711
0.988945696786504
1.2622367210663485
1.6062344159371729
1.8067352217611286
1.8329018592178825
1.8018835939054778
1.7428250699353798
1.6208374247367134
1.3991262925040797
0.9765051413115847
0.40315201172120885
0.007421442864376436
0.08010543913756926
0.5618169752931286
1.0344346921464322
1.0375498709821955
0.485023499021563
-0.2559033321273691
-0.7346696463113442
-0.7816996973780302
-0.4703122141605151
-0.010586722465623663
0.21874934762342485
-0.06139037397843962
-0.6677745314572984
-1.204101060596646
-1.5773095972317757
-1.897961818406102
-2.004716383403679
-1.596783213416728
-0.7853326862967017
-0.020363228428052337
0.44628197559365734
0.6437877995714092
0.6382094602389968
0.5272958265312454
0.47617049032839975
0.6075425378870858
0.9202967218330796
1.244128052496213
1.3407111024951412
1.1807368374459761
0.9591132554894366
0.8036080492317502
0.7109111122000614
0.7257287678138991
0.9101781090855678
1.135412297915386
1.1385153489429531
0.8917451795563469
0.6675302662249901
0.5550507863936576
0.2881057592896383
-0.28007267647404177
-0.9052612292845427
-1.1961440486413168
-0.9805651665958027
-0.47438117174297334
-0.031033164968571322
0.2171384192596204
0.3484465670009661
0.4678533665616317
0.5957254880174114
0.6557608076489589
0.5721572716985233
0.34966852322392056
0.11200769579622323
0.04826995868721518
0.26796518434278394
0.7361256909827704
1.242272310946757
1.4437865499493316
1.1627070214191872
0.6342281220083716
0.24902879147948395
0.07706956621619893
-0.05776563877011566
-0.14668456030689314
-0.020249260415016693
0.341469437300094
0.7429128734302819
0.9075931326858715
0.6890490708556676
0.20734900314367363
-0.2948197309690587
-0.6379104039019046
-0.7273589703646152
-0.5857687006527023
-0.3180597702800857
0.08020420095494628
0.732371274588812
1.537463614372204
2.0617436263755957
2.0660795748326013
1.7995191724715542
1.4826289693608072
0.9763075695895619
0.22763196935834884
-0.4132847326558187
-0.6034724713914003
-0.43469728727355406
-0.21329451114427028
-0.021556263412380535
0.2541680557584674
0.5483888659734979
0.5692490004513907
0.16070103834057312
-0.5130447367530011
-1.1298058206649486
-1.4285278702370483
-1.319611351478352
-0.8758272637086655
-0.31483069742416475
0.018899974136829107
-0.10232076488045787
-0.5127839316590984
-0.8691175792689512
-1.0020983315931564
-0.8491393794351659
-0.4076461500373574
0.1353883310174493
0.5461339922075867
0.7426568478671915
0.7368640056298956
0.6583621309931145
0.7934207033440506
1.1954954556035227
1.4226171187904733
1.018909085049113
0.1362292390326538
-0.5333885568969463
-0.5732392303672286
-0.32723163883164946
-0.20079727064216754
-0.0273554855527124
0.3873905941614797
0.7455087623887987
0.7405308789614045
0.5351921004860858
0.3963633218261686
0.25720481673038254
0.015147099257345366
-0.08295528663198208
0.23419579937489926
0.8598164883731525
1.453427275634204
1.769231167436386
1.794374948560954
1.6336023084579254
1.3108516259777883
0.7873475647168025
0.1777123618960307
-0.24723638627017205
-0.3745832693855611
-0.3365211671875514
-0.187688344579439
0.1670698434709148
0.6503519599629162
1.001612268419094
1.0725976403335233
0.8419444848559804
0.35445146690267904
-0.2013488892570275
-0.6319559620906059
-0.9036552563950886
-0.9922342614754738
-0.8172968923117817
-0.4955456299105196
-0.3623346147677653
-0.5701930400087983
-0.8937813350387736
-1.0031368625975972
-0.7890141952468802
-0.3449385100835986
0.24251723246387608
0.843619648282527
1.1531786988181254
0.8924841057811962
0.0846621687291915
-0.9496019157541655
-1.7248458396584638
-1.8201487756462227
-1.2266219718562728
-0.3649418263034431
0.32284786801363413
0.6857917141218889
0.812755265314925
0.815925074442181
0.7789233862168897
0.8069767375429276
0.8906686711431855
0.8657560765498604
0.6712480573994204
0.44833674378903443
0.349344333326179
0.40133153945166317
0.5725150600920406
0.802855366345941
0.9246321642225006
0.761895734784736
0.34578505270392296
-0.06482515032445592
-0.21498488450974973
-0.09737659219551954
0.08157758027699631
0.15884565739942355
0.172389514567126
0.2700458088323183
0.5144417422683328
0.7764170553470406
0.8464667349007954
0.5986045097473796
-0.014033011945798868
-0.8802054202842945
-1.6182548251711686
-1.8557173804508094
-1.5842066561851804
-1.0245425106121924
-0.30583428879876207
0.5009904289638406
1.2042695964348968
1.5921079868227757
1.6106925985288205
1.317361490505085
0.8381546180109237
0.4126310348143128
0.21834086567871483
0.18245049921255138
0.14526803288114626
0.015353485911719528
-0.25370642933821125
-0.5923917873653596
-0.7885022601958339
-0.6902667928101652
-0.3996625534149115
-0.14744659151156536
0.002173031503450557
0.13665031443433134
0.2756970461732514
0.418944954874832
0.6316073018834063
0.8912184706397814
1.0756207311033479
1.1604195802812296
1.1793794344093556
1.0505448901984211
0.7071372631352284
0.23877607769227366
-0.24048732940707648
-0.6346387503312998
-0.8283228186634302
-0.8070389661499203
-0.7368194168517694
-0.7936674146642442
-0.9649239983229796
-1.0365328742752944
-0.6864307702457321
0.1797001311055001
1.0917682863170377
1.3808715309235782
0.8439215673870532
-0.22898307258716807
-1.3974764994518483
-2.2340476875064237
-2.5152844086501753
-2.382778631689604
-2.1207387858531814
-1.7888752556993515
-1.2246079695050083
-0.42172685325934284
0.32197118636197886
0.7732922686957251
1.0485753712778139
1.3678027764910743
1.7724338515367426
2.1659635679071703
2.399421691746436
2.3062759273560807
1.7954870185165441
1.029005404802012
0.43216289252319895
0.28911331597346746
0.39722198942848364
0.33836711872808034
0.01217869142542459
-0.31978626782590547
-0.4788712932191154
-0.5103156856380557
-0.34652027034334054
0.19566579186444197
0.9975224239311563
1.6285900275907652
1.8070676963163799
1.6575705587376968
1.4835218169900675
1.4229565627961467
1.4165584002005236
1.383239437079757
1.2811803305471157
0.9994450854625926
0.40374535286028873
-0.329677986336977
-0.7332804081889105
-0.6512314341976349
-0.45047538676781423
-0.3956233491075082
-0.24706536015536862
0.17721999420531578
0.44208994020002423
0.0053812022980288315
-0.9375215045308191
-1.5855904285260185
-1.493073219015514
-1.0032960356136311
-0.567465909496429
-0.18839287153530604
0.1663015240666069
0.23441748896171075
-0.1491844647642894
-0.690520546293711
-0.8390156320104121
-0.40868406353475
0.14035116505184808
0.36291935720310226
0.4122429412858723
