1025
-1.18881847845679
-1.1186237828841068
-1.2882765743922755
-1.617413944151678
-1.733700758903223
-1.4746328699217297
-1.1175917216361564
-0.9201649390187664
-0.7687542556491809
-0.43707683814058634
0.04884255846151081
0.4933142642077007
0.7785315625031993
0.9229037872052371
1.0341912272499703
1.1589848275890458
1.1745370712477874
1.0217691985164212
0.9502319167012827
1.209585978505661
1.5744004410686467
1.5941820868348444
1.2693208262178608
1.0213648936432154
1.0310231836812649
1.006921478118376
0.6536924845676989
0.15042535111140043
0.026623746473392988
0.5389757068408003
1.327739269072421
1.7875034389230724
1.590384034800704
0.8936122451055871
0.30741605119578125
0.4789375232491682
1.4220231136168868
2.3989461146403137
2.6117220523158773
2.012811489388992
1.2558033472394652
0.7853749137169407
0.45923186561911306
0.09918969029773002
-0.23341598674040265
-0.47994649729895644
-0.5545156513292896
-0.3252558932074937
-0.02432783167685813
-0.16363699448373828
-0.7679598998351588
-1.236292762665349
-1.1168182695577513
-0.6308319359290013
-0.3013972321782146
-0.30292162851519794
-0.39791563738126234
-0.3744652435662526
-0.24965050611814957
-0.06323810063375922
0.2365120880379881
0.5917076165834743
0.749540963703114
0.5793530346631655
0.3182702652210968
0.20485165139440448
-0.020454526883559154
-0.722653931377988
-1.5688626443633424
-1.7940761088433967
-1.1658917385770509
-0.1386232878341508
0.7835902078258772
1.3817927798477279
1.5857076939396766
1.451391133530879
1.2164000963803838
1.069135127173775
0.8729044015024571
0.3819029206637341
-0.24288644650497543
-0.5517510371603437
-0.5185587420124106
-0.5952706541091463
-0.9964369500750123
-1.454687126507461
-1.6029160964041702
-1.266418755609764
-0.6295804882004129
-0.20049557271702237
-0.3516526102866002
-0.9133304480603609
-1.359453243623304
-1.3360600522966675
-0.8663699093776146
-0.1284061250006949
0.6822644593041794
1.2934336596955607
1.4360077082317488
1.0638980958763251
0.44207475308707417
-0.040627444783365545
-0.12771152078521777
0.1984517946633331
0.6663078769159974
0.8649281069062011
0.659859284842025
0.3030045793772335
0.10677663664067058
0.1999389252620995
0.48487566164634
0.7181519764821395
0.7775861176581371
0.8229441210478253
1.0496200671287927
1.3723699062458097
1.4327140492008152
0.9293040515054745
-0.026790682101668867
-0.9641438322839626
-1.4480940137523772
-1.3690897783718379
-0.9344731815083026
-0.46233696950367914
-0.20080747322121026
-0.24615358028176126
-0.4679996509186856
-0.6176973504425604
-0.6549124959350645
-0.7703920392202246
-1.0056542503430526
-1.1237107242583575
-0.9380822128750822
-0.522636413892041
-0.10840296313912176
0.03953066846215648
-0.13581804672411757
-0.27873585088695113
-0.05699131141297694
0.3129689842455427
0.4472187474339626
0.4035766772284941
0.48509621937772196
0.7338993918233386
0.9527825808468017
1.0261746261839013
0.9482309277548209
0.690519657075329
0.2785133601991519
-0.08301497803651739
-0.1659427031172969
0.021133552765815466
0.3126141874951527
0.6251162678580926
0.9217684100965742
1.1025480186204415
1.1398221507147006
1.163383948748169
1.1927634581494022
1.0544888049246268
0.7977399664528898
0.7134444665514318
0.7694695936742781
0.6275376352356034
0.22300658151894828
-0.16553982442336906
-0.29833563324607326
-0.20800467592365576
-0.14942301433859334
-0.21873265233133926
-0.04701910018145378
0.672710827366002
1.4663488958713005
1.5830118609398993
1.0748114826115394
0.7171784623360239
0.9757263345406276
1.5562767838562417
1.9303552306829872
1.8832622692861862
1.519250099093798
1.0311636286210435
0.5348524734093707
0.03694677943425725
-0.48982678914624933
-1.0014545789362521
-1.359378848909389
-1.457348298433158
-1.3259972347523576
-1.0462567397587077
-0.6683228679150347
-0.2648473290485277
0.01880295783630565
0.045646185771822376
-0.061669414794440526
0.050305864354184174
0.3969825416075575
0.5025706116828775
0.08992738373794477
-0.587934312525073
-1.1154791380010587
-1.1083679363407897
-0.341374916963798
0.8983296387417044
1.8865677934146103
2.0724644647517834
1.5218846925503444
0.8121146672892147
0.4941200041555055
0.6835089693483687
1.1002045803937812
1.2377154383824198
0.7495757827797888
0.003204425376954835
-0.27519814111243207
0.011928988213065114
0.3935478757665385
0.5762251438100731
0.5153974113266077
0.16812826543293088
-0.3834171215155865
-0.7729504045180684
-0.5979518994494952
0.11848874250938482
0.8624633389123795
1.15984944640596
1.0415610743342216
0.8078218225213494
0.5449929797966964
0.17768297363956187
-0.16981250866054518
-0.22152851385680494
0.03700009164828519
0.28392508263668514
0.3536989236637566
0.5195070257332255
0.9920116613918295
1.5221054659802244
1.8093908469530102
1.856382708601516
1.7481422900026458
1.5044806382470617
1.2013810656979642
0.8940852171753495
0.5444708690203462
0.2979803466662444
0.5058453235911115
1.2533718741862896
2.152016471984422
2.7880590707923725
3.1476020162574176
3.3280031680058175
3.1641251378875155
2.525100973395715
1.609806979984772
0.6579784131329649
-0.20549358129606363
-0.7468419684068291
-0.8073188465130664
-0.6766417317624728
-0.7423595464395836
-0.9037447968833052
-0.778161424123667
-0.35293377184636615
0.002950062039974558
0.16400574253568306
0.42416199250392134
0.9259160618574507
1.3444641282873566
1.2972994110889793
0.77327758361828
0.09646060686442176
-0.3761403750051373
-0.5764749939958865
-0.759537797363469
-1.045770310321497
-1.1421037241573249
-0.8211876578979284
-0.2943029764504717
0.15523933648116475
0.422752563583976
0.4597296005879695
0.3633451238218206
0.33485970475134086
0.3496833040284384
0.2292496007011053
0.024734508700374244
0.01499548457961306
0.33685888782874757
0.8881022802190065
1.5216347156635053
1.9972264824911106
2.008159094402005
1.5765580640968009
1.0535191668229638
0.6233262385572288
0.22930750692403218
0.006164376833350306
0.2446956040704155
0.7752484877577497
0.9081822457743715
0.21018312910925696
-0.9082184428611143
-1.5851478911636563
-1.489747902850434
-1.1872399686853392
-1.3802501476252909
-1.9685787376173511
-2.2443934071663945
-1.8976158791042004
-1.2599751000889259
-0.7227519151918461
-0.38675132618819386
-0.18267103155618766
-0.09500482657812137
-0.18730868954961025
-0.4335088904774874
-0.6210157368686022
-0.5557419559088426
-0.3259864381886421
-0.14154243811915707
0.026086770729538196
0.395343606387105
0.9902791928629959
1.5052290832559883
1.652898783338311
1.4795901350052278
1.1570632776608178
0.654692973425699
-0.11571206610954755
-0.9009466984290203
-1.1593701634420583
-0.7354500882187464
-0.2342030534152433
-0.3228713130643866
-0.8930935728776649
-1.324182246092084
-1.2785347970573613
-0.8513828611816886
-0.27856086124579155
0.2178583358251941
0.5499133319157992
0.7890397374835562
1.0411343404592488
1.4172393321189083
1.9325956439217458
2.3033081802963133
2.092963078199211
1.2231286704521243
0.22682290201964767
-0.23331410090916307
-0.074393446279277
0.2525136439177586
0.43499587627633146
0.5324069700697585
0.6030893352713607
0.5082861614357067
0.14720949407995634
-0.3509168036080059
-0.7443306675067377
-0.8341683703151864
-0.5611723485650335
-0.0990497431974916
0.27529831660113885
0.48342861278751753
0.6746706863891568
0.9255317270751394
1.082479950419169
0.9020964286138309
0.31062230023199827
-0.33793677572450387
-0.464283195150903
0.03746027027414983
0.6570452178495326
0.9683238846209901
1.0225922950423028
0.9927359855693183
0.8918571764615035
0.7122534833169019
0.479657242150222
0.12638807854111758
-0.3700193861210745
-0.756810614054052
-0.6984253725959766
-0.07324060602825198
1.0326162030999317
2.302074257509497
3.082472023667119
2.800408957213437
1.6861012599931011
0.6206648302716963
0.138799992790946
0.02626359870337458
-0.06737137596708967
-0.04506294840269824
0.30623123251076173
0.6164303444148364
0.2121516870738523
-0.9030698186675514
-1.995620772807777
-2.470081566774068
-2.220615544761726
-1.3368989758861312
-0.12068894733464397
0.7829187561160296
0.8673525508967578
0.3442442323877467
-0.12908107655082607
-0.2216280020906452
-0.07584580219825045
0.0871118226562995
0.11892104695789012
-0.05846993649682936
-0.3216521498896017
-0.3548977630362795
-0.03896626221272493
0.28140702791260563
0.24217889983774266
0.028158907875362824
0.13032677635468803
0.6447655965483532
1.1149986838579502
1.0257584305675846
0.2381723636294885
-0.9708549377685407
-2.0644296393991195
-2.5444921515558994
-2.27146683378842
-1.4952331232428306
-0.5928649195849104
0.15765682722991517
0.6318212976486336
0.8812420876530256
1.0175355663284622
1.0234485335660402
0.8509720406667942
0.6114302939202351
0.45883345124616226
0.3289796848431496
-0.010493920297187025
-0.5804619497563942
-1.014325498082753
-0.8744022714191256
-0.15597453443149237
0.5844239768359349
0.8122117778085455
0.6442643894310122
0.5985617287953249
0.9080859276991421
1.3547577112695093
1.5728284201940759
1.3485271344223855
0.6935684272511653
-0.250536483027865
-1.20910969156638
-1.7914792348316335
-1.76805962221148
-1.2867692075864205
-0.7033286371594255
-0.23619135826059362
0.10528588303199092
0.3196138603205639
0.40877991174970857
0.47935439339568076
0.5354572735384141
0.37650899512499747
-0.05744649869346212
-0.557070689799857
-0.899102212727305
-0.8972449512006522
-0.4802455692967203
0.051301825680287856
0.2678003638081639
0.13055222410805614
-0.02829085519920347
0.11308115904490906
0.6025358949485267
1.1517999680261313
1.3398209774298786
0.9288335753168631
0.06578385847554823
-0.7513405701854213
-1.06163443021335
-0.7956309175634291
-0.2160068975899605
0.2790253954073855
0.4032627499033487
0.24662470164934533
0.16567847564941562
0.3802379167408217
0.7420311629988754
0.8469811719909071
0.36626569509014006
-0.6057427372350745
-1.496306453084419
-1.7780754574154098
-1.5718605921607551
-1.4191615341689898
-1.485376215393031
-1.3903718283093467
-0.8969480880202036
-0.31324189617156284
0.00908697475146655
0.13897025280180186
0.30063724243960444
0.5419833638330761
0.7805944367485471
0.9081701635404082
0.8972123766879098
0.8700140371276133
0.9047696576296901
0.8668876322342141
0.6002026231373322
0.15076635656985715
-0.32636870074232144
-0.7053223476410573
-0.7858184154274318
-0.3277330118131304
0.5807300738431173
1.4836115078797025
2.0340553661858864
2.1967947896856
1.9767660839324432
1.3135073109991753
0.3696760257504565
-0.3669387950503794
-0.578850374013276
-0.4552724696406237
-0.32940762772186255
-0.34790334042046056
-0.5179886674396431
-0.777438593224355
-0.9850105921942488
-0.8952603175189124
-0.37317127851642123
0.2684143549003128
0.47229215627635174
0.03705890514874487
-0.7093124011495826
-1.236848653873276
-1.1127554108075894
-0.22499530043516258
1.0084433027926865
1.9309404642782575
2.2918710030403475
2.3511740866134074
2.448909831357723
2.7319466876626635
3.1180578276551993
3.3073563692981502
3.064135480502029
2.5438104012909357
2.1065953086582474
1.9117493274143516
1.8443987847015195
1.7312214917228896
1.5226968521418927
1.2821954587980837
1.0013731920005764
0.539892728665803
-0.0522620934750886
-0.4515046065935037
-0.5273287070148431
-0.5115125198964074
-0.671100675786867
-1.0295146754082105
-1.383257709805304
-1.5447312200059973
-1.4629155431534813
-1.1554521466302445
-0.6842694341431643
-0.21131279338421174
-0.005308527570220759
-0.2150383344962446
-0.6844833889023701
-1.1808271131396983
-1.5566215195976365
-1.6478606330866121
-1.3671736621242918
-0.7704501981448848
0.06348799707945735
0.8817315163022924
1.209615956377349
0.8974639557158514
0.3606788365513889
0.021199571235057096
-0.06271398759338283
0.015524984145166957
0.17400811336152516
0.32540418104053653
0.46659170291707164
0.6806692213981769
0.9108418262976858
1.0005710811871704
0.9871607239321406
0.9767540556899357
0.871050425705577
0.6689365503843184
0.688738270720142
1.0062861307433801
1.1774771892005107
0.8690591706946702
0.268269034762235
-0.2418477027131116
-0.41158971162386837
-0.15962673111001296
0.3767302583123345
0.8569743981608121
1.0433220716987577
1.0385818306111678
1.1026304794423736
1.4016772554302117
1.966522536580898
2.672533794798712
3.267322596664394
3.4577968033035265
3.021299613128113
2.082098345541408
1.1414545820671176
0.5023650415669016
-0.052604365402397234
-0.6836137018270955
-1.0207705882893745
-0.7282346716426726
-0.11517650616491605
0.31460892585797673
0.42111842117496245
0.26809155271957397
-0.007156732122724103
-0.18495306827501992
-0.18660224949295065
-0.12055877145556845
-0.09134691001485426
-0.13956839229872176
-0.2752994024701098
-0.4690753552678317
-0.6175127707051729
-0.6659691203493172
-0.6990651614589799
-0.6811098985065418
-0.3952409548303185
0.10948268845620429
0.38935128245109074
0.2158660897032483
-0.053117471642164925
-0.03742257300218736
0.14368340951016526
0.2109314296145349
0.06862088665237
-0.31797294810687077
-0.771392315067048
-0.8016135220033147
-0.24033219067350955
0.3796164832327762
0.4541267530188211
-0.0037381488915502674
-0.4761262754541273
-0.5471425782151051
-0.23712921940759532
0.24391683065376552
0.8021098316149667
1.3169411201860564
1.4949814623919744
1.232275556906085
0.8715112845715185
0.7260948693500685
0.5957664914031627
0.07917330598523452
-0.8062277299404101
-1.6016720715100108
-1.934305834864194
-1.7456223459424294
-1.1236403880718138
-0.28583343004797707
0.507002904434932
1.1438735513404472
1.4861354125732427
1.3075640550094099
0.7049561464578497
0.11304840312567133
-0.26429626621670704
-0.6231775330464424
-1.0639437628837203
-1.2899732765763359
-1.0401405530030712
-0.6516545891107338
-0.783814440216623
-1.5441840364725417
-2.342611810426988
-2.6318012138967553
-2.320773222838716
-1.5640220504820745
-0.5268878993683335
0.6723458860886926
1.7672420903122112
2.212430054168775
1.693165658655008
0.6154438617729336
-0.34280312075237446
-0.8048027964774745
-0.5920179139545052
0.25427633230063407
1.1621222548854278
1.3810388819292938
0.7539998172883258
-0.12406966925439977
-0.4749528464926463
-0.04878497417191195
0.6780812023049476
0.9714887088373357
0.47628883853985393
-0.4533452514139123
-1.0364294933488591
-0.86995917674215
-0.3198243967517033
0.08006534693656159
0.2785460546472008
0.5008102560303862
0.7970798808781422
1.0679515940057116
1.2235759806926736
1.1700961457029535
0.8758002695002792
0.4503265386692286
0.024511424526719033
-0.28708155816737485
-0.3420002801228223
-0.14831427843174896
0.07177051857565514
0.17735485336074025
0.2731665001107533
0.4935314846040741
0.7431089077840327
0.7943613163716546
0.6305857112851837
0.46054853795791395
0.40253443564358626
0.4090744310684701
0.45391727469538506
0.49468387605318254
0.34500823381975443
-0.026768901744066622
-0.30355041035184044
-0.24214247499560188
0.04161716063199978
0.33559121539195536
0.5578075223448584
0.7185003555084102
0.8810838497539154
1.037750618412613
0.9801905657252459
0.5420351999463342
-0.08252165090199258
-0.48449370046656665
-0.4624110342353623
-0.1723354859224444
0.13666089410190954
0.42553448573373587
0.8239541719489721
1.3407675587537415
1.7811785622495302
1.947337725432442
1.7003793280180053
0.9547269262465564
-0.06959949235796273
-0.8015179543802937
-0.8750051061065798
-0.5711151021572178
-0.4568993642697137
-0.7155822400558363
-1.0323190698952651
-1.0613396906029375
-0.8301642802432966
-0.6707082992350407
-0.834860723357647
-1.2082822021862318
-1.4133298464306208
-1.2853614091044576
-1.1362959341086836
-1.2526890942607871
-1.384577353026044
-1.1136391962239607
-0.4228479504966989
0.2931401987538432
0.5669130365109918
0.2122651466803152
-0.5281440639662388
-1.1306493873713255
-1.2219441372720279
-0.946606949399544
-0.7432378793038495
-0.8070507679149037
-0.9518785617817552
-0.9297415140969182
-0.7172941227902233
-0.49466377545000095
-0.38170321577968314
-0.2102242817485875
0.283458654066132
1.0157226083568405
1.5260700210206037
1.4857139412068552
1.0837905420874172
0.7600010783052142
0.6738348591040803
0.6634962662884341
0.6408404189076852
0.6876873938002676
0.7355603554658021
0.5339643839998313
0.07059946427619967
-0.3226554339153495
-0.44420041696041024
-0.4774171900569665
-0.614028723265502
-0.8153801141815474
-1.0062307400991792
-1.108068111777161
-1.0260309648597243
-0.8160413392752145
-0.6213520479518375
-0.4536667743868398
-0.23224999533022855
0.06642897192967147
0.42063811455178374
0.8755474925125726
1.4859648072696314
2.0572820055956105
2.194838891556721
1.8370617741610347
1.4557748088918487
1.4468407973881166
1.5827402282928955
1.3133405868608752
0.520184450125586
-0.21174422121100908
-0.2936980602013942
0.04036055943060917
0.05913251727508119
-0.48473417418008774
-1.1795488501882505
-1.4668468959257446
-1.006525132516193
0.068397346199707
1.1356304534816617
1.6195336862966372
1.499387544777237
1.1504744156817381
0.818943189079165
0.5256271790874334
0.3949913105741711
0.5629253061404352
0.840991948837825
0.9161652489784664
0.6604010984628734
0.07276721526646684
-0.7324219078322582
-1.4382091961788115
-1.7310674172394536
-1.5492403191723438
-0.9646014657760749
-0.1488496940580011
0.47983705763178897
0.5965867858914685
0.39694220712864436
0.2687338744177987
0.25662699141846423
0.14018408838347188
-0.20766264771080067
-0.6765109196862231
-1.020806407790668
-1.1725204881383462
-1.2849486001340131
-1.3441988390232646
-1.1492672892105558
-0.7122530860157509
-0.24288203281855358
0.22012230515232084
0.7748328509533424
1.3104986231897064
1.56261871885291
1.444539221310949
1.0986766064064846
0.7488497142825514
0.5966360056407992
0.7168432591820226
0.9907463221020197
1.223173141403743
1.2986908954968517
1.1945499722140045
0.9648461687943016
0.7263404345412101
0.5298386691725666
0.2789984171798334
-0.04446841943149291
-0.24308112694999634
-0.2563115869585871
-0.31416143179650863
-0.510099416029588
-0.6165384951737521
-0.4676862318513681
-0.28783906571934786
-0.4359967117971534
-0.8652249392755882
-1.1106748088992326
-0.8798042650317911
-0.4531252342159665
-0.35084546213944
-0.7242723402649004
-1.2698118754656103
-1.6392457465508579
-1.749196861062308
-1.7098112848027358
-1.5315261987875408
-1.0213076028612302
-0.08973994820490301
0.9303583856039828
1.506882665565828
1.5026657074244296
1.288310354475388
1.1939553544455312
1.1212839130647851
0.7997277744163235
0.2086487752599733
-0.4275982858785877
-0.9326439891111657
-1.2988879874671733
-1.5363298333237112
-1.5067885532074385
-1.0543781141816848
-0.3213330816896464
0.2348150113085534
0.2986626097735589
0.09035013690501073
0.012897864154719248
0.04912196182459674
-0.08428304294546951
-0.3197657316309113
-0.228838753276021
0.2674845572926974
0.6400713696828773
0.4671326779819453
-0.08739139744854034
-0.676543657315949
-1.1125217934652034
-1.2506312434433426
-0.9910034280366413
-0.47328259286091173
0.002943762619865971
0.27659747297832504
0.3762598969152281
0.3672096107306885
0.2880419187161912
0.1488795946095975
-0.0907433297256017
-0.4408130229226616
-0.701372936016033
-0.5767087341997365
-0.09134840279719329
0.33924101452661326
0.3157268065390724
-0.17834217897724333
-0.7786923806923602
-1.0760661711934072
-0.9316349937189135
-0.47009917313354105
0.04413291910950826
0.346174729502384
0.43082500116701167
0.4907284098136882
0.5258943824248576
0.3756308261955517
-0.02723528662056942
-0.7025067877287317
-1.5422556819696434
-2.0859886821909375
-1.8105439309394493
-0.7438608519488297
0.4427688288970038
1.034389194513528
0.9119060775547079
0.5239115126986876
0.27839620497628487
0.11357825002759654
-0.25425618217936674
-0.7820571258807236
-1.1038275180104131
-1.0590125541587558
-0.9038537357204316
-0.8921647312968954
-0.8728481340677438
-0.5623147538630092
0.04712048998319944
0.8094657542430111
1.613244981363019
2.235224061960797
2.2993924841970625
1.6677975825971636
0.76975207173987
0.26059375286041037
0.3413976226385682
0.5973405846306611
0.5765824823977325
0.35687733036638947
0.30102436252358095
0.41566228215920126
0.3845144044630673
0.20592763931701505
0.25840203937010453
0.6864985513452265
1.2364033673862687
1.6421639358027715
1.7829788798966324
1.612422635904506
1.1911933715719774
0.7076342387341907
0.38600854802124757
0.3727135713353145
0.6542000555270907
0.9981586068327879
1.0353612447009959
0.5926733950831782
-0.15889818690882096
-0.9284785026227416
-1.40854507004535
