1025
0.12761554847618847
0.20603324570102088
0.40761631951127303
0.6278683014123757
0.8219447239536563
1.0153445862494304
1.2266537096709786
1.3598956297015192
1.2867252778856493
1.0298151574441292
0.7830303342476153
0.703548388023825
0.7420422785876822
0.7659848064587539
0.7285786237712105
0.6075985915035512
0.36760397138294876
0.13649153655014698
0.1509316185730463
0.3923616752589174
0.5928061309298475
0.6302785430109599
0.6308842399979976
0.7270483072578661
0.9004040870050498
0.9577868472526708
0.5819046857348878
-0.3660574521966234
-1.5002978812241605
-2.175624388012313
-2.193832345038365
-1.872303712040705
-1.4005557564658162
-0.684108643342703
0.14575079987529635
0.7096765117496427
0.8793612887606935
0.821071609128656
0.6462206533967175
0.31124286606794105
-0.15689006165158484
-0.512117345553996
-0.4594508994585263
0.06960377993948674
0.759580677854345
1.1287238472239198
1.0673635852428183
0.9064999642426952
0.9017409997984255
1.0304562295886674
1.2933709609596782
1.73958574353851
2.124652474193678
2.0904465335932176
1.6796114103286481
1.1357969797233287
0.387082090536869
-0.8143725575387769
-2.3358045391217654
-3.5300506169811636
-3.751677780534036
-2.945588840725036
-1.716629380404032
-0.8150816825228551
-0.5401256353109192
-0.6291011033639485
-0.5950200812532768
-0.2165449532571776
0.20413786929278477
0.24539240305671053
-0.09863711268191254
-0.5342353641639761
-0.8129584982596163
-0.8327130015155746
-0.7050897537995667
-0.6571622899754636
-0.6648357250052183
-0.48102197372295125
-0.09788124983632321
0.26149270075099956
0.44813899670927054
0.3223318043906098
-0.20124443157798022
-0.8726821919899207
-1.2696765887447854
-1.2110373132946497
-0.7890109246333863
-0.14672912219161888
0.5946418874827916
1.279461426194945
1.6718394691356468
1.5378416357154547
0.9262204969809043
0.2693116849125091
0.02510246236373341
0.2479904837171636
0.5979982352536858
0.8545572197616257
1.170330167724885
1.591322511302034
1.8513793194898018
1.841830114096353
1.6609237867317657
1.1693181261996894
0.1585922274404637
-1.01918829157908
-1.588629137926316
-1.1793756347408353
-0.200167543994529
0.5577815865967257
0.6053768280228012
0.03839542378168601
-0.7041669071633143
-1.0896926593181873
-0.8346519253551519
-0.2336140665833124
0.2084900619616213
0.4114675505249083
0.6721753613530151
1.1099583666317505
1.5055762478832029
1.6660113452773153
1.603995355731384
1.399922551830995
1.1340877479571405
0.9010060190895963
0.7669337087330407
0.6895572456799236
0.5871312245744232
0.5430562098963028
0.7174203367196467
1.05045603154225
1.3237423510293045
1.4073319691622876
1.2676327621213157
0.9116176151927881
0.4503849600715044
0.1423277100307089
0.1695042602491139
0.37074552508739184
0.4240484447904678
0.1891448341376261
-0.17558739589216527
-0.3226772678122285
-0.12927589718047935
0.1500579363043134
0.36876783938333046
0.6029271036794233
0.6138649694117644
-0.03646297879246546
-1.1423735007970244
-1.8758084551124272
-1.8138696086467527
-1.3464929417186748
-0.9931740422555589
-0.7968182770432901
-0.5029490475370296
-0.03584551991923074
0.39494511752385597
0.5309491302240505
0.2563696593296137
-0.2948691255312751
-0.7433944885701345
-0.7971994068306225
-0.5255497174127219
-0.12908940221526502
0.21740929378682794
0.2424301676001623
-0.18542422467688177
-0.7518195912985448
-1.0179453093726625
-0.905801106772342
-0.6407189735836117
-0.4099264466067582
-0.1980949240092635
0.11131459811635612
0.4811906531170445
0.6565586847049086
0.41229018519346994
-0.15640895387685022
-0.6588367115034919
-0.8137816768468046
-0.6973492813620418
-0.48211975644223903
-0.22822635467711017
-0.0841101606260592
-0.2513778756001477
-0.5817005610105642
-0.67627104010496
-0.45037022830976836
-0.22971017155150636
-0.32173619541675663
-0.6984296780209526
-1.0860789295024573
-1.3031096328293708
-1.374701557134413
-1.291309980354749
-0.905966354831153
-0.1390436887351472
0.8118455124322765
1.5353090291223743
1.7553198982243339
1.541226300330211
1.1722147860509025
0.9115971403466027
0.7928023596400059
0.6324657457488937
0.3709946025997728
0.14335181201949382
0.029959651889630734
0.0681818979747795
0.3474814779913525
0.8315290584520744
1.2584313799067457
1.339852445677181
0.9973515232397644
0.4291955459871042
-0.06700782632416173
-0.31523992991310945
-0.292177799690262
-0.1401704159611699
-0.13765374399831273
-0.37133536146473806
-0.5915374068556436
-0.6209628125043549
-0.5632856634044006
-0.5251163227650362
-0.4701012954752988
-0.2951081268812797
0.0960076579098724
0.7145333310635171
1.3509528432722953
1.5159952867401028
0.8957989519166221
-0.057558661472572575
-0.5090120293508703
-0.20121082022259776
0.41013780043001635
0.8295144543897389
0.9290022530285273
0.768976099536515
0.4292839713908311
0.08803585147997421
-0.10651168614789379
-0.2940804362367504
-0.7046100775498144
-1.3195071318061018
-1.9738403286472403
-2.472113196973087
-2.504786183219547
-1.8593400003379885
-0.7257833996282281
0.3724223937298665
0.8748604234293026
0.5777451909172846
-0.17368841315851533
-0.8704913605417663
-1.2397932600195707
-1.2176958217626912
-0.9316311742965282
-0.6622189817248314
-0.5549318178904789
-0.4687120929462036
-0.20910861253122512
0.20419228511486884
0.6228902851765441
1.0236794781216403
1.5150679085893968
2.0763669296644904
2.39497486065542
2.203734053015102
1.726526191673567
1.428748872850006
1.443536716015771
1.522660550632953
1.4096404796801676
1.1506244824638827
1.0664733858100164
1.3265225070566034
1.6099113286155187
1.4697856624548913
0.947074686709991
0.4416308166888668
0.136915500574659
-0.03620846137302182
-0.08951766505285676
0.0652276875840977
0.45069388976887487
0.869969864625994
0.9936093769829828
0.746799848059063
0.46551112305051207
0.48451105255038623
0.7761264974335437
1.124824459849005
1.368528806838648
1.3776209791196035
1.0787347648887902
0.5357178709922548
-0.14337226203160233
-0.9009232553289052
-1.6131986714475106
-1.9715937895134499
-1.66750057119275
-0.7847127052610999
0.140126204678694
0.637343435033746
0.7330403648345396
0.6907789276315052
0.601876551667747
0.5130182613379056
0.6891449884732723
1.2655366734117643
1.7666932555685217
1.5569707850659356
0.7068702225991716
-0.05740661974699401
-0.21406216129667827
0.04967565871813078
0.20971367167415958
0.012694487814723494
-0.4153775404081469
-0.8060272342955122
-0.9629520552327399
-0.8821438403817227
-0.6955702956376627
-0.5145845656952548
-0.34548250460847013
-0.08416305161416118
0.42063547817524133
1.1230393286240552
1.5661995163960645
1.2786242558763532
0.38654985981021545
-0.555464547150944
-1.1573422212248863
-1.3279860177671283
-1.1073513995133089
-0.5826250082401091
0.11112337254574357
0.7108495090599961
0.8308684725069186
0.27609904230927135
-0.6464996108036862
-1.2873116811498695
-1.1648728128496053
-0.38286497733153174
0.46245214563555426
0.938396247813097
1.140003468851401
1.226562449137412
1.043204990168016
0.4429335684469477
-0.3967502997123253
-1.1619340764157933
-1.6378962232450136
-1.6588783231972193
-1.1343686111632316
-0.29055521281172664
0.39932859961636613
0.6954916074196027
0.7370666784754162
0.6869086703071555
0.6278181502409704
0.6496172212073746
0.6221915993117209
0.31357348399870916
-0.0634428071928253
-0.08366244526139852
0.15858426090136532
0.18374607692556
-0.14620822296942534
-0.49302077119987464
-0.5611344997540331
-0.3987949923742772
-0.1599947993256346
0.12644476357229012
0.42483160248027346
0.5111294560827
0.157435314609185
-0.5244249298220414
-1.1305477363924918
-1.3503200590645892
-1.169959366626442
-0.7335639356456038
-0.19695219183610577
0.24543840129037411
0.38466403919994624
0.15178303123120288
-0.28742069422804517
-0.645024413966356
-0.7401001034839912
-0.6264686805513222
-0.5249610073832932
-0.5959477264117532
-0.6935449602907565
-0.40309577988716433
0.45466448417209054
1.3899928257177836
1.6907552705107416
1.2592545012610745
0.6184447896123019
0.2267173493561169
0.1084154360000168
0.022414093402941915
-0.23282411557103674
-0.6243177525893517
-0.9018600524396355
-0.8203096048110926
-0.3544954810915284
0.287324782436808
0.8224523346704774
1.101723758041012
1.1697992759544635
1.0930641671453645
0.8960387959516695
0.6441855078411076
0.37411881251247364
0.10240865176121382
-0.08288987005614162
-0.18181401860133573
-0.27474293173747594
-0.2259591536648528
0.2057834353105688
0.9198676958902943
1.4816049671007485
1.6391252770744873
1.5601232410231787
1.4974765728445225
1.4266931170148014
1.1247628347402752
0.5952966644607288
0.19250039652823328
0.1970807730001403
0.48239681336847023
0.702980510857812
0.670942499007707
0.4106159986842475
0.02646174981647015
-0.2671669964401646
-0.27216918167843096
-0.13091045745792118
-0.13838541073069113
-0.2592208923645516
-0.23369046699890797
0.06461950325138889
0.5836914078305663
1.163416120582534
1.6383329798888897
1.8915297715495707
1.7988476644274636
1.3239832267915015
0.646685554939305
0.034406400440802606
-0.3797584772108456
-0.6630735645435093
-0.8898185366740171
-0.9846944451678329
-0.8919522936867283
-0.6774874405124577
-0.3812961654054029
0.0028132006706190838
0.4093860043779152
0.734021634270043
0.9477325680971302
1.0506371685097158
0.9951137357446695
0.7551891646070217
0.39621938506024346
0.11147531031458412
0.18364149960277973
0.7146945305699508
1.418959584599908
1.8095898427669785
1.5703359400905355
0.8100681767858025
-0.013546813733820261
-0.5210827148534862
-0.6940410322221094
-0.6125831828353273
-0.23183045313439263
0.2743185264634622
0.3559851050744178
-0.2826898606575201
-1.1708168206404546
-1.6065815577819553
-1.5054535283953285
-1.3330333098751803
-1.3853557071391478
-1.554881660918995
-1.657799911194553
-1.5824056287149801
-1.2520253347458663
-0.743902765308252
-0.33980845174608715
-0.267580764968243
-0.4419490154329675
-0.5721162028760324
-0.4809780443949212
-0.24702630496243028
-0.11404764106384331
-0.2878460775867741
-0.7156858838428809
-1.1403039627852596
-1.3948473844259954
-1.4597387640141943
-1.2590806522218072
-0.7150969650014548
-0.09496835823876329
0.15832475015068376
0.12772220351041286
0.33813500367489735
0.9184828359438456
1.4544867672698543
1.5025406672297121
0.9800249539787635
0.2551425819869137
-0.22810247683310725
-0.37806513191558555
-0.2944255358370323
-0.021127108604846536
0.3022880074293647
0.4480430728297054
0.37101907546852875
0.20934604018995523
0.12976314358378296
0.2813029880632199
0.6317506170086998
0.8631348129697358
0.7528889881031526
0.5381806780256859
0.6010910765317774
0.9310814659448511
1.135214372254991
0.9382128881179536
0.4726473922307903
0.01152204439413249
-0.31771058038617744
-0.4220888923543864
-0.16730450157112278
0.3790565136172224
0.8681676718962353
1.012294624567429
0.8297356017355983
0.5488160918139626
0.36970828733867284
0.26199203910583246
0.10921139294002809
0.002900742873425624
0.13282702094976853
0.4452752700004855
0.6175312340067437
0.4166261327969695
-0.0929373292892303
-0.7202296831045054
-1.2325572261981819
-1.259312075008552
-0.5014029848219882
0.7722071621245793
1.7961798729145226
2.0449763132287258
1.6175623705575104
0.9449179726940558
0.3151247916301273
-0.2805621854809471
-0.8580499016193578
-1.226243795985077
-1.1990644298978053
-0.8176856120105821
-0.2528140057579768
0.33914571264207166
0.8208033062512734
1.108991136034673
1.1929972715530672
1.0338036371806916
0.6299606011368102
0.21662476262330577
0.09903477036192125
0.27584203307186383
0.5055878214836118
0.7037682137222817
0.9572289487465157
1.1963804436344723
1.1939046733395406
0.8710109500555153
0.42664379663216423
0.11034677286594151
-0.12563008386572572
-0.5484694757420815
-1.1316595223715555
-1.4360200098637879
-1.1818172263092424
-0.6243958009775896
-0.2157776445146227
-0.1599115006775959
-0.3065060217098566
-0.29874342527185016
0.05720903298821694
0.5058501956554641
0.63910040137848
0.42909711901223796
0.2542860118735983
0.47863522623582394
1.078819252618854
1.6901066504875537
2.0084263563201246
1.9997672338668158
1.7921513425631532
1.569431967490507
1.4584077364742067
1.3989652946192477
1.2461202651276222
1.023650249926868
0.8596430731528582
0.732100466185222
0.5941259673454139
0.5741274916623407
0.761813775425934
0.972969873713002
0.9210446348932549
0.6208423350742179
0.39335547881572747
0.36986848643936604
0.3440329101728399
0.11388322958166654
-0.2737542503999801
-0.519211494366607
-0.37792873840809343
0.028239160612958805
0.44936884759127216
0.7951421679457754
0.9867894183938251
0.9633294302033754
0.8118198969691156
0.535658601585091
0.025135774298404225
-0.564927416931369
-0.8267151530085859
-0.5311111849433451
0.11976227609524265
0.5839178145102518
0.4357782041365824
-0.19169169363080674
-0.7363944802505099
-0.6983883266166835
-0.075858772531521
0.5252355308362902
0.4338051604578573
-0.32325121758631015
-1.0225484594660759
-0.9885667479004158
-0.23365837871428335
0.5607388819416469
0.7446436242688023
0.3365139292763929
-0.17824487389847182
-0.4501686409495584
-0.5255195021082414
-0.6365235151391265
-0.8161003016400851
-0.9117824682565219
-0.9103921245796409
-0.8795117274217036
-0.7154895106322757
-0.29003038474652254
0.32578468022200413
0.9505944402012766
1.436992981809038
1.6901632384400354
1.662613790463427
1.4137675052938836
1.145279173524262
1.0668586823226045
1.1669480571370354
1.166010099983734
0.8547294655623695
0.4764978337684663
0.5001177770587386
0.9970936327358411
1.5369141890507443
1.6829825850933198
1.3689466413881193
0.8323771878096891
0.380962636471469
0.25247202158477955
0.4659670978859929
0.7707561964266597
0.9592646064010113
1.0431464676099018
1.001835313922173
0.7390452354207493
0.2900798634832672
-0.23500333865879186
-0.7846836501182094
-1.2969519018465692
-1.652368104927188
-1.714058723319278
-1.3981141598356643
-0.8207766639380194
-0.28610194092405233
0.014614054959958806
0.135950257739806
0.20868691857051683
0.2994783149525096
0.26218814188225775
-0.16178081344871412
-0.8282260093020261
-1.193077295146208
-0.9745890716957528
-0.3776925723597734
0.2293936356449278
0.5285788758985394
0.3662389314275145
-0.09336050849527756
-0.4452885764411229
-0.4388701991808858
-0.2612003530256921
-0.26517085640759447
-0.5099832318593661
-0.8319569108877249
-1.1456938129045156
-1.4090464552127446
-1.5655474225059416
-1.648445181019398
-1.7716991967085711
-1.9708444359205126
-2.1822277877441483
-2.363145774971552
-2.3745316372921557
-1.9483517716890786
-1.1202492216222304
-0.31854214434923617
0.19428432177071414
0.5193274757122007
0.7320013198451082
0.6864131263253103
0.24482458601279938
-0.4843829565922005
-1.1871738884446388
-1.523675096489096
-1.2824972420099665
-0.5464038839548989
0.3408841561909722
1.047589946005275
1.372357483029095
1.3192706758444068
1.23302244486471
1.4584303225670234
1.772507167220615
1.6652742607465325
1.152219255554268
0.7401080214815846
0.6813788023033247
0.8010300780081512
0.9530558942209509
1.1004250233522461
1.103246359609515
0.9222037425664016
0.708955515294241
0.4600223571175402
0.027122619499584638
-0.47880890079057786
-0.6853096721141596
-0.4593539641678775
-0.13164607062326866
-0.11556184090075951
-0.5252488210712676
-1.1568170718245825
-1.6666181350718192
-1.825357743480528
-1.6999408170648334
-1.6043702638623578
-1.8338762713996068
-2.3879958437726536
-2.946753100188743
-3.1015091857450994
-2.686583593066983
-1.9518631294523583
-1.3138923278403647
-0.9643047964391981
-0.798748826757127
-0.5930929539852906
-0.21259008676398028
0.26278894669369085
0.6261446184170418
0.7445695670780978
0.7208344606264909
0.8446293022736325
1.2355752858303148
1.600916814176378
1.5813813337096225
1.2086861863113874
0.7642349972985848
0.450111294868526
0.3525853616758769
0.3740041372777181
0.18887544604559714
-0.43708970433742234
-1.3476336879826958
-2.157138017951418
-2.552374062743033
-2.3640430883313934
-1.5857696465963347
-0.4665049685328665
0.5362650675024085
0.9912017698016865
0.7493355700957943
0.08502048571888544
-0.4608147606324669
-0.501062613439757
-0.06304318025689565
0.46542380194565425
0.6182469987650416
0.3493403660044088
0.15012510749781033
0.430894207517798
1.0197708991703418
1.3916193323004105
1.2893588677258243
1.0174019486419315
0.9637492142319287
1.0278922695443449
0.8808162000117137
0.6002088198318271
0.5747241267440216
0.8182868224318813
0.8796671005923905
0.4849689735484797
-0.23428287679221363
-1.1312044602728153
-2.170476567321168
-3.1748265223443233
-3.777260713433585
-3.7433427024109722
-3.1797645547284907
-2.3181716290757
-1.230348018129639
0.12654457761114815
1.510534410389901
2.2561994733124413
1.988464975728052
1.249485030411296
0.8578975741183446
0.9200541340293642
0.9880317159213227
0.8661726975109771
0.7296049068988972
0.7182163018284652
0.8172929819282381
0.8862872108706694
0.6966520179536643
0.22630949601150718
-0.1925291100886342
-0.26411049225868
-0.11106944616986976
-0.06982872519415652
-0.19772351239516228
-0.2782832798781544
-0.2761141475690978
-0.3504526982352692
-0.47480802836077574
-0.4715590287229254
-0.32610549926615146
-0.24526225497604062
-0.41306858562964816
-0.6431016642054086
-0.5219108787523161
-0.013485374313463864
0.48418832608044543
0.6345141478526003
0.42494856256022207
0.06600405122441623
-0.3106417839561938
-0.7751914260314826
-1.2662978040779311
-1.35519673514433
-0.7030495122455549
0.35106782445057355
1.0799767540108234
1.137306043580114
0.6894066587173687
0.10314930054709377
-0.18858850203606878
0.013433435738150104
0.29709736519978974
0.015729037515676593
-0.9111598017515414
-1.8967693090011968
-2.2963400665216978
-1.9124500566151788
-1.0303740994300057
-0.07812587576199882
0.6975929730191859
1.1134851566831854
0.9024381043565637
0.05881847035998931
-0.9302818891855392
-1.552295116710553
-1.8127935059307358
-1.984673147870705
-2.0438839616014994
-1.8342436189391327
-1.4228121853399947
-0.8767295172562946
-0.17486867606433296
0.5900372012244464
1.3330646537970987
2.0637762341422516
2.6922139700886465
2.9811069217447295
2.705704981391769
1.8822242750868623
0.9090357988665935
0.2668590505760194
0.028135697434178857
-0.09060973921343218
-0.38489143917789487
-1.0355070296865385
-1.9179651278343712
-2.5831981784037623
-2.7634700104477723
-2.5627875695358604
-2.0167389258112123
-1.0347371822095928
0.21416307412848778
1.3007807906188429
1.8354033431273018
1.7317736075770993
1.220021317083634
0.5364672459126806
-0.17243654819728205
-0.6808161761379204
-0.7531400531764096
-0.42555606650537325
-0.07354174554409508
-0.012605914185129052
-0.135887870685392
-0.16063341230378392
0.06265390256619527
0.5739284803848236
1.2397020234537446
1.7608522111855676
1.9578661460066717
1.82422319753267
1.3586626723900128
0.6424496222157774
0.03683203851613428
-0.028579790458404964
0.3166679358258506
0.36883139353400396
-0.1710624507559925
-0.7293259294518042
-0.6319552342849252
0.1449986174075855
1.0256451524312162
1.3855907903021452
1.113243238831804
0.6229591943842621
0.3550771093458778
0.4231855235677499
0.632259013964816
0.6400840462116623
0.2353153117909218
-0.3652446386476351
-0.6745211891565261
-0.49184101479398723
-0.08444242713502366
0.17531463786123952
0.2004585746945135
0.24364800546880933
0.5646234397319225
1.0760441852762774
1.3724571184373962
1.1274879291897473
0.46034354749844797
-0.1308355560201026
-0.17866276844257487
0.3122408162499574
0.8418395366297026
0.9678840892412346
0.6890373227524652
0.22105400698512875
-0.3280551676839907
-0.9499800702662216
-1.5349374684444712
-1.8548027987935582
-1.7087814467240567
-1.0130033731160402
0.06298118349936808
1.0121453401373302
1.345079670336196
1.1101169663770267
0.846578100955013
0.9644933554221132
1.2433872152406253
1.1048465237957914
0.4514649203783368
-0.16565407220928252
-0.29492155763638167
0.0208257300127053
0.46141569419059897
0.6364106645685679
0.3732475501249226
-0.04649331711141532
-0.18011550314787145
0.051811279388200085
0.27683958414517623
0.12987817463721374
-0.31160302667152684
-0.6712087329439321
-0.8033997769960882
-0.9739222620558726
-1.3291900943787534
-1.483163891080924
-1.0537962777718317
-0.2732113883153452
0.3665381618398066
0.7327533179293895
0.8875840842585689
0.697754888890958
0.11444959796700113
-0.5684014311179315
-1.0566106627589686
-1.2508005268587647
-1.183695387550016
