1025
0.43676550058781977
0.5671788371625595
0.9405118203275975
1.279519205083078
1.329150002778793
1.0116829932186204
0.4331346905706626
-0.0892580396707032
-0.26305651231551813
-0.21881161552520956
-0.31339685049513616
-0.5210809915775408
-0.5049299847553008
-0.16093493147843702
0.34490139760921945
0.8070365911765627
1.0651016905001685
1.1554827533167211
1.2819385421758398
1.4336684009964071
1.3398519783134948
0.8802531541961923
0.21409813669363287
-0.4324426155673163
-0.8760431220395068
-0.9795296840605591
-0.7527859415410649
-0.40945336339533517
-0.16879940824124168
-0.07826087176417078
-0.0778738632438033
-0.14151585819676624
-0.3222673420148758
-0.6637555228732765
-1.108368520889601
-1.465412020152175
-1.5343108325598314
-1.3781262090624335
-1.2496670618634922
-1.1376013315338913
-0.761520391896345
-0.10123287323225173
0.48917018733427897
0.7446384257636357
0.6896602379085501
0.43843648825013326
0.10820987203664856
-0.20389645800309877
-0.5063338369535074
-0.8003771012024763
-0.8966762842790529
-0.585692428700962
0.00939404249132705
0.5130448794530427
0.7604946476391625
0.9060924164980672
1.0672033899842628
1.1797490886318136
1.223154881204995
1.299586938722629
1.463667639897048
1.5950674695152884
1.426859381460099
0.8075687872315187
-0.006842842973167332
-0.48643573573237553
-0.30313437776248453
0.33287677746894
0.8625556446810074
0.923165377331973
0.6291184232449057
0.39083168094485776
0.47301629830853575
0.6955458156204254
0.6970935018960197
0.43253038451424775
0.2047156096591323
0.24552774172796113
0.43214389128221625
0.46023074683021625
0.20749871789287483
-0.08721826333367165
-0.04466617917943131
0.2832214589579357
0.32041330014552977
-0.2435007028355967
-0.9924201878108737
-1.3577247805438277
-1.1978064664357226
-0.7157745130389966
-0.1360768685186937
0.4519733490214574
0.9782261007839044
1.2944511268239534
1.2861769436209936
1.0399095628693276
0.8793044328980724
0.9852806288081388
1.1215636606998918
1.1501503531731274
1.3041267424075622
1.56157891296918
1.5565156261554394
1.3167008589133107
1.2473346418723448
1.461353780559278
1.7382450556354236
1.7781367896494849
1.2882388611307072
0.32318366289911854
-0.5989511575855209
-1.1215702639274883
-1.4302724396389286
-1.6992991708414125
-1.689725804351946
-1.2506950934570384
-0.6696166275236514
-0.27665469620393357
-0.14036342129059215
-0.18774131818148396
-0.2907454784229033
-0.2797901581285817
-0.1580307106927269
-0.191288070479635
-0.5275456112159581
-0.959330420358544
-1.2247668890023673
-1.2432766825019448
-1.0400964638279075
-0.6478342065679031
-0.06407864871973026
0.6071883893024931
0.9943647457714984
0.6818819070078311
-0.41175631586940453
-1.826819241195003
-2.6627704574834743
-2.2849089487809042
-1.0737791939990715
-0.06739264360707975
0.12264937936829053
-0.2583289947107706
-0.6384274500621375
-0.7660600994317931
-0.6769148034151811
-0.3320313201294921
0.27747789773569126
0.9004682606979689
1.2999809918058145
1.5683293303387569
1.9205537479748618
2.2895603012750816
2.3578533878663768
2.0054790879930198
1.5247041625854638
1.2959887438770508
1.2821961156003558
1.04445371147885
0.3943075406224802
-0.29363503903724614
-0.5736496935561823
-0.38626957168628606
0.050455460987602695
0.4795036984140179
0.6623900720658517
0.4926126008887336
0.14954578149630107
-0.05229511293557612
0.04281462520513376
0.39198359004770433
0.8827960782698623
1.362013484149295
1.5913462242726704
1.3897253527427063
0.9050074140624954
0.5749636202300968
0.6976432124004743
1.1186996318886153
1.4378273133174186
1.4479335292325637
1.2333475355855998
0.9334643062146986
0.6482358121985989
0.5421109372201551
0.7510186220489528
1.1688043209158003
1.5382765955437945
1.6942621070647232
1.6102885120623753
1.3110227937428016
0.8035816162080376
0.08710471396635393
-0.7846762018629545
-1.642418961710341
-2.1951943760026524
-2.234325604990757
-1.899983015374723
-1.547500841235857
-1.3269892039985391
-1.1066663526000569
-0.8029893614694372
-0.5695813071232589
-0.5578784030572048
-0.6306353324161253
-0.5434273401172428
-0.3278237970004198
-0.2949504900961174
-0.7132426307644638
-1.4632217742917726
-2.01874215566705
-1.9849248827878345
-1.5204060917746474
-0.9473578848333014
-0.24809582373705324
0.7320878124556741
1.7945454722370762
2.3712811121858923
2.0622285371086617
1.0958214671713271
0.15654522369333718
-0.26687856871736254
-0.2979422560260832
-0.3948475796376967
-0.7495717098967158
-1.0847044368259882
-1.0093422899379823
-0.447336131930213
0.1951316562797342
0.2844152174389288
-0.363595798774663
-1.1832856377966061
-1.4490321876401282
-0.9483689136523991
-0.055297303368730295
0.6234674233005905
0.6751757384420771
0.08911228216748482
-0.7878084011239793
-1.4716134961512346
-1.6944253639049285
-1.5699835838296052
-1.3629594861965368
-1.2075284042067438
-1.1154006664802651
-1.1097064308467202
-1.200589146129103
-1.3257481064152452
-1.4147833309923568
-1.3620745861422838
-0.9603038299717671
-0.12289985375634366
0.79864480572027
1.1783612196209812
0.8216616040802447
0.25115448784464917
0.06896451667732532
0.41058192143937416
1.0227750383740477
1.5140948113673507
1.6734817845947314
1.6710652813361524
1.7368747564802582
1.7327983029903562
1.3501483920541282
0.6177570306552876
-0.0923940903230682
-0.4485328157290554
-0.34009084776475185
0.029185416065691215
0.17035065726870702
-0.14197765122818026
-0.5203601738274191
-0.4875697000097523
-0.07686300456561858
0.18987924375167495
-0.17396648909605894
-1.0616408271338098
-1.8789513495416599
-2.1439204332105097
-1.7810830466732688
-1.0865711365740485
-0.5256855391824307
-0.36612144059388546
-0.458511472356202
-0.436124275408528
-0.11875135938931912
0.4043634031563283
0.8965635283829027
0.9588478398527508
0.3153715978488674
-0.6863570895334546
-1.2595113963376312
-0.9526349650631389
-0.08348019417155185
0.5493991783185123
0.45611297115052246
-0.044489776593541246
-0.3480867726583358
-0.3203505278740306
-0.19816518174398365
-0.1201113155922059
-0.0700465597768657
-0.04108415517540626
-0.07896440745434885
-0.2263752717509293
-0.40557083805774835
-0.41849915797752035
-0.17836215850667564
0.13793098905603612
0.1971467060800584
-0.23043786346973574
-1.0243665482421151
-1.7454617538070096
-1.9993187072407375
-1.7684010247388586
-1.305220245343391
-0.7386987638609189
-0.019366508918516205
0.7988409121648833
1.5267912745154293
2.0493760675496464
2.3907994967372925
2.5543719036858894
2.356946368034731
1.6284348232967936
0.520163248866609
-0.5925980181505609
-1.2468314470972746
-1.0690313648318688
-0.23240003361932965
0.6239796182505895
1.0405176297678005
0.9579225888478939
0.5933080362575729
0.3252672600740345
0.35632585105291376
0.4905184033342566
0.4307279643769943
0.17530108174391035
-0.026201783220548395
-0.03088098430112276
0.06109858496680079
0.05465097004544901
-0.13737942235027784
-0.391067644350125
-0.48506529224137646
-0.3563708990521005
-0.2755144080422573
-0.5900822366016106
-1.2094735351017292
-1.655322680815478
-1.6179566856011203
-1.1984698519260832
-0.7075322204261176
-0.40622072217002647
-0.3917954736440098
-0.5561893958208286
-0.60814284632093
-0.34191064950376504
0.09142034403568587
0.38737989267128964
0.4363065331911359
0.2948167161078886
0.05824902078530794
-0.13139513811339004
-0.19238598564683548
-0.19698324017288715
-0.25266490004724396
-0.4288104978173832
-0.684149409882308
-0.7717015962415781
-0.5220304326456482
-0.11035441119948367
0.27799041963009646
0.6852579473442445
1.0930869923687685
1.3617641902436537
1.4862791864647877
1.5264091471500627
1.4146823077369628
1.1256605546930107
0.8127982575809528
0.6027083226668425
0.519352381360112
0.6227724980945858
0.8873576893072428
1.066757543564337
0.9393763710679177
0.5147641163217466
-0.02240699870122578
-0.4556095593464913
-0.7009157291544024
-0.8032197773975991
-0.7613961198218275
-0.5278250760433969
-0.10657946077465251
0.5275407440712485
1.356439618915404
2.0153584541610923
1.980298746457133
1.2636385954226432
0.5400890147363898
0.36000342162117976
0.5116666284037803
0.36441449013108074
-0.32939904151843674
-1.2110260940189481
-1.8195151661138398
-1.9586725933535087
-1.6168434293283596
-1.014166066552991
-0.5870775513960464
-0.5462197787080196
-0.7030090695369058
-0.7738880395189466
-0.5642899994282057
-0.09095989056467037
0.32104244351305955
0.35386858742892385
0.03603526727857738
-0.40312324992712134
-0.725782092347138
-0.6453861032405718
-0.045638572048893766
0.7144097954298485
1.1183633029034261
0.9484752277391516
0.20016998348560539
-1.019777179608433
-2.3056369055558514
-3.054833292900399
-2.9256239112005757
-2.023667865221535
-0.7412842020789472
0.4480100876588108
1.2133711300495582
1.4563365948534186
1.220178284495653
0.663329995623836
0.025047530135596376
-0.5414004389138543
-0.9948603452915723
-1.2595306860403046
-1.229307266035193
-0.8515702559472033
-0.16411535755543943
0.5984134444488931
1.0762353530788744
1.162889547292724
1.1218580935196398
1.1675130764381196
1.166273833996249
1.0032661327629102
0.9045766444763114
1.0318126070777744
1.203881959690183
1.3109303491890711
1.5032069366140253
1.7624600175877048
1.7499354929351258
1.2506031642440703
0.3878844547790194
-0.6196058832978526
-1.5553763764189497
-2.125858981291202
-2.0772392612694746
-1.4966807009742331
-0.8628190153408849
-0.6253501184714216
-0.8198201173066251
-1.1396912590078074
-1.2633643246025856
-1.0998186690423364
-0.7959755043367163
-0.5192710257775711
-0.2663868517523489
0.07569323482176292
0.5867113743721876
1.2643827147079996
2.0046891354992877
2.5516454864427174
2.535413419489937
1.7686205728954056
0.5341411015859573
-0.5793720498675062
-1.1541519382238183
-1.2171274564509489
-0.999105070082089
-0.5510610534661479
0.14728731691613606
0.8948187805729492
1.4275322352618542
1.7213162875851524
1.8945151378964484
1.958753722264934
1.8518467325707053
1.5654307489198023
1.151187506051051
0.6702319279080383
0.13513391395869423
-0.37947643680024873
-0.6278262847023998
-0.5522554424143757
-0.5967124052833341
-1.1904835580377484
-2.131711741573184
-2.875400723527143
-3.1118425750305407
-2.7367205031242987
-1.7373702336031636
-0.47136271464744567
0.4912021675955995
0.9836309214315339
1.1881257735754958
1.1720829740719865
0.9501047744258962
0.6972811143680817
0.6096965385633809
0.7166446385579869
0.9246088304687775
1.1292657721354458
1.1629566774108047
0.8723535900240218
0.4321504604740924
0.16477428578983772
-0.001483434869401252
-0.3835863140638469
-0.9806445020201143
-1.4722899601565207
-1.6211716072035096
-1.4515837958434525
-1.1671287787893705
-0.9690380596965014
-0.8175485450069412
-0.4548478423754335
0.17150633158564355
0.67782280693786
0.6148257795757196
-0.0654491442137525
-0.9776196991900191
-1.6024324103645067
-1.644018733927119
-1.2300986665479934
-0.7820322437295815
-0.6511592612532124
-0.8079702014539191
-0.8564928618041882
-0.4849615547192077
0.12990500113603645
0.49944264677209593
0.28525352545708577
-0.4296325108994516
-1.2004090121466986
-1.6181300439674458
-1.6747688580564617
-1.6091360728390927
-1.5161427308191113
-1.3376186296435244
-1.0367173429000753
-0.6448719184599729
-0.37432784291018745
-0.5357240593783212
-1.0899058080211208
-1.5002409936257897
-1.2399239799553816
-0.3529811060686765
0.6488254127090949
1.3439613464495608
1.5723783132021636
1.2372606864697493
0.39434212886312664
-0.586939555031165
-1.2220145973573318
-1.1881076349062465
-0.5378530956741646
0.22793707718053738
0.5465895594797302
0.31648844589037844
-0.08786989429737806
-0.2891868523004274
-0.23815850680394657
-0.11788300449777697
-0.1383199207470006
-0.3570465747677313
-0.6423050406868503
-0.8300723976880217
-0.8114861091145869
-0.55636321633118
-0.19906834294763118
0.03874068851770308
0.11757428736794492
0.12920668004886365
0.08098082976409766
0.039127060181415665
0.0870298369079709
0.0813463500188556
-0.0570960446458032
-0.0015688089158616002
0.5972215081473672
1.472601216140327
1.868266950172493
1.4122534578385209
0.6048401541711228
0.16955727770207848
0.047221464666418175
-0.39632569273506707
-1.2121395079078903
-1.762934236184486
-1.7324386336239468
-1.4321805985701483
-1.22466444304855
-1.2059003831126034
-1.3335227377191947
-1.5022272875221867
-1.4709086977129722
-0.9461795764669589
0.019273954889776436
0.8227643615894803
0.8287302825280262
-0.0006584014998436779
-1.0828360414749238
-1.6501386648846101
-1.3836795137827769
-0.6846348799814713
-0.159964441025876
-0.04287703364550767
-0.11166390519685264
0.030728552183583415
0.462486431069818
0.7520340782017109
0.47501365584750205
-0.19764352875712562
-0.6942924770262584
-0.7323757319561759
-0.5116700002715201
-0.3116980299847839
-0.2296529699848247
-0.27971552924073984
-0.4178580017044242
-0.4109332710875678
-0.04763268292190206
0.38069486505627254
0.24792758578341584
-0.5551139493201106
-1.3603668721213338
-1.5470420461470809
-1.3013617725229827
-1.278859111046525
-1.6934937603424463
-2.067604962564682
-1.8872059508997654
-1.2040654811757892
-0.5159550578014506
-0.2894478045363235
-0.577746992616315
-0.9531174127448986
-0.943406054167346
-0.5017238346055168
0.09167821610162213
0.5476095214438663
0.6780624187443879
0.5219349737071607
0.36491062737676605
0.3672603905734697
0.41336841674427577
0.37809455456536417
0.22243569617079964
-0.030777177645693828
-0.2885977504953978
-0.5161783047559594
-0.7850353997060023
-1.037926381266186
-1.0306826922199557
-0.6434343778542717
0.0017064150445801885
0.681917356702306
1.160145907702851
1.3784606477398123
1.5299169951863996
1.6766399118113897
1.546080294720093
0.9088862969002173
-0.04292142494122945
-0.8856476021185598
-1.4642570541598428
-1.9105203475602235
-2.150948023546291
-1.844116013827787
-1.0310428658945512
-0.3077057123467066
-0.03244789177493093
0.06860030186823003
0.32342301924569483
0.6458097087819997
0.7707276421515102
0.6394699297994011
0.42925325666369446
0.3598963922422209
0.5334235011044636
0.8864083299510859
1.1662947756764876
1.0065874155238654
0.3533971576678349
-0.34650979603405185
-0.709170119757418
-0.7413187479189826
-0.5392152598207366
-0.231813654614987
-0.1001644251515226
-0.31608789280392
-0.7138414753970956
-0.9712110562626286
-0.8398393969367177
-0.29983794510380296
0.31346600150456766
0.5404863858931654
0.23427898363279756
-0.33614466206403637
-0.6951401544274347
-0.5663954652727778
-0.1200214329512499
0.3927889793334552
0.9059909060135776
1.2051039452714323
0.925210009360501
0.07724466288437026
-0.8825898524139919
-1.5148260034707046
-1.6456546132054553
-1.316200341119345
-0.7443647707004488
-0.21008658749261497
0.22729222879630387
0.7532373433538859
1.382848130130291
1.8272210203183203
1.941747172031287
1.9142580694903637
1.883819031913418
1.7629409453715017
1.5357757701951789
1.406702200347434
1.4619557132066632
1.4186523634218247
0.9767698864286557
0.2615742891333449
-0.2282528118940704
-0.08171200321933594
0.5629961962749584
1.0892831268986047
1.033261722156974
0.5375798519659438
0.11471338841655287
0.05641971642418582
0.17993577971123229
0.19788089177012783
0.1122601029467041
0.07635821025288238
0.1472797490369757
0.26527851786271983
0.2702128702899351
0.027596445494580707
-0.36252193440070124
-0.620148454445926
-0.5561749269094934
-0.2240569568643384
0.10433588981477483
0.05896451943661236
-0.5196913612194206
-1.3158433320188232
-1.8035647244933213
-1.7454477276905707
-1.2696038934340672
-0.6477558075852979
-0.1753086460751033
0.02792211075257245
0.21627598719487953
0.6474813428200206
1.1004997838180433
1.1869286404309294
0.9385674228912676
0.7067408482010743
0.6161671289000599
0.432919078884076
-0.004477117193883226
-0.473203898983909
-0.6397390151017744
-0.49847992947346953
-0.3402783673787434
-0.3758540837146863
-0.5370435457052706
-0.5958778367579778
-0.44118161032797876
-0.1816321680205948
0.02654498687482806
0.04949717186648654
-0.20023725738938603
-0.5370166491230421
-0.6105607080817976
-0.437595904987758
-0.35797684464727253
-0.38320172368811983
-0.14376424430677032
0.4797212044552097
1.092853101415523
1.217510257653811
0.7817069762667385
0.08234705797684577
-0.4693792002795712
-0.4685437429263228
0.16180496762974522
0.9292114629461183
1.199285597251076
0.8191399264480943
0.1610127958678392
-0.36750482188734934
-0.6521593553732489
-0.7809724847430718
-0.8596209228232536
-0.8590193448627139
-0.5994163546066179
-0.03500813816351023
0.521695289144116
0.7132089315817626
0.5946239300804795
0.4938562333509834
0.5031079589950495
0.3869097388430499
-0.05045790423885371
-0.6762316869443771
-1.0876096545279992
-1.0374979938696602
-0.8243178722788951
-0.8885230544427347
-1.1305580338661785
-1.1913948441354072
-1.1016101558136553
-1.1234350884520867
-1.2413788566855841
-1.0936768600099986
-0.406780989878284
0.5311685052117229
1.0491304371769152
0.8153738028343336
0.1647618715575592
-0.3178805571167023
-0.3557151198229526
-0.15112300665945635
-0.09790792088070574
-0.3333139229732913
-0.6617039063090072
-0.8217890530712325
-0.6798492663575654
-0.37397303559075945
-0.30370453935658054
-0.7139270086099675
-1.3313477847393733
-1.5720509739217847
-1.0945330974536172
-0.09941982505461083
0.8650342170105249
1.2619671544914348
0.8546965844331098
-0.049855122319410625
-0.7832215012352687
-1.0018659594468025
-0.8998199544679664
-0.7056963559262285
-0.4686114446277753
-0.24304419162494084
-0.0845016202752236
0.010934834759858627
0.07103478037450246
0.11750393240457313
0.14315505589436076
0.11096607983309335
-0.08969586016725235
-0.5547206401435453
-1.174264339769845
-1.6955590225863726
-1.8262746237441942
-1.3852344017485423
-0.6429066457287878
-0.16050153119960012
-0.14601329630523718
-0.3685435985133579
-0.6206591049014425
-0.836700893029848
-0.9004719019495475
-0.7405237810982865
-0.5162443379787389
-0.4112786743488233
-0.3444359077789971
-0.10576358126912368
0.31382837072586284
0.6912867108613323
0.7707199067017139
0.4106881986340329
-0.2812869916418776
-0.9880217137447634
-1.5461640943682147
-2.0556686273856797
-2.5163451485301875
-2.695006601133543
-2.4290140080224325
-1.7723835966463293
-0.878719599645951
-0.004110198591666712
0.5387917618270446
0.635143825560332
0.4146772646127779
0.11288470710930402
-0.06294683460410215
-0.12864084089499148
-0.2685848825196732
-0.5404609893996944
-0.8166912744772999
-0.9565935421775792
-0.9286201055087735
-0.8614358912197824
-0.9198512250362746
-1.0144283836845394
-0.8487570604557666
-0.2982588990148833
0.46168563913061644
1.1400543755802732
1.5356724433305018
1.5865399850756232
1.2998509416110304
0.7747392333291544
0.23427323108900427
-0.09727185605921358
-0.1010812377945494
0.2013014623597009
0.6055204540213363
0.7755912846271726
0.4550141108286533
-0.33904027392587854
-1.3074325496243504
-1.9766868886663858
-1.9292894088565913
-1.2044447759626358
-0.4158831500058116
-0.17279286399683652
-0.4359941329326143
-0.7052482415071449
-0.6296950257679427
-0.18896035229181835
0.3785558640565808
0.7305672760920514
0.7368114994255803
0.49153986710372605
0.14567036358600163
-0.0340388866114362
0.06371799212279053
0.024912310394436945
-0.5231232539857742
-1.1745789948907275
-1.1683516460571832
-0.3254384076485632
0.8037242120054413
1.6015506038804244
1.9149137004886534
1.8888104646522572
1.593696885611819
0.9939727021220208
0.10803089794810458
-0.9304486724911906
-1.8635209185206871
-2.25256733064515
-1.7424265698764765
-0.6312185185851406
0.22903394264980956
0.3403039124748238
0.02488526975439703
-0.12623064520230143
0.0050854824117525415
0.11226556447855189
0.09446480411414439
0.21526087066898894
0.6884629183226766
1.383552222818629
1.8438276778786133
1.6548341915953468
0.9625323015840239
0.33700401447443645
0.05974373327890734
-0.056075423027811336
-0.19158252363673095
-0.25378693181248757
-0.1067923935399759
0.17559658182284257
0.41935972467574506
0.5741543590432968
0.6709947670306546
0.6654960369004583
0.5068738355015302
0.2308026459509865
-0.12240374530767294
-0.51555364697541
-0.8769025963825997
-1.1270458973355124
-1.1978048584667447
-1.1506140730572403
-1.1826047707143676
-1.254631566828409
-1.0175462809756142
-0.3935260446988293
0.20292875748710681
0.4853373681296192
0.6910661071110918
1.1085767606295893
1.6580881637124758
2.10627340401764
2.2948499313109156
2.157119684903308
1.7415704015811853
1.2506078443268271
1.0143957084473472
1.202275348267403
1.5225848220506835
1.5027569100926306
1.1318993982882029
0.9008747672214293
1.0613582195539997
