1025
1.2519588148904623
0.8718254836733376
0.23264999644008083
-0.3752359497689679
-0.7725947397963817
-1.0155416659013174
-1.0864421725650943
-0.9227532240340101
-0.678994597662409
-0.5912274867129517
-0.6769300697335201
-0.709145333948379
-0.4853654069401694
-0.01241587570629729
0.6308666983518543
1.3197735999623095
1.7672609562463688
1.7285867892785982
1.244361066839886
0.5444844346670388
-0.15713684280936005
-0.6778366118123053
-0.8463509277405977
-0.7088232065203595
-0.5455658047595292
-0.5642030927999394
-0.7518648674234015
-0.912598363483265
-0.7991997309913489
-0.4020876908935888
-0.031877559707873974
0.04359968102578674
-0.14061520432037933
-0.40926252068033947
-0.6411790008501699
-0.7983007794920147
-0.8582121755256682
-0.7228365968700113
-0.2853124218018007
0.3058544316078193
0.6415686009910001
0.5333390033820423
0.2575381879809175
0.16432148329568708
0.28445985293189846
0.34997976843261447
0.1432660389066065
-0.151578251998625
-0.18046473668597646
0.08502302103333696
0.4823631416328791
1.0012288153890232
1.5675366510133215
1.8292185276963975
1.506708601512901
0.7490362551489578
-0.012728051477351624
-0.43602051036178086
-0.43201552227499895
-0.09972995651402446
0.34544745732649174
0.6247464062374363
0.4623892280471277
-0.34884538673163873
-1.6673973804896252
-2.7697731528739764
-2.858926421457326
-1.9376282660239885
-0.8069052859646948
-0.1270728903012189
0.061115615153984906
-0.07577525082555434
-0.40359901146890775
-0.6657877643657576
-0.6349336678364128
-0.3980125559285512
-0.18696663880743247
-0.027516874927364224
0.1872131885332604
0.39534852822632205
0.4153469598055065
0.16060559879838598
-0.3251917414887209
-0.8504416839541041
-1.1403419059388908
-1.1045002835075266
-0.9202561259994688
-0.781210362243978
-0.7109674136720233
-0.6338207439739177
-0.45400492883545185
-0.06930710318376426
0.46230837158497623
0.872456307987415
0.9913537891752241
0.8812141489200661
0.6957353970344002
0.6301278716036701
0.8134048468277969
1.1414753112623095
1.3673619082711095
1.342609545399149
1.144590369177767
0.9679725047734917
0.8652873399801386
0.7478786343592088
0.6400573264181062
0.6809833440046344
0.9050936215586858
1.1544825175886442
1.1482940503708314
0.6937098847679736
-0.06797614372271654
-0.699820770704774
-0.8677818809885948
-0.7084663751183286
-0.647310747533232
-0.8294662439875508
-1.0013558590269984
-0.9413780120635731
-0.6968756079469233
-0.4517755014801448
-0.2747632188180411
0.019511781010072803
0.5800250185534573
1.141533130662803
1.1829995326903404
0.535362059264026
-0.3053864185652277
-0.6417597150146586
-0.2265817481008227
0.6108728655108278
1.3443695451764461
1.6842474862181374
1.5844826074095255
1.018015853100434
0.05099093112948027
-1.006743797779979
-1.7610829358978923
-1.9601805018688871
-1.566471571403918
-0.8294611476220002
-0.2850149635724076
-0.4147252790358636
-1.1470851840591092
-1.8383359504818741
-1.9471485238582786
-1.552915547693084
-1.0498477085217532
-0.6616654952592607
-0.41853242014090397
-0.3055588543318811
-0.32945304628967936
-0.554924520036306
-1.0036525726331993
-1.539973919642034
-1.9799864335594226
-2.1285562403707403
-1.7375801579798043
-0.8254878048916238
0.11425364789974041
0.5496204341721501
0.3813785466685867
-0.05863223053912732
-0.3340640537963981
-0.2647506293162377
-0.004667852943033656
0.21596262758707843
0.33614322014147496
0.3430297058021911
0.053373605139265604
-0.6257836677476183
-1.303756675300348
-1.3789016716652773
-0.7148909370187722
0.1577793598981378
0.5945540257753548
0.5015620294351458
0.2704786541792216
0.1703381075157524
0.180804948245607
0.3257819699116534
0.6580120185621351
0.9399505824706822
0.7433274158886979
-0.038645198668456796
-0.9890631505205632
-1.5358970868447943
-1.3478279128942587
-0.48425481894364925
0.6379165511104428
1.4649105420270276
1.5758075205619775
0.9295946643795315
-0.042339692226979565
-0.7499009052450076
-0.8825762727922326
-0.5813479989023199
-0.3102133493979475
-0.42760644785382895
-0.884159795194376
-1.4117822887114906
-1.7547099430957813
-1.7367498993755037
-1.3983037974914003
-0.9606777471149838
-0.4853035076332026
0.21782451238510156
1.1555325887175059
1.8966638499254562
2.0189943489989393
1.5724943299678769
0.9475603872304862
0.5108091923396598
0.40709661955123305
0.5459452769784092
0.722967433729059
0.7779987868621961
0.6746747019812694
0.5335236920398364
0.5838369764243291
0.897866771335834
1.237892839611563
1.3508748090318332
1.23585262671754
1.019647341020899
0.775787899319405
0.5328011411063112
0.3484233740232594
0.266639534092893
0.21336072742885315
0.060435663560811786
-0.19254874211386364
-0.366748759118764
-0.29354789705254364
-0.015070144841965906
0.344094750524742
0.7124252878006596
0.8987283135886261
0.5756135205900719
-0.3057865302799153
-1.2004322942169774
-1.3897464879272212
-0.7071963687860199
0.3507243905474154
1.059639322066571
0.9952687712942427
0.33077581071277046
-0.451148303410952
-1.035506925323249
-1.31784305635901
-1.2182548322042877
-0.636301545076367
0.33154869002350035
1.2099526596254688
1.5133584580219135
1.1528129535897917
0.27049737743501423
-0.9013178362595433
-1.9102418610034915
-2.2473808954529004
-1.720681436399562
-0.5785908539317672
0.5932353242413256
1.2112301515916095
1.2036311088586107
1.0227501063654123
1.0005451830826648
0.9905773650052786
0.7699093816538997
0.4112236224083884
0.11432700653648968
0.018265112591378186
0.16450630449620252
0.3690912146062623
0.37966006598145674
0.315618018977837
0.5340115418692822
0.9863413749893026
1.2030481934474115
0.9773330051983785
0.5960739343564377
0.3090591170851466
-0.030438244645995736
-0.6214714700166446
-1.277583102018516
-1.604650012104904
-1.4900122356892884
-1.1104118239021998
-0.6049458217643657
-0.04990140091533879
0.41904207998898185
0.6668567476900399
0.651113877947837
0.4633524190644628
0.25844384560104644
0.009398417864091886
-0.42832968154097506
-0.8426932253909521
-0.692772793899684
0.21407082351911935
1.4017819024123357
2.20478955594056
2.3818262675860415
2.1234101065105233
1.664966689230009
1.1078825400129353
0.5007945892835818
-0.046382495966841235
-0.3679039062985357
-0.40437387382998097
-0.3303555104881705
-0.3610717535011659
-0.47330114928394557
-0.49682973172697575
-0.3608075667696377
-0.17101446329009626
-0.13396635725499423
-0.2952530173770783
-0.44820194636651395
-0.5117983272827927
-0.630126810677641
-0.70916875312135
-0.3129274178176425
0.6947568100613599
1.7034958505390814
1.9750387330288792
1.4471435164939217
0.5341851278109586
-0.38569756406232797
-0.9967156671593486
-1.0683823860294237
-0.726909018676752
-0.47881058295488427
-0.6974950440540247
-1.1999214320132423
-1.536265557760622
-1.4493416374654728
-0.921181884315986
-0.14771568291719114
0.4801852897695071
0.675188958666746
0.4957093481584157
0.1845862053806828
-0.10222456439741624
-0.2769532895412278
-0.1329855407091527
0.5160658071403148
1.4244582188793986
1.972059561261094
1.8490995154983356
1.3593028747039286
0.8696777458005017
0.4656446914405293
0.24922888498997076
0.3360453833929593
0.5321611099654763
0.4650820148876975
-0.0785356371484832
-0.9803479387131796
-1.7244930946649686
-1.841195405878341
-1.5432292199713709
-1.3757694119670723
-1.3518169837343013
-0.9746249910596899
-0.008264331618152434
1.0379294166828217
1.3326579126564877
0.6993053048909743
-0.14994065836820344
-0.5238926006260992
-0.46786400967942
-0.39304498525557474
-0.40382408528610636
-0.2837195969946829
0.023090054999370186
0.24939681172021316
0.17108850373039983
-0.09563389327268644
-0.230740339293976
0.023970503283828822
0.6739020935543627
1.3666809831394167
1.6249762340032206
1.2933425761496904
0.6524123539302559
0.14635301000103626
0.0014182978667566467
0.03953686845138365
-0.051920468307706316
-0.36606004429842653
-0.7473869639762872
-0.9843725861071716
-1.0520512890133704
-1.101911151808381
-1.1945702742012028
-1.2380173118878561
-1.1428280301512304
-0.8716991289883452
-0.43983125281316837
0.05432948262860275
0.49001872544561825
0.7608419837617838
0.6984151620775675
0.19037838822399195
-0.4959820542799603
-0.8116129029542232
-0.5908117691987261
-0.334768148905595
-0.5569644641749663
-1.1353638627090896
-1.540386833535648
-1.4738662494154868
-1.1214416983397435
-0.7905241887515907
-0.5302490995727143
-0.3002593309492074
-0.13390973566217676
0.05531255613985422
0.3738209647387945
0.6038047982711898
0.43539817411538884
-0.033341439547755966
-0.4592415812601526
-0.7443104781231158
-1.0501420061511784
-1.409211426688622
-1.5681909726356782
-1.3907364877631139
-1.1141394464538559
-0.9370026028811294
-0.7685862155202898
-0.5636834109836839
-0.47300753035333787
-0.5558204083231663
-0.6508226891025067
-0.6136798142674705
-0.48636848676157796
-0.3344571530665765
-0.12897349050148557
0.1095697606794917
0.346267892744514
0.6562550074684256
0.9672171844576477
0.9707199812962436
0.581970532689669
0.06624618605179554
-0.31451724726756636
-0.3594152950109406
0.007200766809185359
0.42894566086294644
0.4352933058318647
0.09346737301498488
-0.20593075434414818
-0.36355505045715214
-0.44315244982945773
-0.22976625323297156
0.5728352040875562
1.7939034613363567
2.750873768086728
2.890342108393904
2.3581378911075985
1.6560863507278536
0.9481213425031374
0.11634456512298892
-0.7650680666703011
-1.352345813362165
-1.3758573949817217
-0.9330453944267723
-0.3245588398628178
0.25817212067300127
0.7234959065937926
0.9420814322369319
0.7647050675234511
0.18285624598676845
-0.5079659156269647
-0.8284439688549857
-0.562069134922819
0.012065508630908987
0.4110458853609824
0.3250271900620794
-0.21374727591947673
-0.8464988242285563
-1.1462596202315698
-0.9693209564691695
-0.5574372072985704
-0.2740002482147624
-0.25594730841870705
-0.39556226784983534
-0.5930624547798783
-0.7768493200152994
-0.7728679735335494
-0.5086648892634145
-0.22939484988260517
-0.17251742517076202
-0.19792359468866402
-0.03288687674263822
0.3207189868229867
0.6187873463544689
0.6410861154679567
0.35725923039828555
0.0077074263253943355
-0.10751365295295628
-0.08808970031690207
-0.2546510046821705
-0.47042644569268743
-0.36611851231800785
-0.10947869532118558
-0.1529891349069624
-0.4910605221576372
-0.7728543479234227
-0.8662465234125118
-0.8925042234281118
-0.8415191741626049
-0.5723113031116484
-0.2568695395043416
-0.34592182343375294
-0.8734163572447482
-1.292980477945227
-1.2542103519061387
-0.952722957467092
-0.5571217115106276
0.062158666965304095
0.9007962133870174
1.5341112034295963
1.4159710129462424
0.4191223637825319
-0.9007670538724077
-1.6728231464241454
-1.5443186519955683
-1.02763480500756
-0.7310777921902099
-0.5709992092753083
-0.1562265422689999
0.4722080264140866
0.9005697506190482
0.9514143160870132
0.850032480399642
0.709584349059876
0.4038630878644191
0.05496081821928325
0.008280578651147067
0.30654098141496694
0.5689614681226038
0.3419170319392656
-0.46390854720345526
-1.3354483021668846
-1.5153105914260914
-0.7812791939763736
0.34838001041887195
1.180169310427007
1.301918884352889
0.6322435719993381
-0.5792954565398565
-1.8057506410771176
-2.559753879950392
-2.7345574401862427
-2.531822763062656
-2.1927680751881367
-1.8978488066505084
-1.6852628738202455
-1.4036819343993712
-0.9041801678104526
-0.25559400361348206
0.32891441786103287
0.6868910157734122
0.7555380791381631
0.5453149020551727
0.13742541409232678
-0.2466039421267582
-0.18669811386294688
0.6125019113857362
1.775060389829636
2.3672498029460027
1.8362953263436728
0.6559361201043967
-0.22549045848336136
-0.41938532703112874
-0.28598461605858794
-0.23096682412517272
-0.21919685691535132
-0.03937724933526339
0.26214188554796664
0.3543476797973143
-0.009084018277822202
-0.6457223024671823
-1.105398599285937
-1.1354502868823555
-0.7774411345419319
-0.1503181034507003
0.5715382206315731
1.09158889300938
1.1817266283422614
0.8898653794756667
0.42770556492166056
-0.01955639135490773
-0.3308899012889904
-0.46573181404335445
-0.4491619942240007
-0.27557753990919626
0.07372666476066773
0.4974392433054831
0.8099161661849086
0.9290185335063517
0.8487901517741973
0.4843187709322929
-0.11095248063274317
-0.4970626877585544
-0.2989199636320848
0.1720819340365923
0.19812133140018176
-0.40747686616254203
-1.0176974458257433
-0.9967998356167442
-0.43705427269183555
0.11737733541338329
0.3855019289068782
0.5450025996761827
0.8148357286628467
1.0676390610201747
0.9518197988937992
0.34821205246779025
-0.4232092683713654
-0.947199554924553
-1.046290483794975
-0.7199123270981052
-0.16385796745274261
0.17053146225515803
-0.10169276240585647
-0.8993489550355208
-1.7060699348660142
-2.0519331058092702
-1.895304874355955
-1.4964025306494737
-1.0780074467112408
-0.7417622689398197
-0.5972621510488306
-0.714010652264146
-0.9925424150027491
-1.2582758628411002
-1.4253405039849751
-1.5710715961950077
-1.8043000009631447
-1.9983236141900858
-1.891678331896534
-1.4722613003048486
-1.0065639838398477
-0.7571408426162164
-0.7421407288136584
-0.6641929188037529
-0.22643637354091953
0.44507715661226055
0.9617853159238283
1.1903541067471441
1.324576870258476
1.561503233179968
1.9385886942067585
2.2807009804152534
2.1763499985749144
1.316992533876782
-0.012495409894399052
-1.057727925196889
-1.3177950090058175
-0.9022086986262982
-0.22769302337159772
0.2647805524544973
0.248866249101427
-0.2343942088568301
-0.7655378084151769
-0.844359986562046
-0.21538647047812323
0.7847976787752177
1.371310219533049
1.1744253702863605
0.6460612207488102
0.3694005217437219
0.3743605871026222
0.3813929678547286
0.32940854265377817
0.32324625690445846
0.28212563071849744
-0.038733128430970064
-0.6405124582495481
-1.0956514223807046
-1.0154118573426345
-0.5326596462358448
0.0019407679141069084
0.4445251960549165
0.7109942819521387
0.6888847602274807
0.4255641472020899
0.07570380653526423
-0.27212162109816634
-0.5500107407514215
-0.694376420622958
-0.7239920947108094
-0.5836079764604779
-0.07991734677599166
0.7386590717055949
1.393915107211003
1.4606644318466113
1.0695308594152528
0.6120571001847319
0.202718543089658
-0.15250147227419414
-0.2867224074666326
-0.16352344307695213
-0.03319997789145153
-0.10661701713617756
-0.2896795984467456
-0.34385728146227573
-0.20247429848432544
0.05333812679703
0.42393557193688686
0.9203244598596669
1.323062255727824
1.3004849889600736
0.7925099808116464
0.14300888102322687
-0.19670332641811902
-0.0671954245611083
0.3822995021271786
0.9356214740771843
1.3534308384684766
1.3444906972712687
0.792078655638562
-0.024245482531237192
-0.6861307648028151
-1.0934010993287875
-1.418252495358987
-1.6668351594201802
-1.5870574667751547
-0.9853180396372511
0.03557141622269079
1.0293717634907775
1.4566057722649897
1.1721451012707753
0.4961059014121879
-0.19438531503251152
-0.7114411515077401
-0.9981234395982318
-0.9987209921137528
-0.6618162079998171
-0.07641203692087628
0.5373811750002951
0.8771403867882666
0.6904357880130684
0.18085921377126088
-0.12492335649581332
-0.10068499641321643
-0.023439762518359143
0.028086996820562274
0.20149474527288247
0.5062225642412793
0.7366254347494016
0.6018669194088191
-0.03597669649344963
-0.9429824723377722
-1.707099634141157
-2.1855671762051707
-2.471476162889032
-2.4201857541615417
-1.7752341568630405
-0.7864650532029505
-0.015480938124294272
0.4031562078662221
0.7167326259254511
0.9955601378232675
1.1225076268594338
1.072831101242546
0.8586552566237834
0.5116488105698522
0.2608428603181495
0.40803479475531973
0.9435683379783827
1.4234618683562963
1.3434854655678337
0.6920495983000505
0.00630051381005671
-0.24286365916803773
-0.10842347885173578
0.08696074195204742
0.11653764136172914
-0.09946804745223899
-0.5131961455407693
-1.0375040116102303
-1.6520765042427115
-2.3035809880035725
-2.803731468269986
-2.887952729989476
-2.4183459134296923
-1.6452922504047047
-1.0906720600885267
-1.0877291353230727
-1.593375840991815
-2.2707667004576053
-2.6046265108022917
-2.2961443645936708
-1.6474751841075184
-1.186815572983099
-1.0159014811414817
-0.901333155870514
-0.8318702027466162
-1.0684137539452145
-1.6258731216839235
-2.0500697530522336
-1.8859167409445263
-1.2335293200169706
-0.6433350655801402
-0.4757948218297235
-0.589049347043732
-0.630558057289108
-0.42504651887079836
-0.09319607311587873
0.1880972763982106
0.45692608844344523
0.7125447565964916
0.6641251287812148
0.19038364248623935
-0.3301878688281624
-0.44204615186010243
-0.0637745867236409
0.5281155952858354
1.0237761240793188
1.354535063872537
1.5931341159151111
1.7216355565195784
1.7205251712910425
1.6680913471692858
1.5285010163963855
1.1557321788780768
0.5944236688275195
0.09308163607829331
-0.19475636212203543
-0.3481699263412253
-0.4683270758691197
-0.529375121388219
-0.4749407613028989
-0.24652029827284647
0.06522804422655017
0.03894012520421917
-0.6072550703503734
-1.4600838796253568
-1.8241523983293066
-1.5691829755646753
-1.1463786173035744
-0.8485766063071399
-0.5216030255233419
-0.10350002716676891
0.05600800513208017
-0.2589313772391975
-0.7670709565493281
-1.1470041285942136
-1.4011064265755238
-1.6668768760333532
-1.9345411022858314
-1.9758352314161876
-1.5460570429450045
-0.7377232207170115
-0.07935141822668614
-0.13805781310358786
-0.9186066125103363
-1.7188779763465905
-1.8572235952139753
-1.4627872452275337
-1.1270781987308933
-1.0285088108643752
-0.9273127901600532
-0.6940032884828754
-0.35198539126099615
0.12024545230806236
0.691169998312126
1.1753640460281902
1.4160255818643712
1.451501094378993
1.3797341050354217
1.1939911315401837
0.8808915914903929
0.5609188336044327
0.4486940242313055
0.596757435793488
0.7017249650241186
0.40549323370139534
-0.2805933940752294
-1.037365718653278
-1.5288511018739874
-1.518038631982248
-0.9803844090473706
-0.2675762595290689
0.1018235392428737
-0.06062620369780988
-0.42994470172035687
-0.47711780658149283
0.0363217944917255
0.7908079548789896
1.1623807483334196
0.8442295596910386
0.1165585987887525
-0.5124904108759141
-0.6996259051296487
-0.3940457926731146
0.13734035027055447
0.506786185838265
0.5159494861246747
0.2126140240399508
-0.23800179984553663
-0.7232508784593055
-1.2218973053497497
-1.6112250965664232
-1.6379179458291324
-1.2477880821187444
-0.8120821764077291
-0.8043711120578962
-1.2103717635936018
-1.4328869113605684
-0.9522072986813197
0.0067856930640654645
0.7500212375385329
0.9295266648312837
0.740749230067624
0.5397065768830112
0.5881824808143774
0.9563808285441474
1.3872040387071412
1.4539212982768517
1.0699206077187366
0.5980702225547344
0.41465378324374436
0.6217109056356123
1.0285010383669853
1.25878188954371
1.0605884901121119
0.4997429815187791
-0.2324898712134724
-1.0343759829576884
-1.8447634951101295
-2.5094149483167727
-2.7038477146062716
-2.1215137536155035
-0.9870869218589783
-0.05772546906001558
0.2127353276344913
0.12579652644115744
0.15267663977575704
0.32932641754046693
0.35966945378830617
0.006888427904338841
-0.6487497945551655
-1.2279007691742647
-1.383404398369288
-1.145233705342118
-0.8868344620475048
-1.022900516155293
-1.6599734178947356
-2.3517482875140465
-2.436413144455469
-1.7358782553052472
-0.6677039829527172
0.25439370815534523
0.7997193096579248
0.9661824902712356
0.7370996976502998
0.07011770674961551
-0.8435672308568588
-1.5340890220645924
-1.6716586002448166
-1.4021716688526389
-1.0639534065010727
-0.7905862267598799
-0.6025865102455601
-0.5325734312946425
-0.4967175886548781
-0.37034200883005125
-0.16234711582287245
0.0453589457601975
0.1660875762963031
0.11489287188130994
-0.08036825304830376
-0.2121585862974484
-0.03566491209859084
0.42667256200289766
0.6318786524233528
-0.0973267516678206
-1.6186947743699327
-2.8692686957632247
-3.047774407976615
-2.4402992241219876
-1.8497507732285632
-1.5865390253745686
-1.3912647593000957
-1.0891480650784857
-0.7138460135850025
-0.2656890407960733
0.09850986676806048
0.10344217223706088
-0.13529737770409483
-0.25297640067975924
-0.30137751910972205
-0.6517189576539133
-1.2445431570674654
-1.4717926184552061
-0.9527813200027427
-0.05196016604957513
0.5670220691123509
0.6397810483817051
0.40607213214834953
0.17948891477659257
-0.027414789061632215
-0.3564372876220656
-0.7229041599387255
-0.835985944458234
-0.5680921203914256
-0.19927667991790068
-0.1714635646432043
-0.5585088165867786
-1.0383271318449587
-1.3003845273770265
-1.1736870014422256
-0.6516068580690939
-0.03785657810538761
0.25427599798330786
0.16578176312671988
-0.052634857482898936
-0.34694549856035406
