1025
-1.1509928719577172
-1.1808065348201573
-0.7529720795318421
-0.20898329843387892
0.06467898267757274
0.025037566133675762
-0.050313777424377946
0.02380542570174243
0.06048354428049946
-0.2644827218163482
-0.931997956279531
-1.5262754437033148
-1.665132915621419
-1.3243140056711402
-0.7906658299611654
-0.41566608315498915
-0.3572889824798662
-0.43733177179272364
-0.28046087907241823
0.22660946847967275
0.7173021427822254
0.8090174120573246
0.5514750274545493
0.23780395233276516
0.03194141846881466
-0.09375166795997453
-0.21787207458717234
-0.3483180228744926
-0.461882220830825
-0.6665559166349285
-1.0759017119784167
-1.5441532123998347
-1.8006502631982655
-1.6634918089284507
-1.103411574621109
-0.38359395539268104
0.07580567928301231
0.14572157509307626
0.06650913780730451
0.1194045130173015
0.37525635149049286
0.6997884113675796
0.9264139136885983
1.0086143482094732
1.0439946590354792
1.1481725521924155
1.2611697417327694
1.1777547684247676
0.8261562389321768
0.36495732874023257
-0.025024322211998806
-0.2878096878232808
-0.36123980633702774
-0.10264732726026896
0.3586452767038229
0.4637742697819975
-0.06300804046290848
-0.6803536123503441
-0.7112037844796363
-0.18634506317133456
0.3252724216296932
0.4430789106417158
0.24123683794606432
-0.07837263097088251
-0.40846515956485346
-0.6304723911155722
-0.641801039171785
-0.4984773363879626
-0.3290300815712012
-0.23382487975518051
-0.27254207734265223
-0.4037511436293151
-0.564311922192393
-0.7560918232809545
-0.8862698190436277
-0.758758836061669
-0.3982013184881023
-0.11560266467918989
-0.11837646460188521
-0.2987201819558669
-0.47112311447861044
-0.6241529883868334
-0.8544526442566912
-1.131767479860465
-1.2714883299111468
-1.140654270818418
-0.7989218140683122
-0.504476445824005
-0.603889614861092
-1.2162422192456388
-1.9706488736313634
-2.29560295434217
-1.9898684241619498
-1.2669597434858095
-0.40318942033049554
0.35342036524211656
0.7880994890079966
0.922277154078118
0.9360470853663927
0.7696335409004856
0.19320844378127838
-0.6160713367172476
-1.080388520506041
-1.023328905472495
-0.864704884723209
-0.873429629660846
-0.8484390480854429
-0.5674639658170865
-0.12079054505750929
0.18283976878508337
0.10223072503464166
-0.339478907216652
-0.90940962103532
-1.264191053253719
-1.1005250979159706
-0.49309814809562913
0.06472883015724035
0.1952803941222954
0.06271411056882426
0.11295630388142187
0.5372445029240654
1.079129763973122
1.3057783645024514
1.0860955771525418
0.7204198949749144
0.6146450416107614
0.9690931149083403
1.5707930686144331
1.862348029675205
1.542339751848817
0.9027073045045725
0.36626502878953215
0.09444588025030556
0.12906469497331707
0.4674741403950449
0.9256586916999866
1.2154252917808488
1.113057907663276
0.5014947187087752
-0.47951859901875493
-1.3672120651762865
-1.772834765785752
-1.6543927410866448
-1.069266224444154
-0.22655493029650473
0.2963272480485452
0.13228422871423856
-0.34220622579808224
-0.596909491815906
-0.6404650564987353
-0.6973029442879956
-0.6749041158297643
-0.41815189913790307
-0.018145847295642406
0.4410749176885294
0.91406805968399
1.218457771216647
1.263339245623663
1.1688767793112163
1.0084760895393075
0.7512235943657082
0.42537808510735864
0.08377698687309787
-0.3259886775319587
-0.8016766407726975
-1.0600711846322473
-0.7808311681855391
-0.030421543395621888
0.8030966451815301
1.4434287819810074
1.9107901848185285
2.271706781863207
2.388631387361687
2.0934280126746865
1.5009438721085238
0.8453681616375232
0.1377237234914754
-0.618233598133781
-1.1318227102940124
-1.1157080057190272
-0.6669252739862481
-0.1610510983457919
0.1950262296720847
0.5212056018022612
0.8563829155147762
0.9183930864871623
0.5259511960788625
-0.08445181729869795
-0.5380352320925061
-0.6374672724811353
-0.4028451411698466
-0.05089458863588237
0.13172595567943035
0.0008387469361918227
-0.3850156884005676
-0.8037690320364588
-0.9983739169557524
-0.8795657951951393
-0.5673077263478478
-0.23727117395256145
0.01831411935026078
0.1796571783043513
0.2423985212258375
0.1842079039049535
-0.04314773527235123
-0.35667693290291197
-0.47379840385972805
-0.29863954157349987
-0.16231895073979535
-0.3511536144940799
-0.6827248255763999
-0.8413298084082516
-0.8262884418056466
-0.8253168053511413
-0.906795196407896
-0.9934076706492874
-0.9922160136598732
-0.8659550028268156
-0.6338585389281453
-0.3228452821794092
0.13933810371975233
0.8396608578835507
1.5233214513601927
1.646619721556411
1.0417124051558708
0.1515452641865935
-0.5341433323399963
-0.9043081914491339
-1.1010514536589866
-1.2781514026921175
-1.4879666931090816
-1.6668152239220644
-1.7117109597798235
-1.5555037625524566
-1.1747108943202809
-0.6321382005779739
-0.10013148548940785
0.2620533241818074
0.4141512731863108
0.37522857107087015
0.18754186120725608
-0.03955244307887937
-0.13178584244691835
0.07670587046823173
0.5593875258297709
1.0550067375590668
1.3622227542776044
1.5049358458398057
1.5980038095184037
1.731949326850371
1.8643083151358533
1.825684009470685
1.5949686640710856
1.3784943406597931
1.2999536184537368
1.2529907240428535
1.0933114546939937
0.8649431101732188
0.7614990472960488
0.774314157559924
0.6571429031195494
0.3754244026266527
0.19289114583535236
0.2092292874019484
0.15179394595360476
-0.18315856601212843
-0.463036665734962
-0.17287288775295245
0.5955273017921173
1.2264128060466046
1.4220204094407614
1.4118334345516912
1.4137752185601067
1.3458930810958774
1.0354416273994647
0.5645453892011326
0.32255739322895466
0.5064996616913614
0.7704436468220269
0.7350034460848178
0.5337239667846166
0.433252931683959
0.29975853546359504
-0.042239695818552254
-0.3440650244026125
-0.36713332328636405
-0.31880712170824976
-0.4129567953904892
-0.5016923595368186
-0.40593916962989784
-0.16480855057772714
0.10519516102954708
0.2909963771311069
0.24301943447741767
-0.15179853311694622
-0.7759414285086569
-1.2598657904193866
-1.294383155980821
-0.903148439712677
-0.3338923126249707
0.18769644442991787
0.5961266435629534
1.0577950163611327
1.7357025187288828
2.338198510256454
2.297433016781021
1.5168964046239064
0.5330381274832181
-0.10214285802240819
-0.2608295014736626
-0.1302053927764493
0.07016124343991095
0.3207759417162079
0.7590569890344353
1.319689366857911
1.6568933241650288
1.5423733733521168
1.0190849669654838
0.22255373692321012
-0.6058188354229586
-1.1680938848133973
-1.3964703418115691
-1.4132090517086109
-1.1923747592849971
-0.614080751166316
0.13617376464237116
0.5749429610839225
0.4409355264232403
-0.04649615638839111
-0.5548695632535782
-0.9456600799494266
-1.1732946554395238
-1.2063230879877647
-1.0116290503719891
-0.4900289394935876
0.3968659744837438
1.2729767191591168
1.4166063219102825
0.5625029580821802
-0.6416664805554355
-1.2975027375698986
-1.1497407752972115
-0.6364429706650641
-0.22569609817401257
-0.011438616143708715
0.05496017623123994
-0.05954651925493771
-0.3106994339287279
-0.4878282186874974
-0.42669715063098573
-0.19142821522079526
0.0028260581020775424
0.006289132089431439
-0.2086786711489634
-0.600392454243852
-0.9669466277717838
-0.997875459428298
-0.6620637555180302
-0.29075153329852294
-0.09143243374918676
0.020989823940943713
0.10352303906155308
0.13489089880226796
0.1251406031184614
0.12399098267433209
0.3078594163322026
0.8177708716241947
1.3312604440242848
1.22425761243321
0.3351249509214549
-0.8075283739594571
-1.601574522354727
-1.8838497178249614
-1.8248952941833705
-1.584785041084498
-1.089853717069328
-0.17250426161833973
0.9935626364700009
1.8776319670544044
2.196204999446544
2.2226221559217203
2.3483846807828637
2.6221296547163573
2.7656621972129027
2.3776469517638557
1.2544842872772999
-0.18523243198676617
-1.1037418334486817
-1.120314416212669
-0.6052832023160443
-0.09774832442502125
0.15177325497449687
0.1893715967832838
0.25432410349136014
0.5572359005353019
1.0552918947391305
1.5291255585664825
1.7685635480672333
1.5715262265017365
0.7898447777247087
-0.36565026746957363
-1.2922086471119394
-1.622517053274002
-1.652888578750179
-1.7983005894924995
-1.964988748154618
-1.8287449473546802
-1.4006230367512706
-0.9458650164345824
-0.6249107885499516
-0.5581941232953249
-0.8810976670871452
-1.3700024664079944
-1.3617116150696456
-0.5050845754439837
0.6025011531603895
0.991896753062568
0.3790878603200089
-0.6480609232832955
-1.2358112211661525
-0.8948049112603742
0.1520168799323388
1.1343536608386577
1.3579765223751532
0.6676919239763796
-0.47567167927635595
-1.305665033669114
-1.427428646024252
-1.157784594572317
-1.084277702257476
-1.4670065364086116
-2.0584285431888216
-2.3079345301317447
-1.8594983332586212
-1.0287499867594687
-0.6016785844934407
-0.9953540634945804
-1.8342305056547419
-2.420901287552369
-2.3461689522574254
-1.6317032074282138
-0.6870220924881576
-0.16570102705607453
-0.42232809371670815
-1.102356050497621
-1.538947872151857
-1.505382421211735
-1.3732179044367478
-1.5267282422587303
-1.8988854674680025
-2.207519395865996
-2.3601536006998445
-2.3747531615637034
-2.1113655413308123
-1.425767726249644
-0.4545131656107183
0.5160228458880306
1.2869728692265967
1.7672941021119948
1.9247502384135726
1.7964339726265026
1.539091600064356
1.2646259250711065
0.8363653068766193
0.1536713417482071
-0.5207219528560327
-0.8192069291054703
-0.6233297107459944
-0.10417789478882175
0.35569921888470346
0.48749989713278463
0.4030852476952603
0.2286753696824013
-0.1483302922818136
-0.640119678556566
-0.7778405384493237
-0.2957695613812838
0.41110266515643346
0.7374276206096156
0.5950073154750593
0.3440597475375033
0.2132808750570513
0.13679053396302784
-0.002858053109007613
-0.2046397050488884
-0.3009919719983576
-0.04116944472620828
0.5993698459212127
1.2777311846753279
1.5722283797376695
1.2636787269464869
0.4680660024604674
-0.3268291380394134
-0.662656766502221
-0.5668153236077063
-0.370474015165699
-0.2544291815085507
-0.16009409735038505
-0.01992261386733575
0.14863142655765632
0.3957756322849408
0.8269903544990664
1.2631928432990227
1.2335930647617344
0.6119936807695318
-0.16079564183839534
-0.7280210841454057
-1.1519969825926053
-1.4874870252791559
-1.5683028609282417
-1.278215617506738
-0.6988744839706679
-0.03213008230005571
0.5055081175467001
0.7363156619376783
0.5383176648148095
0.019178503458340008
-0.3937219502295541
-0.29204652757067223
0.35726336856432767
1.1975882192370324
1.7206200270896963
1.6886605476621437
1.3787709384531144
1.2727924802083315
1.487001098594404
1.6476961357221513
1.4970768702687038
1.3577029956521145
1.6136801547521793
1.999583241500402
1.8118535564622125
0.7431520540759449
-0.6845954729512971
-1.6337480138675324
-1.8190552323124178
-1.5614517795902672
-1.1794436002700919
-0.7506543492943691
-0.28278005571124615
0.1795208424481714
0.5226945261226084
0.5515003216141731
0.20851420106162172
-0.1635780359178133
-0.18432130265097146
0.0019005115006654391
-0.04005338829421335
-0.4686588360145556
-1.0682369863926644
-1.4249770579045278
-1.235322965727982
-0.7042926079965998
-0.38550823255878675
-0.5040712879379422
-0.8062370831281569
-1.0017562138958185
-0.9573956207602391
-0.6221480750273449
-0.0972134642753886
0.3535841356383782
0.4947174750469398
0.25258098549011576
-0.20430928701754597
-0.5126345187056218
-0.4314029108064288
0.0037854024397976954
0.5828492681524965
0.9363334855303302
0.6973109946858138
-0.1521835619794114
-1.2442981491795755
-2.072524596897065
-2.2873712072864016
-1.9895564032511992
-1.652041676854232
-1.6225247790325115
-1.838928288610817
-2.0332362071315764
-2.0070668679712966
-1.6691902072145153
-1.0329414520280633
-0.318444180368059
0.08185310753578603
-0.0913744353804947
-0.6640831605593297
-1.0801101082080524
-0.8752447685553625
-0.13427480660338006
0.6020041907421482
0.8541317077179442
0.5714605335563007
0.02291804767312954
-0.4905087401098454
-0.8071673504319086
-0.9632640210464197
-0.9918596727493331
-0.7977603884282972
-0.42577149638709694
-0.08888542694659243
0.20313513057308877
0.6918016352527588
1.4853396914802928
2.332568576463051
2.7935476033589777
2.6474777839117793
2.1349759097648815
1.6919823078247345
1.5913384940025408
1.8250250564350456
2.034458516082306
1.758311872923274
1.0533015479359689
0.5778744062366815
0.8298095730477091
1.5405581905629708
1.9182194336204164
1.3981310518800882
0.15693991345083563
-1.1447396966793966
-1.9159388583997856
-1.8600552429639303
-1.1049518320687712
-0.20842179032534022
0.26041337577041795
0.13943956507787983
-0.36654859290131797
-0.9397134972108603
-1.3253235673015773
-1.4498978422179867
-1.4326540569479227
-1.430792411336367
-1.4462033214445364
-1.3227965482993123
-0.9987511906227159
-0.6657495207294057
-0.5325670530064514
-0.5520495018521746
-0.5555134672311195
-0.4660301580373695
-0.16016730614229277
0.5354024451702428
1.4311719792224091
1.9543909017470145
1.763805398475361
1.095248180861351
0.442196547444051
0.1623069342932042
0.37660074867787213
0.9527448120956257
1.4915098756912462
1.5454801551330324
1.0953340278579569
0.6716418657210421
0.6771337451917263
0.8263501510957971
0.6201536561677388
-0.004111850896056936
-0.7950042752737567
-1.5273114936861092
-2.0215030716219577
-2.0855604737940787
-1.6094482033630166
-0.858263963209147
-0.46275982808485877
-0.7208762324667527
-1.2207648532098263
-1.40413576832023
-1.0720846583212718
-0.3790994167438764
0.2762977868916056
0.5191958761196397
0.3735886698897082
0.19090260907460863
0.16726120751598136
0.16339846459789845
-0.03645788363433652
-0.47150367129122617
-0.99041402507086
-1.3929042717577744
-1.5421514953643334
-1.4349328039864402
-1.2107022277238086
-1.0032330267475222
-0.8559038894933154
-0.8492834935432607
-1.0280765755348356
-1.1497350127589543
-0.9320768743799572
-0.497053832260915
-0.15279904527406013
0.00568911299524684
-0.019642044784308997
-0.22015110076765973
-0.4489129524903567
-0.5662147893157017
-0.5942052357697237
-0.5270416628803232
-0.2348026899226959
0.32415292658414
1.0180665778746443
1.6466569895242242
1.8618001659857937
1.2366208929311144
-0.14007813467524363
-1.4163507344136796
-1.808583929039248
-1.4035698635041913
-0.7533975455729153
-0.1814005629805744
0.19685204093661166
0.30035305725823097
0.15854755555237382
-0.08625332002671363
-0.34596659208664965
-0.6640957266689961
-1.0329021347330738
-1.2869272135574052
-1.3329346166270495
-1.2697680354727414
-1.1305365640399732
-0.8115958355777102
-0.40939967330842303
-0.20614510035952566
-0.19430435512916544
-0.12563480568924593
-0.05238327260831961
-0.2100143679603934
-0.44714195957603897
-0.41870441175551204
-0.1704825435138724
0.04541211240050008
0.3096884715315114
0.8728333090052939
1.655325898076381
2.3100465166185398
2.5860208470399586
2.4283141555560666
1.8314640367758503
0.7945298586116474
-0.4451584890439756
-1.410909327004162
-1.7820386177062921
-1.5569565637269251
-0.9557536583248188
-0.34935093395850336
-0.019177599544205757
0.006135050042539604
-0.22787312711891156
-0.644204862358134
-1.0378206587555678
-1.211593326792496
-1.1761051321671727
-1.1079218973122553
-1.1211924498488124
-1.2437832556076298
-1.4648272345564173
-1.5832267764492298
-1.3625127961922194
-0.8827721370955178
-0.4173924839069295
-0.10732691630213285
0.10674785609898595
0.3791437668208849
0.7821588655673973
1.1803993214644148
1.2873265386248445
0.8927269305216047
0.18231565581892314
-0.25746066735765594
-0.04037843105198383
0.45937587439704314
0.5184728757094152
0.010955476360964205
-0.503739998096548
-0.5256994858931512
-0.06432563730104682
0.46896360375303564
0.5979236299717066
0.17411194038253242
-0.4784140554788766
-0.8644895705861094
-0.7433162997043657
-0.2853680415425096
0.14708703643255697
0.348461809501587
0.3931333732871718
0.48407485112402376
0.7125655910614779
0.9825988796497429
1.085687994602851
0.8681401709661013
0.4720647022809971
0.17198530848757537
-0.020481257943802213
-0.18306414676360183
-0.23951141238985754
-0.1897970884914496
-0.05307079798130505
0.339910148648372
0.9297691597370313
1.1906763336373518
0.768047037603222
0.019992762445930103
-0.38853528386755715
-0.258249035582795
0.07724551975707294
0.35835958358509484
0.7103221711389122
1.3135934341118378
1.9741870804196504
2.1346802461957886
1.4609175055642158
0.33476253875262574
-0.5371543596547009
-0.7904505542668863
-0.49620940544250536
0.0012859170968953135
0.3047560206412902
0.24065376304252187
-0.12604704659258803
-0.5690540366176753
-0.7084468222468042
-0.3075990561492724
0.36448938933082226
0.8051012258449469
0.9005179763979041
0.9396698476725617
0.9877363722241481
0.6977858736447287
-0.05642754226461672
-0.8927299621158599
-1.3906694358697183
-1.3445328989048138
-0.7365478828207962
0.2106209900550176
1.1678192524726119
1.8762493912200422
2.1801076219522226
2.0807432838564526
1.705141347958215
1.1349248020767175
0.399202222153535
-0.33786852065918865
-0.7527098475661232
-0.6416414123865078
-0.21929780057705464
0.022361487060656965
-0.14976259470916573
-0.4385036552049594
-0.3672569246584872
0.1620797010977289
0.7808214186686063
1.0999181297700962
1.0539219383394083
0.810244538774477
0.5406976185675036
0.34796833393991017
0.26057032954636095
0.20518702770257471
0.09688049629120683
-0.09213898619379932
-0.3979353895110835
-0.791670754339961
-1.1134573921293756
-1.280299080025325
-1.3689595176269767
-1.382628477834928
-1.2687340141717607
-1.1660741891618611
-1.182877652326399
-1.0783505327536358
-0.5637869354492562
0.2156218907895639
0.653430166619963
0.29134981790690234
-0.4624292615482649
-0.6996620495319702
-0.18652495558318047
0.45233944252105285
0.7406036062830593
0.8730664918771883
1.101980394208543
1.2015195397860854
0.8150420047388247
0.014463963147591522
-0.7087423174789786
-0.9440231415477833
-0.7346831752659331
-0.45296823800468783
-0.3428965726410271
-0.28110245175607185
-0.07650905454411372
0.16632406952309436
0.22266240257684325
0.09476877237929338
-0.1342521964654554
-0.49208800170567973
-0.879600135220027
-1.0221360098509615
-0.8205136775676671
-0.5445735681749306
-0.6201350059386171
-1.1582062253950198
-1.7653523163262896
-1.9850692612900431
-1.7547943337370717
-1.27012429720627
-0.6780500710763078
-0.15768614933768801
-0.01528857576719335
-0.35291002597230847
-0.8253960463085045
-0.9502384458668858
-0.5653498026307702
0.04782596908118131
0.38424898606767627
0.17806763217403845
-0.22962047310228498
-0.2775483316834019
0.0421827762100409
0.2650663764582903
0.28095276030764754
0.5094056911854408
1.1739449547989746
1.947815860153997
2.3813421674745134
2.2572324530662295
1.5868798001387117
0.5920530315865123
-0.2626595115002386
-0.46368280958857805
0.06160480875073326
0.7676085188985565
1.033156556908096
0.7403089752271249
0.23233134784244794
-0.04067826244054433
0.14226276758507303
0.5092587487757283
0.4926343651605199
-0.10745503345988666
-0.8885327706286604
-1.372828885974604
-1.3776777792656643
-0.9131268925492251
-0.30109949052716906
-0.2016905256801139
-0.8512130241687195
-1.6152911024056567
-1.8592024124020992
-1.65904568890567
-1.2817047523031933
-0.7934295590203512
-0.3361790187872349
-0.0857767895958454
-0.017862777422914308
0.00877621824474509
0.11493922583400294
0.2753267334269811
0.2986014967049379
0.1139357099409402
-0.0966407565391162
-0.18098670558970334
-0.18109082404662133
-0.1822879673650675
-0.2603517631204778
-0.5244820418599537
-0.9334983875097442
-1.2051497833539098
-1.078869016405539
-0.5332004248887642
0.18070547989893057
0.6573387194858741
0.6857466319164638
0.42270180591915224
0.09380057077397955
-0.2922092682485909
-0.7811325332923155
-1.2236336697861172
-1.377246730275626
-1.1223480431353436
-0.5428040985145116
0.14230578888577236
0.751660602578006
1.1142500458682891
0.9865113574637746
0.35391165942762
-0.39055134773735495
-0.8544734843590787
-0.976836507885978
-0.8547846044398952
-0.5416531539860571
-0.1263954879271207
0.2223544795810393
0.42206464927356185
0.5341958112480074
0.5653140792832114
0.3813562710058988
-0.0075405342539913165
-0.24765057121352346
-0.01784236837704304
0.44491012805439717
0.4871611875497901
-0.15781979602686258
-0.9786605292165251
-1.3312231507815293
-1.1129375133162835
-0.579422284517543
0.09329677135142476
0.7988524562884706
1.2543141938314704
1.0530260730349916
0.12136602458388351
-1.025202027674442
-1.6540827846942259
-1.4258652083933991
-0.6725199295756901
-0.03664509076355319
0.20098911468642755
0.2951151601594247
0.5186443625101096
0.6890658616894086
0.42911797842359806
-0.21677534023061257
