1025
-1.314144243165639
-0.9256960486619111
-0.39161698881522156
0.176771487272302
0.5945380932479681
0.7519598122000924
0.69088658416753
0.5492058410001673
0.34449365277321287
-0.07723069910505559
-0.6509372549580897
-0.9220024736382123
-0.5227670120367626
0.3702179668070661
1.1250485169753102
1.1719482374822987
0.5097792352160859
-0.31194488459845776
-0.7334158574476836
-0.6348565265581952
-0.2706255140080148
0.020740456494691393
0.03647341250860166
-0.12576702720226093
-0.18873329646578166
-0.06436422612091099
0.09217275383061159
0.11100164269306767
-0.13266900205652404
-0.5982953910717181
-0.9331751040630935
-0.8667261685003691
-0.6344580008830162
-0.6762007730869931
-1.0507204687389067
-1.3202518706651882
-1.029106485477749
-0.18143207538448886
0.8191209268790675
1.5622492055496038
1.9178329586897371
2.0117584374441613
1.9212383660303536
1.5237130223484472
0.7620375986578413
-0.1889874763538537
-1.0515356709814763
-1.512750356356089
-1.4286149342632262
-1.0549431434510266
-0.7361956791412103
-0.4972344970674028
-0.16233941058002532
0.30482294904812307
0.7200182070763574
0.8831037274276116
0.7430474510284746
0.36686080954172806
-0.13604026995091456
-0.6669276467951283
-1.133797890836976
-1.414160802080577
-1.3936296503874261
-1.021871333558303
-0.36741703893683786
0.32495673187434454
0.7790148141320689
0.8968612046073008
0.6942574089422062
0.19751381674090568
-0.43494946258469747
-0.8970560181262028
-1.0361500080291268
-1.0335033824162312
-1.130719167278569
-1.27864596230832
-1.2181369760107725
-0.8340408733824711
-0.31484286859352784
0.029378467481994058
0.12094475444862474
0.20752306817131877
0.46014094407038786
0.5840682793628748
0.1711421885193976
-0.6324128761615667
-1.2913594222514544
-1.6709652527649324
-2.109783028688698
-2.680733235190033
-2.929025416432425
-2.446229547684986
-1.42775250422077
-0.5289269335181296
-0.11459251605094352
0.08630116654721424
0.3335178028979121
0.384516784132044
0.04516218818599581
-0.3275385923599144
-0.3305718728711621
-0.19727957822220377
-0.47797665534429407
-1.1451537508219496
-1.596632223208598
-1.538798057116595
-1.243717974893829
-0.913432814078603
-0.4176887360047944
0.24711355805238058
0.7503723159673268
0.8443343356439847
0.6080775975008891
0.18601719567723524
-0.3490230226344486
-0.8729274159674516
-1.186138804879115
-1.1616925415374968
-0.9323371565375635
-0.8063326485634955
-0.8989001453307686
-1.0645526544814787
-1.2197025459003705
-1.3610346775125184
-1.2787432545290622
-0.7278303007732665
0.20044592503633626
1.2796604740307471
2.3208207844261057
2.8862041470691984
2.565192354145903
1.646410473754752
0.844163093069561
0.48566447786819933
0.3976723069305692
0.3337116262546679
0.20460061835254628
0.04039885507117591
-0.08901312170049865
-0.15664183924454614
-0.2710584717638055
-0.5426668272021403
-0.8056832717509829
-0.8232315624796598
-0.7227062604990236
-0.788746992151623
-0.9825769001994096
-1.0102997561158842
-0.708207179696845
-0.21607241716683506
0.15440342931816484
0.1927761217588915
0.009687740873520903
-0.034736883401980036
0.19533504791978556
0.39470011801088195
0.30955596556501946
0.058128073561588306
-0.1441696682751374
-0.16782116935785962
0.04650894003081407
0.416823894033149
0.6602377001433286
0.4474851347459768
-0.15073138316812779
-0.5672866421395127
-0.45710278641547564
-0.11075057521975225
0.11465472872306089
0.22547156025987125
0.3499957467468839
0.519340961970215
0.6382796674361149
0.510215456737373
0.1406633353671067
-0.08672880625700265
0.09208726718282972
0.49399359405427645
0.8592337710617965
1.013456861313952
0.8101016366662206
0.38836085364548895
0.13344051327641587
0.1749335063284508
0.2056393443053744
-0.1583627077660546
-0.8341574787765366
-1.227816377223051
-0.9851486916041206
-0.42437919479664354
0.01946479734607062
0.27999579453352486
0.44879428977521146
0.5262012526332138
0.5140807328609089
0.49190399750271424
0.42468426574355334
0.04643586824783828
-0.7111752300694476
-1.271594438640767
-0.9759549663977397
-0.07756214764872547
0.5304708071346157
0.5443667256411091
0.44597402652310536
0.6068150782074507
0.8387387603421638
0.7428335733794285
0.24942886271355436
-0.21938530737141781
-0.23449843274566584
0.10915208464356145
0.36915156193184867
0.2380117304961032
-0.36131268553832213
-1.2335941376789055
-1.833435673988865
-1.7759930110148723
-1.3184403173832835
-0.8758602834495254
-0.43828800013504726
0.13116033907001493
0.6812913949843372
1.0465685631533155
1.269753362422666
1.2996058167778428
0.9649550356349642
0.36763012227531394
-0.11847556507891614
-0.27302365708628007
-0.18990285837940968
-0.11626322841640156
-0.2821845077812066
-0.6774163932867053
-0.9607391559816169
-0.8469924831821384
-0.5848856123585344
-0.6842438164684871
-1.0999661663641387
-1.3069072974680815
-1.2072097545513143
-1.1487181399503064
-1.184535277727132
-1.0254967228959602
-0.5283604432488251
0.1347265197510112
0.6152384163123803
0.6073111935556598
0.12448310453020403
-0.4168928117169225
-0.5447948943535582
-0.15815675202763962
0.39342721380007045
0.631915439224764
0.3901298623760457
-0.17404874611803955
-0.80866856380513
-1.1769025440755698
-1.1037545586445527
-0.9230094270076596
-1.0081885985946484
-1.0694276148136688
-0.4989132726339154
0.6470665614778393
1.5292917625041142
1.554521379479394
1.1152867864930962
0.9613711034913517
1.2117062667798215
1.3356951949993887
0.834229679630951
-0.20441171899557453
-1.1378124337797255
-1.405003554265724
-1.0657462275800058
-0.5369588250910324
-0.021370743570491006
0.5120668864415117
1.0269460945060864
1.2934888318710906
1.064672378537677
0.47138552941046397
-0.0034275689122147315
-0.04232293656786864
0.32156134797188857
0.8554885457032493
1.2339775988432182
1.2345494284368574
0.8878924182304122
0.3926744616359567
0.028744077595111443
0.10479307262550738
0.6940023790467212
1.3591557723519838
1.4463707787997524
0.8610602583981078
0.2674111281341425
0.2760755556929577
0.7487674540952831
1.0706816867995226
0.8548515710891285
0.2887315146047545
-0.15239034438308385
-0.2591620168531382
-0.18626145825452417
-0.0962203664560039
-0.08638778943105976
-0.33894246649850324
-0.8460753388848841
-1.1706628448020513
-0.9184133449861682
-0.2892181424990505
0.11107912594677519
-0.0267548556081083
-0.3733002019178727
-0.3781406208043157
0.07138145860169169
0.5345206248937051
0.6109512953607898
0.4773565214892658
0.598094357553948
0.9976293622664597
1.148552130735553
0.6191488903267832
-0.3769500009057519
-1.1665039169394023
-1.278318224821266
-0.7570631356021318
0.07286190275517515
0.8505153362204021
1.285198416760093
1.405153591748775
1.620738507751406
2.1566976949232743
2.6095181895787194
2.4190419328953583
1.5758338680107917
0.5933100620354347
-0.0750919002919232
-0.36943041501749346
-0.4606100944678543
-0.43690558957626624
-0.28880378136668283
-0.15140267662560536
-0.24001627954450472
-0.5452922633089611
-0.8142716528570854
-0.7117591636472849
-0.0531174351608455
0.8964985226014672
1.5830670578963493
1.6811494069677115
1.2222093376783578
0.44275948903015017
-0.2844705693765497
-0.6884508795541674
-0.8812342882870308
-1.0873879929358454
-1.1724046015439533
-0.7978372499863182
-0.002564583583608956
0.7224505739985801
1.0004411589310276
0.8472449909942525
0.4075479474063795
-0.1530035988250345
-0.5523262940912269
-0.5683743885318602
-0.35457016501716954
-0.30210058981179844
-0.5017250225505404
-0.6495590020001992
-0.49113313617787935
-0.08076246252757883
0.31028653795090205
0.43517363959271954
0.3096102969642731
0.0771604981064607
-0.28709919744569434
-0.77175366474495
-1.1103229939956998
-1.0813971194684453
-0.7375567489070736
-0.38927319508010594
-0.42792027739862976
-0.8078046957286418
-0.915053368879344
-0.356384586571093
0.5035136014483521
1.088253326228193
1.2129290018671006
0.9352107843230235
0.3009203851644783
-0.55765198408562
-1.3649122979826185
-1.8683913438827153
-2.001990032149898
-1.9329748451133588
-1.9587404403130704
-2.245382113758963
-2.6851094815484506
-2.9983323870593868
-2.840610985841413
-2.041167763864566
-0.9211344894805514
-0.061537265398365126
0.262678784569814
0.19359070146918492
0.02441564617024437
0.014661952224913944
0.2653676613109563
0.5772574641278517
0.5838910267787303
0.148764258397339
-0.5296224435267556
-1.1269857585300838
-1.328827046247757
-1.027271655570124
-0.4715641124425296
0.02133099571126613
0.38778263679810626
0.6922843063893629
0.9062355766298471
0.979503707611361
0.9586291100292365
0.8751258959629858
0.7057619962236036
0.5301535289555884
0.45823326848651275
0.42339050593580235
0.3381604576547245
0.3021217400470101
0.38336961201796815
0.4028016890934492
0.217480654431982
0.02920624615410218
0.0963799946459849
0.3348013535327405
0.5600835124045518
0.8530852806805119
1.239924226704576
1.3482882147292647
0.9096667078402054
0.3097930179165804
0.11795345790729021
0.2649135146776266
0.2027094624695566
-0.25416601677835465
-0.7567389161724909
-0.9442783274828359
-0.7475091697464527
-0.3069491386499768
0.24188776058730174
0.8586605332810413
1.371418400535851
1.4057951426971442
0.7944211005358582
-0.23260752289385456
-1.3360373521270406
-2.192430916299217
-2.500094230390054
-2.1974561254522724
-1.5650658028051123
-1.0471513990294294
-0.9659461765923087
-1.2470078960681272
-1.4485534260311264
-1.2031995137324147
-0.5474837073220282
0.2046521435363456
0.6967095704920045
0.6619123800528933
0.161267070818035
-0.3376998886679497
-0.4858304275597046
-0.4730670405007933
-0.5833028466455225
-0.7112601196553978
-0.5905382066306302
-0.1318544127373538
0.5907211832771351
1.4261336269263725
2.0885107076680276
2.2278148485754405
1.8177475145212576
1.2576719100696312
0.8200633775061764
0.3692466763842913
-0.14585381898237132
-0.461192863006867
-0.37964297180203954
0.02445633931792387
0.5522457375334071
1.0819529697932577
1.5203526929627555
1.5981820902987733
1.139901840476297
0.4818842722662615
0.10777419750722979
0.027585693395852144
-0.05498261126004724
-0.23826240240142638
-0.4358755142188107
-0.5695205417489752
-0.5495397388695673
-0.3440794895296652
-0.11869253813633106
-0.1546354457755258
-0.489026109925045
-0.6485137245499594
-0.08229052442886345
1.1097195573253857
2.201735020248843
2.50853934532131
1.8915002241989494
0.8088416323043925
-0.09893691371712321
-0.5647899462295486
-0.7420378101564051
-0.8362314770961313
-0.9515234237492688
-1.0708231590781856
-1.01222761797609
-0.7070599624077339
-0.4525812115664006
-0.5500022795272479
-0.8632876594318645
-0.9638956323755344
-0.6385283077759479
-0.1761357587918662
-0.071765388205186
-0.41577269530537325
-0.8089651260515328
-0.9482709682574002
-0.9613367947625091
-1.0703208300304188
-1.2439062039748523
-1.3114869443720354
-1.1939054421704804
-0.9164824368884039
-0.5505048975329841
-0.15699548776738864
0.2696274402291481
0.6799490523588014
0.8679767394871167
0.7142217372953804
0.40843911503462077
0.2052713954773256
0.10923449960090202
0.015579951897525198
-0.09229710436256107
-0.25667576847501783
-0.557705707956717
-0.9522058045694507
-1.2360773110102337
-1.1710718092358046
-0.6897869218576976
0.021390054339169746
0.6514745779153219
0.998388074707563
1.0976262213794943
1.0652245445686297
0.9414747708336921
0.8117178020962321
0.7811636255445427
0.6882054320918106
0.24860358110547773
-0.42417630983821214
-0.9006589101994048
-1.1023577221047762
-1.3933756865910294
-1.8634698297912113
-2.0641054014677804
-1.7301418690704788
-1.2407835211419236
-1.1281403814990858
-1.486141271697165
-1.9207628160248307
-1.9309676554934307
-1.400912560485663
-0.6903503431899934
-0.22355046415113192
-0.1638665715379421
-0.3973637670685407
-0.6673599339436906
-0.7693625100441444
-0.6292499429947099
-0.27492958906740755
0.14689835508820973
0.39550310719232346
0.3720564945332972
0.353585850505645
0.6963573214722565
1.230496278553127
1.3286185552093193
0.6994978869489402
-0.22976453735411242
-0.8752813125393651
-1.141270304675769
-1.2621623616809896
-1.3006709479863063
-1.1527396393636988
-0.8299727421886876
-0.47771079559024504
-0.1948419096808738
0.02882890244903353
0.17597186443848467
0.13869516735634876
-0.12930242944199002
-0.4858543789439353
-0.7179119981004118
-0.8048065236975602
-0.9141172993176329
-1.0437403997083172
-0.936467494429901
-0.4493069221777428
0.24789546513820962
0.8258169068005111
1.040072752057991
0.9053320407795507
0.6215929151319644
0.3585400107203761
0.1879022359007113
0.12147304123114745
0.09258895453340872
-0.031167791063569518
-0.21284950673770603
-0.10885126309698141
0.49820732528535977
1.245042329659
1.529965328407623
1.1501612637405216
0.3474563121735576
-0.49110028302887954
-1.0211707884524734
-1.1282379846532946
-0.9886116534649144
-0.8138523140859686
-0.6515683821770939
-0.4914012021784716
-0.392431923335256
-0.42560367108443753
-0.5135487054689293
-0.3981371599011881
0.1084211882302042
0.8092723882673498
1.2068629302226657
1.0182688857248587
0.4019223706442237
-0.37085234337254086
-1.1111971624483479
-1.5642421145074772
-1.4672670662403833
-0.9303222591935331
-0.3685023152894015
0.07311412140165988
0.4301954538681881
0.40432496632003134
-0.2667938456504102
-1.1969763967396139
-1.735006122025584
-1.6913688708939638
-1.360252750205926
-1.0778267587986425
-0.9611846886656815
-0.9289208095004832
-0.8452933396894946
-0.6864727185492686
-0.6007072417254158
-0.7257471975049217
-0.9378068780874506
-0.9162613743444309
-0.512558599955734
0.06175068188705029
0.44225915759875156
0.4369880721464018
0.19683309687548425
0.007192035332820802
-0.11716454502865843
-0.39380676107845
-0.8528412230767708
-1.2030134687111038
-1.124043167767574
-0.5961152614617874
0.12649771267078425
0.7592669934852104
1.0892644395378277
1.0170369437695956
0.6226358238679882
0.17894639400942217
0.011187193851768706
0.22048004645218378
0.6575377211234179
1.1599745835037696
1.5549803622167886
1.5850819361782076
1.2146379264352694
0.7361330568910768
0.3019445079436118
-0.17416068197605747
-0.5838916249306039
-0.6560919245875655
-0.4211524820452135
-0.20362742368966555
-0.16965201197458166
-0.21562460813880444
-0.25578632323203615
-0.3472429324499743
-0.5660027631577446
-0.8277190399363324
-0.8639759938053656
-0.5974445356645546
-0.40290559194345443
-0.6500435996054709
-1.1666439604925554
-1.424468872608531
-1.1428577653102865
-0.5276511437525839
0.06544204043048388
0.47952137960525143
0.7123060529761377
0.812809292137749
0.9393014471810502
1.2364799270514748
1.5871455735706896
1.7605768547255078
1.665953322416122
1.2915536297628347
0.641545775616726
-0.19663829305240355
-0.9261683493536588
-1.0992168351434382
-0.5840274320432484
0.1713312089344615
0.6108223077669541
0.648869544658635
0.565981550719366
0.4644940597473178
0.20144426769756563
-0.14697960490030015
-0.26955147773352034
-0.08130433869606057
0.24714919219309012
0.6118950245343371
1.022922050949419
1.4240131123929625
1.6413544578262411
1.5462731832979983
1.2454083418565391
1.0250356507402436
1.0480794553119752
1.1877292039253828
1.1525026271740029
0.7686677310370762
0.20702685517129177
-0.17796924683806456
-0.2502445445715148
-0.19357566057306913
-0.2082915428029613
-0.23463936621395515
-0.121870490049456
0.07496443477821867
0.1601839612162033
-0.014067934104133682
-0.44199937291200914
-0.9158061070906469
-1.1789819371630321
-1.167579945430257
-0.9993006614664243
-0.7521586652891963
-0.4255176861771235
-0.08040220783871294
0.16286773253162434
0.22594652443693328
0.11959506813619286
-0.03888500723318787
-0.10072464270032039
-0.033452359056800614
0.06895328195704113
0.16131177076316308
0.2926371651135982
0.3616817162785996
0.17113089921062363
-0.17043486517007406
-0.37488146243529197
-0.3771132210597419
-0.23512687096674975
0.02642186874238142
0.2410677923978368
0.06649788721543676
-0.6646021468054062
-1.6023913422457816
-2.07951420058128
-1.7700237519878301
-0.9900147641679224
-0.29197029419139103
0.004038834261258208
0.0011846160116360093
0.146128411517907
0.6956188043607582
1.3009663771948097
1.4425807990840034
1.0838807362779874
0.6123327457328502
0.41809930121413974
0.6862784121159462
1.238800917290014
1.544233603365241
1.1740749549997167
0.3027185181757525
-0.3752981023986021
-0.3520384519152695
0.19934953428882954
0.7129703722810249
0.7452045329878093
0.27480223930130354
-0.23212277683080446
-0.2711233423179076
0.15378045286982528
0.6703933241154454
0.9738509795602324
0.9126621046874506
0.45963333645655596
-0.1845709450489075
-0.6680363551585718
-0.8106311917108177
-0.7107919404619492
-0.524589941571634
-0.3592211288099173
-0.29304775902043795
-0.32837372196444303
-0.5212108443222742
-0.9996535103338148
-1.5467097783128048
-1.6201683892454066
-1.1165301910709393
-0.6256030643427282
-0.6454905873500306
-0.9789483871560876
-1.1361027155823575
-0.9485052290799127
-0.6180939975868176
-0.42662126443661313
-0.5061831508838823
-0.7498412138187165
-0.799861898936696
-0.2945477865232577
0.6129312392396886
1.2785325231055018
1.3267880862489527
0.9565057766936795
0.44951633623994736
-0.09288647183848316
-0.49946150666138855
-0.5184670531754602
-0.18020114517396527
0.17754466631796995
0.2574598521102529
-0.013279332098652091
-0.4631195576027438
-0.8087924845069406
-0.969678970786705
-1.0710369047500572
-1.0813636091258583
-0.8190263425861577
-0.3260958359530106
0.07834834742177772
0.05862591315403199
-0.4903381760771755
-1.2997394537642064
-1.8083545360938509
-1.5692037768901153
-0.7117614951312193
0.069436048429569
0.15847420033324558
-0.31253149676857717
-0.6151737206211654
-0.2856414457825276
0.3385354054887216
0.5714797389873311
0.2553977289418321
-0.16448190673397353
-0.39846916518279174
-0.6195582147872559
-0.9814061033293369
-1.3164936250957922
-1.433656645613274
-1.3044474218293576
-0.7972080695757832
0.17833576935117817
1.1476500769738485
1.3876984631093416
0.7457568289535756
-0.2945656643167987
-1.186461427042593
-1.7271453410184368
-1.9610937185145159
-1.8805504293471214
-1.4160945604095536
-0.6956023582097254
-0.13073776022118355
-0.08676119888869635
-0.5105512084863627
-0.9886566732637128
-1.1545177533973772
-1.059316272728854
-1.1452564166757873
-1.7043820114283152
-2.3382396171125395
-2.2738407952712953
-1.286375461002591
0.05218547789316314
1.0485508911689252
1.4942684094993117
1.588409696505725
1.5449071449993423
1.5235922419624603
1.6897906327870527
1.9738236768942303
1.9873040463530691
1.3885238318755242
0.2896599883968311
-0.7362005476050235
-1.1928477187833844
-1.1322710239299616
-0.8949798022992846
-0.5897249153605834
-0.13469691445206947
0.3392703375078778
0.5221620970523463
0.3142763658416708
-0.07788056880614498
-0.3399415384261598
-0.3366886905877742
-0.30432194389923434
-0.5473874344396162
-0.9668623784614657
-1.1806425090154529
-0.9826026636521291
-0.4291023183265214
0.2807440219384347
0.8517219420347545
1.1092607911399468
1.1449596011221594
1.10754963946271
1.018449571082898
0.7859188905685517
0.2906407961477513
-0.4669651860711501
-1.2621831599218454
-1.7054710610864399
-1.4365851366700269
-0.47489469435585324
0.5591443597918629
0.9004502790538533
0.4061437020869594
-0.3842050929587248
-0.8931245811653309
-0.9266778795661925
-0.5651550064932074
0.0739051481921995
0.83381833466829
1.343282704891865
1.2727592299252586
0.8951033911191991
0.8431588038135799
1.1843516353499002
1.2718389014384461
0.6843969591326675
-0.13324744898066102
-0.45694780094346227
-0.16254410423443455
0.3016414874842787
0.485549151549474
0.2592736206501886
-0.13024093052041813
-0.2982191346999708
-0.17053951599742803
-0.05471269424290268
-0.19988172602350698
-0.4087857366027519
-0.24457123112471135
0.3163438055332188
0.767389090852465
0.7872608087585511
0.5929820124537099
0.44259231764603024
0.30492526219202604
0.10808540686776995
-0.09356832873333627
-0.2036197322783627
-0.1420235346155014
-0.008952057927114884
-0.12346696329489901
-0.5634144795746138
-0.9080151558047894
-0.7763641897899337
-0.42633911551208575
-0.471994941432445
-1.0708510402841782
-1.6903630156913327
-1.6668170053206435
-0.9089787024377419
0.02810845490513926
0.6361029462142754
0.9025168305014812
0.9920660916468095
0.9108189779532285
0.61028021818605
0.22576879731402213
0.04734826767037717
0.16096996643819225
0.2729665407738745
0.1138853230993377
-0.16573129179185292
-0.21722622075483533
0.05893858283460459
0.38579471034763857
0.38803252433669855
-0.007003927778126375
-0.5583346027906371
-1.0333443269218223
-1.3063251791540742
-1.2889397483735168
-1.086444334894389
