1025
-1.0940216118159023
-0.7671154812160771
-0.6877221062088172
-0.5661351842033346
-0.2521794704253272
0.06256128610636323
0.17372877234894804
0.25086492166622926
0.5221362933165343
0.731081524871265
0.4850353700871058
-0.12182110319263062
-0.7303409537132841
-1.1475019353204017
-1.291708797663475
-1.093881196499015
-0.6018573661616025
-0.022413430932701633
0.4298805185750041
0.650959712213517
0.5670379343406918
0.12188391408350273
-0.5090392841809619
-0.882279976694464
-0.7380730055530211
-0.35320482455334545
-0.1502504015992653
-0.1235833256567991
0.0574649970306379
0.4531160321472718
0.6315275887371956
0.22869767317371886
-0.46042552247810054
-0.7919971960285638
-0.5478273945843611
-0.10198663405516935
0.10505313299163073
0.040342041728514126
0.0004208240749892412
0.24593964551703873
0.7826065092049419
1.3972819137679964
1.8840970649943796
2.1154448091524984
1.9301342692812116
1.318362175778281
0.6381165308784453
0.25382429572889176
0.08861604059248729
-0.1761356942018808
-0.6227886876309515
-1.0218892956182726
-1.1014378403220253
-0.8026614342676501
-0.38137794454087126
-0.23733007413445345
-0.5408555836753041
-1.0456084218138046
-1.2508441548100164
-0.815350181281658
0.03132134912881742
0.613375609465136
0.5704482608103996
0.31051420649587613
0.3679522496727125
0.6650608218172966
0.7964116214627451
0.5842172560271917
0.13437264400363877
-0.3159348647752444
-0.544461641150436
-0.48999500319295913
-0.3148763067643654
-0.248426250896259
-0.28497731944720717
-0.19839884077868072
0.04887643835944791
0.23609423205623137
0.2941060410554776
0.35475830458119767
0.3709868149467781
0.1396302816244537
-0.2949279942689796
-0.6716507190632646
-0.9011160559123577
-1.0700693572517177
-1.1736972145073556
-1.1444773234831898
-1.0180391418698547
-0.8380102488000417
-0.5119871705112795
0.0186844195992502
0.49988138196780535
0.528337664478466
0.08812466183086329
-0.3830501105125473
-0.53796447294278
-0.42207085236990305
-0.2908198674575195
-0.37642040716089104
-0.7334345689035383
-1.1029224256719472
-1.0025562857112083
-0.2306702878984933
0.7811726138728
1.3847514927503153
1.356169925485258
0.9622464543991479
0.5830485797586146
0.4271092223879524
0.5423965063902817
0.9213807768658111
1.4335528451659636
1.7329615813212644
1.477435840049602
0.7102892805310373
-0.05284168093610049
-0.22038408010046637
0.2930584049790275
0.965886945762094
1.2083341125326792
0.8865337635873146
0.3995929155951797
0.30879004291978335
0.7328420723841516
1.207926645346171
1.293561578605653
1.0867142738979054
0.9622585511937491
1.007162782641698
0.9121949326847968
0.3644310012016291
-0.5366716793470944
-1.2914824053320133
-1.4618098811465148
-1.0083432321061583
-0.2273432958067376
0.42459690772736636
0.6214998038297713
0.4579472413307741
0.22937339730339995
0.02270283455562921
-0.22240726601887947
-0.4414823064702285
-0.4473573824954556
-0.21259140316405872
-0.022953238091176692
-0.1438470750803808
-0.4411225758287702
-0.608624169289542
-0.6333346558362215
-0.7420966120054373
-1.0104048564853285
-1.2579862096199894
-1.292620686766712
-1.0964397353991755
-0.7148357956772525
-0.18616364689352152
0.2802917580891517
0.39061173017733086
0.14146306414108817
-0.20219572192555482
-0.4412048784265134
-0.4827762565831277
-0.20414627610910777
0.3960875579058089
1.01144072216348
1.2928604487986954
1.2218210654818076
1.0520189513666929
0.9648294113389774
0.9447251350025996
0.9234976666972234
0.8278077521897692
0.6901337052189983
0.7925371148896783
1.3041639800327163
1.9236498020846706
2.206273200070881
1.9767045343261822
1.3127937789740876
0.47770621542062025
-0.14635142055277642
-0.39413514955083007
-0.45676652932459366
-0.5093200290780112
-0.4989375306583012
-0.36712687482794143
-0.21803979528330053
-0.26816935930168745
-0.6446461076516471
-1.1590037514846923
-1.3944990509307007
-1.1206126706558215
-0.5704959164202731
-0.17049401561244729
-0.07811168233075652
-0.2369860296005344
-0.62542238342526
-1.0737450906808683
-1.1486269271914273
-0.6450904775006878
0.018319698728781246
0.32380813574295797
0.3547618250615786
0.5362130354869229
0.9424255399238453
1.252286629193273
1.2815489784337553
1.2201965548938631
1.2227903941605298
1.144250945432696
0.8922814173901562
0.6589682277428383
0.5783318463966858
0.44150293888010594
0.08683536745410837
-0.1735849288778496
0.007170922085021364
0.4144754973351777
0.560245371383005
0.3267303272006945
-0.017014011216557778
-0.22072931212508862
-0.17196952619628825
0.13495589589729615
0.48935874638627513
0.5628825208635924
0.24521177433620736
-0.3140023321278335
-0.9412883700342246
-1.5202327579965405
-1.83361251616058
-1.5485832383252873
-0.6283689250188428
0.43842426222527564
1.0780752261287874
1.0983907273251328
0.6681623695347388
0.07999447509552934
-0.450172818438875
-0.8397158299860401
-0.9857356511162718
-0.759264422500219
-0.25878098780559194
0.17612694028884657
0.2586687004712156
-0.00156620586765827
-0.38307595389828963
-0.7693245148098146
-1.1439929456864641
-1.314280619679378
-1.0337023729026522
-0.38491403567792376
0.2713454276350675
0.6384670085132652
0.6056214650435525
0.24913542374752132
-0.2331400105177835
-0.6806856873652634
-0.9542739061999522
-0.8936487585432104
-0.509541346514377
-0.05835702016534773
0.17533153316765743
0.11102289624157008
-0.04587948595447553
0.002818644409494016
0.2910914720046161
0.5113117675777227
0.3895702000934316
0.045219895293635994
-0.17336392536613263
-0.10135149222701131
0.12130759963341865
0.2382419147021915
0.09539431743791196
-0.25429975813800426
-0.6020476963920036
-0.7973409744130219
-0.8593224256752333
-0.8020102701010413
-0.5299585089323451
-0.06490343225142127
0.3191730249760071
0.40337683335322416
0.2726242777645822
0.13188057872935446
0.10064100581430162
0.1554418288788826
0.1556622034404218
0.011702276960938623
-0.21118962949962158
-0.3109286653625404
-0.06775596813649362
0.4825355885333105
1.0472323493856626
1.4160100488232943
1.5034168416212947
1.2571534410149683
0.8549745283065292
0.613762280196581
0.5378289800806392
0.35386836641774655
-0.015193196090972623
-0.3839822647670438
-0.6448620163821207
-0.8995574823221612
-1.2425137868098353
-1.523802727998144
-1.502590716585096
-1.1909817656296746
-0.7754386752035295
-0.37641990129906566
-0.13621317658423074
-0.18465806715934868
-0.3677404507296696
-0.40924635759993794
-0.3167669851828385
-0.23419629095360592
-0.11556163727924307
0.039229436205720766
-0.03414838720630086
-0.5462282635091646
-1.3395242383616184
-1.8752282696043057
-1.625687861292182
-0.6917280594202366
0.30935273041844347
0.9811785827485816
1.2607502878139143
1.0027799928682695
0.13195025017258086
-0.9072785655298334
-1.4023013970751554
-1.0881072435761694
-0.3609209084443174
0.24466194514525727
0.6258586397023412
1.0721794246590213
1.736372533995645
2.2888498845181773
2.1915620582865083
1.3667813018727424
0.45377476194430655
0.09862347439843312
0.20308571202632866
0.20041392888205975
-0.21923645928465607
-0.8787081018028052
-1.3371900813943312
-1.1642569289792444
-0.27707391816240107
0.8091679435411976
1.3242417397311903
0.945044935587761
0.043961406092328396
-0.6663801579729327
-0.6668813127775199
-0.025056633904996697
0.631399702460753
0.6964941920200687
0.15450947414350238
-0.534685104289767
-0.950588187486324
-1.0263942745101353
-1.0029061644935515
-1.0639135042516084
-1.0204054155046172
-0.5641469644741467
0.2002219029104018
0.7961000666597208
0.872010913176944
0.3972812897543519
-0.363353070110582
-0.8862230926427535
-0.7295428736270173
0.04056074676124164
0.9484141398236867
1.6317485713223485
2.0232917326653976
2.0966163630983132
1.8215877605801616
1.3242622731822498
0.8714604185390434
0.6599778331364561
0.618180316558821
0.5434627714762922
0.42327872786517734
0.32990292343489297
0.16606806120772705
-0.1477454070313747
-0.49909500077057084
-0.743338867515099
-0.8847297980006973
-1.006449661515486
-0.9987532397063358
-0.6441584848674968
-0.03129991171524248
0.43927290711805844
0.4506490279559983
0.009933992443972698
-0.6894838319114752
-1.49316772999909
-2.222577397362422
-2.5542082994071516
-2.222221530321683
-1.3478205844264288
-0.4433213822533695
0.07464777132446605
0.2971776106163118
0.5143696062964814
0.6996145895156303
0.6255199860725968
0.341238729182548
0.15134911717984342
0.133505774610776
0.08613444009189858
-0.028422787340305792
-0.0514730479060621
-0.05232735074058068
-0.25562573203672695
-0.5108223072645316
-0.37409940413544296
0.21027498233782232
0.7557747910676472
0.8026452725200544
0.33335610604525506
-0.313577250946377
-0.6928046029634651
-0.5515618673963021
-0.06906520749880754
0.352057954789472
0.5595659533862449
0.6742593898329476
0.6976425720307866
0.5313208330071792
0.301704984066077
0.24719631575596254
0.47206803249191537
0.8992721525822643
1.2275221928918068
1.1423428492613363
0.6959667725567039
0.23555529935538758
0.039256453915847936
0.1901702633663974
0.5374262114566277
0.7277986065546126
0.5535913038159614
0.1655833176770415
-0.20367636730996502
-0.49633689214658605
-0.6721337694414165
-0.5750053329513812
-0.10990495692283656
0.5806430153907068
1.0964664397450685
1.0747998925630686
0.651370293029093
0.36866391775153196
0.604438499687852
1.271457204860633
1.9433628953501987
2.1985320074077754
1.9501261687741627
1.449011970866336
0.9944977996251833
0.7116884994457088
0.5592115710632737
0.4845431300437163
0.4865160756136427
0.5112868857864729
0.49844800883507534
0.5143925087914433
0.6214591184635057
0.7566528897808904
0.840622484276349
0.7799131542510166
0.47319870376646544
0.08671598700366889
0.004134064215320641
0.24268093528753262
0.3538233239088993
0.08185356407136121
-0.32414345672102873
-0.5682740410124478
-0.6582037683569564
-0.6685201429924025
-0.5435132551991163
-0.2783256576911809
-0.05298455810462376
-0.07655141805338223
-0.306488245392742
-0.4524950067084849
-0.32802403839384003
-0.008301238947235617
0.31548458030796656
0.42856758629586805
0.1693618887345089
-0.3540374329394918
-0.741012214734202
-0.6157388432394117
0.07036386237639648
0.9966238733268712
1.7216116254689402
1.9741072283154097
1.6677617634204054
0.7618030784124676
-0.6387170147054372
-2.0351918383553005
-2.7799083241971503
-2.727348009035095
-2.2479219730077804
-1.5565119311836164
-0.5929891702785067
0.42347324066211656
0.9252095478753916
0.5975675618136226
-0.24252018090911032
-0.9938524989508843
-1.3109628252495333
-1.1806945869817513
-0.8221428469785369
-0.5821576825125918
-0.6817183712694918
-1.0860720028572317
-1.5485794606202519
-1.7415844411208543
-1.5171894882117025
-1.0550439766312043
-0.6729576983648826
-0.48583785177493943
-0.3476598133454092
-0.16163040735284354
0.006280687149914248
0.1628366419811156
0.31178185467242947
0.1654391340361426
-0.48907741065250854
-1.2284451577099196
-1.3592971207391897
-0.7727766866449364
-0.06259008846330784
0.26229660078892486
0.31772557722447714
0.3841363176413837
0.4899043625339576
0.6355291425113858
0.854087700928781
1.105165218982936
1.3611251835100628
1.5651554133484402
1.502785164572943
0.9764581148542602
0.11745172372554226
-0.6052944990798014
-0.7584906358558046
-0.3305199253069757
0.3456425922066532
0.97574107255346
1.4192972088124958
1.571079507895244
1.3433372219524635
0.7272326115543423
-0.07161746949131294
-0.5553696330676594
-0.34463753260755453
0.2546058939138933
0.49063998197554876
0.04080419689790055
-0.6629603730292353
-0.9540111609344762
-0.4884639255218878
0.5688901554011473
1.5953415361523644
1.9716033655097402
1.6939866999610682
1.2565003576683902
0.9906078416379199
0.8666765527071948
0.8110020330650244
0.9078369926314894
1.2139938137595137
1.4923644592884966
1.4207601621608612
1.040226331122152
0.6677581646045623
0.496712839331536
0.5675483649191376
0.8551718215091074
1.1184867402072989
0.8983859831711513
0.037685798497414554
-0.8365285879167587
-0.837354851542877
0.1725016153199685
1.4986790794297253
2.3705729797371298
2.453602440294912
1.9172180340934224
1.2641737254986969
0.8747373934886863
0.7181084078449959
0.6275320063507339
0.6085810139831105
0.6559736285592963
0.5149454210413029
-0.02348103663244567
-0.7619322728962368
-1.3311233587326408
-1.59438980480196
-1.6306420730975364
-1.5109914063371719
-1.2736568691265253
-1.0273482354858765
-0.8984977579961796
-0.8772794658678515
-0.8287467681266739
-0.6895529650734296
-0.561729863818862
-0.48877086399474
-0.2574478502641024
0.37661490183053703
1.212017252529338
1.5796751916380125
1.1166518299217105
0.26185358745709036
-0.32267270660405906
-0.4039137354167411
-0.14574823771922568
0.10488315647284893
0.031485042749693645
-0.3804995445710793
-0.8279277924255362
-0.9083957417681793
-0.4030586177365591
0.4673535752542365
1.2034788812658999
1.5098092131445964
1.402393904996039
1.008452078509713
0.5146117182174881
0.11978974454207898
-0.13305884803835516
-0.3473803038466413
-0.5398143088347416
-0.6111990697278461
-0.5029332951032967
-0.18153623324115933
0.35119297183140985
0.897148064342297
1.1303257438305643
0.8993564150144782
0.332295170693752
-0.3167750653231587
-0.8626414214008489
-1.248170298562919
-1.4007317549430933
-1.224145197208542
-0.8319919199254792
-0.5788835333722699
-0.7556614327301219
-1.244434543693013
-1.546630269477596
-1.247334805709202
-0.35422780288836236
0.740977821870503
1.393848781367616
1.0565973685841759
-0.11016073112036831
-1.2227862287335978
-1.56096732131138
-1.2379957809786986
-0.8241378386704131
-0.6016054451431553
-0.4720607352959734
-0.32374411429533173
-0.1830156845744577
-0.18216979933562827
-0.4249185173222909
-0.7667608036650422
-0.9670644701037668
-1.0845944847889841
-1.2945884382406208
-1.3580593111533115
-0.7737260634499451
0.5713500946705503
2.1809103692600025
3.2965763185076993
3.385940980936838
2.472718411756331
1.1691212017507717
0.14124059590979895
-0.5309017840897353
-1.0346020551682464
-1.1761534436571248
-0.813447734964863
-0.4678754979000248
-0.6783717890245798
-1.1950219970463467
-1.3307388811767464
-0.7424260025593457
0.28645749753079347
1.1324715595525547
1.3764335828747327
1.0438772941827605
0.3351257463306195
-0.5924012365621533
-1.4971806030040076
-2.101861373353297
-2.3657319085447925
-2.3827066266385075
-2.1297245742965125
-1.6037655222907528
-0.9223381794886766
-0.14954277475770456
0.6323804182522929
1.1746112682720964
1.3719925172646594
1.4861902917614684
1.7469219343585944
2.011344997787271
1.993960409219267
1.589201905270256
0.8836422525864294
0.04898352330378498
-0.7027368420778364
-1.229884835117508
-1.5768489849738614
-1.7825410206632486
-1.6922051903152364
-1.2501705327155463
-0.6976427072861865
-0.20931767307507132
0.23113731872122256
0.49800845991396697
0.41569205349989313
0.14043915347894928
-0.03676250169630118
-0.10966510989626638
-0.1965710778272888
-0.30839425084006633
-0.5472503146020458
-1.0590761582091857
-1.6753154314478254
-1.9875590678308188
-1.760883522932054
-1.1002405246979592
-0.3360741761670623
0.19171913293881468
0.37518383193831595
0.3734019302064914
0.3697058851438808
0.3575497914768314
0.22514737490106287
-0.024455271451330748
-0.2568415545453626
-0.38278090245564556
-0.4714049865286118
-0.635559628403404
-0.8727242482314931
-1.1185117157152842
-1.3860309814415144
-1.6763875573559792
-1.7878556872911582
-1.4605708231452252
-0.7185375264652661
0.07599872246505746
0.559019756900108
0.7379937668165288
0.9124068840314272
1.3077485548540537
1.9114326594143674
2.4442050520349516
2.490162965751727
1.9122116266206424
1.0801699714794288
0.4991390715790036
0.24920253084521288
0.0017919883231048762
-0.4432948605840586
-0.9251708880607511
-1.1943792514591838
-1.1413016327150076
-0.8445979265165949
-0.5934686369829719
-0.6198895847848918
-0.7640221920376336
-0.6921292546017485
-0.3561360181204362
-0.03564729293482489
0.07172147035828175
0.10746608815890657
0.15105107519803326
-0.07677184056459826
-0.6282598442529685
-0.9454829437756612
-0.5877469887070195
0.08545629252672808
0.3331806942310687
-0.15774742347131104
-1.1029548687628306
-2.0519952365107934
-2.717724444831809
-2.946159270377363
-2.6988123361924417
-2.150464223466903
-1.720911680125332
-1.8860802482619399
-2.628205147740224
-3.2000438192558125
-2.9008788318836998
-1.8948776553757083
-0.8972114594447591
-0.284353238630549
0.1162255799705791
0.4697881471285991
0.6210315772231417
0.3955362372819819
-0.11997658947468505
-0.6747598067176392
-1.0786535712108072
-1.2350461267416373
-1.0294736481629994
-0.4305318511906052
0.294133561498904
0.7838166535258955
1.0236621807956106
1.2690878089782014
1.5845671718323902
1.7688989177040952
1.7337859986526414
1.6037996664287637
1.354992249685378
0.8068985677133692
0.0699802392262355
-0.41095038567483166
-0.2874516914265903
0.39649224896886553
1.2179785794476863
1.6264090563281748
1.3421825359905977
0.5097884549790817
-0.5203031566262242
-1.356607032785833
-1.691325325911148
-1.5309941736661223
-1.1466097765195706
-0.7748627641612321
-0.5184350587394835
-0.37900871358024985
-0.2904060984597562
-0.22279925493128966
-0.19328731928018125
-0.1669750613490785
-0.05489367275230402
0.1817965069690504
0.4500502880623335
0.5556209258505009
0.32528249447644575
-0.27546232243014673
-1.1034062064618708
-1.9037511021868434
-2.421458012540872
-2.512354475960289
-2.3020074276227933
-2.1181571456823702
-2.0683517913011555
-1.9403274499930305
-1.6103337664352655
-1.1681139728717438
-0.6772682931998454
-0.16289091845457962
0.28134263751809496
0.5687651205047447
0.7194927247312448
0.8076239411965614
0.8522754720342767
0.876818436692842
1.0023195918442498
1.2534710060793675
1.3686554008542415
1.0714280044751792
0.45369948090930934
-0.1304509279511119
-0.43647489272605206
-0.5020064116069675
-0.5943653512782869
-0.9378070334484604
-1.4326119060421623
-1.7165095693708121
-1.4456135928449383
-0.5987885599192383
0.3344945991590802
0.6935880871744167
0.3508096457350095
-0.14018141585893779
-0.20873681651380138
0.15657042767195353
0.5870201090784881
0.8166768431257184
0.8277107813980725
0.7166070911376778
0.6412819999805783
0.7693389212926126
1.0282479882696254
1.0525689679400816
0.6119012752246701
-0.11699075742431608
-0.7675341650016433
-1.0202032637432255
-0.6876523808439932
0.15910062660689694
1.0118887363336948
1.2489491937090536
0.9232182271154895
0.6895547282192639
0.8527785855433003
1.114790841137791
1.1547107318382221
0.9388960470859364
0.6001026617879717
0.2717844086838407
0.005672520490848302
-0.1639188246799267
-0.19094274057678284
-0.19726933960935494
-0.4794903091553305
-1.0842099071028213
-1.5769906130328
-1.5139577309641132
-0.9979906020251429
-0.5036927457517004
-0.29559545379649216
-0.31147480387812265
-0.4249606010587479
-0.5481957215304343
-0.6391674363001908
-0.7578536433794155
-0.9694671454962805
-1.0850058265960163
-0.746612190365467
0.07937612926892931
0.9710614058582128
1.4644738391072563
1.442575488874898
1.1318951858099018
0.7080095714894248
0.12343549092236387
-0.49676376724901244
-0.8045807481998821
-0.7750894271441935
-0.6807199035570765
-0.5087400866629437
-0.04527298762302122
0.563035188416413
0.8672507734899348
0.6494439951379338
0.12707514968105899
-0.28889896040688384
-0.4043518302873446
-0.3684311215511217
-0.3012311778655773
-0.12015122060578602
0.1633098849069928
0.46338046845766057
0.813304264812808
1.069485771555063
0.8291971732079638
0.019599526199536373
-0.8671997642137874
-1.3181794274327978
-1.2224426639300991
-0.7801148163254683
-0.3422420771728303
-0.21286071330778836
-0.33991223478885363
-0.3605834193190287
-0.1146394644234202
0.1208290381869557
0.10235478032879736
-0.017831422724628152
0.06419156026023101
0.502152147597034
1.0535817498480287
1.1079304455464856
0.47327914945734173
-0.14603277335361659
-0.0026525299248234676
0.7482490377295657
1.3394600376977992
1.3097004759580013
0.8407491484579559
0.36959987837739805
0.14031062736786673
0.17460198192270565
0.5030266441249998
1.0583271924188247
1.3630416409004196
0.9626663068611584
0.17113091503775787
-0.2421059978433877
-0.04133140373323701
0.27506491722009013
0.28149577351230065
0.20971334776017242
0.5371532231185637
1.2744444137461721
1.8705589297928327
1.7499710581082708
0.8487147554483015
-0.30267860262112517
-0.993058819292458
-0.940305940818544
-0.4850126749382146
-0.1570113959934309
-0.16181156081149556
-0.36902301096695755
-0.6102311777333426
-0.7493466233029998
-0.6866959193167237
-0.5342218786558675
-0.570779764446978
-0.9403534224665849
