1025
-0.06697264631861154
-0.37859617167641146
-0.5632933141861389
-0.42687933174571047
0.1466581051647173
0.9276399870277388
1.314933501732473
0.7981700768453907
-0.4736131610778757
-1.6893438192007186
-2.1018463524049475
-1.7376602142595265
-1.2225461610799484
-0.9909161581757339
-0.9393599231330965
-0.8192757951274492
-0.6224100549747138
-0.5095623177752197
-0.5547500132830522
-0.5795209975445138
-0.3015475494229348
0.19897493511359013
0.4743660572765061
0.4497693395119864
0.6189582288840063
1.2234232393974074
1.7870341439309843
1.7382175277629035
1.2244550641507015
0.9568989790311806
1.256865847324853
1.6817126439095509
1.671408450437583
1.1692245951401203
0.5095187435136705
0.003617698403143738
-0.2503693387785971
-0.3567842847935644
-0.45208372395130597
-0.46744094588566915
-0.27680561285822686
0.0334577051633949
0.3804472351977653
0.836139617082497
1.3326970478388365
1.5559331026001504
1.286758056366863
0.6992766841786952
0.1374183881235416
-0.29675672593983754
-0.6523630216455159
-0.7713694710338207
-0.3808486820870343
0.4519097794422362
1.2460139066072187
1.5898206790441787
1.498852226562131
1.2821776964074727
1.2005635131539145
1.1884361240495929
1.0001508029292683
0.6798434758701677
0.5060526923042876
0.5701265177550142
0.8078794879502249
1.115512067649429
1.2704495209409208
1.1830232100477698
1.094254201490283
1.1748746287514704
1.2724008825940243
1.1578585634693062
0.7539207451803208
0.25460901235357397
0.01360048592979121
0.12251210259969812
0.26399165582508144
0.05784195088260329
-0.5708214973889464
-1.3097005041965954
-1.70623522582919
-1.5269736276427115
-0.8828530297472736
-0.02327240216225831
0.9218297548898788
1.815779992331158
2.2916443861927434
2.081078072702949
1.3522861475816672
0.4234696303942756
-0.4087176600090003
-0.7079128670768586
-0.22621970078659484
0.6078030547741005
1.0772151080622778
0.981186990790022
0.587493325663732
0.056842977782076615
-0.5980858157963498
-1.268977986327726
-1.7686822530189665
-1.9532553983988503
-1.7643244453560452
-1.2714581956739808
-0.7046486877933189
-0.25997386755909685
0.11454830998242232
0.5423122088746699
0.9738146063987256
1.2410919763402901
1.2119528303418243
0.8944780685384079
0.45844149556324987
0.14344388343048842
0.09147483757407444
0.20895415594333144
0.2791470951311872
0.2647531420470135
0.36395257002054504
0.7196657324317638
1.2242468270420168
1.6673724410166713
1.9244127666117332
2.001568368896823
1.9655193926096068
1.7242831301190622
1.0454858773982914
0.03361230324673968
-0.7400911147973577
-0.8696816691546296
-0.5805389587776941
-0.35961047368045707
-0.3256980654107212
-0.20097219223869667
0.12749513321596032
0.35914038277616295
0.24086988293420322
-0.029210615451794836
-0.08103983384878848
0.11375038338098059
0.29403828734142917
0.3481306990653601
0.25491821295307177
-0.13261916683859376
-0.7082183703229926
-1.0563095056522305
-1.0759912624379606
-1.015332312106893
-0.9500252919895166
-0.7379887382800736
-0.30352974379405767
0.2437879750480914
0.6428213426981472
0.6727038862939106
0.33097830270656986
-0.21262226070499454
-0.7310064841713411
-1.018371349281641
-0.9432546940947024
-0.4774740239632088
0.19868186228530652
0.6830409866720725
0.701338933847046
0.3524218547331356
-0.08123781572298606
-0.34013269940047647
-0.29291837171452273
0.017957301069049997
0.444696916170138
0.7620249249530071
0.7412839270090652
0.4070330132238783
0.06510213731110437
-0.08187499547413563
-0.12268915932830546
-0.1319407377457285
-0.030577436375526335
0.19975980312760275
0.5177008432148006
0.8623838676673032
1.0092033282478219
0.7014372958364075
0.023834016568083302
-0.5589136070611826
-0.695048170149288
-0.5947198333264881
-0.7459637671461572
-1.2334389980972431
-1.6008179819738617
-1.4109882430748584
-0.7472232960144389
0.0033029618885625413
0.7017878191242044
1.4246971069867793
2.0235074634941506
2.1470285382380134
1.6736610951342938
0.8948860521709472
0.25590427485080813
0.008555093208150911
0.018984972496755417
-0.10532028563087747
-0.5265065894678697
-0.9681131472482526
-1.1636245842109783
-1.2652611072628839
-1.5935538386564843
-2.1118321643585114
-2.4408934274153555
-2.35468893641466
-1.9527101228469235
-1.452957177578232
-1.0300033633566041
-0.7887776498762817
-0.8392677814522798
-1.1897909560896573
-1.587204215676729
-1.788183656911741
-1.8076987010640662
-1.706546414790312
-1.5012597330257025
-1.3460402583177735
-1.3534494456291912
-1.3144223188821405
-1.0188633533359306
-0.6559398681328501
-0.5449035252386859
-0.6283880531185848
-0.5390467271466034
-0.18379037735865675
-0.014807857627948576
-0.4974555594759264
-1.5070536650431623
-2.473390951823518
-2.856486869170686
-2.4497743943462997
-1.5037709430888189
-0.4878599239838612
0.32854316854833715
0.9187756028696699
1.2470808665956485
1.164509227612699
0.5126337471847667
-0.6227301249865882
-1.7245793452308344
-2.146356784627176
-1.708005831846243
-0.8711047521934375
-0.24121672253020965
-0.009144190539291594
0.0493980767072433
0.2170607907630475
0.5280821138921317
0.7835627236906038
0.9030235610348822
1.034902318604417
1.2459204092493452
1.3752866162295188
1.2399287785970352
0.8816804576938628
0.6048537868020932
0.6243886625526143
0.7103330129055939
0.46830238816252145
-0.13510070196730137
-0.7038089694417542
-0.8181095873491862
-0.5689994055461115
-0.4789253395658194
-0.7531799481293425
-1.0838828174252861
-1.2195354778221266
-1.1461157857708326
-0.8546454693080876
-0.3924675247904146
0.11765157196092832
0.6115804395516472
0.9894761796022176
1.0800130680038122
0.8482539902758789
0.4673996530886705
0.12978159952165405
-0.09768329470709301
-0.22629450118147182
-0.37783528269324845
-0.7636200408457013
-1.3082842627230382
-1.5896553766993649
-1.4005910182227246
-0.9775762872517326
-0.6823495441804758
-0.7062022444601241
-0.8780171597483845
-0.7713661986319298
-0.19102761020131862
0.5488036181014758
0.9850271302308357
1.1142262196581414
1.397381530880596
2.0907090616234796
2.828859132292217
2.99876823623846
2.3964446498196725
1.4013197534012558
0.5576971938366138
0.07826676876619817
-0.24459350472615304
-0.7007316171049071
-1.2864745056073115
-1.6870045929664346
-1.7034583882620855
-1.5251226736941523
-1.3161778494936753
-0.9136755716756967
-0.21530543317225964
0.5559034559799477
1.0721915743404902
1.184152079499387
1.0269465542741465
0.8349338240286244
0.5987366182946772
0.04882989021727307
-0.8907500151876483
-1.820249919681479
-2.2459628705649552
-2.0910567451617856
-1.6358534903791675
-1.1433893311357246
-0.7473536437911951
-0.5019292618873427
-0.35957598378175093
-0.2035296652930264
0.029819551359838825
0.3044501870914078
0.5506588945221514
0.6707520461212946
0.45243815468290105
-0.32717590659515594
-1.5303185492989173
-2.579351158713849
-2.9891712367252263
-2.7715378680864706
-2.212496355009195
-1.550383428139519
-0.9236119711842052
-0.4515972502415773
-0.20102961794603208
-0.05866916690343855
0.07933095061671057
0.06520184450919364
-0.18716591234563884
-0.36369332276734245
-0.07150549390557925
0.5828981703656456
0.9824784913127955
0.7045981824287453
-0.013921864340704755
-0.6752738321776158
-0.9745983242276485
-0.7326839549993789
0.12152352939696877
1.2456976191497928
1.937025084203692
1.7807046209911717
0.9775618368483838
0.0462695686813348
-0.4496609345321421
-0.18438936065194506
0.6007250027797546
1.3161686894179347
1.5657141833851302
1.3018980202351524
0.6973888543333953
0.029920393818095883
-0.46074434022892324
-0.6427515966037692
-0.43000435745303434
0.11420180839746165
0.6651319573016911
0.9025662651999896
0.746773558894573
0.3280203919572014
-0.0200257652224549
0.016121855093796936
0.3000786235667073
0.32613957722499026
-0.19700704783649045
-0.9948588520809237
-1.4508600321119027
-1.1774518593233905
-0.345793104772769
0.5493360639426553
1.0729112952243005
1.0933462537325855
0.891141314517899
0.9001700260103546
1.223039703487208
1.4689075679789165
1.17919656421761
0.41715952363491393
-0.2724768153183106
-0.4973976544052354
-0.3778892436530479
-0.27493280935340303
-0.41674604200049564
-0.8298139748795259
-1.3629148613522306
-1.715402790859068
-1.659623151033769
-1.1722438083152424
-0.2663725488647673
1.004292097427865
2.367805538128446
3.345335648346158
3.4241189931771308
2.4594653405797295
1.0555700422653678
0.21020778835036594
0.3312791268950004
0.8781276195662602
1.2366558128229403
1.4787658160328985
1.904367281039892
2.410048762166685
2.637791068008115
2.3427514730407415
1.633704406705506
1.0814356106553242
1.2113537440129523
1.8230772382553526
2.32025103035815
2.5661658807702326
2.8348971736173234
3.0952950949878058
2.923800503341211
2.169231405719858
1.2484722553222833
0.5567872524870545
0.009636255431572502
-0.5096129877160419
-0.7271682507721464
-0.4594684963491595
-0.05451683474333383
0.1019634217017102
0.09631441613284732
0.20588580461411068
0.43038462966539104
0.5107535938380138
0.2722018520602191
-0.18585093764405836
-0.57444456417553
-0.6481876349021776
-0.3498514899894081
0.18451835821713383
0.5762875499340028
0.41314454853002125
-0.2244108246465876
-0.7799541564936111
-0.8629589605397857
-0.45055601088705954
0.4020959673647048
1.467493456685749
2.186855176484412
2.126443463944449
1.4675757695017246
0.8093607830542562
0.6116373056168021
0.9361888111399129
1.5509760855650387
2.119425000761981
2.3323702242827977
2.0160220241840254
1.2427076507590507
0.3361330710892229
-0.2906727786714463
-0.3981825814948044
-0.10966059758231045
0.21256082685071143
0.32753877307324564
0.26090175530122783
0.14064985337508787
0.1462270783760148
0.5170476096178778
1.225902243489688
1.7335911579368055
1.4858059782837851
0.6392404016670072
-0.13331313448747165
-0.4706106591686863
-0.4958930936776247
-0.3690493192753417
-0.04659134340298025
0.5674144819727377
1.3118102945678873
1.7251573482420395
1.4434618559588093
0.6120313378558911
-0.16248628951941702
-0.3633066253925448
0.007675163066052931
0.6067565824374314
1.0938300937474574
1.2679054819253317
1.0460547403775735
0.4414757867114304
-0.2701648069770166
-0.6092561175861747
-0.4295926049524314
-0.08321886319145212
-0.007676288765837043
-0.44757947347655347
-1.2928209233564103
-2.0136440230309542
-2.110530598646878
-1.5761966048192364
-0.7564136232288621
-0.06699927685785657
0.18272515906313677
0.05339422160348162
0.016116492132538036
0.46667452791389524
1.199732095564017
1.6430334370435609
1.660926501484765
1.6307142304650697
1.7053756891911735
1.692069967298533
1.5173637841278687
1.2474300843614974
0.9323490857655217
0.6143519106290939
0.2872123809660564
-0.04466059226695789
-0.2967061236897522
-0.45898544816483966
-0.5809418569256576
-0.5271467606548063
-0.12973986438195653
0.4123267577895006
0.6601662818656981
0.4795924638961248
0.20460681625778795
0.17315979232398085
0.27538222394179107
0.19104700418791143
-0.09175759905673211
-0.3333822461395215
-0.3694191942339535
-0.15380861440430832
0.2381924783812215
0.5939192808124294
0.6802684228334727
0.39309152617551646
-0.10563294936355862
-0.3965384091420499
-0.1465770297768758
0.49363827491889045
1.002844985480094
1.0073443721506923
0.558315161284703
0.0684961190949917
-0.011181510485730422
0.28773826956982235
0.42166337013952343
-0.03955448884108908
-0.9328153688862164
-1.667167564135795
-1.8784797031905414
-1.7856680981737372
-1.7302061471337313
-1.7258900448420555
-1.6809791926346231
-1.6434524585950343
-1.6223025931134207
-1.4665272872446322
-1.0902269032585685
-0.6282247933926004
-0.2236264637885809
0.12680673644399432
0.3951224189023375
0.5412208079372632
0.7116407094820859
1.0529099110431954
1.5128807969847033
1.9617589304859726
2.2371255918284523
2.1613533462259857
1.7472253269149343
1.2727372490220215
0.9614150132570751
0.6675686427851146
0.14078100155802858
-0.4979503449827941
-0.8749842179691153
-0.8979767777956885
-0.885190675763172
-1.093353541031877
-1.325069862661728
-1.210396828302189
-0.7541731731503185
-0.3216486328150654
-0.16414941543216974
-0.23219286345780069
-0.377747889591717
-0.5481460853148771
-0.8008444200609105
-1.1818711888057096
-1.5715037400618206
-1.6554329848388716
-1.1793389400615832
-0.2994865864133802
0.4896166521305983
0.8623236186769437
0.8685993883034819
0.5805945243415832
-0.0448975238300701
-0.8421924357195737
-1.383306813321045
-1.3826351106062507
-0.9467633759880546
-0.356389222335993
0.1448401695831137
0.3241333488669556
0.09467711943641989
-0.29420907393893436
-0.4776729988680914
-0.32828219211002213
0.048906565315437404
0.4474583713630081
0.6120912218408735
0.4324230737635576
0.10341941462836199
-0.08807940515886585
-0.03416354742375798
0.252920923898693
0.7233323501992333
1.1690060945573855
1.2438077234664198
0.7890075790351212
0.07697927217513748
-0.4252814557712852
-0.49194691339520963
-0.2385932718330456
0.05037674517316772
0.11492039351779865
-0.08892452525238576
-0.3336378759356933
-0.3728903857609688
-0.16828696327444453
0.267043091357541
0.9454744442244293
1.671787624220542
2.08056016083687
1.9678776447995607
1.425842408560015
0.7280449546798684
0.0918513714509425
-0.5196502132646271
-1.2401040607509684
-1.928895336451515
-2.2265779972689628
-1.969639843734389
-1.314251833604447
-0.5855493022861649
-0.14479179590311278
-0.1539689601135709
-0.4088871377841846
-0.5924202840604404
-0.5200954943076592
-0.1333549621739535
0.37498172813918695
0.572780241457456
0.22941368341454285
-0.420416031505619
-0.8984026366765867
-0.8406240412097519
-0.2760145691448191
0.3463260775076256
0.5196976427748309
0.10240048300064782
-0.6222926160697064
-1.2303471154387435
-1.4970328465565153
-1.4826611390126658
-1.3273737571240178
-1.0674092771640291
-0.7209436684895304
-0.4435337660612666
-0.47044077824609926
-0.8725983504396486
-1.3488070705701865
-1.4820905638185586
-1.2109666879430654
-0.7791928179245097
-0.4022192238512166
-0.13745922954208606
0.0649258359319367
0.20570134023663003
0.19304517870912313
0.03767680703234531
-0.10882177390176621
-0.23864610942809375
-0.49669912502626995
-0.7174301075708047
-0.47142088777982444
0.23498428177076897
0.9303587647403323
1.2932192956993258
1.2604942500315706
0.86773421905349
0.3287335668021719
-0.13269531004659896
-0.5034450228686278
-0.7536720340647521
-0.7500618099417188
-0.5191875695884288
-0.22195216596002873
0.06809131290654057
0.32633972019942403
0.5037504985891184
0.5493464861041544
0.354263708743421
-0.1241569891417616
-0.5908229722313334
-0.6606839114475285
-0.39947980968912505
-0.20321220240941257
-0.2345247049992388
-0.29653929536749596
-0.1506536340407314
0.14548980480157794
0.2799452689353382
0.17499520706310903
0.15339812796061028
0.37962872245653484
0.5278678694283131
0.3486789700232759
0.12727732289437152
0.21113610253053247
0.5226545902997443
0.794459616187589
0.911381638842746
0.9081516436461559
0.8552760863065605
0.7695981368190423
0.5866107634602421
0.262080046247647
-0.14909397258781923
-0.6294004314256019
-1.2231978613656989
-1.7454048967642999
-1.8495305761645278
-1.6049463438017073
-1.5321343937255985
-1.8487957282293712
-2.1844995330250936
-2.207931318874228
-1.886297367366567
-1.132936748366483
0.005932335002408941
1.0531830470029708
1.573873846111465
1.5800601488126844
1.2730151111140329
0.8352147056066017
0.5359705765958922
0.5277921744039034
0.5559774992096743
0.3745513140567577
0.19174380273568548
0.2819739130432722
0.5870769662639768
0.9380843219725377
1.2056436229935474
1.1907248298607844
0.7792053510204662
0.155697262616707
-0.4100083876772037
-0.8790417368308002
-1.304654926448568
-1.4900584894526132
-1.1168885342965862
-0.2423509846942779
0.5781090915712873
0.7710597731272891
0.26400568810643865
-0.46255780533841634
-0.7916926769671163
-0.5376957298337206
-0.039176638069927175
0.3633127201792898
0.6418621712431444
0.7965658897926189
0.6943500304256608
0.41065754604869836
0.3410970983114011
0.652411130710391
0.9122305958323874
0.5468287662857386
-0.5153945522145632
-1.6629101706438545
-1.9734275271117443
-1.0754310766123722
0.36593669343234275
1.3193751120079749
1.3304284793921268
0.6716142576654102
-0.07319243936250508
-0.4797405858672346
-0.5311661242251309
-0.4426889482425951
-0.3754200793797431
-0.45906567681777044
-0.8103043313859388
-1.2654575239905024
-1.3642847861109533
-0.8801368836643813
-0.15776831968777605
0.2959976053982029
0.3516781525990305
0.2602288483903434
0.30577043181153407
0.5763673122962923
0.9767921615944501
1.2843169862851032
1.2780088534675582
1.0470056773254315
0.9955271069971476
1.2890652661543458
1.5133024813138636
1.1233396587759048
0.16170058262510825
-0.6874324894275801
-0.8190861841823203
-0.2636099697095921
0.45444736697026616
0.8092270439488422
0.7319785109556017
0.670656225401354
1.0506103617068898
1.6811041375566416
1.958397913197086
1.6563950011559803
1.111961194722251
0.6025970053959101
0.06661389890299448
-0.46534812134030906
-0.6469112468359361
-0.20314968265518846
0.6967593031226468
1.5823179064547472
2.094066793413044
2.1577150133202565
1.9033385977376414
1.5885226592391721
1.3881828908397367
1.1484792298288349
0.6662643748966615
0.05845920892623652
-0.5025837134083989
-0.9739558740766162
-1.1434884928807194
-0.7305374706654392
0.09109037137307785
0.7375888298467853
0.8382797331445747
0.5125838177961091
0.10882089838506602
-0.09872236704853249
-0.1337256253728959
-0.303377121485982
-0.7386460597719854
-1.0559407637679223
-0.7403800703676839
0.15748609527523327
0.9908697444871303
1.2972617664819295
1.1948939787561734
0.8518016977816666
0.2233513230923402
-0.48431344637292073
-0.8003059259447507
-0.5808575630433064
-0.09480288654306894
0.39629523930113075
0.7684025160608092
0.932698316788399
0.9106086404782149
0.886938814102773
1.034441599677063
1.3380972051524531
1.5798408071368912
1.5271570634887517
1.1539946263503533
0.5886325935028786
-0.017127454409899903
-0.48893926456738884
-0.715079153325561
-0.763970166771882
-0.7914163615348528
-0.8270643760114901
-0.6976498928229807
-0.2315791718281686
0.4446743038771552
0.9447318160583973
0.9373994192050212
0.35046121785813533
-0.6155331878817035
-1.5865098158403024
-2.146922900415522
-2.0932135397945926
-1.6703219182519988
-1.2829710787867903
-1.0220199299176902
-0.752894262823019
-0.40405703479934824
0.04244329278295885
0.49962884970741805
0.7007068788523211
0.5041479171077522
0.060880578161171026
-0.4159520226189658
-0.6424446691021193
-0.23881615412491317
0.7629906936203023
1.682013564420205
1.9398651406493377
1.6815737993401103
1.2972750997676203
0.8463297391823446
0.31385569542970965
0.001051662878348277
0.21637866168441772
0.753085028776114
1.065608089028511
0.8858661358075174
0.399451107776808
-0.022147482370949982
-0.11523394290959228
0.024268188823679957
0.0062954526396856595
-0.28034951555174
-0.4604243186364078
-0.3301176981903267
-0.21952095238027064
-0.4730733201748494
-1.0482974884453993
-1.6162852757554906
-1.717713346211269
-1.0816358049948875
-0.020685281145651227
0.7572791748324117
0.8816180271061232
0.6235437486082132
0.3776999146111154
0.21350104895115804
0.011451145299489558
-0.2694903277268536
-0.5543139596073996
-0.8318566145629102
-1.1487503173198945
-1.3174262618060202
-1.0201842410298174
-0.34458379370439507
0.2624543481113703
0.6188136515213244
0.8662131804693848
0.9931828970661967
0.7515356596988186
0.052560193945631994
-0.8035951890496684
-1.3894868392359419
-1.5450502347511061
-1.501709260621622
-1.5553293496735972
-1.6196368364267713
-1.3527625080157686
-0.7464739921045611
-0.3530325332830154
-0.6515762814715814
-1.3119009193582485
-1.6443295512213034
-1.5674553551607961
-1.4515524742508779
-1.4056526137109384
-1.3606727362259061
-1.389434382927673
-1.5118939212190463
-1.6136855158329493
-1.66423167021792
-1.695875997563154
-1.6360022445513587
-1.3389349550329177
-0.8346006179632721
-0.3700728756505704
0.04489465658773551
0.8037666157558943
2.009255236945058
3.0627462165456643
3.3184476979481508
2.752614859506748
1.8283023231674231
0.9640013126749957
0.28430308860910086
-0.20085997073723003
-0.43011925144023816
-0.3723539154769022
-0.10927815275734767
0.1927653106727753
0.32504104243716714
0.20875109071689718
0.0936211453471139
0.30176842413225247
0.8377775822602737
1.4620786528611887
1.8858762391873805
1.8398146453175521
1.1877831957102818
-0.009416876235261518
-1.42028026967449
-2.3616315463964406
-2.2795490779672534
-1.3985219473023778
-0.37989540275753236
0.4046916850045681
