1025
-0.7481030445313653
-1.3419216030907741
-1.615341713123626
-1.4108256367725498
-0.9465320727993245
-0.4720348718470405
-0.12832417110116115
0.13818761894444825
0.464650685257438
0.8023933232931727
1.0580252063485507
1.3090990135954166
1.5061276798127832
1.3082067576246517
0.5523203617186244
-0.43830651598919695
-1.235285039362822
-1.6479562793117197
-1.5825980113517124
-1.1063621221415387
-0.6777236487754191
-0.7154727115367973
-1.0659829921715676
-1.333477194765444
-1.4362669484852346
-1.4724206652313736
-1.3239735756297153
-0.8326920381572821
-0.2698519038588981
-0.11849068611408081
-0.3455984500307545
-0.43090522634769846
-0.17939436811920487
0.08293948718369307
0.18457874185969309
0.3264127336786371
0.5916865096242865
0.864319751686576
1.1025745227727468
1.2812107092719178
1.3962157319555482
1.5960683015444221
1.9204832931313565
2.035104978311621
1.6052437847327081
0.8976530850172626
0.5898619793043164
0.9319815119056378
1.5186171933149668
1.8195307511463734
1.5670127169855659
0.811713308389504
-0.06737242929584128
-0.5869894160856042
-0.6530370060729923
-0.6050633275038436
-0.6490455301633292
-0.6863976412384963
-0.6910385918684154
-0.6864269866331464
-0.5549698211879233
-0.28956293376346337
-0.06620978641938466
0.057252952469301246
0.14038515289960632
0.10778754991696039
-0.23795869293230842
-0.9097939319631582
-1.5635848971967479
-1.8006503752487706
-1.4801739218585113
-0.6438284236223103
0.39306644002951374
0.9569357707970519
0.6815942725852081
-0.0049314100854536795
-0.5023960045520028
-0.6472055791739083
-0.5740157046405353
-0.49601851591775625
-0.5618806054553843
-0.7089371284689552
-0.789902415347103
-0.7395677852341992
-0.5621323029458927
-0.34042362941783977
-0.1545289471907631
0.09492094074552215
0.5505973664350406
1.0394634457792002
1.1747032830659419
0.8811713924881853
0.46559949820286084
0.1625625537024238
-0.020451964309539147
0.046162109943242505
0.6141141890229836
1.4594810113576513
1.9167864423594543
1.7447120403428098
1.3487583604120776
1.0653809272180537
0.7980103321683688
0.4246143624065921
0.0493554791740556
-0.1888369447570862
-0.20015840519748193
0.021167503982186604
0.28736966013015297
0.36515011474001047
0.18440306064971448
-0.21978918054214447
-0.7768818635785584
-1.3723628995263497
-1.9230677182082487
-2.3331362618483205
-2.4335526854361524
-2.278531502635375
-2.2037340292391763
-2.282301175498831
-2.19746983199439
-1.7650687985826559
-1.1344114454349918
-0.5905902158521037
-0.3530783681027436
-0.32275031343048005
-0.09668149573705742
0.5306295084438116
1.3029882875168575
1.921114718147739
2.30959169211448
2.3989747946426605
2.187690097078341
1.792542706264112
1.1526616280940807
0.2269012227716428
-0.6471434136736293
-1.0955291535557987
-1.1395805620523076
-1.0775310219755931
-1.0360267416416795
-0.7700447822152057
-0.11567100033174105
0.5952952395007222
0.8787773307532392
0.5624922381172243
-0.13702613424071422
-0.6731351571408202
-0.5206023781736435
0.27192784592677693
1.1346192256008236
1.6299066523645798
1.7095201623496172
1.409347138932375
0.7623184426647598
-0.032280655488476986
-0.6832824789405798
-1.017424309160928
-1.0453630753978918
-0.9176698311243389
-0.764687431661707
-0.5129441168248674
0.035343842465219315
0.9069243787202402
1.7369383662073892
1.933084314761321
1.3171239619838035
0.4067430415243616
-0.20606370963819107
-0.4654509105948223
-0.6639251073887186
-0.8624508980209816
-0.8176285132086981
-0.484293090007575
-0.11423050684527289
0.12260650239097048
0.16325508197414054
-0.04751501745564235
-0.3408453582599264
-0.3756676517625874
-0.0945743483675181
0.2844263027882557
0.6780810653202087
1.0869693164669498
1.411163175277712
1.5915183693700956
1.5344704147483266
1.016659340089564
0.10140355033361133
-0.7369862326634762
-1.1979704043659214
-1.400501284037152
-1.4961521151461064
-1.5662327335797006
-1.7369765699496167
-1.9399606767574833
-1.8602916757576775
-1.3346581173029812
-0.5533458294836028
0.14073787475956942
0.5546005500103028
0.7595805496363476
0.848436479881597
0.7346012311080647
0.4098399671721755
0.07108376623681475
-0.19196842477040882
-0.40780692818849884
-0.40910498419356084
0.018421649127501116
0.6495955088081755
0.9290350502861615
0.7046545214170203
0.409833527505033
0.4202857140359216
0.7376509675638439
1.2089055846304055
1.5582019990099283
1.4574793094292695
0.9176854831449163
0.3767161709610175
0.2329251984960776
0.41507342214632376
0.49510987442001936
0.21946096576528498
-0.17109907347876843
-0.3171661497549044
-0.256959116033669
-0.2681414063680727
-0.43652801278460013
-0.6408247380457434
-0.7227062494003048
-0.6275654237605727
-0.48408234899853625
-0.4045480716348061
-0.3911159005491624
-0.5438058847405309
-0.9008556092769072
-1.0970105204269758
-0.7297635502292259
0.026464683726691376
0.5869323483994018
0.6432227858128153
0.41105518416580294
0.23995003782440674
0.2865155814122947
0.5759766151928153
0.9580919382391689
1.0080030125201358
0.43213349778258614
-0.4490508658768653
-0.9695825760389011
-0.8969131134672718
-0.733781372794414
-1.091730599405439
-1.9222750248330434
-2.607506941390154
-2.7054101903301264
-2.3884828276283305
-2.062843686301496
-1.7050024361681742
-0.9226523993429494
0.32328618980468043
1.4925353906551453
2.1111999155591947
2.238920494372224
2.1550466618539925
1.9332748443466576
1.4058610641751401
0.4437859233684283
-0.7440993054018972
-1.6311094118868728
-1.7854154026280615
-1.3034582022896355
-0.6969806809230806
-0.4415720819695696
-0.7341285266140771
-1.3706351580469
-1.803609595344104
-1.6008112309588125
-0.8563513264598013
-0.08513274111605065
0.25940918780091105
0.17656245036724383
0.06497294447032106
0.32814997198588564
0.9833131883438287
1.6530437919605998
2.0475919004703704
2.238049144927732
2.2741467509726263
1.9894298425962127
1.353874089560056
0.6204335280579564
0.16098843039300684
0.3160757946547639
1.0787517179842159
1.8167758152891187
1.8329814925036072
1.2876288965041687
0.9693499171549306
1.2558606164519104
1.7874134883792385
1.9571540120442439
1.4958429471081172
0.7424601403040026
0.37593331470475444
0.7379792869221593
1.456196374555288
1.860132201899804
1.6174912293957222
0.9247486654670464
0.23510672203563654
-0.24244139611789606
-0.6844781611816305
-1.1881660447965194
-1.4638916819989043
-1.2017064315895933
-0.5023755122132314
0.26898712446246686
0.8616067487933113
1.1542660075396285
1.0919945819673151
0.8640178119141652
0.7499166312471403
0.6637616352109549
0.3351139451822974
-0.1368038700599589
-0.4175171335606132
-0.4465631782155252
-0.38862237486930196
-0.23283927967831614
0.14933000866448568
0.580188731334129
0.671907832515494
0.4781510165674626
0.5207890894277043
0.96568522871035
1.3803441632921456
1.4494937153908454
1.3502443798742345
1.3287213417589987
1.3304870431189002
1.1547100028422164
0.7225914139468023
0.10105964806632547
-0.5929889987771274
-1.1954196461247473
-1.4705060935734209
-1.2714555360629745
-0.6893729530881806
0.10209050856279231
0.947297337477097
1.5270989136287556
1.4641298812675758
0.8076592577865229
0.07441621924416997
-0.34058966871120494
-0.5075621135371132
-0.6308134836086217
-0.6863439430117336
-0.5768929720311508
-0.42403089872515565
-0.4061145088334772
-0.39192084027534096
-0.0910540827679864
0.3630195728557941
0.3643788803978997
-0.37294142302757866
-1.3200649211581728
-1.7344777418522093
-1.4330768093929422
-0.7854986942614794
-0.25745914181859064
-0.05066403714132671
-0.054291266106395564
-0.11803699812235913
-0.2572628019109929
-0.5200099131262151
-0.7526798077055994
-0.6668811411546708
-0.2080029949698445
0.2905004653333274
0.46251795613644586
0.36928311408854797
0.3570537588779208
0.5031354164931937
0.5708461970534426
0.4217023577546188
0.13378264361730377
-0.2163275063242475
-0.6029674893610079
-0.8478013523149528
-0.6068700952929763
0.2619013460402885
1.3834951497508614
2.1148199557547214
2.1021809511658986
1.4267578108432155
0.4086339171584265
-0.4672169429512174
-0.728435762807931
-0.3179037158548331
0.2997104119797994
0.5810183569030816
0.4346618367970133
0.17075322924853703
-0.04926511649433847
-0.3733032275486842
-0.8157781681697839
-1.1032428134537533
-1.0757556434164797
-0.8423140295342358
-0.5114835535079311
-0.1503568119803718
0.0655406734624654
0.016665860017209762
-0.20575237271584706
-0.46324368557602097
-0.6921458196930427
-0.8862130233934087
-1.0266723061508396
-1.0245238527675726
-0.8442157964451018
-0.633922623078519
-0.5963750302357967
-0.7081062007514555
-0.6308698956003578
-0.07276613641701733
0.749361093506807
1.2279448620388214
1.0609677818051608
0.5641504641736168
0.1642619760183181
0.003951442656671644
0.017676854301426372
0.046082397074609566
0.026331906327060915
0.07734592507231035
0.23212776268896435
0.2787702045916781
0.06797759970405093
-0.16969713348758447
-0.12824425332917028
0.06962001811348979
0.07999665190434764
-0.1862924736409089
-0.6273157778548591
-1.1102690356583125
-1.342405987772138
-0.9910601800163265
-0.22726895831218152
0.1904984058979481
-0.23789333032620452
-1.0609684624830467
-1.4027037981615327
-0.9600282683775236
-0.13592523091031986
0.5557328173218232
0.9619453906298928
1.33942785822301
1.9467763284229207
2.569273890773453
2.715778183531229
2.2799504867233384
1.5969891079865939
0.8763919401889738
0.05831260562759868
-0.7964021973648739
-1.36386956585717
-1.3346030352722933
-0.6650029140768142
0.40214812629333274
1.4161072674483468
1.9020465243543654
1.686316409817565
1.0401004981222475
0.37276070455976984
-0.11661289040023978
-0.3944047213280913
-0.5343466449023853
-0.7919696693284691
-1.386030529911712
-2.2087576817630734
-2.863231297096456
-2.942879487877786
-2.345941350254579
-1.31789664087457
-0.2123541905401804
0.7189699817115336
1.3717852570674747
1.6687490733062544
1.4644397854777644
0.7577755128707847
-0.11553286436372368
-0.8082489073166857
-1.27847219133858
-1.5270009215081495
-1.454252046348195
-1.1923793869288737
-1.0616485656383217
-1.1289554067405108
-1.2484950447052103
-1.4381464168204126
-1.8195607716619133
-2.2245906019599255
-2.188979328591691
-1.5298716186425925
-0.7033365792846347
-0.274527943462404
-0.287301362818773
-0.4269391396889611
-0.471232655182962
-0.32694215672609506
0.08435173131354454
0.6939400019917914
1.205701855875352
1.3448910616532601
1.1114225642623063
0.7097024953554755
0.31089854113280285
-0.04106834151960705
-0.303076571248345
-0.3398350602643278
-0.13517473214168618
0.0457156194091622
-0.011576731928236399
-0.151727222818921
-0.084817699228365
0.2459480069518943
0.5670462596757488
0.5127613738624912
0.07744807862811068
-0.29709786950750033
-0.16934031731322383
0.4684697422951173
1.1470112579925147
1.3022087049921456
0.8205833404944612
0.11708224942390429
-0.393482622699256
-0.6268062588742704
-0.5823356653146681
-0.16475888315295562
0.5546488652214904
1.1600715980262548
1.273941200960171
0.9842494388430696
0.6329982799479773
0.35009125757385684
0.06063375031050032
-0.21548432664794873
-0.41736570084693153
-0.6572939367468715
-1.0177080305518165
-1.32039679593396
-1.3993428879234369
-1.3034237718700878
-1.0511123316965632
-0.6222648270822766
-0.18443245504129477
0.07394437624401308
0.130162333744636
-0.01995652486324116
-0.3725657624658585
-0.7663479759352608
-0.9924993123183408
-1.003534838089906
-0.8715746444275465
-0.7218818905927736
-0.738563141080802
-0.9179871074831615
-0.9816008957393788
-0.8340865920417233
-0.7293340835989454
-0.8394089496676412
-1.0786586565348293
-1.3489140181296813
-1.5918438091895382
-1.5892195041027832
-1.0705732652721385
-0.15936126506048695
0.6078436781773221
0.8540463716640617
0.694633900800719
0.4600069092448691
0.3327211522312581
0.3156538285235835
0.3998080762423179
0.555597123789638
0.564285197923051
0.2223815021006881
-0.21847483123343234
-0.23713436348053
0.22247173158272773
0.5305638433818787
0.10345828837493967
-0.8267934364822624
-1.5213161922676435
-1.664561298999306
-1.4969659909793485
-1.2057610744560259
-0.7752112529605031
-0.3162236052626783
-0.11808245911043498
-0.39575939072647165
-1.0379146537422907
-1.62157139800182
-1.8574009737136001
-1.8960003592604868
-1.9835274500157292
-2.1217310061589183
-2.188430922961187
-1.9702517496898124
-1.2436639787455626
-0.21966662537562023
0.5012660823842984
0.5843683125942721
0.24476583939971217
-0.05599668017045881
0.02307144248710139
0.5611916905294003
1.3957950201540594
2.232271151581376
2.7143756966200825
2.5324878320591826
1.7025662487114934
0.6187711494156816
-0.2726524598165795
-0.782152137566596
-1.0030944601564977
-1.0243756525571703
-0.709262708424303
0.04153381657089354
0.9526265780372549
1.5521997943678016
1.6634477569126833
1.5395326633465771
1.4598431198786899
1.469321803623086
1.514202343683022
1.4533714689754047
1.0889067823108192
0.41355427136973083
-0.38406851895517435
-1.0664912374599584
-1.3883161213997817
-1.2886588192639177
-1.065770843611776
-1.1499075981504705
-1.7140264227193205
-2.4469262282499913
-2.7547907208869407
-2.4544471975370965
-1.9900350159878217
-1.650118205534437
-1.1555281332533722
-0.33296353124300837
0.4992340857843978
1.0372392052059947
1.2736503701055846
1.1938588073380372
0.810138742370268
0.49423082088999926
0.6192142911721158
1.0053839115097774
1.220037801869021
1.1590103481445286
1.0295560909195631
0.9456865671680736
0.7738626796600753
0.3919220419653001
-0.09768506096011377
-0.4570777376171379
-0.4565625898678175
-0.014290302515867144
0.6480120542770175
1.1622809060843844
1.4389371903454402
1.664837585614699
1.8570810726632325
1.793420690049761
1.3712994972067105
0.7553455831810105
0.25404820408839446
0.10139910556714872
0.18475143461863058
0.0796634952191061
-0.45541590502188894
-1.1165435414083225
-1.3814713975715485
-1.1601116957889268
-0.8721733067096689
-0.8293273863973794
-0.8092203696088723
-0.45680377066206673
0.16192964996840148
0.7446433356606863
1.1409888130187351
1.2207339840191165
0.7382862868898203
-0.30796121891672135
-1.421307536226684
-2.0284774007317967
-2.045350415103771
-1.7969772223647553
-1.4332700440675694
-0.8227876340090867
-0.09144681318525916
0.30388814273833126
0.1630586283236582
-0.2586854665195377
-0.6610883843649571
-0.9337649218858015
-0.9690488812348196
-0.5835429353039231
0.19110735837871498
0.9240730417302941
1.1274944216897946
0.6932389895709586
-0.14125499837266728
-1.034612486459827
-1.698878922668547
-2.0332312511620194
-2.0481377766298894
-1.734837437545779
-1.188653911811095
-0.6444084798046142
-0.3000363181172106
-0.19344175969001312
-0.16592809188410132
0.014040374740257737
0.3939931832023129
0.7852452352467548
0.972783780040483
0.8957686015686789
0.6578136160294878
0.39625459626207155
0.19127767616845612
0.10868681269186861
0.18874490797977422
0.3739762921496186
0.49327538247597214
0.35122216545189877
-0.007328813991600708
-0.2624911352300407
-0.2370034326450113
-0.04227409859838054
0.17270132497174803
0.2668751507799233
0.148108949978511
0.014962845910191178
0.19625986290377048
0.6563701559732118
0.9619652775191487
0.7486026999010643
0.15875844086768917
-0.2068303626793599
0.07562842988161186
0.7298996338598037
1.0873201874171525
0.8415111486370701
0.4184283959444029
0.47043589012041614
0.8573576900782109
0.659399036317055
-0.502897524837676
-1.8695701160002172
-2.498297676748665
-2.2500367970712176
-1.7169723404093522
-1.47152431638649
-1.4624259584887116
-1.1912507736724625
-0.4263532808790987
0.527601517002571
1.207617891552724
1.332715931351458
0.9293209591631182
0.30594473906283304
-0.2220635902455666
-0.5000534043998427
-0.49327150721526414
-0.36317748850067066
-0.3873671761780694
-0.5466188998087513
-0.4418522957606134
0.14921222956644944
0.8317010802407394
0.9404788130123766
0.2165596766632017
-0.990793092467892
-2.0588434597495224
-2.5494069286368197
-2.468648653688788
-2.190461590420239
-2.0985535717243207
-2.2064276833058782
-2.119375444216393
-1.4948663418043504
-0.5805299946249642
-0.06052447370271088
-0.277873330748906
-0.9149036120663412
-1.4835618113494657
-1.8107177676868051
-1.9825039032487048
-2.0528009714442192
-2.0178793540125146
-1.9373082612527004
-1.7892055854098863
-1.3719405397534623
-0.6085631581179705
0.22751965504617294
0.7646437166791962
0.8809402309356756
0.7096196480548909
0.43036409091683414
0.15586900730808814
-0.04710829104519842
-0.08816344307904635
0.1366514231660489
0.6053656351085652
1.1374022863157542
1.5907582020402282
1.961398113822485
2.1201359450953783
1.6797285827328243
0.4838013700393097
-0.990063807311704
-1.9979575896764552
-2.1671972767589205
-1.7447404815254022
-1.258358419464817
-0.9200390988469321
-0.5244977012110082
0.024723468855329295
0.5017941720107231
0.8667620235617602
1.3661589456448187
1.9132054367724676
2.158275973430961
2.1682137625866944
2.280820230524082
2.5504927199277345
2.712174626987134
2.4339219529201888
1.705711899514865
0.9603812351750431
0.5359113816925485
0.29756282833114434
-0.052559790020563935
-0.6067732588389319
-1.2214453152970612
-1.6988106904732838
-1.8708889233323858
-1.5005747893502552
-0.6054076360182541
0.08873689021741157
-0.17606770250000517
-1.214949418854328
-2.211257132775456
-2.5239360217416813
-2.014055667388485
-1.0368718242277513
0.01076735219295618
1.1083971039700455
2.2180445291086954
2.8928414934504545
2.811423970616438
2.3207224248668727
1.9768811170772198
1.8477808384102257
1.5994054642092679
0.9692907872438818
-0.013495183467915065
-1.0388678024590898
-1.7693745734289308
-2.1873053391051855
-2.476974939283008
-2.5589298891664973
-2.1621818479828225
-1.3474175953867786
-0.5130969027732664
0.04040164847844102
0.31594847773729107
0.49117720071550014
0.6587836101854933
0.7676028678822646
0.7291857215196771
0.4512593234539752
-0.047562991631956916
-0.6022232293610498
-1.1243192969575502
-1.5394008546596203
-1.5777610164609883
-1.1075058335448367
-0.4344261019675671
0.0713170455593797
0.4147301388021252
0.8298389348944214
1.342069951282244
1.7429325614373454
1.8834875621126013
1.733810725973546
1.3854266828783364
1.0938029820803374
0.9432252458422022
0.6530252349402516
0.10559335798672742
-0.40194668042387666
-0.6785679193307677
-0.807242951590137
-0.8061920679578232
-0.6293431674857687
-0.3159166696706251
0.10128576547576723
0.5892857744666757
0.96305171228468
0.9245213042299483
0.32069127094299194
-0.6114974019971885
-1.395311061366292
-1.7919089525264575
-1.845833300813009
-1.530286947522962
-0.8452581188434061
-0.14352590331993423
0.18455341159235694
0.22970550690259298
0.2710447414113271
0.19463775326452284
-0.24777057194046523
-0.8555070542669635
-1.1669070653661526
-0.9738605620969578
-0.36073492097889964
0.40866356207613264
0.9481027538209876
0.9411434796099181
0.3494700559317213
-0.4721460842877308
-0.9350047741148586
-0.6765281542629422
0.13516948433979434
0.9658808707708781
1.332018453646745
1.0799594467532427
0.41073195113170263
-0.22866056942120466
-0.3731288081434097
0.10173392267920621
0.8176381288910239
1.2334392298841876
1.1746169108613622
0.9175278776795048
0.7797534721255406
0.8065553471631232
0.8586205282794735
0.852715015086109
0.7910744936782428
0.6643926553532531
0.5212323106862614
0.46434073189118696
0.495359786495058
0.5400301286519756
0.5763857315947092
0.675344172815054
0.9502076389897354
1.3987321478229509
1.7778730125928983
1.7848655086994063
1.472444216264717
1.2091710655575105
1.0566420370766827
0.6891338731101804
0.01981001307853925
-0.6510520703219164
-1.0422300010230243
-1.0641545646902342
-0.7485494394959491
-0.2696373337063362
0.06307957555939711
0.06650631151199447
-0.08564044462284079
-0.07376906007561318
0.12453466329973177
0.20139918505817703
0.05879511391779631
0.04143250100563159
0.33091072423704465
0.5470817099943972
0.33077003031741103
-0.08189989641464437
-0.2113311660742925
0.01976356175055076
0.2641559416415302
0.32880336936496396
0.5024847040643868
1.0505501370481753
1.6913625490611164
1.9762563580795476
1.88411417985161
1.741234820389859
1.7614664575402592
1.828578267686227
1.7668823204354271
1.6756700745367654
1.7014636149091509
1.6473255552072246
1.2204834880097923
0.4693004723494726
-0.3478022762097776
-1.0385692291726603
-1.437805826602015
-1.4333507056017678
-1.1239937142675882
-0.7342941227177173
-0.43583132674453656
-0.22266620760751785
0.11084238918482144
0.6342712966457197
1.056536458872469
1.080502586339194
0.6585211903608039
