1025
-0.23666166702468092
-0.07464177254686136
0.22042728048017723
0.387480862998858
0.2885012684827362
-0.05178807241506783
-0.46137410242656
-0.72627689167224
-0.8168005652860838
-0.8360768568856267
-0.7531490853871795
-0.4588264470896992
-0.0799279338812908
0.07402973027845906
-0.10528704722374717
-0.4027027440214704
-0.4945923863240764
-0.20890201805691136
0.33639739881026004
0.7498837878024225
0.5535608162965495
-0.37414687757309956
-1.4515158140806368
-1.8663954982730189
-1.493845570544628
-0.925748014597312
-0.613591348071259
-0.4791157143020697
-0.33514295670518124
-0.18086689963485592
-0.038526647489657395
0.12006843005969453
0.2643655872371267
0.2920117093249116
0.07931694030368257
-0.4444024883194183
-1.141169666809438
-1.6500381631318917
-1.7093220941966634
-1.3161419934796585
-0.5468291781423266
0.3524266066304072
0.9462840387083468
1.1392841794475794
1.2121331265171131
1.1404520290411493
0.5605965913239164
-0.47063696833932095
-1.2788593937365056
-1.361572770669017
-0.9766622756570488
-0.7087774687802125
-0.7501037744794458
-0.8986922858467054
-1.0096818367148834
-1.034067681232587
-0.8380231131343115
-0.39888156516050693
0.043374524641832606
0.2782848917957245
0.3003698588100266
0.14940966823522558
-0.10004255848762099
-0.28568042062966215
-0.3367263264663777
-0.3217425212409575
-0.24077302299429204
0.05511963653028036
0.6584427809200973
1.3517232408720863
1.7557162874692893
1.8135556340283971
1.8333872898100196
1.974387186494658
2.0684984698277247
1.95148584223037
1.6414367871129876
1.2827910713392174
1.033340779357461
0.9163137100699292
0.90359756372708
1.0894578212759536
1.443821927325498
1.5810084552375587
1.213254730827098
0.601179820610383
0.24893438657143838
0.36301713267989394
0.7801805480678526
1.2597638957549333
1.5471141485846551
1.3416391126402756
0.588932720377053
-0.3835433510148268
-1.1504961729212724
-1.4360239430718948
-1.182395305674588
-0.5345659096727889
0.25918032755339776
0.9768506388711438
1.5106809329525022
1.844208484443517
2.0051281488479664
2.0420249671263253
1.9074254985656836
1.5007063780718053
0.9827679112783945
0.6466614945960062
0.40851018272795514
-0.009829003472857697
-0.5169908717269016
-0.7825719988098702
-0.7342654925649412
-0.5721286397922541
-0.4265316471043861
-0.2633805586310948
-0.08951426944473977
-0.02577176276491343
-0.14810504499955857
-0.38163125874898346
-0.5080861690179465
-0.3055061437904034
0.18537405751467126
0.6645433670440137
0.9568986242937577
1.1447892684882444
1.2166610825018478
0.9456587225365183
0.26926884936304424
-0.50683952953596
-1.0180918881009937
-1.0967622184311323
-0.6461484768962868
0.30681185140882866
1.2858011981879656
1.6167525900047583
1.2473060280241723
0.8373798000708602
0.8913776689430711
1.299240929829922
1.695524935010396
1.8477732241295712
1.82287207372916
1.8359243405033938
1.7779509646848988
1.2921856998442771
0.5091328631772412
0.02154812615022794
-0.05599811985990921
-0.23636908885554442
-0.7425366743841855
-1.1282990265543291
-0.8950879067208133
-0.06359518538455099
0.9343730486401643
1.6999660694757777
2.0504731304061576
1.9777208678538745
1.670532080615893
1.43440380906288
1.4586650833425672
1.6812810576564972
1.8914017838312354
1.9529445177195537
1.8460983494159469
1.552970741488669
1.0940232924147795
0.6404440263337988
0.3838137199176238
0.32759708560606166
0.3196871638812637
0.19632223115202777
-0.12344337136821497
-0.575055719603949
-0.9559103234171756
-1.0760610197862963
-0.9762553020750963
-0.9403736187142312
-1.2150512198365435
-1.6900045111982556
-1.8987340809302997
-1.4297021750056798
-0.3483617443950852
0.7882707498292664
1.33212879911006
1.0633761784563862
0.39070298483533084
-0.09157534203117464
-0.25235547397257213
-0.421902306834447
-0.8307936523575642
-1.2345167653643878
-1.0965742882198593
-0.20840094677736584
0.9810686124316945
1.7993909003162036
1.9386468449797165
1.5855353889907884
1.205730871699133
1.1607799048526886
1.3053636482010165
1.0903136821028119
0.3295268353474866
-0.3878254905910991
-0.4926314976018395
-0.24508395058114535
-0.14510163977103513
-0.1356957004747993
0.07814455608532109
0.501744928875444
0.8327723506099464
0.7934479433671076
0.6003077100160187
0.7605058996616045
1.3292390897828927
1.8744863428032332
1.9733599444498489
1.46204351942256
0.5339447714294019
-0.3190446772621437
-0.6135448105837338
-0.1467832021501091
0.864410310332162
1.8309450202822803
2.158457580002569
1.6792760862601808
0.8294058652610897
0.346495266029819
0.5138796816231769
0.7874063825536537
0.5002461818910869
-0.21178959257784996
-0.6340372577938256
-0.41692806857285375
0.23895778498139505
1.0471797332084145
1.7335036824843322
1.902049189773161
1.3213286350170281
0.32919906989590025
-0.41022701581383947
-0.5667957862549187
-0.30759262982555474
0.025819802257655535
0.10873071614787265
-0.19282733077109546
-0.6387275359338661
-0.9301938492892582
-1.0828803581440114
-1.1692079430716236
-1.0490829043696628
-0.6792335388750682
-0.3704772729707908
-0.4297548976099458
-0.7281981838588082
-0.8743538788557083
-0.7108090286225703
-0.35024947456223116
0.18684869597235743
0.8986267986581322
1.4894770774864006
1.6502599199310644
1.4953815397419195
1.3621566299378822
1.307086621373566
1.098712666437579
0.6722522926923719
0.2340120892847635
-0.11577956571160002
-0.502706777004955
-0.983985482843403
-1.3851359921772222
-1.4585363462713223
-1.1387041840856291
-0.6113881036616663
-0.12287896846377913
0.18382769700729285
0.2738039276428194
0.20653386388626674
0.12105302344879898
0.17755585371949623
0.45748885517623333
0.8228098726091869
0.9062862976192702
0.52948571174441
0.05790322031005474
-0.11017227923056984
-0.1191378536641967
-0.21613353416585673
-0.2739991300721564
-0.23606218161864798
-0.3842178794086561
-0.804089227381315
-1.1239475539902772
-0.982474647505146
-0.47411878011519687
0.027911820662453176
0.32046934824939055
0.3813638218372552
0.1722753018454132
-0.227170762728188
-0.5349478190382547
-0.5008824079509872
-0.06384857880006273
0.614178817352453
1.1517110609438999
1.221145088599082
0.928926820305428
0.6372079582641095
0.3783848479281317
-0.15156422152767002
-0.977802605532785
-1.6067032011583606
-1.6081378151162602
-1.1066960083204789
-0.4498937900618245
0.12020477261910355
0.3777773903171944
0.2525078005540241
-0.0699099410577767
-0.4474785553185221
-0.9017109851637491
-1.4719414704005354
-2.0993427799904447
-2.5534686285160713
-2.547249786034412
-2.0376008215799497
-1.3256435504999715
-0.7471776498240728
-0.3271003387696468
0.08538242107349657
0.41307520569189937
0.4078252152222243
0.17647114423989005
0.20593182456019407
0.6007657283731179
0.8306359438990251
0.5157928243047712
-0.08389992198770954
-0.5162902752702622
-0.6505457977706941
-0.7034873539965365
-0.9910015864982907
-1.561204979732591
-1.9632977746608917
-1.607877343936715
-0.4680799543754312
0.785701989923085
1.406899956253752
1.221762450945486
0.6910308508421666
0.3821362705545216
0.4052056301072606
0.36975593512743354
-0.11924894293337297
-0.9232080505346442
-1.4262300493630706
-1.1881874800007166
-0.4077102908070443
0.3599733397342321
0.7435761463217654
0.6200853159440827
0.04311175738316252
-0.6026861287516747
-0.8831745674695991
-0.8272402136099531
-0.6904116543698631
-0.5131900914614802
-0.2839162085184457
-0.12483101275974054
-0.10759390743418082
-0.13517167140470845
-0.05534728257127012
0.19232419474744664
0.5513666790587033
0.9404313839839167
1.2333623796125242
1.1739596109240915
0.6285954289317245
-0.12333287106297042
-0.6695035953490788
-0.8525901619195955
-0.7013993225665379
-0.3463423964720233
-0.13454546812611845
-0.39028581529866024
-0.8813682793573626
-0.9773001851723849
-0.5562454386699321
-0.22783085032633782
-0.42231319540642465
-0.7896521794656417
-0.7225633577253835
-0.0953471421246731
0.6747640535970807
1.0992558957897138
1.0340955787401758
0.6980778479186917
0.3904002160521353
0.28883612405606
0.4289735871628279
0.6520976173895153
0.6620267969279438
0.3139679320501643
-0.23589839466164053
-0.7174731862591801
-0.9865764450790994
-1.1345183430000558
-1.3968106897232477
-1.790665892808549
-1.9996747026868626
-1.8405697498705933
-1.518081954777439
-1.319637500005416
-1.4280439399552118
-1.8762952632418985
-2.3580794227083874
-2.3857370229021098
-1.8003072072414608
-0.94543820692857
-0.42842492612745176
-0.6358076304408684
-1.3109125668779702
-1.8689314253578246
-2.121810301452208
-2.2950351919581373
-2.4631627578322854
-2.4096958398455324
-2.026848292090205
-1.5314857146728447
-1.1669862171937828
-0.871872834030172
-0.3697426543688246
0.45222598250331153
1.3303288811247151
1.8751174686942482
1.964377633979989
1.7227835571153354
1.2614982668381152
0.6796155626829348
0.18033825354353167
-0.08075604001804397
-0.16793672382721145
-0.16492747107326197
0.035320362354899756
0.5782319336116895
1.4218618537131935
2.2532473982967383
2.58522098065575
2.129247788944638
1.1345185102222417
0.20679594045804225
-0.2605925546491036
-0.4286713968523398
-0.6999439626855926
-1.0898416727144458
-1.2322054740357982
-1.0599396645655728
-0.9319133802617875
-0.9432382886406505
-0.7808663000741876
-0.4119950650227442
-0.2407418401127716
-0.5170271061536675
-1.0058398047635757
-1.18237758187599
-0.7171156912538935
0.12107975898397895
0.7208848108077395
0.8515225274530999
0.8145886711539284
0.8576839897123832
0.8383144487602553
0.5302976493380206
-0.015595471092495178
-0.5251517142640334
-0.8080427075559407
-0.9071346274339239
-0.9603165187765033
-1.0190865143977252
-1.0631809965500798
-1.07947145305496
-1.0566384157036148
-0.9757214761632411
-0.7993921551078894
-0.47405486471363467
-0.05109642097051437
0.2753271989894665
0.4309844324797216
0.5848653178168812
0.7914448665998823
0.7996999731737754
0.4569291531393221
0.012058649359225161
-0.16183672941094213
0.03627293885570988
0.33118738196148745
0.3080171623947529
-0.1737056361856822
-0.9162031161157783
-1.7193668879010744
-2.4958538181222076
-3.057993931192803
-3.0849301488551117
-2.4796434542576464
-1.6186567534747787
-0.98137546826654
-0.6374983251110035
-0.30319316033760074
0.2540281482658319
0.9323603255260057
1.3614816876560065
1.3801527854427802
1.3289592473944973
1.5707682250384964
1.967688340515291
2.186826515005344
2.1428562955594823
1.8036376048990517
1.0579384606171875
0.05076259837503125
-0.7811267441603761
-1.1570354293209297
-1.175537011299419
-1.032239055128304
-0.7243986818881258
-0.16656744980092278
0.4996793670325432
0.9023409406929016
0.7740912068876421
0.14363224571446612
-0.751261986520374
-1.574761367594844
-2.0075980616260938
-1.852807167680342
-1.108901811021129
-0.09461060818217289
0.6326377842007288
0.7064625226275305
0.2187725319852715
-0.48834190840316755
-1.1928330968467191
-1.8520724936481756
-2.2493420252742973
-1.9858599987916943
-1.1027974552794355
-0.1685831569035983
0.4359625617156513
0.8016569456718937
1.0790088104507665
1.242674236532418
1.2320811774603249
1.028662684287623
0.6122374999816869
-0.015152911468620434
-0.7053879690108413
-1.1670873601724543
-1.276966333605733
-1.2744767108419692
-1.4177548593866907
-1.5896891182795538
-1.4812295967116098
-1.0784417431676145
-0.7268948515620843
-0.7100234083487226
-0.9243935629031651
-0.9903855704693405
-0.6585423721498007
-0.03386551806674948
0.6402311454968648
1.2311941468017968
1.68382837611862
1.8904410333073325
1.7297060871110503
1.3063515178600116
0.9577040500617197
0.8522756108973097
0.8498731031588374
0.8261618818559696
0.814613386425378
0.8665898606505439
1.0125009514563788
1.2410033396648916
1.4080738649808153
1.3342401066280736
0.972683944760198
0.4069600005965875
-0.1498583752491683
-0.41708299026569345
-0.3025730807696136
-0.05070289837932115
-0.02300158938202069
-0.3558193809960889
-0.9019023489860039
-1.3825770057509161
-1.5808207071811942
-1.537903327516869
-1.4093344076298362
-1.1080177178223816
-0.4876619197914019
0.25416596603047226
0.8095715185404836
1.1927877831520428
1.574019094128001
1.8180553048381953
1.5639350592394101
0.7629592436722005
-0.1817540255236946
-0.7708794774803756
-0.7716641152925052
-0.3833837501070453
-0.07916623882406412
-0.2165925591299686
-0.7292922948288427
-1.151754346785421
-1.0690442795148816
-0.5075116259474474
0.19007880274364597
0.6746715445238687
0.7610003868919056
0.563364405985799
0.42532608509301917
0.5213078784170616
0.683196220035795
0.7189123127541078
0.7441222793848336
1.0943820284348973
1.7976391089780805
2.302896285588451
2.113692508598242
1.4413362224914075
0.8815858548849949
0.7189971075731407
0.7634034740046387
0.708372436855618
0.4477954569521779
0.08406330683970614
-0.1597757751978241
-0.13066892079058118
-0.0037430639500502048
-0.06668618034347905
-0.22676797263604553
-0.1090974790468947
0.40877479819702905
0.9990481194689592
1.2371628250569127
1.0853774353771837
0.9155132212008755
1.0296862277898982
1.272973235883108
1.1979827406747583
0.5934362271441243
-0.17951214863262432
-0.4658445525788331
0.000991945657311072
0.8548786895185042
1.5725318558604555
1.9186562356843668
1.8479826727136028
1.3313435899771484
0.5292599360308182
-0.08693141366826336
-0.09808715760343023
0.35563081921199846
0.715671517052634
0.6681303640602351
0.37869734844042924
0.19216824751694125
0.2871451106744529
0.5375461490733217
0.7020575296923229
0.6679681227177297
0.4397791526343404
0.12015443534796243
-0.12147351291502977
-0.28399739466619545
-0.49625476798513624
-0.6791744399926983
-0.6382322578966907
-0.40214093495437053
-0.13647477056372792
0.06736712809409676
0.15443974430928523
0.12570419744218864
0.11012060527806973
0.21459145231039392
0.425190150154669
0.7326068314086092
1.0919691885253047
1.275262407901461
1.0520029027703335
0.5090804230576309
0.0422349106733017
-0.07076976572439923
0.02860791618151168
0.10746499848327724
0.1704629264718165
0.2532879709761617
0.3160562088328993
0.4485627693056783
0.7838211393203682
1.1668868656293208
1.140362707481105
0.44505971126561367
-0.5081393569693311
-1.035242830465205
-0.977526296728065
-0.6874445759319643
-0.4777831733259912
-0.4852343323561373
-0.7498619698138012
-1.096173107768984
-1.1707941154544246
-0.8192033733690848
-0.2927677678033577
-0.0213131857256674
-0.279170419368409
-0.9209769251550625
-1.3757746290046173
-1.1968623588531035
-0.5345254313661102
0.1413981399547933
0.4725603072583859
0.3039390398547198
-0.28478972215013815
-0.9896163425898473
-1.5014412473754988
-1.6958542987000322
-1.580064936917365
-1.22556231612466
-0.8264688488407788
-0.641911474855045
-0.7619216727478615
-0.9962230186751294
-1.0833501063256554
-0.9984872467330403
-0.9076285119337739
-0.8148455797712129
-0.5622251051447325
-0.22855301305833675
-0.11341687654234861
-0.3198714313919849
-0.6520679055982349
-0.8099354193296096
-0.6686978830773255
-0.4661704310022909
-0.49490482988631035
-0.696221211175237
-0.8721385045454478
-1.0293887356686537
-1.1501230122650674
-0.978366726183485
-0.41306902808164714
0.2582764985197317
0.6461985342494287
0.505451594460157
-0.018377353004820466
-0.34930567660907996
-0.06656137398366203
0.6460576083992321
1.281903352935716
1.4878642219038665
1.2186966608798715
0.6218553735395109
-0.07110038474887022
-0.6088337049520977
-0.8319982028153569
-0.7020384344009436
-0.28889769787547936
0.14676986007801263
0.27913187441066944
0.029785381960212014
-0.4080235224436195
-0.8088061192254531
-1.0854166855721754
-1.2169237183518635
-1.0698873618232712
-0.5297746337071337
0.21879691720838357
0.8645913534619413
1.2958385007909765
1.51922681464678
1.5358667842293336
1.3781729061748338
0.9849785186244217
0.19611077981044406
-0.8815588037937921
-1.7928548670984297
-2.159437112072503
-1.9432941878019032
-1.3821953461574996
-0.8248725322981693
-0.4552134788153355
-0.15608766631564006
0.200832975817043
0.46137770095777914
0.3790819606423146
-0.03296593643928204
-0.5333500976296953
-0.9778096088657382
-1.3727228795887836
-1.5996701515003777
-1.434161444649137
-0.8552445525437277
-0.07846641205539279
0.6113242953686505
0.9308170183431116
0.7122082647382374
0.11215464037411041
-0.41677712078668544
-0.5241998234927681
-0.2945373396790981
-0.08575637052432758
-0.1680234608053819
-0.608199364597399
-1.1571213749907334
-1.2269807850256116
-0.4821873268268171
0.6192669049294913
1.2391014628703858
0.9640626796430805
0.06084449936816019
-0.8717512146762179
-1.3510597325468126
-1.2081759714874334
-0.6019297122386127
0.05290009402301904
0.4166533195949026
0.5397048683956763
0.5556552047086741
0.29221836454044686
-0.3177225306025334
-0.7849479855489923
-0.6339849973788998
-0.09439542885900562
0.27341527677540417
0.26731349300612445
0.05271972080360239
-0.19923806496555904
-0.45515811035666215
-0.6245691532404408
-0.4906368019408237
-0.07124017473151788
0.26433194673182775
0.21879372147469767
-0.14137335189732647
-0.46247873569298165
-0.38827678798131326
0.08339003497781892
0.5661024050814178
0.6777683371069108
0.3662068082297111
-0.161040358461672
-0.6708252739609551
-0.9825010622965019
-0.8916589076460498
-0.25840288343991813
0.7249140829802739
1.5685716878779197
1.8922163439682793
1.762224676842783
1.5388289101082766
1.3420138636571661
0.9752350886838693
0.3907751934913949
-0.1479250984656299
-0.34667981031011147
-0.18379703181040608
0.04302220806236492
0.038622295005302294
-0.10167098284289583
0.055651282991270784
0.7117618300629489
1.4002553769725237
1.4738459510233686
0.9246508412578472
0.24595233372761025
-0.31369967493785145
-0.8933355292669901
-1.55680151380637
-2.016216380882722
-1.9189227955538726
-1.3483934837423937
-0.8383285690570654
-0.7864046234894428
-1.091959778713505
-1.399128533288328
-1.461191374458187
-1.3290282533710058
-1.2089757140805104
-1.1146817793335249
-0.8552165936959122
-0.36658894553295734
0.12010602313134096
0.3480722953167442
0.4035696818240103
0.5437525409159784
0.7460746630070945
0.7815863215947166
0.5706526322628194
0.16192269689699898
-0.4030157756985817
-0.9431278387100853
-1.1364127597263123
-0.8887938419203502
-0.482578381330716
-0.2570161546980747
-0.32420523083422126
-0.6299953221025748
-1.0055135062105267
-1.1176421059489536
-0.7492816194580408
-0.09569111368313213
0.4748704349820904
0.77696515916304
0.7830935504069689
0.5057737944036266
0.07444372247983198
-0.314378578727744
-0.6046912155827578
-0.7861544335347195
-0.7473197896994758
-0.4747898023486961
-0.06406546095752924
0.552879415074265
1.427638623021362
2.212803789459451
2.3869304503928856
1.831857121307727
1.0588719772292168
0.773745597002599
1.1553697313143343
1.7374504744950987
1.8833000276331058
1.2379267203818398
0.09549014842750506
-0.7574651598141275
-0.9403615426512547
-0.8429599108355439
-0.8870607007728357
-1.0197804928640517
-1.054445669831422
-0.9441825853421152
-0.720245237980514
-0.5052039866228757
-0.42375369287668574
-0.4324804636380571
-0.5158876937148883
-0.8244576147019613
-1.2782457903410256
-1.422150360399198
-0.9886660499866704
-0.28616071899874496
0.13778256573156467
-0.019302134479873927
-0.7014785057719032
-1.5154253316053456
-1.8622583579575915
-1.458660301679235
-0.6685158265563781
-0.06847524805285525
0.08745985060095392
-0.1354893635506372
-0.49671459705671006
-0.7007022077000171
-0.6845202406352946
-0.6568928399111909
-0.7414348253087248
-0.7564874063855532
-0.4743557178973409
0.005425594448620998
0.40450434195723806
0.6554238661035812
0.8685814338764113
1.0677295823498365
1.1002117886082576
0.8071129771661408
0.304130204542273
-0.045935785749777885
-0.06081368043893605
0.04753152591495864
0.042577325630176986
0.04687282594193445
0.34247701730816016
0.8662694476914525
1.1255497946137285
0.7409341143315589
-0.05944507225340951
-0.6538210522785826
-0.6790711565387278
-0.3498345854715242
-0.08275936584946497
0.05166594304109759
0.27149388658447027
0.5443938601594855
0.46736902820277004
-0.13804555441127175
-0.8368925357924766
-1.0287919224588353
-0.5141263226965095
0.3650043957340534
0.9530140038546194
0.9661086637519479
0.8354293588482478
0.9918280038040097
1.2827927504411099
1.3759624169465297
1.2037815874956672
0.8351489049781328
0.3295615253402598
-0.11983351688296932
-0.22546192014694477
0.05156358992863141
0.45203667396616243
0.7597019516559887
0.9253087185881753
0.8773945092369013
0.4950001477740188
-0.1257166568543202
-0.6132414612619078
-0.7409909472569778
-0.6030650838489395
-0.2538811904539228
0.3594916047513711
1.0483525237023943
