1025
-0.04460009089438938
0.490100868821394
0.7263374399794879
0.7518630663432792
0.7263290051176394
0.4637996890333949
-0.3373000797225116
-1.4539958378110014
-2.0604968252854317
-1.5554254974278983
-0.30619942460298083
0.7091733511845337
0.8982288072534755
0.5257424288442663
0.25875499603671603
0.36285146136539864
0.5517139658117325
0.5885164142509469
0.616474098926125
0.844284195875889
1.1985757856315082
1.36750662074933
1.2116990647322636
0.9978504057328309
0.9887008746061676
1.0821640339345482
1.1060919875102289
1.1345003434644008
1.293006366138774
1.4049662318606417
1.0651869398749125
0.15825135988097194
-0.9095873152476918
-1.56807757511484
-1.5792453533032644
-1.2244061108461413
-0.9186661906620703
-0.7635332845930076
-0.6409198464909855
-0.4579345206401772
-0.27323844537505065
-0.33263222841214024
-0.7845699484136004
-1.3429018242839923
-1.4573412480077939
-0.9032782851921509
-0.08938630965239427
0.3797801373267948
0.3060634876018357
-0.13214829606835
-0.7124156558952958
-1.2119989268550333
-1.454622761187618
-1.5295040765190369
-1.6635762432992005
-1.8428910123310873
-1.856348242545207
-1.5916492384359513
-1.0365375008557731
-0.1971492753649604
0.7133206110860594
1.2300767722562855
1.1139049808432646
0.6889120608673408
0.44829320781637305
0.5198577285006395
0.6762362901257145
0.716955792641789
0.7283879005083262
0.943670657413555
1.3632953576689457
1.6145086600698275
1.2996552848945717
0.4943996942659468
-0.3469167047161734
-0.9839152685712884
-1.4120893699760981
-1.4724606019754825
-1.0950187641434659
-0.6777282912670328
-0.7085930695433411
-1.2264611163791832
-1.8315372295200076
-2.0899131487929625
-1.8746096418103397
-1.3276563384765423
-0.7055095895076591
-0.34407011733662063
-0.44702578880021787
-0.7977491120576327
-0.992438777503435
-0.9573859000843195
-0.8300740182926442
-0.5443891127405398
-0.06135176993563464
0.3380674134808854
0.4338089336808589
0.33743910384375714
0.16064108138200622
-0.12100325671472754
-0.3809821223476962
-0.3744814924693297
-0.09383311427181518
0.23512843233473504
0.4898208174686496
0.7447317700947359
1.005952385793494
1.1172353862875137
1.0645579973082107
1.0773067777606091
1.24762871715825
1.3181863315090983
1.0481056883561701
0.5950754105858947
0.3068310391881081
0.3283827743529709
0.568780534066155
0.7953388885642053
0.7909134510418526
0.5554389676951601
0.14935970438526805
-0.4857831595134462
-1.1951035913131411
-1.489488295366799
-1.189139680378845
-0.6866631604020024
-0.29271365403286176
0.056182043507677304
0.40164457411224647
0.6512599398846265
0.7870892266355332
0.8682473255202798
0.9156934928160987
0.8468278575307772
0.4730679793768488
-0.2590304936396049
-0.9882683074779783
-1.1998210224925814
-0.8135402669933761
-0.26406406370632185
-0.05410646656901363
-0.3305111918503224
-0.8096068715358896
-1.17779068911554
-1.4187114278246031
-1.6090354383014664
-1.7116297627843484
-1.6248952826579826
-1.2901066831473156
-0.83861109654303
-0.5394889573521507
-0.5427973585150253
-0.7176209649544999
-0.6577228526804937
-0.09562789094218134
0.6534146809804481
1.0424637226042104
0.9210091103209257
0.5462592962031961
0.18630828411381178
-0.06508403206625796
-0.1687692863608646
-0.08132653345599834
0.11067625033843848
0.10457938868337821
-0.34883201959987115
-1.0232776792482112
-1.412682354087021
-1.434944231604637
-1.4904234812465462
-1.763826216316347
-1.9633568250803148
-1.7858340293800488
-1.266686172486185
-0.7145028022689348
-0.3956852147079131
-0.32222351579931297
-0.5364743651131828
-1.2403377986642143
-2.2496540321028107
-2.8728040177012524
-2.7499987326585
-2.2621533258438444
-1.8639076691598273
-1.5901955910637897
-1.2957745847417539
-0.8721381949536385
-0.28389789055269465
0.275955197458362
0.4962234840373663
0.4079502407794237
0.3928192221440643
0.6886871442684113
1.1952028630629001
1.633403672303588
1.6537467022215318
1.0336483760789807
-0.009521033094689393
-0.9206297224882697
-1.3284481134349755
-1.32106887314963
-1.20305850265236
-1.0951377123330646
-0.8100898951222502
-0.16489030754211229
0.6390722267953088
1.1957771659221816
1.3700053063892208
1.2951837963672677
1.0172784199018934
0.3848139461549406
-0.6476289572991084
-1.688371374952328
-2.1099760268950583
-1.6622174375217413
-0.7367837147031576
0.08517650494182949
0.58426423551916
0.8014149758618907
0.7075804244845614
0.34573449328393424
0.04518981681712247
0.09889298795173807
0.3381159445516398
0.3896552218743783
0.23335390532062794
0.1348166717353874
0.16959247280415637
0.1558846968436793
0.045591968853692204
0.03793022580641962
0.1533527375787848
0.0936379564599798
-0.2977489621870659
-0.785405556045759
-1.0017125651233096
-0.7718070266616714
-0.25753207479411716
0.1567041292765778
0.17690274985068447
-0.1970117264264573
-0.717704685440734
-1.0387354234776998
-0.9083446356762138
-0.3818259473031749
0.14748426374906165
0.1993848062098663
-0.37638486707022994
-1.1338151917201733
-1.3765383868967358
-0.8633908447294029
0.038374140712373744
0.8084070582862098
1.1073861583656328
0.8774191046137816
0.45146553344566165
0.2785821717563659
0.34168063629051987
0.24022852059825311
-0.15264044045499967
-0.5006713462910626
-0.4813318674585978
-0.23201079161166072
-0.1009211198519028
-0.030328480376316535
0.33573098554799136
0.9118738594050354
1.1387840314266076
0.76315070553923
0.12270742752610123
-0.3838986527375452
-0.6342735680381336
-0.6515988420419672
-0.5443524457001497
-0.4793639111851064
-0.5154614486563381
-0.5131464947610468
-0.3558863220669312
-0.206049062711985
-0.2264236613973384
-0.2432175179363356
-0.12792918889032684
-0.1580555175199403
-0.6182439394153549
-1.3121176704444946
-1.672564866856403
-1.3867152006912846
-0.7575269108931234
-0.27448247091076095
-0.1996939292561424
-0.6032944492588361
-1.250632502144701
-1.6645591325837639
-1.6526958885252083
-1.450082276350905
-1.3122636294222334
-1.308586183441236
-1.4265680666058014
-1.5008523512801315
-1.1733305528748808
-0.32625030158513996
0.6779304780252249
1.4407788543301363
1.8301167756517356
1.7875992416514377
1.3133561746659264
0.6620372181158336
0.1885355401708033
-0.013148129259462158
-0.13579839839230265
-0.2950282297507196
-0.276951198661559
0.08801274376179148
0.4591953238778703
0.34090630029683944
-0.22756517734336032
-0.7137593365732854
-0.6858702348001082
-0.0937526560298425
0.772431208808769
1.407275056227826
1.5349492165622725
1.4521435935516858
1.6183485313852726
2.0362400449762514
2.343551389412142
2.3869294116182695
2.311675717440615
2.1838910857051506
1.8926717804825155
1.356279201594573
0.6644574745715159
0.04128755349247928
-0.3486514316128861
-0.5228394595085599
-0.5357566221171146
-0.32054973043362794
0.15239012762864712
0.637745715615787
0.826617864464109
0.7904084293513921
0.8353805477496924
0.9419083870628904
0.8517216859141112
0.6341214705259293
0.6372669762109958
0.9878581490918186
1.3924790036750014
1.3513415785664693
0.7345554999418393
0.08735709996184879
0.017348814511036224
0.4751008372002567
0.8698386145142555
0.7520407566257397
0.26734746556993927
-0.09005172594921655
-0.05265581453555754
0.23991307195480835
0.49809590067262555
0.5069377625842608
0.21607984328000118
-0.18580605768234518
-0.3871290231463919
-0.2341078027596615
0.15150206590294552
0.4871736797299501
0.6010763231340023
0.6342589488029805
0.7897427375369168
0.966601080591926
0.9161415521227588
0.6164849758070383
0.3545070251808406
0.4016575957998958
0.5833624534336199
0.5494743212108572
0.38942526194328486
0.30314393172140996
0.028394923899749264
-0.61498909747414
-1.1688332629645315
-1.2154311725516354
-0.9803634912953028
-0.8243156450356087
-0.7749055437481824
-0.7090284250291388
-0.5339476697080047
-0.18197143023973567
0.39275442535995236
1.0613467577045987
1.4162559550182416
1.1842742699621807
0.5898689482676159
0.02791582825717272
-0.2771383463854492
-0.2696145019779812
-0.1260333754191934
-0.18732315336208452
-0.5849107925914369
-1.1488073295880399
-1.6716368309068883
-1.9660053711822902
-1.8539373938342036
-1.3518720179048558
-0.6825613720059742
-0.08197604462232395
0.30361788982152743
0.46906696420301447
0.5593163619632332
0.6923674179653303
0.7075531331675957
0.30426119419579073
-0.39095667087662245
-0.7675693966172411
-0.5349655385079028
-0.1321365004698551
-0.07462746297550467
-0.320996434186941
-0.499451365736036
-0.4568154407450876
-0.31225013542635166
-0.15745739139846882
-0.05471674723658526
-0.189197455660826
-0.6568952683443436
-1.203866751746429
-1.4570505845481707
-1.3128768722504156
-0.939725359321634
-0.609961175632295
-0.5771449255651323
-0.8189070976596644
-0.9602350236876307
-0.6904912345199132
-0.14235304389838419
0.29386897778139365
0.37243837731602414
0.08780398334372348
-0.38611311817201804
-0.7174992331687775
-0.648787116596502
-0.2796708078432643
0.09199118795079307
0.29889515925529936
0.33905442546327
0.3028743727485394
0.26108394001510865
0.15139335202038476
-0.06439684415688487
-0.2695241850448688
-0.3484344539894416
-0.25871317926998305
-0.03744393953913342
0.1311443714178736
0.16439358245045546
0.26936420428591995
0.49955252622697377
0.5127151229242835
0.08758280242612686
-0.5524507029669874
-1.090130967369859
-1.3803262207110771
-1.2862863207200583
-0.7373533410442794
-0.10343597064075857
0.033234929237606535
-0.38746126916481366
-0.8721620954433172
-1.0462670556531846
-0.937250293141884
-0.6769896278827727
-0.3187443731272244
0.047990437365092155
0.24052686465443032
0.16749541805405338
0.02049293040187066
0.11125813399024181
0.51855101386927
1.0032637159521849
1.2352539855720237
1.0491839593925099
0.5877245717465422
0.27500480024422896
0.43329338659266453
0.8256285663295083
0.8298923090992738
0.13833869843344995
-0.8773776305245231
-1.5798195443680434
-1.7064445370227619
-1.4127917139174646
-0.9178471383644352
-0.4091104480792006
-0.06917462002216689
0.08538679798609677
0.18492124883684055
0.15832450932039188
-0.2802318312868757
-1.117776713570636
-1.8146530497487574
-1.8091476868620988
-1.077898232762863
-0.07250889592878043
0.6595132183483128
0.7086180501356201
0.045854095679945556
-0.8251623796570734
-1.2851574526000804
-1.223925151944477
-1.0177333854711894
-0.9741624542682888
-1.0505717063275384
-1.030636961304376
-0.836497735645264
-0.6613726194029679
-0.6799332485424687
-0.750898803344911
-0.6734211481038253
-0.5021573693953075
-0.359476266308131
-0.266870561197569
-0.27502528463433296
-0.43674509761543595
-0.6357142500972774
-0.6217799301300855
-0.34884551047624945
-0.1688765478664522
-0.35054204732498623
-0.6363593831931753
-0.6600840592968729
-0.48545992862142534
-0.43326096737215136
-0.5873245332649436
-0.6665126993298419
-0.32076763196172525
0.4856455232833639
1.3544123717881682
1.8216258396607852
1.8374118376750552
1.697187077048209
1.6001985182969813
1.4913004651316328
1.303206214535378
1.1566365049499663
1.158827050043645
1.1957704199919046
1.1604128954108461
1.1877765315445796
1.5315359276423262
2.2264959584682646
2.8745054750847783
2.997431190830505
2.6124323707177575
2.1387949749344184
1.7701098070733456
1.3106386607617426
0.6975173725852742
0.32781934205201596
0.6747331259004157
1.6633359459977688
2.5307683189988346
2.485877524749833
1.4491043090678444
-0.036477209229347586
-1.3485893180460422
-2.0476975342127246
-2.0206958036795553
-1.6030271438194519
-1.285689350518091
-1.2360940539300633
-1.2242445616285604
-0.982726466495031
-0.5241851446911194
-0.01030842055714169
0.45683803524865396
0.7758447310074575
0.920749193411737
0.9855765374604023
0.9460043648601005
0.6939309636527915
0.24972315470921008
-0.2499427203944495
-0.5297122099306161
-0.3434728982837214
0.15688482008793123
0.5949534193481045
0.7715258416103359
0.686982917527896
0.5316030601819015
0.5663254615080064
0.6949235380290874
0.5332204944241302
0.0024636467217880337
-0.5710111193338377
-0.835141754419474
-0.6382620561816261
-0.06626935663631457
0.5977628952563432
1.067594292753684
1.2009032963717652
0.9169050418871055
0.22511050551262188
-0.6823150010273107
-1.6436465252469745
-2.574546592760895
-3.0932968663976235
-2.6852393252491833
-1.4983563043336003
-0.3339138704336719
0.2630187855138127
0.38070810021685847
0.38790516650406487
0.5471323519346801
0.7478061626211531
0.6408186563950636
0.17173687636410642
-0.28805684649196145
-0.352260714879713
0.05838412249806476
0.6712547312036917
0.9558623574889692
0.5272010728745559
-0.27402749617953226
-0.5559559995532556
0.06007666721157793
0.9488770540527991
1.365450030228441
1.2772154593077618
1.0253622054710159
0.7985075457234754
0.6406135905865616
0.511996130183886
0.31626249644306853
0.0199916904853685
-0.3368388015111555
-0.6892879040012369
-0.9805107493471109
-1.152848902769489
-1.0599489710294583
-0.6300629793486474
-0.1371520447730964
0.11293152287115181
0.2321558058302086
0.42906692979611033
0.5750824796764371
0.4867993882554234
0.2581836900225515
0.10125614851878653
0.13219134356979956
0.3276502223439208
0.5339525707933297
0.5372432533840831
0.23870073331084293
-0.16818186430656668
-0.2994582715397186
0.033369170206692306
0.6312176995965538
1.1550770823730827
1.457727598328695
1.605122314291533
1.660858195792625
1.513439385049452
0.9689624513128029
0.10221130693564318
-0.6494784212768805
-0.9258033113462013
-0.8008914192721854
-0.5555904596623903
-0.34070199397587714
-0.15541833193646679
0.11399942207290827
0.6024523317361485
1.2028726164805466
1.516555443134188
1.2735553395151384
0.6864519787992288
0.20272158605699525
0.05188784509722136
0.12942401926136057
0.21534840397686025
0.22512666599643918
0.23874506642513618
0.3535547359983341
0.5561301121718409
0.7162733984192393
0.6686266529761798
0.3533066241622363
-0.046369117936787434
-0.1754994922933454
0.1257598405481297
0.527736560805616
0.5441887212813422
0.18365510195722157
-0.07599174997749213
0.08085527922320818
0.5154133428297993
0.8171091142160352
0.6382830743636547
0.08004101956187551
-0.3079714662867464
-0.08222897431920534
0.6404723936423845
1.3609243990402797
1.7285728967249825
1.6917796841254924
1.2672327099533478
0.5496152534805951
-0.19767569104529376
-0.7261609380895222
-0.954841852988931
-0.9194356024183431
-0.6439958132081316
-0.09727107362541576
0.566361878778307
0.8784392995614027
0.5836805926792479
0.06934579986763313
-0.1654519239870085
-0.1261538096504684
-0.036170216316934116
0.1324089606918043
0.46390895130665505
0.7354281910042323
0.6339964733693285
0.3022206143060201
0.29518398677183677
0.8084995316711581
1.2963019390867114
1.2239344384761925
0.7994510438527624
0.5299055621257501
0.5774736378665398
0.8101919850908236
1.0518154388919907
1.2081568453880815
1.2322782652149247
1.0293723945530835
0.612467486489492
0.24318832399236792
0.1328155823464403
0.21156550019012632
0.4141411130981377
0.7946937962684903
1.2435895024894632
1.5938631653007598
1.8442944671809003
1.8884342560468002
1.577869205115284
1.1473695781965705
0.9504035210069548
0.9839276441785084
1.0502395626656018
1.0844274116963695
1.057271282885463
0.754110548673069
0.027354803423197405
-0.8529607636579349
-1.4499880726990508
-1.5671240215531386
-1.2140747729709795
-0.5010728274289156
0.25667958893403353
0.6621440516465613
0.594291483192699
0.3177297987608522
0.26350510818849004
0.616882188589785
1.0972101256174625
1.2963728983100016
1.0870301678942775
0.5686276711636115
-0.09927826551161015
-0.6379364751440068
-0.656690805390646
-0.019371872504054453
0.8612368086841001
1.4039325989679659
1.4572286576857327
1.2480708267254503
0.9280243917660346
0.4652467559526363
-0.13114002209993902
-0.6383673215676577
-0.7659216863823678
-0.5014634598872356
-0.09593195398522923
0.2554989599148693
0.45069192658682294
0.3817276935500261
0.052843174164042064
-0.33280877578758
-0.522368429398118
-0.377010412835417
0.018486811526532778
0.2660620596240651
0.02290402496690034
-0.45365001192669774
-0.6338554378459085
-0.45786838831546073
-0.32044591177901716
-0.5455801002181963
-1.0261343627297697
-1.2609376367650196
-0.8877170902321662
-0.1050192868520071
0.6012189444161684
0.9620222294575433
1.0351699991917522
0.9358233401716625
0.7119508800210644
0.4710370633546927
0.35471211033692174
0.37215594603692537
0.3604663314134022
0.1671866475527062
-0.18569810428771957
-0.5894659940239582
-0.8447216243179827
-0.5531604405237803
0.48902173829490264
1.7392491806299963
2.317558162711246
2.039895162997079
1.4929178696281333
1.0674579900589434
0.5623492995613089
-0.08680282774251878
-0.3536316418116431
0.19401688712928383
1.2273750618227948
2.0066463681292293
2.1120864931405294
1.7045564653682468
1.175255147773303
0.6615591909844859
0.045273066820345785
-0.6801616090427955
-1.294722385696088
-1.6243429436233718
-1.7374569418158323
-1.7566163663016632
-1.612507678810357
-1.1447156717137121
-0.41425627248651054
0.22004168999460888
0.42489499662457403
0.2563014680238929
0.06490257963405989
0.03744127239983324
0.04393396640962088
-0.007464157464104747
0.045136460673787675
0.3296941673118415
0.7257110931957228
1.1030901380923135
1.4488011820378948
1.648470757021182
1.501525555640912
1.03861309057052
0.5448614018293072
0.2124737074758435
0.026651895238336807
-0.04445299182193286
0.05491103711900155
0.3839143073947981
0.8246842313090974
1.0966910524877198
1.0265569727333037
0.6580644906046533
0.0888359145922994
-0.5578383233048488
-1.017489332380684
-1.105850745508396
-0.9995193878555472
-0.8977960568706184
-0.6252815709820624
0.013585077273734916
0.7824541296447391
1.1982890128552603
0.9598663299245084
0.23096754705128353
-0.3800031302369644
-0.4012324032257853
-0.08516264904528524
-0.030725772290113876
-0.3664755902228151
-0.7470813338659944
-0.9366418894956544
-1.0507063388644118
-1.3116171155526686
-1.6812507890220374
-1.9084668833313019
-1.8897884379628849
-1.6536331106255129
-1.193740421648042
-0.579009327594855
-0.0084529939762186
0.31892318103621403
0.28463819929853595
-0.0848812553788715
-0.5344201339386173
-0.715053018049877
-0.5266230190792157
-0.24611046528148847
-0.25497997965198205
-0.714836832415933
-1.467362505297436
-2.0865014275344733
-2.202112763653415
-1.9117999901012839
-1.5983002469608745
-1.4240295233783598
-1.3306562529070252
-1.359586241966621
-1.592739898637668
-1.8283238639048922
-1.7260848153808068
-1.3147140439287162
-0.9384491506546719
-0.7110448525801252
-0.4969177791530047
-0.3651288851376585
-0.5484745530045568
-0.9878682565535145
-1.2929147277958972
-1.1622344187098719
-0.7075274869584448
-0.30633644567232704
-0.12477008155275421
0.10172709557057026
0.6805532964482545
1.448222640261182
1.9476643997721477
2.0139891658166302
1.7507816031269579
1.1673711380096978
0.33582166137801767
-0.39310060008123926
-0.7591199444837854
-0.883291970064006
-0.9518373237126109
-0.9448493782959816
-0.8601583703819404
-0.888023431995113
-1.109276450187601
-1.2063381094982861
-0.7502534997544755
0.21843253564965798
1.1332669854144997
1.4911453150196567
1.2663602077852045
0.7231746287713863
0.13229106083830536
-0.2502235107820254
-0.25628393221238766
0.05452399321171041
0.490388549846691
0.8227661519535091
0.8181485689207237
0.45572091504570517
0.032603676034020625
-0.09201147479831419
0.17976432767011352
0.5771944429506195
0.6811762162196019
0.39018123269000926
0.08851059880802564
0.12366322780946541
0.3468283581609174
0.4965033752647343
0.6771317136054781
1.0667423230439939
1.493176417999848
1.5918765041916516
1.2059280742886735
0.6188270893212452
0.36349426291766784
0.5735159532381451
0.8195797027610359
0.842410292130607
0.8132766001687547
0.7137529971097345
0.24654877820598015
-0.5426271023447864
-1.1050601535416829
-0.9284171614084529
-0.1219830753245268
0.6117323030916036
0.6925360099672528
0.27674304248099346
0.006257403216330005
0.17704042456511945
0.4745104740545295
0.5669840249555609
0.4879498969240946
0.31131159043750745
-0.07616241187859825
-0.6687943138304963
-1.1516796683111545
-1.1706965981340147
-0.7214391413166275
-0.21155678250126786
0.0010794251329072767
-0.00591932068867312
0.010369191092212127
0.028908740148210568
-0.09448736141450106
-0.2026456226391697
-0.024651604728151078
0.2600195537561922
0.1963377544301844
-0.275510594084684
-0.7506081550467454
-0.8150563351523146
-0.4087519264473008
0.16674894314425606
0.5905471324945369
0.7801292649460381
0.8406565997163428
0.9226858059869785
1.0682679039454297
1.133688724606176
0.982330610943064
0.742260579045543
