1025
-0.32700805973910313
0.233704912366649
0.6939617318972395
0.9861726734954427
1.055649868702446
0.9236129399839799
0.5879744898319668
-0.04568773363127621
-0.8450554723604438
-1.3398014867876817
-1.1693028943724781
-0.46089849095615526
0.21745907738713482
0.2855026010501197
-0.27432147410251834
-0.9518098081376963
-1.3944555544573427
-1.687194572608332
-1.9399221131944437
-1.980882270818846
-1.6381652921211538
-1.1597987725852057
-1.0243872786398165
-1.3339319016283575
-1.7145134298818803
-1.799335912972261
-1.5774167637846535
-1.2962375343010712
-1.1317603750529566
-1.0280124729916749
-0.8780512814558415
-0.7067329615226584
-0.6283669342146483
-0.7624545919838374
-1.111105954764731
-1.3964685325067236
-1.258237352383518
-0.7247785160093074
-0.17199473595745426
0.13382591726218393
0.17058657532478788
0.06646341900512258
-0.045576334195794384
-0.15139831381486948
-0.19147951022837859
-0.06085068169942388
0.092102799175547
0.07235817011409411
0.008045011784912775
0.05281094279319243
0.0987414007085276
0.07997700490153216
0.09895362685438093
0.0825621090199611
-0.16716139425813895
-0.4865193760627147
-0.5338698694294521
-0.44089404035980806
-0.6356615568018394
-1.1858884511469598
-1.7977843362182848
-2.208695115838581
-2.3214371973714423
-2.1841472092927092
-1.9602391080640607
-1.791541322863674
-1.719614414426896
-1.7844796951350559
-1.9572365519972947
-1.9121049842526257
-1.2863697353458259
-0.270868749775239
0.4449377918047769
0.41139795339067026
-0.11755179661245854
-0.5933723896103966
-0.8586800244991549
-1.0811571652213219
-1.2125811351526936
-1.014034270875347
-0.5010201760321112
0.052020158660035905
0.4946147353993683
0.8717888576187524
1.1749437387257888
1.2877809744183326
1.1816695299134703
0.9953627456027865
0.8914798531125216
0.9189302180070329
1.0019264148259335
1.0641455062426832
1.1219969310656026
1.150091755196355
0.993707834736617
0.4953616784169184
-0.39261469634776397
-1.4462476128960369
-2.106794686576445
-1.9688043958259311
-1.1889975281199665
-0.14067556878225332
0.9206374679743012
1.7051577943801572
1.853096050749484
1.291255155569801
0.44410640571899
-0.1446292397706262
-0.29207438464521673
-0.15311032675616984
0.04265085177411836
0.08935140453915157
-0.1429597094493218
-0.5350642682959967
-0.7154226280456988
-0.4562018717900899
0.06103601292876064
0.5044634526695844
0.7121870738215762
0.6795512160941951
0.41358677972821617
-0.04047971982496049
-0.4929427090400713
-0.7490299822251222
-0.8193264472758761
-0.7779998557257648
-0.6105658094102941
-0.4527278993308174
-0.5656558822490598
-0.8665862021236715
-0.9418061212006144
-0.5459257349233555
0.18382670286614824
0.8521127031360665
1.1385099957860754
1.161615027030598
1.2865383142541014
1.5489545575729522
1.5964215876976031
1.1773049141808443
0.4173727921765857
-0.38800086901281816
-1.020444100753185
-1.3392968420766371
-1.2548007944411759
-0.8031540646195356
-0.14255949709170201
0.5928143850444191
1.3204618143026912
1.9059269183476901
2.210566700421397
2.17763994754913
1.795979421519505
1.1795846644435681
0.6034888920225765
0.17885094850227992
-0.25850172097681395
-0.7538383455937956
-1.081086603453368
-1.0036361967202467
-0.4643434715266265
0.36753262877596005
1.2093258472447372
1.8528908959853407
2.113975970745896
1.8835899373026153
1.4231456874082153
1.1017066952311032
0.8085945097517984
0.20222105872111754
-0.6090800152619065
-1.218392349856772
-1.5207106073742602
-1.6233025666930763
-1.413192986429371
-0.7290928140735559
0.15266135350864168
0.6643840205888345
0.5492783447916383
-0.04831736949221819
-0.8886126280111385
-1.7001253311638498
-2.214974734577676
-2.341693843862055
-2.1575708397145568
-1.6722112614516762
-0.8082107544527936
0.24243067155101342
1.0253265752736338
1.3215929978091163
1.2552406631701087
1.0027484615114817
0.7201693557337806
0.5126897780507146
0.28010852884166704
-0.08439271807866158
-0.35733021211558247
-0.25623866410573054
0.10736110473890047
0.36450266054437
0.29178464867567705
-0.05740823962267533
-0.4483356297912573
-0.5955968370685143
-0.39025821729909205
-0.07618531054263399
-0.0017419994826238716
-0.2701516549906054
-0.7230952034716192
-1.048808726465975
-1.0077904678406555
-0.7254560104215158
-0.5347584138128465
-0.48614921721886156
-0.28549396427236834
0.23545911880891865
0.8111161017439881
1.0390474742473559
0.8983117630327397
0.7837486461725192
0.9614632662631254
1.1897670978588966
1.0005037317604148
0.22586727775761606
-0.7953639982119403
-1.44346944050357
-1.2965147442313205
-0.5235862061020352
0.3171845637621729
0.862738783217411
1.0454644936735806
0.825090813407485
0.21379351951134706
-0.5340936644062324
-0.9610606924303672
-0.703169148775524
0.11601771921562665
0.8141941036067838
0.7520237570853805
-0.007136238834213389
-0.8171389679444748
-1.0963353160356353
-0.8036031859109154
-0.4081098748921306
-0.3536435897256677
-0.5248260268394138
-0.3633595289782863
0.41699662750104255
1.3932099412107088
1.9318651212561575
1.8876567185010829
1.5348432364070634
1.125474360732336
0.6859880331392366
0.1310243404914607
-0.41719977015112675
-0.5664777946297435
-0.09763864115681845
0.6995051867985408
1.354051924579632
1.6462558821681312
1.5331227003700003
0.9935122407294994
0.22568877148806984
-0.32166282186758793
-0.3766037287855595
-0.11658653673952231
0.03919136717402984
-0.1433628443838657
-0.4664287780860175
-0.5425722847601001
-0.31514255204756697
-0.2208616752630599
-0.6659497659651092
-1.3938775598290816
-1.703010354999666
-1.3046607367526677
-0.6286709047581891
-0.28728404391169526
-0.4594040609972743
-0.8096069826065466
-0.9337689780589419
-0.8354534365919363
-0.889857215311482
-1.3020871132734766
-1.7531292100040183
-1.7682259568962735
-1.3105421895999103
-0.6883558107521746
-0.032220543526096955
0.6777815447560828
1.2391751572757168
1.2951045813456195
0.6828259484229757
-0.3864272288139244
-1.427915874494542
-2.0683144255507027
-2.285988163376227
-2.20658682415867
-1.9298205041907586
-1.618359091425323
-1.4107158649372056
-1.192560963181139
-0.7583882634322483
-0.16227151719438196
0.27792221115855487
0.3043060245472393
0.06387239032614662
0.011302261743984025
0.33821817714046165
0.7505752327289007
0.8866462122037523
0.6499350939494107
0.1707102331872143
-0.31562474667815166
-0.6214260045117563
-0.7149481929535169
-0.6436033498337838
-0.41926970228078086
-0.053461955022636336
0.35656490613793385
0.6502715361927175
0.6895003516277193
0.5199278281340103
0.5044528539263626
0.9719339461305432
1.627817172065666
1.7703417871947043
1.1593508791240168
0.2828812998090109
-0.22730527531203365
-0.22881535325691502
-0.10721881440453367
-0.189395660230305
-0.27140456146686975
-9.20005632655752e-5
0.5553243781128214
1.0404293496289128
1.1622764472341758
0.8122285398549918
0.2679897410190931
0.09393434157400707
0.4361012631191489
0.76948723750051
0.6378840458432095
0.23079990539117587
0.02456748943258286
0.1435630219419093
0.27772167153987665
0.169445219674565
-0.033506268298686935
0.00714791935886443
0.3808691511071783
0.8087088354658152
0.9592277777871103
0.7297475539559097
0.14947794308444948
-0.7069080046600176
-1.5557281200552955
-1.9094618108459982
-1.457383967199836
-0.43571302775837273
0.4646876964379997
0.6842847958394347
0.3789235750032219
0.2177102049712203
0.4886887503011334
0.727830787969421
0.3694639440530281
-0.4619996308956547
-1.0685692194764822
-1.015903283334664
-0.518305397192048
-0.0643298487312354
0.0463371261509017
-0.1066696916865756
-0.16052722395987576
0.16397106951228005
0.6756731666403505
0.8554461238935682
0.5600398119397498
0.2350875421867859
0.2160818349898484
0.35307240706638493
0.49936011595965685
0.7375016175433565
0.9893779693678109
0.9495197298880816
0.5025937107060486
-0.1556758668622351
-0.8512426278321247
-1.5975321578662376
-2.2881818613242757
-2.5068019629398193
-1.99543575293364
-1.0684459530123136
-0.2720270340436936
0.10790698141299032
0.08847146968477873
-0.19924275517749857
-0.6081870944012665
-1.0040606870422586
-1.3169197029211928
-1.543818329031785
-1.6973207907865666
-1.7649112762130263
-1.6764142957155366
-1.3268611426581582
-0.7427467504096609
-0.19363666906762886
0.024212582354589857
-0.10239815252213795
-0.25943269862107066
-0.1060829995405231
0.37991997325784194
0.9985646470190277
1.5989524350980915
2.076499999352786
2.3669828005128517
2.5541483652001067
2.751604708886161
2.835579749473016
2.5433503608705634
1.8305595864689288
0.953137578775091
0.25839482816257087
-0.04453724519305476
0.01930886389372195
0.26243601894799967
0.5184472148726075
0.7618069471325769
1.0130919783919068
1.2098137547700905
1.3454061501834862
1.5912878728549924
1.9512687884798958
2.0342643240816387
1.5500436627549727
0.7370502657500692
0.017756641380065073
-0.4672668317807457
-0.7952355927256696
-1.0066595904990667
-1.0788239905729027
-1.036267490249137
-1.0271468236197965
-1.2100155488980637
-1.4714995329098675
-1.4590348051921604
-1.0347722818015181
-0.4854818604776153
-0.2077819251567912
-0.2934178665836984
-0.4591455775240319
-0.35785054505597097
0.10382322572117801
0.7697673843526173
1.44713140842985
1.9804097814188661
2.159343891948938
1.7732512068568917
0.8805480328183487
-0.06483834261401882
-0.574616010245564
-0.6390471345500582
-0.615966261612688
-0.7266702815163341
-0.9347531270551368
-1.0962493393523067
-1.0560590878558518
-0.7749268164974167
-0.4105613519553717
-0.1590395475080528
-0.06190655077035301
-0.06296890855195665
-0.1134416893080863
-0.15611579467567954
-0.2087927025694291
-0.36576468509705284
-0.5832491916364227
-0.717867328184833
-0.7232750642298262
-0.61088164699466
-0.4147526873147837
-0.23050170903803108
-0.1782391014053022
-0.35548678980848014
-0.6994469775577092
-0.8652742041283247
-0.5759249011675599
-0.13111988383962297
-0.058846444574345264
-0.33199321559732153
-0.47563919685877787
-0.24020551071171511
0.19363052648449847
0.486940777551509
0.449786382131307
0.12384093384869435
-0.3196272942978057
-0.6599380125984523
-0.7254105563121978
-0.5252028967550135
-0.17974209454341014
0.26438934520887397
0.8504727894439083
1.5461237256549805
2.0698983708824525
2.0817460560987935
1.632407899607811
1.069953388835889
0.556612027805047
0.10010432850123534
-0.19052780670591557
-0.23598229190110992
-0.0752457201229574
0.29977577583194454
0.8456359995915628
1.1320947873836693
0.5753731485307212
-0.7153059663922031
-1.7900881097449213
-1.912704825429822
-1.3629417922648797
-0.8390118946572287
-0.4884875260981118
-0.053492792580276484
0.41927869047910826
0.6404200211655181
0.5424912571231001
0.2828971143384453
0.00240584904302984
-0.28368446223933474
-0.5917003127193335
-0.8401083944091557
-0.9081119116902606
-0.7560444251373108
-0.4482254233242067
-0.1040390366268972
0.197148947348589
0.45980249180277266
0.6345356950496402
0.5540652337471484
0.18607661412706003
-0.27399864067638613
-0.6569224159522572
-0.8286728466336392
-0.5904578360868907
0.015839384908683935
0.5662989885752026
0.7172848252169733
0.5645784628481657
0.4378025976193987
0.5169763730555373
0.7040929690759355
0.7663224510201209
0.5615474678928363
0.2072055038105049
-0.011899893576580854
0.07292928532842952
0.4717392561841962
1.0832626301395036
1.5595362866972435
1.5389167101837675
1.1094770966991956
0.6242254206416068
0.2542672071891801
-0.011685340132921471
-0.23386964769514068
-0.5032675583181656
-0.8458185918330025
-1.1413353828698567
-1.2193150574601326
-1.0099953582604546
-0.6386550121974884
-0.34931724724233004
-0.30195365212171255
-0.41970347447680717
-0.3874705228985904
-0.010581400863454913
0.4012565473552659
0.3572926264593372
-0.12059574105595025
-0.4943293080814251
-0.3814424162738374
0.08276067239835691
0.5202707615358524
0.7254765252760699
0.7703613654376845
0.7962331056185317
0.831445558493239
0.8800583645348925
1.0587955889847016
1.4653233909204344
1.9481706268369927
2.0998679696037414
1.5538224254162756
0.40460343029347845
-0.7303921860808258
-1.1842697979151529
-0.7985755376191543
-0.08187122097158891
0.26867531583773563
0.09892855238689925
-0.17559550187977677
-0.31509221309450824
-0.5437213168232459
-0.9466764916615542
-1.1013507816301202
-0.5985494273312479
0.28475516226372133
0.7509592169496324
0.37686739948148656
-0.4064004755607253
-0.8333612597280928
-0.594999379676734
0.00441851801290058
0.4976253962009107
0.7305301995625753
0.9341422076352909
1.3430751549731212
1.8376995782867585
2.0713670646047793
1.900986136807946
1.5938979130967517
1.5119260976927669
1.6172255856378461
1.5010305572706137
0.9958748127920594
0.5241372237759752
0.5591129425830983
0.912712899926295
0.9127718912531501
0.22258801404113646
-0.7742001317408844
-1.4474934574920804
-1.5743876816581852
-1.3543409560461317
-1.001712263708127
-0.5954610934124382
-0.19815869058135768
0.09779887213631117
0.2358598509365253
0.2500839208523726
0.2290419357572831
0.18370075824292179
0.007983965122311969
-0.3176645408458156
-0.5861130560385266
-0.5902516417963547
-0.38658080281715684
-0.14136429991391658
0.1464229999923155
0.46375396563343463
0.5248646968515966
0.04028890930377447
-0.894764965882582
-1.799221665131888
-2.109407931358212
-1.6305091649571726
-0.7597740907500714
-0.11325741894606016
0.019789241455113155
-0.19190664834706456
-0.38874191175619205
-0.4106586703277825
-0.45426951472893734
-0.7879853933888834
-1.394726178265322
-1.9333541746629062
-1.9656417348693727
-1.2939713176100844
-0.22905648445511115
0.5673714308924868
0.6989224638398075
0.33135476979080447
-0.19994675763938188
-0.7261375794984594
-1.1708229801270558
-1.3643615860493015
-1.027312585236479
-0.11047047952011745
0.8869955654046281
1.2455769193628425
0.7972576405508577
0.12598345228244365
-0.13031961050028368
0.06606964123442192
0.2874833670682996
0.20551334077715938
-0.16788717495399108
-0.6836189335197193
-1.2058596356916171
-1.579057600805822
-1.7165722009132292
-1.7074945822455472
-1.7293887973403097
-1.906866115807071
-2.163834159385678
-2.2309412886496762
-1.9148579490301234
-1.2652184691817725
-0.510137183393682
0.0881598927603053
0.39853154771018545
0.4642878529018131
0.43698949398921283
0.4481239397191225
0.3940050028164035
0.03905638622031451
-0.544187658990938
-1.0396663225391658
-1.4128424784420062
-1.8486788298632415
-2.2168951629049873
-2.091830291995854
-1.302881223322735
-0.20681081602479182
0.5956736155150065
0.7287044236878901
0.3256194425348763
-0.04002483256875229
0.10624881645706666
0.6120944447656248
0.9737394469771864
0.9463436942769644
0.5740314913358784
0.013992948124795188
-0.40327357995860935
-0.3091823323801769
0.27172389102307454
0.8618482774155563
1.0973244132244848
1.069016852139217
0.8894990242067797
0.4302810011359654
-0.2408442868738921
-0.7515012746990657
-0.9510108426775233
-1.1380416478524766
-1.5976053838541948
-2.1439379323940133
-2.4836555613160125
-2.7168591781329976
-2.9031607229185123
-2.6347898252066515
-1.741545567229575
-0.8721753613152049
-0.7066732383851826
-1.0909506692315947
-1.4016936676640797
-1.272273925315322
-0.6762426063044814
0.2187606116201886
1.073810469890696
1.5891516231086795
1.7358258390819983
1.6257390709050008
1.3243901351314538
0.9481568868511624
0.6830226868140146
0.5278680042646404
0.2633567048590118
-0.1573651645602855
-0.45266887984195997
-0.43896500296260094
-0.31031819425006096
-0.2736176505919371
-0.1974835310718923
0.13506413018431732
0.6575365592972786
1.0956946889763641
1.2335413750638293
1.0238815418456513
0.6094847200770552
0.23775298213916812
0.03731598431888545
-0.06967626867615515
-0.24308957784203622
-0.5821992098099145
-0.9839426487965464
-1.1944939110589716
-1.1649146378960222
-1.0734744604099618
-0.9519471976736079
-0.685483798646622
-0.2914786333822841
0.09626071612152517
0.3790283187553959
0.47413729803501997
0.32604793087080153
0.0070153790714447915
-0.28539778067805166
-0.35271218459185205
-0.2038524451875109
-0.12499675748935458
-0.3813543477443112
-0.8343796792667028
-1.0168271268749691
-0.7169745804919564
-0.31292381183812396
-0.24185840580840434
-0.33757805204536956
-0.12524618391581044
0.4140303776390003
0.8288742318274386
0.8171627147501058
0.5186541773202492
0.2758041024103
0.312579614246631
0.598516226658584
0.9324202371884353
1.1514855009277474
1.2410646995464183
1.2108101335900021
1.0103946303763804
0.7020341372212733
0.42408348747394764
0.10722141576851314
-0.37222711865754315
-0.8273933960657749
-0.8793059817930602
-0.3932343695503409
0.29894848670599466
0.7258849267648508
0.7908943624608725
0.6668033145428377
0.35607172260259057
-0.23175001126098652
-0.91308861624947
-1.2743096194346628
-1.081842935535143
-0.523277394707028
-0.003279134360523935
0.3002253998411211
0.5012435991997769
0.5416408852681627
0.12472664699400365
-0.646045452652902
-1.1698803568541272
-1.1281693187158954
-0.7382961142188668
-0.17647769541953381
0.5536201274699848
1.2022204141893957
1.3878362214157294
1.120843130155906
0.7953408113674505
0.7187095133348094
0.8600932684796795
1.0216373743557357
1.1670436008175238
1.4234260163483015
1.661558239795904
1.428032633539748
0.5815096686386398
-0.35634289821800474
-0.7984777662047083
-0.7448613962309647
-0.5836005667532032
-0.5153800617115021
-0.4084589383425089
-0.12912098773050495
0.18438980699071086
0.30197146857981577
0.24980938188623947
0.32156522203956345
0.6878660615260669
1.1227905202904698
1.3018805827414128
1.197674052705303
0.9897511320747787
0.7665424451578785
0.45339390540053914
-0.044344984953608876
-0.6461111365251268
-1.0182914470111768
-0.8827501476716461
-0.46299783001516737
-0.23592645080722888
-0.2001827025979114
0.06841140633505638
0.6405132871260283
1.099031821123259
1.138883206289091
0.8759268304335401
0.5663600001718516
0.30918603261644323
0.1351816218500789
0.08156275095294059
0.0806405991453611
-0.0009096543848990522
-0.27256176496396406
-0.7391232029228415
-1.160388481345982
-1.1866926734939247
-0.7763420051753256
-0.32842480508066463
-0.30601337111692234
-0.7704267767824299
-1.333126708189487
-1.6170835331492255
-1.6115471390424183
-1.4019275485064746
-0.9081901564481928
-0.19817002896306327
0.2725056969307694
0.05464442699959207
-0.7603306935711013
-1.5389409212485456
-1.654677184741949
-1.0846324524882682
-0.3915846735695095
-0.023688567744478615
0.028244257143237996
-0.22315702508431529
-0.8893492954725831
-1.684282282761747
-1.9529384265390541
-1.444724695585063
-0.5579573186538114
0.21687390716174687
0.7063775926396976
1.0022938398995243
1.224509135704096
1.3487103576442043
1.3329462716236777
1.3019045894612373
1.3874702695052652
1.4976158189201596
1.371732849039231
0.8288932804957698
0.02624594829626609
-0.5336206601530009
-0.4137782440701637
0.28940212135024945
0.9577325337447586
0.9984933615790818
0.41354708021545866
-0.27090931343376284
-0.658766589469144
-0.837471920485487
-1.0471400116139982
-1.3045170471254275
-1.4482347433043954
-1.3490110320702777
-0.9914298688292228
-0.45041948770722784
0.12439029660618185
0.5324044051765494
0.6562140085588092
0.5956885840682404
0.5606465109527959
0.629929003453344
0.746014139094852
0.9318594776367897
1.2730943742507332
1.6621657721531569
1.7921689175971836
1.4605829714239777
0.8414599194030697
0.3749057386552118
0.30021173740757295
0.42536740848155535
0.3884031247708057
-0.018173888969497395
-0.6706864755744206
-1.1253546458454038
-1.027669197329674
-0.5679602244379997
-0.24238845926697433
-0.2299566100087097
-0.36290343329105246
-0.4995767759407898
-0.5802736457293587
-0.5716513472393594
-0.558203966062168
-0.6660832621606426
-0.8330044925363977
-0.8630910091376007
-0.6891773906789246
-0.3943230121755442
-0.05302119338373767
0.31522978224505427
0.6835584848016488
0.9184509082226688
0.8260906647788716
0.40452132982944894
-0.13219274588518048
-0.6556495857350233
-1.2067040770453552
-1.690666927508647
-1.7705435134374008
-1.315960698895134
-0.6701650584583572
-0.23407713495976917
-0.10926195606821879
-0.20075529417495183
-0.3182313913092923
-0.2785877582924033
-0.17147097530553845
-0.20005673288069997
-0.24633197783375096
-0.038619696182056594
0.3948700558381275
0.7839927187393965
0.9975584467808465
1.1098598392223151
1.2163285195738414
1.372340038187985
1.5270648523878447
1.489411515643471
1.1969552944426625
0.9139814332566611
1.0047536896132128
1.5984566106589844
2.4886114858096056
3.3187092782454624
3.769448354889373
3.6078934526143214
2.790689870294497
1.5211653689990972
0.18891640478679406
-0.7336600209058296
-0.9725026003428667
