1025
1.413644516508129
1.3575714355646573
1.2325038886614577
0.8112064627997972
0.2635298481761589
0.05056235624231415
0.2516073262199323
0.4613531923385699
0.37840617768533635
0.095563852514625
-0.03426947067922268
0.27982751267305905
0.8481202475583356
1.1832964472418885
1.1903731811493268
1.194977696615582
1.337486123817303
1.3674396663720438
1.0064017563984093
0.3091885808944279
-0.33592569491677643
-0.6321713979311433
-0.7486930349518477
-0.9591105791046083
-1.14710739664297
-1.084697704755721
-0.8370724761188141
-0.647202804579968
-0.6876815305352874
-0.8932193504123562
-0.9924057654342021
-0.8762162038586234
-0.742848909288355
-0.78982950010743
-0.9949606361057761
-1.139313582725143
-0.9527081936136147
-0.3487671625690164
0.47870362840684333
1.2422617693870222
1.7059503903373248
1.7495468704363646
1.5166204966696593
1.2244271865193486
0.839125804082399
0.2910517317225056
-0.3059520032899153
-0.9161977423141504
-1.6344959223709306
-2.325994485100744
-2.5736306609744934
-2.1074374887193654
-1.1943646016114005
-0.4890552073409355
-0.3710739307701744
-0.6249869008187399
-0.8679892871157985
-0.9244746154732629
-0.7665453752801483
-0.46901725086232404
-0.186068735927841
0.018337979279895944
0.23365103373038515
0.5634361838709162
1.0162618736888398
1.5207128591897987
1.8824488327922941
1.8438361089384612
1.4024230762055334
0.8651018564490393
0.5049157765146756
0.36456517159672047
0.3259698207680159
0.2821772059050375
0.24749940139424767
0.1164013833553722
-0.39441932541389496
-1.19975186956445
-1.7847041214606645
-1.872326625752701
-1.6512117702749922
-1.411177373274021
-1.2248365874699703
-0.9156985913204708
-0.3503010162117528
0.2691282973723076
0.5877894306144081
0.5030333128232959
0.2436758714262219
0.07952206497707712
0.04352500148790978
0.01448854812845049
-0.11253426043481028
-0.42520457797330363
-0.8767803635191126
-1.1739741422030636
-1.0298959498648226
-0.44168319541651296
0.4017754858530528
1.2655886269284367
1.7881381221097201
1.5929088161907299
0.7657499995599489
-0.11470817688493194
-0.6477329235417267
-0.9259712161646748
-1.1729677767464515
-1.5206967103327285
-1.9886676447349299
-2.397045391814246
-2.5861533838996005
-2.674412843130359
-2.7724196106290644
-2.6960499961712796
-2.174326785026136
-1.1612554082398003
0.006056540495986375
0.7302355201368901
0.6827136878892366
0.18554422510805413
-0.14580512573107318
-0.008959048298522603
0.49423156287646053
1.0765257019935588
1.4180888246560779
1.3916335961129924
1.143339978475646
0.7850396497737467
0.20305439662470345
-0.6140011787052095
-1.325297051096141
-1.6276680024860157
-1.61822103902553
-1.539941058602154
-1.477888303191735
-1.3937146604707449
-1.1692461391125866
-0.7209726205820169
-0.24926040507423033
-0.08995662093310527
-0.30808707858209033
-0.7070427830864539
-1.0491227733116282
-1.1532250387311407
-0.9946398837855147
-0.621668754247102
-0.007464488316867659
0.7741350498225068
1.4393699075532485
1.708657981628568
1.4381589511216233
0.7011817581900626
-0.11700705634359576
-0.6342552945316967
-0.8596040503036761
-0.9967697526943082
-1.1202242295758027
-1.239028300646387
-1.3270910854460631
-1.223617268058159
-0.8341204406434044
-0.31106614396867494
0.11340958081010444
0.2696824479949335
0.14163281370436942
-0.035664471128948626
0.007825817806385641
0.24111030406327408
0.3757573763231987
0.21059006988886425
-0.1771430059505487
-0.6225948976639057
-1.0723214581379978
-1.4949557338488466
-1.7733621271302311
-1.811948241288121
-1.6960058658679094
-1.4967883049674342
-1.0458032420297165
-0.25862681214607025
0.5327756841216432
0.8576550935825128
0.6335297851889661
0.2500424913290021
0.09319580861762454
0.1253308892761645
0.040730931780011935
-0.2436068397381218
-0.4545422985736815
-0.3253391497433591
0.08641398401630325
0.42362247955317556
0.4000473853622576
0.16073204934812407
0.046564198936006454
0.1469820367046834
0.340469508760565
0.42457096709788456
0.10131057722659886
-0.7022951668100388
-1.5682843604379448
-2.0445376961706705
-2.171049035652185
-2.163204785896924
-1.8865810711737632
-1.1414354998114213
-0.19819230291667853
0.3641115673936904
0.3182986803280274
0.08462702058846457
0.22882727660450078
0.8159366005924534
1.420798327864086
1.633942965655365
1.4048511914934292
0.9104184425522062
0.2914396135305638
-0.3619691238345171
-0.9287176800663159
-1.2629128597166717
-1.2421274936209303
-0.8308504658363527
-0.15424658147244347
0.48670537750030773
0.7497037209951004
0.48124881991844626
-0.1450620745249947
-0.6937886595964292
-0.7585117252830242
-0.27498066402389926
0.4592655151684529
1.0487428747525664
1.2761993625060926
1.194929737530889
1.0285561082321073
0.8605952407400207
0.5469329911643428
0.16847031860689157
0.058917581763117684
0.18866351802031223
0.14959660229166388
-0.25676103697547237
-0.864483265381483
-1.3253797186193912
-1.2249695137164451
-0.5050577774154655
0.2500855696776714
0.5040054228653073
0.3580526863281626
0.06989771033411318
-0.3032756873924656
-0.6198531091082338
-0.6783288155427337
-0.4973795930021532
-0.1962365911888688
0.23147028646976725
0.8208264892452889
1.42696260267193
1.7478708153879416
1.6393421037527467
1.2656520672634852
0.7946246252508343
0.22538771709506752
-0.2676809005590732
-0.24417917091839608
0.36990226457742553
0.9800710128692175
0.9663987172602868
0.2185086369437248
-0.9939608142343609
-2.156989302889617
-2.6310197246194207
-2.1540236137414674
-1.1549807052346708
-0.2920722314109601
0.11086484933265225
0.024505900848960403
-0.4220278090636142
-0.8368299435691613
-0.8300232924528693
-0.4931579323450539
-0.21918992140950436
-0.18899044058337638
-0.3432514966177413
-0.6080903828759657
-0.8827965520062148
-0.9779752523367191
-0.822008177858163
-0.6153811695951091
-0.5328696243072669
-0.439376466429718
-0.12956035372275335
0.32701503290291745
0.7317079874656861
1.0225053811237035
1.0979928958378418
0.7732245853234906
0.1622005952099934
-0.28370102572879
-0.23450450331311704
0.2218721631300839
0.7106698310443402
0.8672728472091121
0.5334023456816591
-0.18360098470710057
-0.8590132578469204
-0.956995910129116
-0.448250284451789
0.10710840340743553
0.35038928159474575
0.41031855947592744
0.3122772878016084
-0.11281017985254482
-0.6906178044128165
-0.9813857692825884
-0.8754154427281126
-0.6233570718355513
-0.4015737689426194
-0.2564295842351944
-0.36266321659887385
-0.886133910381465
-1.604371876913542
-2.034952378751827
-1.9437160934793225
-1.4982520619402517
-1.00607219620647
-0.7025060701881297
-0.6693587760947582
-0.7646214584632106
-0.6794177987131386
-0.2911674268565399
0.13125955553194743
0.3674971863747141
0.5742232382577293
0.9165146951692367
1.2959178071166966
1.54348790171494
1.5182244092935966
1.1055615199777546
0.40995741339042
-0.19462437529904422
-0.32627828507172735
0.15717410359342893
0.993988584959641
1.5992077241858684
1.627393579372218
1.2817355646680029
0.8221614729124291
0.27535375286576763
-0.25067122459096247
-0.5145365898496229
-0.335014805312831
0.3029404206835635
1.141762562633005
1.7919699695822149
2.016343937896416
1.7572057388370586
1.067905990545198
0.1781357111801179
-0.4935720627317183
-0.6361865986054318
-0.37698447905124693
-0.09741040444352417
0.03320339311309545
0.1341630165065855
0.34587441093360044
0.644321651272724
0.889119493522606
0.9910253535720117
0.9483333873015868
0.7796338355534678
0.5584660321297888
0.48219498901229774
0.7714093418676069
1.3971582385673758
2.005507095358694
2.2071546834605913
1.8293016416344374
0.9888415445102934
0.1440317781415424
-0.1478143602197591
0.2155104809904752
0.793434039581398
1.1605388966740147
1.273607059032463
1.2162624618812077
0.8578492881451796
0.008937467095760493
-1.1893065515829626
-2.2166568042618917
-2.6189813248294733
-2.461582614083684
-2.158449467468164
-1.988806415090927
-1.9066089021039594
-1.6208579848035263
-0.920436706389706
-0.07676932876702935
0.3274476943299281
0.04457419957120398
-0.6392396696040075
-1.2301063729782828
-1.3544533945873078
-0.9926153052232292
-0.4762392014351943
-0.12825701152073612
-0.040017592308415784
-0.20291160436483607
-0.5240820306640966
-0.7315831930102388
-0.601937097741714
-0.24712960695367386
-0.02127594779656702
-0.26230475347079396
-1.029012082635157
-1.9247355236325498
-2.3569204162085233
-2.069935245258633
-1.318240198195563
-0.5647253918351726
-0.13085723630217846
0.0018410235567499272
0.14430261771978095
0.50728774948808
0.8901472121626688
0.9081235988582405
0.44732010832516467
-0.2843075359920155
-1.0075448203863435
-1.4155056716170344
-1.2793383601975865
-0.7618646708896222
-0.2859504969818795
-0.055745943149550434
-0.037474827572709195
-0.26002231645553253
-0.7425708207733639
-1.2764115211162137
-1.5827044718205052
-1.5534447555280988
-1.2896549774592072
-1.0358007229211894
-0.9890646791833887
-1.1383621616534474
-1.2867142315590459
-1.1364172503631291
-0.5739134125034508
0.013982782187957645
0.1527892293420254
-0.025094874987786342
-0.08346805674803034
-0.036441547085302534
-0.14550119498632816
-0.25944230070747304
-0.026538986011298688
0.4604358993158808
0.7686138949347978
0.6635459326190194
0.306843384704346
0.12575809119963954
0.41466418675721145
0.9575829154097233
1.2647862696693493
1.1447874466589816
0.8048172960575171
0.4846941733163434
0.24826036290477543
0.11443302850199333
0.17161679149799863
0.46377933896856477
0.833229457594106
0.9891443569353366
0.7716258477489213
0.241198830055294
-0.44968965258473065
-1.058069570671534
-1.3218460348286238
-1.2630390934795852
-1.175225044436652
-1.2578741527123531
-1.447510037618361
-1.5500805752611144
-1.460464074180818
-1.1987640738416672
-0.8048594241670494
-0.3961246747986545
-0.13060741334978956
0.006020109681094079
0.03425567439019606
-0.2666570444190534
-0.9657934945773059
-1.570158223105876
-1.5577925394562016
-1.1146512577019814
-0.8069835297088158
-0.7443455833428051
-0.5919146015389973
-0.257479497578692
-0.05639022689096305
-0.25020517446291407
-0.7559394624547767
-1.248832615412134
-1.498995190646134
-1.5262064897989023
-1.2823535927474223
-0.5839691121387947
0.45995206355997337
1.4211575347005583
2.0377079025928726
2.3480448624991865
2.3004610780899006
1.6646769039423184
0.49209157598542647
-0.7677780420493923
-1.7071765537697847
-2.129929497062758
-1.93091006223471
-1.2194824562828137
-0.3928054616947632
0.16558621002918586
0.33395251105520096
0.16995870931125254
-0.1478990363286175
-0.21438927877619052
0.3546817490254196
1.3672519889112438
2.1353107765491868
2.205887867368435
1.7384012084134655
1.2494628587479941
1.1672485455507873
1.5029387358554198
1.7884434953409358
1.440302849635618
0.42655622524925163
-0.5602587913078966
-0.8624257172238999
-0.5018751730457635
0.11620535054858519
0.6237089941519218
0.7000053917531087
0.2368500495111548
-0.49073204699158685
-1.1320070819550982
-1.5036900103361535
-1.498617838874118
-1.2087690654976844
-1.0304196437755873
-1.205846352691766
-1.4700909473584862
-1.4527975259637875
-1.1348128714328938
-0.6938944873609221
-0.22613023170132593
0.15477305579892053
0.2031088126460129
-0.16860557256142789
-0.6356181083817903
-0.8344933837810188
-0.8276498943322066
-0.8713787781942987
-0.9486259091150387
-0.879977585562377
-0.7120272213301316
-0.6854618792139116
-0.9083529217484657
-1.300268759904338
-1.7907364564163215
-2.3374613442926715
-2.8538566520180484
-3.256545246209647
-3.422168961681376
-3.2447563552647036
-2.8779082471397133
-2.5367960944683947
-2.1045667831560717
-1.3672947914924989
-0.41927537510758095
0.4871012532057819
1.1796354327800793
1.5105808041659219
1.3348561199669655
0.6463640637331733
-0.25811940146233897
-0.9300160918553598
-1.231508448143071
-1.3568039938646252
-1.386333373945659
-1.2567917361603644
-1.1070811424426583
-1.149861511677221
-1.2406665023923513
-0.9733159601577304
-0.18005622995288148
0.8245927609185278
1.4917413420385142
1.5146579545656862
1.0109505594353632
0.29437660845294455
-0.3401734111075588
-0.6536205557304069
-0.5773233332017544
-0.33556206631795826
-0.17730536276395958
-0.044280832027448445
0.21749786912566543
0.536124550305272
0.681594161487731
0.48268287476933786
0.06442870282153734
-0.14402356299251184
0.07033932272005992
0.3949695837229127
0.5356787833754697
0.6601194401548053
0.9746758689024895
1.277651241914927
1.2099198536104026
0.7359754137156056
0.1246807701285275
-0.44297136106844587
-0.9172972289137288
-1.145692323667561
-0.9776032822326821
-0.5381341592423081
-0.11436449856031711
0.13094852963374243
0.17353968925998906
0.017498320371988292
-0.25717805937966787
-0.3908997497719254
-0.10846469010110857
0.5759571620141387
1.4074224849255348
2.183493416784396
2.7803544778023697
2.9488118308575486
2.396606481428986
1.237458444459549
0.125647042392404
-0.29700482833929753
-0.03498567199414045
0.3335811059149118
0.39403413816898586
0.34766329169754107
0.5840600446822076
1.085331598343693
1.5036078629930687
1.6052600151867626
1.41139677762403
1.0438586727735737
0.6420457433430716
0.40929418203342843
0.5725733698783815
1.153773836547003
1.8217147978545818
2.136012024549352
1.9747667341397723
1.6074231957981613
1.30161346710553
1.0211652974287349
0.6124812117544555
0.09964363364558451
-0.29452180311979304
-0.3482553594521258
-0.1182144219943529
0.02277164690562087
-0.2043916997103636
-0.6315000805124551
-0.8909160621996043
-0.8676503502651155
-0.6838470521246934
-0.4542224591407351
-0.268357375234433
-0.08648396069057918
0.34586423651436404
1.0702476586179275
1.6530071261502257
1.6579442608752453
1.0275296314696196
-0.02970691302558675
-1.0492019890503572
-1.4094675363043994
-0.9617854723882747
-0.22130827665002978
0.34993493039938206
0.7476733823812579
1.058660281046407
1.1393059464929571
0.798912487558287
0.1681533553064514
-0.3391152862041506
-0.46216191314728217
-0.24682022858811398
0.196948630078094
0.724124485252728
1.0179572553230218
0.8442389322672644
0.3569385447864862
-0.11432427017533492
-0.46350887849904926
-0.8363115643119501
-1.2961339534452991
-1.6577617206526551
-1.7119456361746686
-1.4185135818019017
-0.8786815582630014
-0.3103277338009207
-0.0391154735997849
-0.28513162549233845
-0.8722060193610613
-1.421457953564923
-1.8099055175232168
-2.098904043237954
-2.2201150031846963
-2.0479701156505907
-1.5782434712146798
-0.9360238165251679
-0.38689863090462706
-0.28141183427268984
-0.7424802451934635
-1.4557832309454513
-2.0299783012117074
-2.3879520843308715
-2.578556779778342
-2.5716559694104864
-2.369465978581563
-1.9812165964395188
-1.387921406266007
-0.684285582518321
-0.009438941260852714
0.571626647718568
0.9397204686767925
0.936844287961052
0.5986555223456305
0.16198354183227429
-0.18087061896041928
-0.4393438271623911
-0.7198381117256343
-0.994582877120014
-1.0802135893139366
-0.8473597858995969
-0.3174631292397585
0.3639286918371128
0.9075860492359314
1.0284567813440524
0.7250001595686244
0.20509745714413183
-0.38390585090128937
-0.957666600084982
-1.3484941585712167
-1.336713314153669
-0.9563017300122957
-0.5346269171184277
-0.16240772429665556
0.3800785359324445
0.9964914875200405
1.27714807442044
1.0951174459148623
0.6672213382525515
0.24584967731796575
0.0005814007676150318
-0.06713558511744139
-0.1885014843313992
-0.5192645314854089
-0.7687526002647244
-0.5206457733803993
0.16447667046034287
0.8415302299185393
1.1817302318065646
1.22237517198387
1.244909694780699
1.3429277047954455
1.270569463642749
0.8704313351546097
0.3444577917843178
-0.019234197221510138
-0.15632383886518075
-0.18307587131064224
-0.16162933767010831
-0.04963493822876857
0.10630729492141525
0.1021919166236174
-0.16173308625478414
-0.4649446207218017
-0.47173366366590386
-0.07072980780365766
0.5819823919208337
1.2342332636018192
1.6921785997982783
1.8771478055306443
1.778254751821571
1.4152970708750012
0.8154268182496134
0.0021327526659582776
-0.8762650520315026
-1.4789772593142416
-1.5099945389420641
-1.0968406701723434
-0.8349095088225599
-1.1604067493063759
-1.7601753790538477
-1.955168675318925
-1.4700909684164085
-0.5521223499875569
0.3658427394820214
0.9171276142465867
0.9755692694808851
0.7455784604971667
0.5462846980260914
0.4116024733345047
0.09305546814249915
-0.46733568405138315
-0.9054218982717671
-0.8296945174832518
-0.3104295869407544
0.2853171725466947
0.72768731598793
0.8977588874579446
0.7152050042143708
0.3242695491431257
0.07738680468391597
0.20945177875300816
0.5620409384454177
0.6367790321245862
0.0789144648567257
-0.8393528743929037
-1.4823486486946995
-1.5779165713394545
-1.374985433410981
-1.1626423045874796
-0.9525251123005316
-0.620326633230941
-0.18594733215579642
0.1343455002070723
0.1483309744780425
-0.14999025219642995
-0.5895585846368694
-0.9085772122725091
-0.9679950659361949
-0.833014288723292
-0.6011323186872326
-0.32024097027880893
0.0535085932679377
0.6015893786351981
1.1267406759861553
1.1914939081621032
0.6378117616581309
-0.23237268388471302
-0.9809708459192579
-1.3421339263786731
-1.2954176825002648
-0.9939651780877495
-0.6480038172251174
-0.42814172491516217
-0.3238208350014795
-0.10064044108404213
0.3475499846320164
0.692905619984417
0.5190400928632646
-0.1341146733182696
-0.79236988528057
-1.02187228283841
-0.7662019303524016
-0.30649367667978705
0.06306381131740865
0.33508419182593174
0.7111650925840339
1.2077119604246207
1.4992906537221384
1.329682579390392
0.8777116011685981
0.44598547251583043
-0.04553381091283866
-0.9354212654861583
-2.154066372450593
-2.993259801272005
-2.7745308295355207
-1.5688454649375858
-0.1119309546242576
0.8624227915091205
1.1080041155369444
0.8124512009116117
0.3241102633480533
-0.0689312513002263
-0.3289407548094609
-0.586369300671405
-0.7824846610281253
-0.6656381196631186
-0.15989467594660361
0.5397828663647349
1.134646553071684
1.3804046804052654
1.2776685594843569
1.0925408509462482
1.0380903053442345
1.0646343456503535
1.0037998509208903
0.7538412091908824
0.3435097874210727
-0.13020031498604173
-0.5693045165998731
-0.8589121950167647
-0.9151224171577199
-0.7219757028838504
-0.2794540769218222
0.30752175019826633
0.7860351012144485
0.9839084859103465
0.8844308055543227
0.476950720518088
-0.1613712139332873
-0.6706637432407109
-0.5913416461184426
0.13429756045161384
0.9423686291740891
1.094776671647469
0.3818419922430478
-0.7090766626893488
-1.4971109340934914
-1.6128637069123195
-1.104021611890252
-0.3595778039131779
0.08167252657320419
-0.10648314392443117
-0.7724270995471989
-1.4545645758106331
-1.8813431744813318
-2.1259996870768494
-2.2403492278613384
-2.1576306223837163
-1.9258526702086203
-1.6790836107409262
-1.4913411072201574
-1.368835855151455
-1.2440876302036188
-0.9894407752762135
-0.5591131682942346
-0.08815605703762121
0.2552185124229653
0.4972076882722624
0.7602410762053738
0.9911259321973852
1.0310698634914481
0.8240564831332589
0.4324074846335736
0.009152353640674135
-0.26354049943590424
-0.3055636015884273
-0.1996402453982126
-0.12347932165967644
-0.15587366256114793
-0.12163641820377864
0.13908379749123165
0.42374457288476874
0.42362972686428724
0.12601261300549105
-0.22414657859750597
-0.3435409811537345
-0.06404259937913172
0.5578969847983348
1.2563615434532587
1.735865255108542
1.8046866680081985
1.382587486618389
0.5204544947921121
-0.5831413297605902
-1.6334475649084979
-2.3227925430411833
-2.412993184576467
-1.8531344621205703
-0.9196783350183617
-0.11997274907225987
0.23607330897064538
0.2849400990641249
0.31401053063390866
0.39243129787112085
0.44811905156267856
0.5200219355527907
0.7002748933559403
0.925022799774914
1.0657094835833156
1.1810704841390562
1.3913567301271963
1.5620051504639196
1.4918536689432507
1.2714429718330003
1.0487111770675237
0.6972461566871025
0.0701447198181551
-0.6444357516015257
-0.988177727404149
-0.5840116877495639
0.4373330613534857
1.4008174877643063
1.7057358252568122
1.3467237489779982
0.7439870235841359
0.32964639539819607
0.3334540336849172
0.7198921094068529
1.2856612988066813
1.8941757042871923
2.475863354737738
2.7563130390176545
2.343069045830101
1.3339623959650049
0.42434819941869556
0.07630148961933486
0.05010719937628163
-0.024211559471026288
-0.09600964191748956
0.09266124666661885
0.4892283547013299
0.6654458794079474
0.3483874174035253
-0.24581072379206195
-0.7509892938100171
-0.98037638061057
-0.8652562825224442
-0.3930676904000989
0.3760486168334375
1.2445299326559252
1.8328805956811727
1.8697134290638575
