1025
0.08636673553531632
-0.03215017782862311
-0.014358756123005505
-0.20679525387135497
-0.6347815440560479
-0.8890654684884357
-0.6448015832026579
-0.050362517532448366
0.4985521350733391
0.7629687433859399
0.8023296516712024
0.821371740617986
0.866657812850739
0.8143724626267356
0.6616477780737832
0.597016029021738
0.8086671267411661
1.3153042123361658
1.9212988201147998
2.3010891085258725
2.146914698169508
1.3975531721530892
0.4321908492243591
-0.19901661327055692
-0.34180669679615683
-0.29865139059672663
-0.3687948846279865
-0.5764052464737195
-0.7993185568196536
-0.975863246699606
-1.1309286607973221
-1.245612225001274
-1.2042501376115922
-0.9054735020078133
-0.39263345514650655
0.0920499328481107
0.23845507485847642
-0.0444928548092972
-0.5240528245814138
-0.8987298710701607
-1.0771145495434449
-1.0822991731953568
-0.8245630735961844
-0.24422690961860738
0.4205912773090181
0.8389097587471794
0.9916539770091698
1.0849907656597484
1.2013408156051264
1.240873623918531
1.0100594079157457
0.373698833446447
-0.46575065895462714
-1.0405701805933973
-1.156214956236566
-1.0527863685593375
-0.8974454483200034
-0.5394153287019979
0.1131484567815654
0.8497049389512302
1.333638919501277
1.3770491156053264
1.1018783269397678
0.8418475519724948
0.7749157458861875
0.7533750561461354
0.6610860759332345
0.6580750443026488
0.8927133137925429
1.3018982610248555
1.716384326526058
1.8932173480924537
1.59548168981995
0.879067860394508
0.15633899541369503
-0.2245352855423504
-0.36298324778170465
-0.5103553306999
-0.5423806968895386
-0.13647463939810583
0.6373389191600022
1.212104967600712
1.0615991303290633
0.27036651560380365
-0.5933264182440082
-1.0617148046499691
-1.0550486345368364
-0.84624815185887
-0.7625771683739943
-0.7492093399455629
-0.5259570446549224
-0.16890754010145917
0.05219658356908518
0.2723290357063156
0.7605163507705305
1.273453316524922
1.314166054974661
0.8689156887820687
0.43755188152590146
0.36033038245996424
0.3983204847788844
0.08583205281666662
-0.6256496605822442
-1.2549058277431986
-1.3381651677594002
-0.8995617278500055
-0.3359993618515549
-0.002592312014464383
0.021143852155222895
-0.15831605572834334
-0.4402716426812453
-0.7788813809115674
-1.0613682597332996
-1.0911205354971703
-0.8171125438167299
-0.38357881725526644
0.07375280520364164
0.4307158702849453
0.4922689570855067
0.18252585685562797
-0.20394150022747942
-0.13014379075687854
0.6217111779877438
1.6478483910132675
2.3931883447031392
2.648124592152614
2.421966126984862
1.798757918300054
1.0903605455198084
0.627128499195262
0.3548580537441047
0.07712409312609841
-0.14104655199638266
-0.15661925333913004
-0.02486729681097776
0.0307952486915753
-0.2232246476035872
-0.7361146730829181
-1.0341681144169312
-0.7477502161612088
-0.18548615957826736
0.08645829941818566
-0.027082268925316365
-0.2997864592873088
-0.6002554056011666
-0.7942565370733126
-0.7286517187735374
-0.5606620307101293
-0.6324147830660598
-0.9095840533786496
-1.057674318775768
-0.9653170575135894
-0.7044321404639761
-0.22581319336651223
0.5513879715928108
1.4627936571780173
2.0364259301086336
1.852456752948139
1.0983542993725763
0.4717770784510643
0.3432411888223572
0.4007823353433548
0.2958006288704524
0.15054089374017496
0.1791608915657468
0.31068425138230993
0.3835231441416703
0.2781065011037447
-0.10792706527820821
-0.6312263436442516
-0.85636218477658
-0.4900214410290863
0.27968522939048945
0.9017312459673507
0.9490097647912231
0.5126837164142048
0.006797502235656787
-0.29179562125092834
-0.38673417340671024
-0.43671229278785445
-0.5592994149678
-0.6843669732849844
-0.6841915503686644
-0.5988381567908864
-0.5537376630870247
-0.5830036823679852
-0.7088504982770327
-0.951321544305249
-1.073498239262588
-0.6699148636891117
0.2704807030711832
1.1666753989167558
1.4138517023086812
1.0409318203996507
0.6269120386946728
0.5452192402720109
0.557066441987763
0.33632701132081855
0.06462378614428245
0.1675793606970309
0.6082524231128679
0.8091496121710928
0.3453420001914443
-0.5385537885233198
-1.2719641591417141
-1.617311002313837
-1.7145320485632907
-1.7056404682510748
-1.5986302765015004
-1.375333623122372
-1.1167016788225226
-0.957546665755501
-0.8820815907862145
-0.7270451070099702
-0.43319222148397163
-0.17238013721898546
-0.16315652748126971
-0.3535112590503496
-0.4235907269537611
-0.17298128178852526
0.20457773679250477
0.26477356918354683
-0.2824380182135459
-1.297315308644229
-2.290258031409878
-2.7117254681253136
-2.2646934639587157
-1.0729944326819647
0.4068939129323993
1.6018073216143092
2.0830212313197474
1.787556644379971
0.9973885703270081
0.16223544894785472
-0.28775436219424533
-0.23412735035664037
-0.02695560568806037
-0.0900535568954212
-0.4065743362054654
-0.6679771770614267
-0.7458327428404834
-0.679101162071747
-0.5061284191306222
-0.38735322789698523
-0.46929652220005663
-0.5694469124954458
-0.41186378808012575
-0.011114249515092463
0.44307589107601925
0.7918121383535643
0.8584138081619137
0.5500976309739273
0.08381223997046387
-0.16335948788452961
-0.009735979737953416
0.42983467123317015
0.8890861740775283
1.086694707588651
0.8681285995694891
0.46338070285088945
0.36577871501691556
0.6115996939923942
0.6346705404973738
0.2164065397211
-0.12782477111592094
-0.02709150923125002
0.2568275721043484
0.37842333708618864
0.3528904677082358
0.33004438456050755
0.23972411466371138
-0.07240503791223338
-0.4541043875519555
-0.583014760330014
-0.3889723647065021
-0.0257380578211071
0.32686840679782686
0.4863933773876614
0.3430523573762951
-0.06693473287364897
-0.6250068416257532
-1.1562286384660405
-1.4639155091926592
-1.4854978673455506
-1.3429810880451052
-1.2475346072752047
-1.4788205342425558
-2.2235747668989347
-3.1698926855569214
-3.5882623937957216
-3.102449608974885
-2.114301110587638
-1.2615314598847203
-0.7966930590237535
-0.6677818316921258
-0.7422116661222303
-0.7984000169964951
-0.5799790880110313
0.04093412219919706
0.8724385506501056
1.3846165869056246
1.1754875718894768
0.502373751293543
0.02756021338907984
0.028976241193347765
0.15868828081923966
0.0436101514804165
-0.1080973344188457
0.16446338026117005
0.7569976545936011
1.0280232040947872
0.6773803620703102
0.11549088617709549
-0.19495336150980477
-0.27010547419161307
-0.3050432329420109
-0.41136262249210637
-0.7453173421677843
-1.3491971759393278
-1.8760858177608726
-1.900077259273724
-1.4138843876121765
-0.7758277105516761
-0.32212572178604343
-0.12842252524425354
-0.021401016453983335
0.18435586341753715
0.4248003051900204
0.47707125134795825
0.3343044051873122
0.24827067133354316
0.33249284720383626
0.4025868158438359
0.2998789961530869
0.16810116921533563
0.2803090334506233
0.6287883657801063
0.882872716435823
0.8258839041854678
0.5175501681493777
0.051780137109950816
-0.43001258043731067
-0.6932077734876265
-0.6759932185680578
-0.48399199116614633
-0.14072809767607208
0.3331132361625113
0.8246072623028429
1.2451487276803581
1.4841384841611776
1.3657573251557231
0.9316501638695721
0.5877101601559251
0.7084257419458991
1.1996990635536469
1.5652573960606135
1.3628348335792386
0.6199800176301076
-0.19357322657958279
-0.6539964620445294
-0.8223757767598359
-1.125148655599837
-1.7604497524422682
-2.3199343847842777
-2.157682867393333
-1.1721517357188547
0.01494001266244705
0.7556202378832442
0.9258114441832629
0.7600301333129279
0.4838867167797204
0.21132596954038907
-0.02018386277419867
-0.21588465232840617
-0.28061228714028374
-0.04879728880156307
0.40697489284675253
0.7572327708560017
0.7147137962681719
0.25357080787353814
-0.3544431115756646
-0.7769660816967152
-0.9101695155368262
-0.8617801001815011
-0.7706786598414724
-0.6821954056370889
-0.47588174617223894
0.031244354505897343
0.802191724059136
1.4555380791855284
1.4873314415465044
0.6748202246352676
-0.5806158930981088
-1.3929972234895065
-1.1878653965781611
-0.27583108859855654
0.5195885840808254
0.6326477824985318
0.08802961163601863
-0.6933512517204796
-1.1921571590225508
-1.0760170317665758
-0.43072071474903617
0.31347409509383845
0.7050515557593681
0.5794135596128877
0.22087828281262728
0.18674976762091733
0.6856550609853151
1.200221158513801
1.1242418663221092
0.5767842000386332
0.13738854092901598
0.11060250669190452
0.4307391951618276
0.8880595486681033
1.1583937429021658
0.9821047685155537
0.5358522927273082
0.3402815331026603
0.6603888895582856
1.2088965308120054
1.504425271748263
1.3807583705828967
1.0440337381708653
0.6994942714053878
0.36162744279397147
0.042466365673071424
-0.1945386262788107
-0.38742824683562044
-0.6032892345805487
-0.7440660614995294
-0.6514170710271757
-0.380294308632773
-0.11108198079976994
0.1571936866430722
0.5046371155450188
0.7906244072639887
0.789327314639109
0.5459950670550947
0.3068217032348757
0.14813563430705398
-0.06943990280132868
-0.4052557509439083
-0.709618436449887
-0.8337823193860621
-0.8206152921290597
-0.7762343030220198
-0.6310687126702172
-0.21284392320874135
0.42489031269344996
0.9664994926015976
1.1179813206598161
0.7413397114619676
-0.12003807975283219
-1.1690819437753401
-1.943494534305081
-2.081990377350142
-1.508608119402575
-0.4888008224085139
0.4018889762932315
0.6553880033029612
0.4153678024991637
0.3855947586494641
0.9458489184697494
1.662272672432424
1.8700894587998245
1.4235243230727395
0.6945595292077686
0.0792131844465143
-0.39869859303060234
-0.9862212056781419
-1.677458342883839
-2.054891331644018
-1.8315778058983563
-1.2768077702406955
-0.8600869512753897
-0.6968951884974298
-0.610534151493554
-0.545094579976446
-0.6255134307012878
-0.8512729815623872
-0.9814370448960111
-0.8200879062421601
-0.40656992226893013
0.1282576732784216
0.6729397266069141
1.1142525627685946
1.3403615148693349
1.2804491234053343
0.9395312576563053
0.39898102877473635
-0.19488988550203498
-0.7250841776223398
-1.1442802457551795
-1.297011483537092
-1.023850682550362
-0.5095726077180563
-0.11067659084854516
0.0588959332861227
0.17287339421666967
0.4770925081470973
1.0123397390428053
1.5586485367464165
1.8744890379455819
1.873305909365989
1.601375387898005
1.1691522351392971
0.7373993095398302
0.4710712927050557
0.34161211849442186
0.0815008874216531
-0.4273467257221219
-0.8640056455264318
-0.7993920543141945
-0.2497646068930702
0.2538649874181748
0.23890504115466984
-0.18268962600839178
-0.5276882233646668
-0.490030181106459
-0.13733931779089464
0.21565037222850728
0.3007034876941846
0.15345614097987684
-0.12691633038164865
-0.6744896307838533
-1.4801588307379463
-2.094660899742776
-2.0588747083960786
-1.3827278915788555
-0.5763806610119149
-0.24404428380089838
-0.4503761610104073
-0.6426033215942744
-0.3645869555423304
0.2283090112726774
0.605652510427388
0.4590767428423308
0.08196541784170036
0.032205245561899534
0.41204617778686886
0.8370152199905447
1.0042099924740786
0.865622706171763
0.4498787407576281
-0.17016119608985456
-0.7886316733720472
-1.0934652407435346
-0.9126261439162267
-0.43914470742180395
-0.08458249976074175
-0.02817660865824748
-0.11136194384365085
-0.24957589702625987
-0.5669815255435211
-1.0898270892692126
-1.6472110742282688
-2.03028544460042
-2.159359125278948
-2.140525738227217
-2.0568677621386056
-1.8181235677111767
-1.3592551002026474
-0.8306869292659094
-0.5048870010784736
-0.48631725624909383
-0.5792404386383708
-0.5952228387821683
-0.6841807501578284
-1.095769121276052
-1.7006630968323426
-2.109434669246106
-2.168509250737823
-1.9878026586865576
-1.6689890624666488
-1.287540908264741
-0.9960251805579908
-0.9546708925986118
-1.1066784980613675
-1.107206817137438
-0.756057373486014
-0.38963870875136986
-0.38555278038385354
-0.5958788731526744
-0.6839938252480918
-0.5982630683032213
-0.5525146335745355
-0.8248109657865011
-1.459539868448235
-2.0912005338410555
-2.333394179382215
-2.263570002024904
-2.2371215841284076
-2.3018854685592025
-2.1136301061341385
-1.560903872111494
-1.0762702175726166
-1.0576759677296919
-1.3998049548265517
-1.7061839149711278
-1.6322152405979493
-1.164015131523152
-0.6650216698778804
-0.404594768262896
-0.21780910939915268
0.13284534857367306
0.527046144305698
0.6178003138645543
0.2471708234892658
-0.3157073823413663
-0.5295953020163509
-0.11215773516531972
0.632204686991318
1.1730684679866938
1.2976148173586215
1.1560967060291563
0.9846324975547203
0.9178002277970637
0.891640830812268
0.7081921121327903
0.31178966013161824
-0.08550592063440911
-0.24815115575165916
-0.14364035291839788
0.11979947458923702
0.3598839485864814
0.3532940348799013
0.06951204440931771
-0.1655420403712424
-0.02010344101089392
0.29917229066580114
0.24463406233279675
-0.243179560681634
-0.6721837560919077
-0.7884835765977576
-0.7951131140798332
-0.8747772576701318
-0.9966705633524934
-1.0803083484649814
-1.0845508406326594
-1.0072816614559612
-0.9427289179684065
-1.0263020657144282
-1.1365666798439158
-0.9013379143441347
-0.26916497834605424
0.19557859890529036
-0.11870027852390386
-1.1128220158588638
-1.9950369444588094
-2.106327477248555
-1.6200131510405218
-1.2236259879777374
-1.142496433098615
-0.9130064975403952
-0.22640103502320216
0.5027560564265354
0.6361411600566937
0.11829677059905525
-0.5058823632932552
-0.8331881422877069
-0.8910171441858216
-0.6831147264714098
-0.08548517441224078
0.7198711182282724
1.2697037311117136
1.3820764449016305
1.2787893084226025
1.236318684906517
1.4079937722667002
1.7556729960051694
2.0047523080696097
1.8245549783338941
1.1828923872155035
0.45943582558822904
0.04558899647454672
-0.046218933942479695
-0.03814045466813268
-0.05243432731325931
-0.005686373591299082
0.22732652214548596
0.5309628372842159
0.582660645984166
0.23302620075715935
-0.37130406604671606
-0.9377399868220703
-1.0999802001514296
-0.6811326295144167
-0.02583605135043635
0.317292207674513
0.26919434388301006
0.16778663090860432
0.12498188899523659
-0.05928575626372557
-0.427668700167796
-0.7606742453062623
-0.8665083810027484
-0.6839749452985987
-0.2321064517399446
0.30372131162803645
0.6124536264012098
0.5908107829520043
0.5024517088869099
0.6425152584546417
0.9461805879551298
1.0225949303151678
0.5294215242755481
-0.39347653924668996
-1.1521032164231144
-1.3611551334922793
-1.196352981943173
-0.9808406626738739
-0.9145993408602647
-1.1769166043893642
-1.7354112473365428
-2.183811366547563
-2.1988025071808437
-1.8970516526422174
-1.5143315665202588
-1.1001551037258774
-0.6565890305885866
-0.2758121322719816
-0.03822969745878098
0.08052709615313178
0.1621077174633272
0.24132642934112264
0.2752088652240271
0.2902339349687344
0.41415495209141456
0.5913645738492573
0.5650294584608303
0.28712920908249207
0.06668076845660076
0.26107438708670083
0.8917088924572347
1.57004613078889
1.9080895244672582
1.8768185321699096
1.5906400216799068
1.0251200315830085
0.19781862966940067
-0.5813051371153481
-0.8723924888285264
-0.5227332272444302
0.028620048308811867
0.009776495656402677
-0.7582338364301338
-1.4818780227245956
-1.3826638581581003
-0.6088131013092886
0.140335044449577
0.39032792470846556
0.18673784207734107
-0.09419180290016937
-0.23548771283578138
-0.3598496534326569
-0.5051618372506581
-0.3349120681321303
0.42161231551781136
1.3986720570008728
1.88967819683666
1.668597323135823
1.1394341789546913
0.790443660683922
0.7515855674667045
0.7764575219794013
0.5238663045182672
-0.1311610708787241
-0.9929910919568097
-1.6621797430004943
-1.7939456077246807
-1.3987808990104935
-0.8604719605988772
-0.5298575945793477
-0.3761587942859721
-0.17238470685912816
0.10896071898131535
0.28587869020581913
0.1900432601718254
-0.2308632540628338
-0.8268828218127219
-1.2844855964237343
-1.4358201606949548
-1.3811215488343003
-1.2171374825936154
-0.8908602735731315
-0.4491558785372505
-0.17097464807433557
-0.20539109025717284
-0.28617245160856747
-0.08642781157639695
0.3139585512762574
0.5917138130477886
0.6245634139155414
0.5247062586288862
0.42022441307118436
0.33713028979727766
0.15255450872306245
-0.2501287372629548
-0.6919996885142244
-0.8562262825771925
-0.7373910514007358
-0.5447918827866717
-0.2968663893225281
0.053118828613369536
0.3300001244007624
0.35085287261133424
0.21272671510173619
0.11729456494393807
0.07944217941666769
0.05561051794002554
0.20331079201707336
0.6464867168640569
1.0719193522857882
1.0261432561946393
0.5419700582160547
0.06972854865976917
-0.07029814441920071
0.04597591654489027
0.09432872804249039
-0.09995979536187982
-0.28554349383257627
-0.13830979850023886
0.17622941834286746
0.30390210732331274
0.3602875237173779
0.6269909625804002
0.9283782931995599
0.8854934571574002
0.4791591578496216
0.02550998377233563
-0.1620664132021062
0.08709816400834469
0.7413509924204258
1.4382503947999108
1.6738538140207768
1.3063896056369027
0.6114700549972875
-0.13321178816033502
-0.7527316023869104
-1.007937358984563
-0.7574176340571629
-0.2275410510858935
0.16009222793458203
0.1581195554331895
-0.1593925383801199
-0.4860224494662408
-0.6095639733556583
-0.6559170155946245
-0.8293047930728019
-1.0761998385962122
-1.1709825153838063
-0.9447867209859449
-0.455212301642703
-0.015170390473328828
0.1002238803838626
-0.06944022845378105
-0.26498256312756996
-0.3252143662242756
-0.3563953259079599
-0.47031389478488217
-0.5191005267906423
-0.33461396208839733
0.032678443718756105
0.40798068927606956
0.5651176770162685
0.38909191159259515
0.0870645005866173
-0.020751765308227095
0.24329891508967505
0.9356801378709224
1.8935198079715487
2.7198088545468404
3.0599148535316245
2.7998082158080613
2.104721029187005
1.2714732612222854
0.4331348918464088
-0.3962799106980848
-1.006358507883745
-1.121916627317691
-0.8113933704181658
-0.489153884651377
-0.506305843536882
-0.7364277534504842
-0.7443286861345819
-0.43142935005774974
-0.12607293718983426
0.011443749556263746
0.19061160475100766
0.5080053901021829
0.7667707098798393
0.80892242574523
0.6292488949185873
0.31055318317619834
0.029048609363336815
-0.08140644216773232
-0.009139267937466486
0.2935301194245237
0.9263412998970754
1.767558186075164
2.3549163873653867
2.3252277841512976
1.9221597340557595
1.6458355098446535
1.5193830188429733
1.2748074003157477
0.9498177361520748
0.726189890835731
0.5742302615580319
0.4032133637233902
0.28020456879434885
0.3270514223087451
0.4583136169454528
0.3806778241580294
-0.06399386625036756
-0.6560451294676644
-1.0045506594911144
-1.0200269833281355
-1.0078180950196383
-1.2479881361283267
-1.6930980957265478
-2.023912184123184
-1.9183689775518689
-1.3832525160929148
-0.7677526540620776
-0.4044211165312453
-0.3146863889058091
-0.23486694073253198
0.08382874092339666
0.5682663744175572
0.8852350136833043
0.8010113230947848
0.35169961823541007
-0.288055815549786
-0.9287918901696766
-1.3696970609476125
-1.4377066145592405
-1.1060635526040101
-0.6065083858001292
-0.3338897462355178
-0.42682854910824575
-0.5587404184631055
-0.373030415190968
0.03202090402629511
0.27428790415015325
0.21797500189344066
0.04359085962479935
-0.07782879280769495
-0.07924372590403357
0.06656745585046697
0.2696515619515894
0.29194094839355156
-0.009050177570952509
-0.4694914496019066
-0.7657263147238061
-0.711809128311098
-0.3772462112453894
0.10343465746667727
0.7157859279365076
1.37278274405959
1.7168943072767524
1.4044205854298275
0.48079993989229
-0.6975172945381534
-1.7510575217471211
-2.3787738117798676
-2.3585411991860656
-1.7162665750704058
-0.8962560009306562
-0.40680589384486043
-0.2896959390136535
-0.2631600480581332
-0.17221708380042156
0.049696660552848174
0.5239800108773347
1.1670242485791025
1.6092993485991474
1.6093981351410163
1.2438690654234175
0.6665788926683216
0.03894493623316601
-0.36688834978362556
-0.38113490147838125
-0.1642641730300833
0.07277887622006199
0.3888403701884198
0.8785153510509031
1.3046478737274283
1.339379346272861
1.0692140950581048
0.8230495099934044
0.7098227549497491
0.7463917455954472
1.0438521505285367
1.521945148532129
1.8225990049637317
1.7278569294100121
1.4300755541653931
1.226448203604866
1.0858190294254664
0.7787646726384075
0.29445699841576883
-0.21133183305450118
-0.6731226398139837
-1.0518702375833429
-1.277745849697032
-1.3536955259259327
-1.2999450633163547
-1.0753819019044133
-0.7325783324046758
-0.49307126991158484
-0.4914569808939399
-0.6258330682742308
-0.7332328891939551
-0.6944836200536915
-0.45527313483310655
-0.12391564988297527
0.08894831847259577
0.09785984106899918
0.011490147157793156
0.002987365036153925
0.20040225285206942
0.6249134571354029
