1025
0.8597607910314585
-0.19474146817576046
-1.1988127183461774
-1.4670920348800272
-0.7903640615552856
0.23781211295048746
0.6940281697580275
0.31387602470870557
-0.38372334594586327
-0.7073969743092411
-0.38679681968246343
0.13610538121268986
0.19892774367411356
-0.2056821843890043
-0.42250337293722706
-0.08519291458772604
0.39197294503586744
0.5135784804945267
0.3446554063318263
0.15398202023795973
-0.06925258334185641
-0.40676809898527
-0.6403277222686871
-0.5091887477737826
-0.21400843158742683
-0.24853541702754114
-0.6851735391629258
-0.9953771355862657
-0.7610963612799839
-0.18254682884948334
0.3092360633408812
0.5202262935104646
0.4051124895772142
-0.015013096594440787
-0.4228338547754451
-0.37004787823487495
0.14919418157361963
0.6856833737651669
0.8862473216240575
0.7644077425765139
0.5119614007260802
0.23078022269599285
-0.10652392595844587
-0.472276186304846
-0.6662752798007134
-0.4789129822010663
0.01997043188677722
0.4944579749221655
0.7321570269782901
0.8040250065689664
0.7230152806452732
0.3642321741950537
-0.14151634539594132
-0.4488148908787267
-0.5021267178768083
-0.5769243718667673
-0.8289414193564968
-1.1125217305934363
-1.217539072138519
-1.0496423055277804
-0.6580229034834686
-0.293193536720581
-0.22549679919811086
-0.3220919888881399
-0.1750148229219779
0.2612131512153987
0.6337522052639807
0.7904434135383241
0.9604451454228967
1.2912669636333318
1.519181678677658
1.286403962339165
0.6388333002896031
-0.034817364320790585
-0.5012606064122596
-0.8311999547765111
-1.089954073352911
-1.2538265841642917
-1.3981638730202424
-1.5934688381031814
-1.7065593773528647
-1.641130306601484
-1.5486647008574828
-1.475631493183346
-1.1545419312249612
-0.48029798635885673
0.1993512678201481
0.5892445627625797
0.7956990450571034
0.9587591717505722
0.9430599035132363
0.5175549196141657
-0.26853801777150443
-1.0226578432806241
-1.4079292249850341
-1.3913950679148468
-1.0828837469982728
-0.6062017104876514
-0.09984393343721806
0.33874010133391846
0.7192843063164823
1.0558377842174778
1.1730479054475433
0.8681774763562157
0.31366367739192524
-0.041322796178950634
-0.020627021423085038
0.03822437414031429
-0.25393793220882355
-0.6638360924983137
-0.48217218621244196
0.5219046939916794
1.6625105001554863
2.0016945235959307
1.228539858106314
-0.10742949394798976
-1.1111317826214324
-1.3786651334685391
-1.265330971446689
-1.1988407829049816
-1.1142584955001944
-0.7983955978683739
-0.28131648898238465
0.24261969034038927
0.45015750375527247
0.0004654460172628581
-0.9833978887088097
-1.8353960858127931
-2.0284160251209484
-1.6015300079479342
-0.8572992885534899
-0.10499805330890355
0.3258897521771874
0.25618097628129655
-0.22417124590989604
-0.8773201976392377
-1.3325386082215132
-1.212692664769157
-0.5546864726202403
0.1296611058244956
0.3989637337646591
0.31826477569306716
0.26302462905001794
0.3716290795868485
0.3670276730624754
0.05706983940401167
-0.28125951766715673
-0.29531557175359757
0.021843473510488626
0.47709688926503124
0.8509209583826033
0.9288103251750748
0.7341203999273129
0.6202352985105997
0.8211482958339653
1.0273258152391902
0.7148522510851869
-0.13518466236244206
-1.0196187518359536
-1.59643084512525
-1.9048312965789458
-1.9189895798990477
-1.4251570601523
-0.48541177248825085
0.37428066718554814
0.6798909010046553
0.4104851983595984
-0.1550743399471057
-0.6086888359335744
-0.5897048196367378
-0.14489758278988282
0.179560780995733
-0.1325158838754497
-0.8862013217717417
-1.317510930415367
-0.9942193025573108
-0.2754563037928367
0.12317761143305726
-0.14341919597502317
-0.7389823198095903
-1.0253830462574003
-0.6816898697676046
0.10078885613520927
0.8938413628553705
1.2962727783981645
1.118935324394093
0.639856310402688
0.360649698715226
0.30918612525567896
0.07856489990138503
-0.43896332610510713
-0.9035863166213796
-1.0929802549906564
-1.131492899087063
-1.1575109478682128
-1.1595759366080693
-1.0468456440774259
-0.6583124770355111
0.055810896797258674
0.7891595203816344
1.1226540850875035
1.0391400218861313
0.8961931827554546
0.9200670647631981
0.9987606617362655
0.9183383190071085
0.5704602298964899
-0.0008285055824547022
-0.5560791605736821
-0.7990593335408823
-0.6897002702646567
-0.43575082177555585
-0.1619588931997152
0.17521209022738743
0.5923706948980382
0.9331798415466501
0.927002479873274
0.5018419456120264
0.015452260014185825
-0.03149267481866495
0.40128977022433415
0.7760705652631792
0.5941499113693949
-0.028257988330970638
-0.526965222554741
-0.5738806343669414
-0.419072280510776
-0.4499884216176497
-0.669611254945135
-0.8528828490299816
-0.90698346963711
-0.8470896761710259
-0.6961012027626811
-0.5455896034434066
-0.4792140735496393
-0.3871146400770752
-0.13717641492980254
0.07260286575300308
-0.10131964139398131
-0.6562465147790861
-1.202584129779049
-1.3049302078394684
-0.9181130846872609
-0.5475664596746048
-0.6211392250952373
-0.9232713967734892
-1.0778424861349623
-1.0062565642873071
-0.7135461809534415
-0.32154373803864056
-0.17191653336831025
-0.4581016330399701
-0.9893477568963247
-1.401693952113414
-1.4704721997788777
-1.1592217724901217
-0.42003180819857694
0.6834735736221672
1.6767694692640713
2.0578045706956116
1.8912733371229267
1.5146641657711266
0.9433642902703642
0.049497308954123506
-0.9338244288816114
-1.4939454164397534
-1.366394881901053
-0.7365990417277968
0.01592457405010837
0.5716875710658088
0.7760857828960269
0.620924335707367
0.14745068467550612
-0.5609487740389397
-1.292622219462714
-1.7597371669780861
-1.827478576796913
-1.588391383723226
-1.1931730964193832
-0.7746295436015103
-0.45708158961888246
-0.2589147907819965
-0.10201472504282864
0.047255329523813165
0.14362164715290607
0.13588711208095267
0.025021479699738513
-0.18433201009011072
-0.440206325863871
-0.4430713328152672
0.1487578437911131
1.1806510568532804
2.053419056499231
2.3841556412348686
2.2680061850421662
1.858472610240223
1.1790401170892086
0.5154045146959393
0.43453757573810187
1.0928486477790704
1.8952360374757735
2.154335003165526
1.8836628095207641
1.594463255236462
1.5090196999780925
1.4769847006656807
1.4225220106994918
1.3288414222806157
1.0520606544672164
0.48692700628665014
-0.2819395428107871
-1.0599368190890808
-1.6354237960447946
-1.7570926830044624
-1.262315713703471
-0.43335606097446894
0.11685917728430648
0.1449019207380302
-0.005501829705911245
0.019784446479351014
0.24600574169430753
0.6928558201903634
1.4378999088107896
2.1202710660557065
2.0668217518416423
1.2537413163579152
0.4677210596848152
0.2617854581462787
0.41859026951021266
0.5132240597657213
0.43846237349157036
0.4202266806341699
0.7363551224015081
1.2737044410795892
1.5115204897389485
1.1237265280832365
0.31324614646632876
-0.5171672035788654
-1.1179010476491917
-1.3512303562727477
-1.0902320588346726
-0.43070865478720827
0.16632247607313777
0.3061472388070169
0.10835159903093666
-0.040166888406598454
0.00939377832657401
0.0929377791423486
0.029434664667630606
-0.08840503402821863
0.06930379774477738
0.623462806266579
1.1555420616146945
1.0972619835809276
0.47225120119223635
-0.05946893749964779
0.01649338631816913
0.5102124343394143
0.8549303603214787
0.7682126407135842
0.459545796651359
0.310054198961679
0.41255417961926016
0.5294242771648283
0.5030874515018127
0.3923852611287494
0.23674619490046814
0.014774702826608145
-0.18857672337378273
-0.20140055965383521
0.0032928162585543577
0.2491803711843398
0.3666526426808838
0.30693218099871117
-0.029010475337093774
-0.8193545736268879
-1.8344120850098773
-2.311269847467259
-1.8297851222208423
-0.8550943640431052
-0.11612582811540054
0.09236451623134155
-0.02637153823828505
-0.007239553784933265
0.4581470241268159
1.054589755099213
1.1206301689390392
0.6405771821186145
0.37694042909203984
0.7615691563573647
1.2960058162030081
1.2852005154555555
0.664350277681161
-0.04325062627932662
-0.24467904005471225
0.26040668940031886
1.1496433908877217
1.933142363672221
2.331044097459948
2.207205793224784
1.5235479092468338
0.5378493071379528
-0.33056647599191485
-0.877417386836345
-1.1869977717759632
-1.4382833851951113
-1.6959150235747076
-1.8288074181631044
-1.630109610474275
-1.04571499168813
-0.28946919859848874
0.25371285927207315
0.3037374481872735
-0.0148357119718783
-0.2349261595056005
-0.028388419841415678
0.47178284745397764
0.8656549492170552
0.8443123175025985
0.35481866635243897
-0.3577185865602534
-0.8493267565189015
-0.8542431303654326
-0.5376014479100825
-0.2149565049276689
-0.012366587969647529
0.047453896351087994
-0.08913074456249016
-0.3745966380995082
-0.636437725123756
-0.7717839491587907
-0.7975853384503906
-0.6968822666675331
-0.34344220341177295
0.2970388781383364
0.9544412744948674
1.2393383928359598
1.0667387904211585
0.7327672404359569
0.4885869766735116
0.2908483741642538
0.10482304117061375
0.11834257171389746
0.47640749859851805
0.975067297545453
1.1648034030453414
0.8089019688812054
0.21215584659909417
-0.03306365273034587
0.3412510621025729
1.04788812022827
1.6157742832865971
1.7858469794805478
1.5237866028647882
0.966392557668302
0.4597670926194849
0.31050194330301717
0.4231341932653555
0.4686974419037644
0.3679463159423207
0.3412401690899717
0.5282674393087609
0.7815120079619134
0.8796595771638834
0.7959466525001619
0.6848206816829465
0.7103072206734353
0.9068425514943586
1.1830922308966192
1.4940809054535056
1.8561946883689417
2.149968262656185
2.20807741608104
2.008116151276392
1.5708231532862378
0.9936830090312617
0.5673240029315494
0.463387125484771
0.44744470144412063
0.2215052165300659
-0.1439936625810466
-0.4598695611790591
-0.7460962212694289
-0.9841011090296123
-1.0577931911229397
-1.0652756568575399
-1.1661847223229802
-1.2172182682025428
-0.9615482893330376
-0.3954377946280802
0.21136814548658245
0.49234653891555713
0.2858321823979276
-0.14436771928193276
-0.3695439873519241
-0.2283332679922031
0.05342576630428471
0.1120353908517703
-0.1244150963283455
-0.3915958578670735
-0.47340135191833316
-0.3559236853263458
-0.11854481350532119
0.130131365102682
0.3759207111063111
0.7072999668647054
1.0766231179968755
1.339604582723714
1.46716754933337
1.4618367898222455
1.3200802626175236
1.0946055209745362
0.8077917385276824
0.46608511418919657
0.18203319134820714
0.13208072339307367
0.38017746944794506
0.7534698143090832
0.9633858619679297
0.9299725812804819
0.8181685073279844
0.6876712635615096
0.42333871936200645
0.024859043074327902
-0.3434418283401262
-0.5386598484205256
-0.5722437297401224
-0.58366831978841
-0.6423218550519952
-0.6836908571836569
-0.6759943147366785
-0.6104916075743316
-0.38842164314307165
-0.014596881972616682
0.27307661967657154
0.25013817605830213
-0.08687717358587752
-0.5246913278500587
-0.7398233267605774
-0.5681711585424105
-0.1487764698381406
0.3462358870634388
0.8604411633546282
1.2388792307797913
1.239739496475403
0.8815923046862989
0.54469972890934
0.5950375193612252
0.889480803184736
0.7976510808580324
-0.018679938346378364
-1.1431267714683693
-2.0470111717033492
-2.6547088020814322
-2.9368077140907953
-2.625173768162454
-1.6944876364385317
-0.5584168643471328
0.3546273346316442
0.8817574429468263
1.0882750925012876
1.1570288470344405
1.243366441424628
1.332015118811382
1.2801019208156994
1.0833135888329275
0.9406260810869215
0.9184214426235203
0.875442820712916
0.8467905993278524
0.9911357658933656
1.1270643868824528
0.8628150645264003
0.21099357419263887
-0.29148055964485536
-0.18596336736558908
0.35641407093126554
0.7777169307419364
0.8758892067345497
1.0117905866806587
1.4472051887908948
1.70343142783631
1.0216355789278857
-0.47108349656392096
-1.671249094274889
-1.7667564833560072
-1.0803787208730933
-0.5005190888633532
-0.38461355857186835
-0.3131514094770706
0.1395772324002612
0.818020759210264
1.2767305982288368
1.3137125533022367
1.014791692183235
0.5073004255485334
-0.07362712700919193
-0.5209473246812295
-0.6668969513858323
-0.569519809490579
-0.5263062616725996
-0.7255155356041156
-0.8921226900883774
-0.6290147221135064
-0.06061460482318999
0.2669495737224647
0.04253041954332826
-0.5579588920696466
-1.1069118800237503
-1.2527850910227227
-1.0055813790554253
-0.6901557483944587
-0.5169447501019526
-0.32168600268361863
0.20418886581795406
1.0881362371057537
1.8606933339082752
1.8548264878973169
0.9367586256989975
-0.24406417559099516
-0.9205191821668101
-0.9057658218771685
-0.5680330096559463
-0.3227139216639131
-0.2737957849535412
-0.2557403596007119
-0.08032222078395808
0.29051442003182726
0.7144210158421939
0.9484141464784996
0.8367715794002032
0.4566558751568421
0.12695907705868464
0.1958441672784376
0.6176816651305126
0.92273289680715
0.7906260754208332
0.38239397378514783
0.02098967691660267
-0.17057109443680177
-0.24947915034774842
-0.28582622963088117
-0.3142189258292211
-0.3589171349876361
-0.43499476958600364
-0.5566735774998185
-0.7561966832683554
-1.0644736240337653
-1.494855482634472
-2.0072923157359703
-2.395002548247728
-2.389989409016374
-1.97470319451885
-1.258429867131677
-0.1777021950871308
1.1822781051114764
2.2981514249935584
2.7465500717956752
2.673990809249543
2.4457441611892556
2.206902789533869
1.9342959520799257
1.697167464574951
1.6940011443299747
1.9290802865667445
2.0211049326364896
1.5482832107388658
0.5235429888912043
-0.5457828790801984
-1.1118766842155374
-1.079036552014655
-0.782818705334577
-0.6257947707215865
-0.7563638015656639
-0.9919075619834423
-1.0586838771621594
-0.8381666801647238
-0.43048059099292313
-0.09022511258858011
0.07404703931450728
0.25729392585426053
0.5780928250327316
0.8655656117125902
0.9401177228733137
0.7733842638264976
0.43476274647339763
0.058439878107298324
-0.2656572597464364
-0.557093283555643
-0.8218888797451135
-1.057789126560781
-1.3014665338063807
-1.471823589458754
-1.4180890449750367
-1.140847064466207
-0.7020041029070571
-0.12122043853755292
0.4360353507494552
0.6669351912145134
0.45601633666024666
-0.019848854611979688
-0.49778591776806363
-0.7997563598061164
-0.873314020153493
-0.7960546539696802
-0.733680555208638
-0.7887993954434829
-0.8909346854276119
-0.937890809694056
-0.9633267635197397
-1.0418204443758374
-1.135246019960317
-1.1083144490963932
-0.9191683480764798
-0.7727033654933149
-0.8785567818621183
-1.093283560890236
-0.9939266207393208
-0.33423053787794266
0.5491214415992528
0.9846116948312559
0.7982579698343296
0.5265979126150467
0.5881442795249802
0.7294798675097424
0.5444197823943249
0.13354503186506306
-0.05186073779567984
0.12946426290821425
0.3533740033213
0.32354050570451587
0.0642858399380399
-0.16341662878212002
-0.06540587712545431
0.34922500126988915
0.7265086795028244
0.7657393120009285
0.45999100668611054
-0.016651685716898842
-0.539188798825979
-1.1020707829221421
-1.5797605098069103
-1.6433352684542664
-1.1139085655632783
-0.181428070226114
0.7595974004610115
1.3261761411451642
1.3085111498017505
0.7850771714573408
0.08154788570477535
-0.4470794162546937
-0.5790608328733567
-0.25481284833712314
0.32193017917532585
0.741724618317288
0.7708969578969572
0.5118206495496241
0.14258284318610975
-0.29945973418075444
-0.8239547824459605
-1.2714898907204761
-1.3814068963234478
-1.1124623282339068
-0.6886724517760474
-0.3679535275603302
-0.21350350416153266
-0.01722677315461066
0.3658177258102014
0.733472494884724
0.8915395999248595
0.9339615684140222
0.9443630648150622
0.8506414920267112
0.6429998205662294
0.3995558539431165
0.12805013721034098
-0.16956640607161347
-0.3369435970681284
-0.2334016189028333
-0.003712126221823892
0.052222326572175425
-0.18520932338597795
-0.5559617715205039
-0.7536764503607052
-0.5429611106886018
0.08728752359206111
0.9290225511114331
1.598641609100186
1.6533028742319835
0.9151023784305328
-0.2766183668678698
-1.2767966434046745
-1.6300735949699228
-1.3483658493289172
-0.8234444412623961
-0.49132406791864625
-0.4367227585148063
-0.33891308456931085
0.055451149696399395
0.5416504404050393
0.7354903146079755
0.572741813093408
0.28072790309609563
-0.01057280924981076
-0.3077551198682753
-0.5173071181611254
-0.5009958425539832
-0.2588237060594081
0.06426813292290191
0.24287207159516663
0.13761404685564338
-0.13728770274617746
-0.3312948503867817
-0.3303572400933702
-0.25005576404974383
-0.30254999019423806
-0.5634776358261124
-0.8653423958360229
-0.9987684728278576
-0.918692165427448
-0.7221581340138905
-0.6185917366238173
-0.7615410143483237
-0.9772612953017142
-1.0090581233669333
-0.9250077328711985
-0.9017027204220058
-0.9402967277278248
-1.0285242788498954
-1.193789381939364
-1.2123043690431314
-0.6239558870019549
0.6388583244490346
1.9820613438427728
2.736702658797399
2.711632245791286
2.210649567498184
1.6691706680105947
1.317386989299339
1.2114330386147683
1.2929238887447014
1.3371309026893838
1.18542690026383
1.0439644483135857
1.2217888779702646
1.649890901439711
1.91317619376764
1.6552328739726878
0.8801889830353392
-0.07234058249138617
-0.8254744767593765
-1.201586901661781
-1.236966212968714
-1.0850316089684393
-0.8339519142620574
-0.48934722515701684
-0.25487865032458623
-0.43352378243107
-0.8596396921405148
-0.9401374652773692
-0.4358781480239667
0.21835571249320215
0.49501570106142395
0.323590066539893
0.011921932927495132
-0.07646094818988139
0.16771860422002102
0.529959669609584
0.8491450314972531
1.145418437803384
1.2422854589290226
0.8855055623553724
0.2896724262400369
-0.0597004207626938
-0.04390656982646572
0.07057038879221572
0.011398796541243759
-0.31103304354534816
-0.7862641979897417
-1.1688864181069227
-1.2295266662511377
-0.9413741878072588
-0.5321075790277046
-0.292534085398675
-0.3610988916752615
-0.6668207341302638
-0.9695247946340724
-1.0064930277160946
-0.7558455767605862
-0.575123612710113
-0.8170615377719034
-1.1822433972043112
-0.8987351966393267
0.20214268000130317
1.3238454084578772
1.7511414327856067
1.68891659783723
1.6985836749899215
1.8765980730735745
1.9608122116602484
1.8560509396355689
1.715626353116827
1.5926253989721046
1.3762904873295148
1.1425618020095945
1.0453486470782298
0.9236342105036599
0.5813755936085647
0.17766604424282137
0.004916495078798805
0.17745384103436548
0.5469779886849897
0.7308195745738936
0.4208483693179741
-0.1961420726697245
-0.5523386846031346
-0.28377900984671434
0.4519598745806722
1.2317070952071836
1.789539560617118
2.0104291565654657
1.7567562984913658
1.0643953931117782
0.2684390803763683
-0.26825905161236946
-0.39102680279431046
-0.15426083876762656
0.29486118327669275
0.8551626719618309
1.3611061850739024
1.3716083247134585
0.5442192310018205
-0.7755525037876497
-1.8006367613620684
-2.0774176584512394
-1.727177668175688
-1.0591543421807341
-0.2808145955854675
0.3546825004414376
0.5086477860875022
0.14206737064265065
-0.40448100236887896
-0.8772799126284406
-1.255390214090999
-1.4908707041622826
-1.5336764224751203
-1.433403300438324
-1.1918097341541138
-0.8286901134032317
-0.5696756271201343
-0.6113618691345177
-0.8347563767168605
-0.9406098382403767
-0.7358108826823921
-0.30853670673804556
0.022622057942821978
0.051180418993368504
-0.09166482550285213
-0.18710767990157515
-0.18406812243847737
-0.13061174739246825
-0.17908767227852884
-0.5613683964957209
-1.2272420565990791
-1.7278773608780111
-1.7170057783589465
-1.3377161523593304
-0.9699337709023861
-0.8855533396171019
-1.1567319061115116
-1.5475877542281373
-1.6383922214382278
-1.3007205821526135
-0.80554592599686
-0.43363231207988556
-0.16719275214791562
0.2230437172480029
0.8165006047293857
1.452606255669468
1.9580215831456835
2.1880808792661286
2.0560674922121223
1.636262536736722
1.0097327294275409
0.2193357407965912
-0.5497118738596734
-1.0324618106670844
-1.0985492266454024
-0.7963179348185622
-0.25350474934496925
0.33851586990257554
0.6496923443942325
0.40068407849395876
-0.27668184268864365
-0.9379619541775681
-1.273030257776826
-1.1934008925798583
-0.6827372566814184
0.10479157690017493
0.8463883813115476
1.3812379246894817
1.7953837579832845
2.1054125349794797
2.1615573741405356
1.9414160391251778
1.655194776959591
1.501889297842478
1.4678170303505746
1.383703695181083
1.1667132826085502
0.9199468006772679
0.7041276361818327
0.39844745714240754
-0.023226852190910877
-0.3296290445306077
-0.32196875333499547
-0.04702375174835175
0.27515785880240184
0.3932996037299944
0.22697524218443912
-0.055915843385843475
-0.21155742963539323
-0.11084931709970117
0.10738769068493795
0.12024089675023678
