1025
0.20098266681479565
0.23682392259947616
0.42849687219799537
0.3572595855339345
-0.20465366049158257
-0.919447745392313
-1.25762687168092
-1.1579237477440978
-0.9405240256556318
-0.754608392322969
-0.5057975077542347
-0.08473070944672599
0.48845681740767877
1.024088009061709
1.3307680885964581
1.356142335423329
1.1610413044263632
0.8923266488505396
0.6534575781472715
0.41755856303762445
0.1833561045906758
0.01780819968834982
-0.068355243498499
-0.1307449272619345
-0.19960598024053336
-0.21020365192152138
-0.09001255357741475
0.12871706349201378
0.38761993708133935
0.6729568645748114
0.9651516296147817
1.1469559439074606
0.9959396635332723
0.45022382645655756
-0.20176941037891263
-0.6593516519912922
-0.9530746373428381
-1.2208762280472951
-1.417709613057286
-1.4636585297344287
-1.4053838855144882
-1.286248179742402
-1.0885565688143546
-0.8104727690049
-0.4896001523472981
-0.21386610961041516
-0.023255350450868795
0.18696538153994774
0.45253503610340734
0.5790657294166356
0.3853963746198902
0.00943383427440134
-0.09282907613611617
0.37237461418005074
1.0476584720838948
1.2564765265828313
0.7729337907229721
-0.04793215734651977
-0.7152046739968623
-0.9363062084274867
-0.7465411174579072
-0.47078935935354055
-0.3961225422530457
-0.4354517663228059
-0.2494909974389029
0.2708586589085592
0.7749180721299493
0.8234462724511354
0.41173029889809204
-0.04052136175526091
-0.17498161168466922
-0.031820220220963334
0.12670384643269067
0.22676825908603718
0.3342071539866529
0.2959303420692142
-0.0916419978088302
-0.7175880658891103
-1.3245198751797391
-1.7729358685090977
-1.9726302834046863
-1.8412436287858134
-1.4812729960780842
-1.150471438718051
-0.9136854687789616
-0.5893914988941773
-0.09774057722901511
0.37153815984990324
0.5247136441724296
0.18519704379616797
-0.5161225162628561
-1.0896289773085959
-1.0486145758737875
-0.4504222558122048
0.05905456461295302
-0.10762845733975732
-0.8519890220228762
-1.5557754891212754
-1.712936666633417
-1.2415013849187098
-0.3841317188103197
0.47227140420951497
0.9352343376143097
0.7964251225035996
0.2006343555411852
-0.3590849888190917
-0.35413662449206035
0.23206239642644347
0.8704780631611506
1.1163365909019227
0.931509556725558
0.5319326123186675
0.21620602135766825
0.13003790000911866
0.132679185651024
0.003152671484574318
-0.2779739103227087
-0.47310469090901625
-0.33718226641858656
0.08253364092479343
0.4854480194611099
0.608519479083402
0.41881193652024173
0.10777717246323944
-0.06877553717255347
0.014036380280277944
0.28330620941289214
0.561956564413129
0.6946546428254173
0.6810832568670758
0.7352636102669592
1.0506673198406677
1.54695835024288
1.9960464503631221
2.2691631220621145
2.334897508130223
2.165511357976279
1.7960003419159039
1.3847446767048055
1.0288709695782212
0.5731640385052114
-0.1742317906210854
-1.0809227620122344
-1.725524898610816
-1.811919528429658
-1.4076450003148748
-0.7496076169871471
-0.055612918238399145
0.4156033536847997
0.4023611233023726
-0.09599538444616124
-0.7157414394062377
-1.0189590746420394
-0.8583472717661819
-0.4468995644359995
-0.1598415873482891
-0.16487818408494923
-0.19293819725740527
0.1252752851624069
0.7458281679208278
1.2713807238827053
1.4835012850702332
1.5001190393789274
1.3358820907106963
0.755971869831089
-0.21877212362051754
-1.113531627135458
-1.5379119972026767
-1.5538618969650644
-1.3823958975562674
-1.107829423730442
-0.7400817353745518
-0.2978532929163215
0.12284999374484053
0.31394801041092735
0.24242146495389016
0.18739817168583156
0.3148341862770303
0.5014738893377418
0.729665056432857
1.1855344568222006
1.832219868674494
2.2264627172772467
1.9247663958529169
0.9477738372665792
-0.1790321924472346
-0.7720694737210062
-0.5087585977689822
0.33354024666725984
1.1913905536390335
1.6130866503139345
1.4986642156202539
1.1780572681405834
1.0436963611101326
1.144148292530621
1.3109869237789338
1.4544958765948717
1.551216444994124
1.5565118812144452
1.525380080416767
1.580484544948559
1.6320411266451662
1.449339199044113
1.0526236267464544
0.6914713161829795
0.48001662385704774
0.3224668672356334
0.06299930282528315
-0.35331914267369136
-0.749225732317523
-0.8713236802917385
-0.706865935084968
-0.48708968639496025
-0.41555469130026573
-0.5566007991608286
-0.8924129566311212
-1.3046392648560834
-1.5983149141193285
-1.683971141461086
-1.6447617683821876
-1.4795671153836611
-0.99369371856324
-0.19782086124141052
0.5285391660907433
0.9111180572544295
1.0079137704503736
0.8883156496840958
0.49631629212110306
-0.13825374700365733
-0.7584687134874887
-0.9867830854806623
-0.6359570655788295
0.0067917449952944456
0.3115937619219896
-0.061645534467315646
-0.7015948906681976
-0.9423646875362665
-0.6742186087387225
-0.18046989995464077
0.5038786239593372
1.381256604450643
1.9831480272231687
1.8289121796896386
1.1238869284467967
0.4441804292444226
0.05058060886850384
-0.05827493286249106
0.13148906590846496
0.48803404407007916
0.75957138477827
0.8760132256897448
0.8508908860741944
0.6098135418735539
0.21987289839305774
-0.015237176390571905
0.12952334425591577
0.5820321108914939
1.0198392655723083
1.0369769421820794
0.4810581872331826
-0.40660347186618945
-1.3094005430498235
-1.986976555974687
-2.1002269368097783
-1.422397093862897
-0.35525246847468245
0.2571379046721264
0.0650718165299352
-0.3814621720829782
-0.34026212384594423
0.3296152867935139
1.129631254533241
1.4167233077849049
0.9863350825268883
0.19908857438403876
-0.5200436594530246
-1.0997059356726608
-1.6087940165454722
-1.9010734407398981
-1.7312819419216365
-1.0841327017496805
-0.25696706226510296
0.33829360143340986
0.4777479609673408
0.27741367393374156
0.08268497480255663
0.20565891653995397
0.6992478044215399
1.317427927554009
1.7472487377452905
1.9719010939068047
2.1270439482514516
1.9386970015904996
0.9963486346589414
-0.3433737175893943
-1.103356814365981
-0.7938385597775675
0.15866004445392398
1.0581910917807449
1.5141332999550055
1.38993744124304
0.7824965069672393
0.18284539074163933
0.19281648500769272
0.9398387222461669
1.9236632143512287
2.4203136721935254
2.073539781862684
1.1350018700038074
0.12290830151912707
-0.5709072705543172
-0.6689091970604111
0.010089505423042417
1.2372749763035749
2.3373750008386573
2.776891813363403
2.5860538471590138
2.1163818817133464
1.6674306968867738
1.3774087819025445
1.2209639740698917
1.0769381875929136
0.9268033692125973
0.8953330557510709
0.9624713292988099
0.8665030710612932
0.4760434414462067
-0.057014224750002326
-0.5579685389707003
-0.8544243899252129
-0.7166849985903193
-0.19489599379337144
0.25701320731750665
0.3192716642837498
0.10376113317877082
-0.22131069478748686
-0.6210268874735825
-0.9512415689014073
-1.00777135711563
-0.897128519829514
-0.911461855939462
-1.0033763858159102
-0.8255680608468421
-0.32244526081458486
0.08529885453020632
0.04944869516764559
-0.2978223026659586
-0.6573972989286
-0.9379041578521136
-1.1454966758916194
-1.1333113300005802
-0.7513455760021872
-0.16377674031868428
0.3013231135009721
0.42442167835190886
0.06248162162356216
-0.7184018018037858
-1.4813776270541281
-1.7161409859397847
-1.2220265940133048
-0.2608213427905913
0.5914229952945534
0.9462893062701786
0.8911493133139473
0.6830735703157504
0.43205778743682427
0.16700738495297146
-0.022981401317933546
0.034173557157098924
0.428981166492478
0.9091335811284428
1.0885372462002814
1.0115311841292463
1.0522643830139187
1.2458815541763035
1.2875851378025054
1.1469956864167343
1.0906584883519534
1.1824060196458839
1.1900281318782886
0.8953979900581952
0.31476974594025803
-0.3170155410115057
-0.731546546688151
-0.8290888782885429
-0.6499765120015316
-0.18788965557304366
0.5161524838606716
1.184470908519971
1.488661285052494
1.3438128747046438
0.9830913675627033
0.7033889484681716
0.48055062074846316
0.11882266766721994
-0.3471349704048418
-0.7955454211585392
-1.2517682608934746
-1.713283646247863
-2.066125757444507
-2.286174685104346
-2.4431632955394766
-2.4374829231166983
-2.080740043237364
-1.4720565753848098
-0.8846648471886739
-0.39825247598842606
-0.004019748721869212
0.1906704077895969
0.16354698582721
0.08621715753759349
0.1002829007667312
0.294093665112396
0.7562628746059867
1.3592196944445276
1.7797433687975117
1.9003496326591474
1.8541970793814506
1.6670386376910509
1.2480849397532934
0.725082406343513
0.4109321643716331
0.3808584226079927
0.4028722569976266
0.2520065987727245
-0.18074700658164228
-0.8323759639121284
-1.3112077327356655
-1.20243174934357
-0.6210992107555595
-0.04903896888294579
0.23131476938395887
0.19943375170615305
-0.053923696204658464
-0.3163172732779543
-0.42020753949720013
-0.48333101124397093
-0.6854083516728531
-0.8444364838810171
-0.600980632813171
-0.009182174414725993
0.440485642607361
0.4239844996606587
0.16223247477419092
0.1350171645576993
0.5397847366027488
1.1154493105335064
1.446179175947989
1.3864255429895884
1.1333094848779315
0.8924526681025964
0.6804607339936585
0.4621076200040038
0.2385637855693202
0.00627910699138641
-0.2031300308823484
-0.2937013195592133
-0.2562090990693427
-0.2852578073963901
-0.5734015408975272
-1.0283503045001292
-1.3790064716591042
-1.4538757159929043
-1.1902458803389158
-0.5652617575769908
0.37135602672571777
1.4516013815413435
2.3215925477690287
2.5607376446835524
2.107793179014621
1.4283081085877505
1.021544952495798
0.9089773462533405
0.7578591352088906
0.32868496428690896
-0.2646852381561487
-0.6681176936157069
-0.653454587137146
-0.3045061951671791
0.15255046252575966
0.6310789235835639
1.1772975019565028
1.6491741107922786
1.7418309582919196
1.4420136981604161
1.0618372753923273
0.8233164335037412
0.7670062852461245
0.9196137704969435
1.2550613940070354
1.5926378958018081
1.724264933095755
1.6750640003294428
1.6393538080299923
1.6655733032673825
1.693984316292579
1.777104914035831
1.9918219204578487
2.212696289232831
2.129324870198813
1.600301856585369
0.9195549660837814
0.5406253061006485
0.5746136693426854
0.7423653890340671
0.8556069056891721
1.0258844411662584
1.2305987571832246
1.145651117191833
0.6679122370029675
0.1480508024578125
-0.1110319310239262
-0.2196811777755919
-0.444329201788886
-0.8086770577947017
-1.0084734782023026
-0.7573777005742681
-0.21806548106613427
0.15263904797274214
0.15053570529937185
-0.05827794581577034
-0.26196902993671234
-0.41022932419351343
-0.4856590006531275
-0.3754354926851551
-0.02007619294368282
0.48880100721187314
0.9832716131096766
1.255946580879326
1.2054787605107586
1.0425805487458044
1.185809370965526
1.7842422817407608
2.391585053232109
2.4277485132218866
1.9066702523174743
1.3323046324343668
1.0204175420017136
0.9153600766450686
0.8878389335310085
0.8370408260949145
0.6248395237188286
0.19443979602528622
-0.2369897037837323
-0.31375541777564586
0.05776301362541622
0.630116220798414
1.0637455638315836
1.0828686225410749
0.6064503174948216
-0.11727609221910838
-0.6639212153099673
-0.8463961055017505
-0.8260845112824924
-0.8008123989543982
-0.8468526099717616
-0.9716107532530194
-1.0550811731505594
-0.8851034058296712
-0.45472731289356283
-0.04375059943236944
0.1542013411808387
0.23461909592160698
0.30739966104597904
0.3362952273056596
0.24172707299935334
-0.10119916632348969
-0.751023136488081
-1.444060951200185
-1.7922127988291103
-1.7118839188661736
-1.4023956241123618
-1.0712523804491283
-0.7924029086352962
-0.571910345097956
-0.512851904081636
-0.6517680636425851
-0.6438347642775658
-0.1318888289346986
0.6185417677337524
1.0218496593798931
0.9645916968811004
0.8110235357743154
0.7939463585826125
0.7842554458460922
0.6180293817233752
0.3893038483282487
0.31104108592063157
0.4612673461592607
0.7326417281654648
0.8811418852136383
0.6526848055393085
-0.008320113539059391
-0.8325655026341574
-1.39161394983457
-1.4589175747867578
-1.0966797798695873
-0.4846785493246674
0.04249285329760563
0.02781636460537615
-0.6223564578021347
-1.4043020809469342
-1.7117847420290222
-1.3506438050559224
-0.5782918527029237
0.10617363070077612
0.32207031021070276
0.07829275834681242
-0.3556106025165373
-0.6651456457891317
-0.5960456152674285
-0.1547367128930795
0.3076206895599017
0.412432071032638
0.07196284858946556
-0.5384544682141775
-1.1491533830077347
-1.614431812166652
-2.0025313350753646
-2.3509203633161704
-2.5367002997433223
-2.48772887466869
-2.278445935240912
-1.9934867228946842
-1.636468130457296
-1.1965940727943154
-0.7449075789534731
-0.3754221153404775
-0.11046217412344683
0.01039975038768514
-0.11602056191248561
-0.42662940492583956
-0.6696831227157917
-0.7910738932551943
-0.9358080406922388
-1.0381630499110879
-0.8940233614103102
-0.5480355000845535
-0.22337146474186814
-0.006577705197319412
0.047813560131887
-0.2605647108158535
-0.8510515496931225
-1.1418329474210729
-0.761722732331084
0.002130892740781628
0.6712803298422
0.930192092101012
0.6275203701538072
-0.05352290805526819
-0.6627628940022611
-0.9863306939676413
-1.179647223702251
-1.4011977832635503
-1.7031149464296
-2.166712426352569
-2.758256398158245
-3.2015934624015294
-3.150912409082576
-2.3854134670878344
-1.0052289165032926
0.48272276011890725
1.509159711318621
1.8867397625491835
1.808156115624602
1.5767064419611558
1.4266338061772514
1.4078517736399943
1.40888543872136
1.3530690800142673
1.3317531106468454
1.4834134305202327
1.680276997390269
1.5279827843081923
0.8401537979692872
-0.1326887033164375
-1.0252988715523068
-1.5794100733846728
-1.519962208107687
-0.694787451569222
0.5438326610264063
1.5416688756076644
1.9692426181968639
2.0081074034978625
2.0875618529017497
2.520350728339591
3.186478307412532
3.542141727987148
3.071647402925444
1.7940854841677112
0.26583360752323504
-0.9048282879602949
-1.4397933271297616
-1.324516680017195
-0.6505896744896488
0.2810545679024399
0.9952114629503808
1.1736946321671065
0.8875379238713271
0.5211411699926969
0.2956759796201366
-0.02595940732910757
-0.6092922948808883
-1.111589012216442
-1.1616515098825817
-0.8590577215938918
-0.5563065693027789
-0.4755915840013086
-0.6267573827465031
-0.8147474611989303
-0.7536990232763846
-0.4024054363860274
-0.05833116686893904
0.001207546590132304
-0.2233263515239282
-0.5730816338872866
-0.9140791912647361
-1.2149335719871412
-1.5398635734993487
-1.8892096102284182
-2.064727191949009
-1.8450478417765712
-1.3063766546097684
-0.7874677680630227
-0.45135375192656063
-0.19780795014725716
-0.018741820251110496
0.03227828623780553
0.06297667338734
0.12524136822388438
0.10194276641743713
-0.0025807984957560786
-0.09687142951155815
-0.2730745969715725
-0.567443335170655
-0.6902956116537808
-0.39782047868574333
0.08131008685495651
0.26162403178622085
-0.0003024120621983548
-0.2809599632119104
-0.008325500490541241
0.935928748958282
2.0482920383360175
2.633612323984026
2.3885170753233624
1.564885245621393
0.6403247653381031
-0.013445220902601843
-0.24621034588838833
-0.23293650213351302
-0.34922801753500915
-0.7312406056183294
-1.125361508251472
-1.28853679135681
-1.3100346941434153
-1.341475094445069
-1.275883732928391
-0.947789307095557
-0.4398452040353164
0.0380421226433237
0.3876919388296299
0.5247973348294906
0.38389189556354414
0.19334262736237345
0.19826163249676007
0.1510347808478351
-0.2833294067745355
-0.9075823274296162
-1.3004076976339807
-1.3596814960551724
-1.150109878667573
-0.6166970259244754
0.09945900410708731
0.4950505334949538
0.3798408122900006
0.247168373062468
0.48324035383850716
0.7128168635935896
0.4250277630227205
-0.1426817099616782
-0.33343479636532475
-0.1077588744694419
-0.064232321055996
-0.4922797644584809
-1.025102114407181
-1.1445842274612281
-0.6685367612587011
0.15822921203484183
0.8965372099589658
1.2222513784309659
1.0757431787970484
0.6811305489259932
0.38109546440538805
0.2909066657580752
0.23299432906218093
0.12103784293206227
0.13735184513195905
0.3410446719416564
0.43060246295374976
0.16916945134934824
-0.28931459921629743
-0.7296562465506583
-1.086516318549219
-1.1821072405728483
-0.7668592453719077
0.037061899768900584
0.7131899057350701
0.9254295847083772
0.8628822154428342
0.8271677998738151
0.769442244742374
0.5384082360569777
0.323293248032965
0.4642259420517659
0.8865307823170958
1.0280583037468642
0.47225609098545496
-0.49228602768681307
-1.211869049571447
-1.4575795854703189
-1.5079082568492193
-1.5413445304798206
-1.3618690403174025
-0.7776410075610077
-0.011428750822165625
0.48846945655265783
0.6003799065303688
0.5455570663685662
0.4885768594390492
0.47834450033578585
0.5029015029571106
0.5025687104107368
0.5412894794802868
0.7331023219361187
0.9294474006489152
0.7918535402411231
0.22003604686707287
-0.4079553196806248
-0.5086861752923587
0.07397085187952099
0.8143662023424646
1.0922616515805856
0.8899608680926897
0.68058817932776
0.7872199171715318
1.0571616307063871
1.0853045337071343
0.6551685085059377
-0.0448897825410445
-0.6106267167195117
-0.7784069314554689
-0.6022889488793225
-0.30983187773710374
-0.014505629839393323
0.3692720238411443
0.8714753327708649
1.2217213545283185
1.095673024254736
0.5996082174649651
0.2094288525093848
0.19455624472218744
0.39676293070522095
0.5647612562912652
0.560035758831355
0.24155751039845388
-0.45502245619325127
-1.2323735760775125
-1.5225461692781224
-1.064101038021871
-0.30895293696399345
0.002090563053997938
-0.2856625573661772
-0.65970479352422
-0.7871452359891696
-0.8038459437465522
-0.7546161567028475
-0.5523297060659232
-0.3629068063399266
-0.3892554134442733
-0.5898106554172176
-0.9062650617933616
-1.3585047813752567
-1.8607168651405055
-2.231265960424634
-2.3193934792575535
-2.05518870252122
-1.5487248892782166
-1.0624589115339205
-0.7378805861193097
-0.532251254923553
-0.4070185826103389
-0.3349995703390185
-0.19365773483984047
0.1439368950603378
0.5853456124957218
0.8676955927217879
0.9264689107539618
0.9380714558258453
0.9143847904752531
0.6942136179418997
0.39421193081334327
0.2912264615818471
0.27298730219154643
0.07615560907211594
-0.061761437406829225
0.2951021389090351
0.9671311785551585
1.291686482622717
1.0122837058567802
0.520517074648725
0.23921513303670575
0.21518172330868277
0.2750774926167968
0.23842239695774978
-0.02236404882792576
-0.5046391930998378
-0.9716660298411604
-1.1220387847979183
-0.9199968333388123
-0.5821003012581034
-0.27347147141394007
-0.026378943412362896
0.09868726826993421
0.05908685106521559
0.02888484135684755
0.3052164019329563
0.9456462608297818
1.504782461727915
1.2474693298047528
-0.10561228289554973
-1.8657750984796728
-2.8881024553315515
-2.7280340970263497
-2.0863972578663903
-1.8764488970019084
-2.1635837179468447
-2.3903746013135465
-2.254481860955328
-1.86257274487463
-1.2746938683241538
-0.43011473342711704
0.49783536420031615
1.043986747584124
0.9157160758803201
0.3529078324241107
-0.184995329062775
-0.48073468404362196
-0.6401650032483361
-0.944949232519629
-1.4510389427642005
-1.77252147377199
-1.6497654954090473
-1.3875473058829766
-1.345297941020299
-1.4440263522627348
-1.4431879803267198
-1.35697950038468
-1.3160887766447074
-1.2373012417219333
-0.9786308102993165
-0.6108157367847548
-0.3164824093358946
-0.251707394379157
-0.46004524919749856
-0.7350512435161067
-0.8046707465263436
-0.7059606489971889
-0.6890349058339541
-0.8899651862454744
-1.317074374779716
-1.8324578309462014
-2.06301899004642
-1.7767223633776676
-1.2821525088598722
-0.9843589840883649
-0.7766425681124177
-0.3086336211651304
0.42547325202186653
1.0274832364568023
1.1068885534584267
0.7053316724156138
0.2767176496524378
0.25332800957432383
0.7110838537410042
1.3909984346537276
1.9156021141346038
1.9807771269992507
1.4383767273561665
0.3972093835770651
-0.701742968035093
-1.403815820401868
-1.6874272670617334
-1.785422248532896
-1.7253936191905437
-1.3929967060909751
-0.7844758242563876
-0.05031714600950481
0.4459192204424952
0.3268547669343421
-0.26189712277442884
-0.687797869850609
-0.549487167634535
0.002704514306091474
0.5775092454720627
0.8243460030873521
0.6040954864481916
0.1576204655280372
-0.05993068184325882
0.14731532699190195
0.4934020613283184
0.5164953755706765
0.11513791567116476
-0.3354242835170391
-0.4802142714387721
-0.29480570171709347
0.12442842476580634
0.5096626862199505
0.30245226521671986
-0.6825415668459583
-1.7576615654332377
-2.0134593924867543
-1.1466018596816576
0.35068052683709344
1.557349759602933
