1025
0.41716985666412726
0.4279475028307122
0.6386999423970883
0.8328504951142479
0.8234142087546266
0.568568688714923
0.20137429385735267
-0.13566132355815744
-0.4040033917807559
-0.5259126145684517
-0.2765036450157374
0.4038130477703536
1.102494520934536
1.3098177512268125
1.0184802415683203
0.6224765737489092
0.33117818666308546
0.053169949494525005
-0.26481647853025037
-0.5767435368123356
-0.906267837910604
-1.3131410859311514
-1.672157879535728
-1.6084158430806992
-0.9293188939075425
-0.004453337145238857
0.6101895699077524
0.6561329367844703
0.21036266784348473
-0.4211543800496994
-0.9032506297337309
-1.0839400037558462
-0.9623623294947381
-0.6095827027732438
-0.2519016833999817
-0.15029365352754237
-0.27629151426542997
-0.3120477218141602
-0.01763140747337051
0.40971798786101254
0.4302151270533743
-0.23554761605810062
-1.1770526729428616
-1.6562779261448635
-1.3545413750447792
-0.5443699110398871
0.3287863304299675
0.9158903522881376
1.0432558071448685
0.8483404543422394
0.605859998607416
0.3856547777500337
0.17368664745732068
0.05093862604495286
0.021368909162600095
0.023236461963584035
0.14248605707027592
0.48137573723997495
0.827073529642675
0.80125512318244
0.4014119633073332
-0.02394782351078692
-0.35762607938659663
-0.7563741285819929
-1.175604221764846
-1.3339467977606632
-1.094366339043827
-0.6664348706831078
-0.39464896691275536
-0.33264462680670115
-0.21666922315255818
0.09251593366155356
0.4079762916108658
0.4898666973470577
0.3561134991176626
0.21808995198392564
0.09169969548100666
-0.18090938676489796
-0.4008277618538634
-0.0797675349175505
0.7795496588572292
1.451836372333301
1.2387426623439017
0.19672268838478765
-0.9560780364064833
-1.5094983749375301
-1.3760608532271592
-1.1189497063951952
-1.2877156171638933
-1.7599235863795823
-1.973858103861667
-1.6770369329321841
-1.0806477409178983
-0.46571234812174445
-0.05680291654128058
-0.17479841810332714
-1.0058235309764196
-2.0941845355346578
-2.599244899882035
-2.2252137510545267
-1.4435221389365434
-0.8122910382854217
-0.40937215920956466
0.0220864886338399
0.5114113993835938
0.7643732602165111
0.7011104277188854
0.6343392700220349
0.7521465438877851
0.8556532413744611
0.7098440758912768
0.38482744626303955
0.16514748591027056
0.12519830455808317
0.006599346877945989
-0.3065875074903392
-0.5178172538540788
-0.32914475301051066
0.09196720174844018
0.2573349945466325
-0.06775689077622962
-0.673893847792856
-1.243140111456061
-1.5689003945531765
-1.5312518792525198
-1.135783297948051
-0.5207389118814489
0.12712471031103853
0.5830743011383492
0.6944018199054314
0.577997285949532
0.5140667809989519
0.6436579754759433
0.8495849944850411
0.8903340222796011
0.6519576019501727
0.3087038758195964
0.1346231353601489
0.12168469368787069
0.09571191054673606
0.09160469272645262
0.20556546951488577
0.3446623761650684
0.37420753377316823
0.22923670222837345
-0.16918228728254958
-0.7712554765709174
-1.2514217821561004
-1.344482463524803
-1.1670208683393217
-1.0460252380391883
-1.188836915284016
-1.5328337153530265
-1.8259891565706052
-1.8170112636033184
-1.4072157779930963
-0.7586705940338301
-0.2176745158231597
-0.008782668385704323
-0.12683429703935056
-0.46314388892832314
-0.7783001313576691
-0.8142809877937551
-0.657605740472893
-0.597526278162236
-0.6741983986474409
-0.808846666620711
-1.0552248117296645
-1.316299333080364
-1.2758222985074203
-0.9123717018557901
-0.5507063021805474
-0.2921071165088336
0.044701331358132305
0.3890075044823548
0.3102659810313259
-0.36401804491508355
-1.1369813197479532
-1.3101451938441497
-0.7327820965990951
0.024569062661626197
0.33190280100762015
0.2733072889837591
0.44796065301517746
1.0800699031509473
1.7389182835710144
1.9566340932118058
1.6952985356873065
1.0912699180034324
0.21722692617736883
-0.6753025366034456
-1.1552186960921504
-1.1011560023906477
-0.7513144104516805
-0.25106836450604697
0.34383844362805566
0.7812146084534579
0.8332864241198894
0.6314195093409283
0.48382652507498664
0.511884383364585
0.6041361052828377
0.5987834542329612
0.3868205767403157
-0.016085192328584394
-0.37264856525446993
-0.3477182473223393
0.20490157044385782
1.1602130740654202
2.1996625077840553
2.8821948709390406
2.91981407948807
2.5075634519078056
2.103258449160761
1.8388639432484177
1.4713404944299187
0.8550343775249236
0.14968302648467233
-0.2922508479921254
-0.19516399683669897
0.2896358425314765
0.7111001375443144
0.8020479978454543
0.5649645198933458
0.15709248833809647
-0.1310617343836522
-0.11181393358166938
0.09001846253141775
0.22405843923454416
0.16528778715912362
-0.05323024999362002
-0.2580440461556147
-0.2421914621472819
-0.03680598372431062
0.06917472397125271
-0.0633122381317139
-0.1749002855296157
0.0478621975326945
0.5486883709182949
0.9675225987447079
1.0329328642520155
0.7839280484251203
0.3584720664170513
-0.22590478113792584
-0.9148683158806937
-1.4829609383914952
-1.664460948570824
-1.3769889519640386
-0.8671758958708414
-0.49868637712297564
-0.3687741312442795
-0.3240803415987512
-0.27347053352980294
-0.2372661652591134
-0.13588515513894875
0.14749576262988723
0.47839640665384153
0.5581523771119882
0.3231100339473138
0.10301931982352017
0.2798702049710096
0.7708011956934289
1.1502309629718332
1.2662687341817964
1.3148776821826906
1.4781184656886044
1.7735756783540806
2.025213415214084
1.9479698723531802
1.4403186405963064
0.6519831611840868
-0.2156522514880263
-0.9121981511633802
-1.1200885427542278
-0.714189467748352
0.046318439440171374
0.6345987467010286
0.5915066263621112
-0.08926035967858317
-0.9151506588137018
-1.3414340172716759
-1.1883262445392606
-0.6183935843847752
0.04514996667649186
0.4413466404290547
0.30367222504424873
-0.3836428209574128
-1.2770102820653335
-1.9033490566460969
-2.1142889316799267
-2.1003823626878653
-2.0410171448724084
-1.9753943644957583
-1.8431154374027274
-1.5645717046528556
-1.218426610639305
-1.0551718479610122
-1.262991963088796
-1.746374126454214
-2.1212546216445123
-2.0199144320258267
-1.4987069116671259
-1.0386949906381262
-1.0359972215529347
-1.332812281181737
-1.3236732659849157
-0.661651845952776
0.2911618167828373
0.981486774387656
1.2865244714937878
1.3546943013479027
1.180741206064833
0.6016146443150217
-0.35127744219650003
-1.3055410041827913
-1.8358378695236457
-1.7589822785417242
-1.2466955192037052
-0.7746091782395066
-0.7539065256063318
-1.147011046634203
-1.5365340924281234
-1.4783639206998966
-0.8127943465178645
0.15782868121181337
0.8766900132266617
1.0701406846617045
0.9202058012939757
0.6430548816323287
0.2655636470694756
-0.07572186537337375
-0.1278418321497264
0.16518518813781843
0.7858349371995634
1.7448780372168509
2.7035021030167234
3.018487988581756
2.4591310327228943
1.5070676862916528
0.7509336247958335
0.3027914901759453
-0.0028550279067677204
-0.17854251508737332
-0.10454351206610626
0.09639375887025019
0.0074612309998633945
-0.4884205413980131
-0.9361894221826335
-0.9493472253451047
-0.6792170709490253
-0.4717783029528214
-0.45725877637230244
-0.5702576879238471
-0.6576560065845337
-0.4787093741439793
0.06342352839252366
0.6236020833995455
0.7363498795229889
0.42648073459582386
0.10452331187506146
-0.05124893209807572
-0.20006930499958303
-0.43687781668804665
-0.6059231728283427
-0.4883731879161487
-0.0823014241769096
0.3764248180053749
0.6932138506194223
0.8671432593813841
1.000523621444438
1.1968553229215502
1.425990255556104
1.4761508012485367
1.1923678271850717
0.650540839628651
0.08378310455343176
-0.2420847031567597
-0.2781409939006218
-0.28312512507288906
-0.3779921782894219
-0.3940153053555405
-0.3506907179888173
-0.39843241507441374
-0.359991318880698
0.014990374951791613
0.5918081105326812
0.9747753112686978
0.8885129997210303
0.46779557513384157
0.14098806905963088
0.07603610519174492
0.052468839302521754
-0.05968485126656365
-0.20401004364451863
-0.4900390072754474
-1.0923727123332376
-1.7588211493086543
-1.8885698159424926
-1.2502933477567304
-0.25948494252832704
0.5457719411676614
1.0595762676287008
1.4971563968010777
1.8188007460606301
1.6915286022132427
1.1146484655089035
0.6011766255738884
0.5974678872706103
0.9850353731566637
1.2519987332366846
1.1087866594087623
0.7628967447380175
0.4928423769167583
0.2076733721965513
-0.2926745728188331
-0.7394570946178678
-0.5707093397887341
0.1753793870207417
0.7604047555600912
0.7525025992434685
0.38963334717990095
-0.10057231239452191
-0.7297254346004693
-1.3741398835248269
-1.7533491708199889
-1.6985327476779617
-1.2346207516040482
-0.5990259400740578
-0.2297344164596587
-0.4316020460592721
-0.9302310165434446
-1.0542793065823493
-0.5621444440727515
0.03966132546351937
0.17463097640530317
-0.22647558569977774
-0.8816827815752619
-1.473312413425086
-1.8428226730387767
-2.021774650644486
-2.00926064933156
-1.68697555787132
-1.049357572011087
-0.30684757100228305
0.29485416059874514
0.6183608806870784
0.6345175581980634
0.43217366330603274
0.19448417938081677
0.03247519009879266
-0.09702932409294027
-0.2144203108571998
-0.20420334139884128
0.01865573960059723
0.356962694163341
0.6075206843889986
0.6505977141577233
0.533934381770068
0.36061958904853514
0.24260640494344055
0.348192902079529
0.6952837080803353
1.0524561792832714
1.2813115586997534
1.392354148067517
1.324449792125111
1.1344711955294453
1.1059185607231115
1.3361756924390658
1.516844017044579
1.370719379039436
1.102978206740286
1.1476816824458922
1.564036762691408
1.942943697814593
1.8871315698660431
1.3631352600326818
0.6009407800945127
-0.11790614580929906
-0.5855068129025268
-0.7848955878142819
-0.8380037905609021
-0.7125877174011198
-0.2574340998946143
0.36316935048212967
0.7468092406725493
0.8160787280948933
0.8472433665047653
0.9641551087761996
1.0256213514930657
1.023378077449254
1.1744920844052777
1.546798842293394
1.8554762676208432
1.7088380103293979
1.0332384908316776
0.15251955901513048
-0.5438331259148043
-0.8549675553649316
-0.8524359566113289
-0.7467069365779787
-0.5536254111752356
-0.198127735765596
0.06954793222166217
-0.16822996605774942
-0.9420070361453389
-1.7222426269156872
-1.8157119879629995
-1.0982583783659994
-0.2773812408558567
-0.05321656201133966
-0.2871081478865935
-0.4516579805346404
-0.46206134394641696
-0.5276741221836801
-0.5851763792602344
-0.45852845351769095
-0.32016162882286475
-0.4770513940570708
-0.8651807266809688
-1.1612624847333104
-1.290860899810424
-1.4657571727038514
-1.7242751598453774
-1.7926340587974487
-1.4766445252845741
-0.8787065727232869
-0.20073473936529584
0.36904853575910757
0.5953496704503811
0.34505021461076957
-0.19007132061637327
-0.6634199475202215
-0.9106779647414023
-1.0125017470634383
-1.097484031282459
-1.1299741123727975
-1.03573437219967
-0.9823424574269674
-1.2158665975649128
-1.6586374518590359
-1.9577339963742144
-1.880253517813842
-1.4289071847477348
-0.7489376978761285
-0.1436691454063014
0.0435657895714009
-0.31828821077510555
-1.0960518793779708
-2.026993929944923
-2.801566413325024
-3.089751591175867
-2.7277903078938768
-1.9445360654425945
-1.2988712554388813
-1.2660071944191997
-1.7555731151741718
-2.0865540977987216
-1.599775922508887
-0.3616824768598657
0.7710367777117471
0.8996159545983731
-0.038261220832181496
-1.2144870045660674
-1.7082461391710075
-1.3000943399542488
-0.5573776336940817
-0.1968750653718305
-0.3838351025355369
-0.6543460464652583
-0.5250441874555457
-0.02620530538388739
0.5051552185071387
0.83690234641234
0.8447025079688297
0.47636176764333044
-0.08254626790426046
-0.4901852401037951
-0.6430668309640308
-0.7592281355092662
-0.9827120702163884
-1.183098585410637
-1.2380420774873981
-1.1695325559042837
-0.8844343642874065
-0.2089164298440002
0.6069337843579539
0.884114968207704
0.30309798248518194
-0.6638467130128669
-1.2518374082511963
-1.1661348677116323
-0.8163195573085578
-0.7301395732047591
-0.8925674553984586
-0.8952823610932121
-0.5632622950763589
-0.1917373600241894
-0.17313353230384812
-0.4970998581304641
-0.6996576203518435
-0.38611529247023535
0.31985129316670907
1.0274689385575286
1.5434657251793988
1.836070916146446
1.780473883692884
1.2645834304928456
0.4376185773046443
-0.38103857729478724
-0.8904990954695168
-0.8348044578916844
-0.20722174040942845
0.5291606989994722
0.787739438570403
0.4232307228603977
-0.20830587347927768
-0.6736213398267992
-0.868188784181935
-0.9163618005312011
-0.817485828985977
-0.5002835088377642
-0.12501570293263312
-0.012024518320115807
-0.15718083178362438
-0.1030722654625833
0.39009397328766926
0.8764609657271579
0.8612589459240211
0.5107763935620883
0.33011079195240517
0.5122220160703193
0.8134381027817064
0.8424680557857015
0.5141346029813711
0.24611368739898962
0.41246184424210747
0.7939907224662247
1.0295854177015529
1.150755034885222
1.2478303128556472
1.150140976736565
0.7396070390064501
0.24282434304176276
-0.005158689602915231
0.09544909264735797
0.3822398598472135
0.5355906885334029
0.27809111481142756
-0.2885493078090606
-0.7067316987495431
-0.677852985000795
-0.36240341181686214
-0.17210026358644284
-0.33290855150109844
-0.6241879679742172
-0.7218840759480064
-0.647755249351795
-0.6122397604591556
-0.6956753777144319
-0.820315401731164
-0.8653500858318474
-0.7780429844544697
-0.5230631772654347
-0.04244284002184503
0.5306074812874291
0.8347372827575492
0.6414739748139502
0.10583562195907456
-0.37350015755701665
-0.47214465473593237
-0.12561994054641284
0.5238637956134293
1.2454897782425327
1.7667220525134768
1.878517635629837
1.6402981150817342
1.3520362360660867
1.2055640343889442
1.0878159236210283
0.7618020262059015
0.14506981280361053
-0.5500690769160854
-0.9159894089322221
-0.7138829660501166
-0.2195170529741129
-0.043850974067043254
-0.5017679989620142
-1.2969219104960983
-1.833685004889674
-1.7592188556934247
-1.2352310812603782
-0.649286744301061
-0.20930237411552988
0.08149480210921402
0.35080493598550855
0.7331899979665779
1.1246839758855962
1.2654404238175867
1.0960021792345251
0.8681700817028569
0.8831402277921636
1.07447926761723
1.0381046127769387
0.6905362196794951
0.5084796518098694
0.7784157442751012
1.1789234831788762
1.4183170917861356
1.5940015390706264
1.8148802362110872
1.9902594571285348
1.9378977713359997
1.6024549991195292
1.2480750695138598
1.2029285988792235
1.4061080410171234
1.4779029983231589
1.1935493936102235
0.7323562905271579
0.4373698924030716
0.4184704954089864
0.5067510578603068
0.5095965510622734
0.3579096811984399
0.10314356251302878
-0.04192045535459408
0.1907545624357299
0.8055705189061291
1.4733579893695803
1.8098696698852954
1.7543808331949198
1.6364601686937719
1.6789715583017386
1.6751354395322184
1.326128447251518
0.6219837024644808
-0.11072601479910997
-0.39412397580856695
0.03574052326107674
0.9553436457532963
1.8258501806135323
2.1764934352719116
1.7532050932516208
0.5979070881948403
-0.8356654148429453
-1.9066330812812036
-2.2425434833672098
-1.9799826113482832
-1.6263995747029023
-1.5411411466783305
-1.5602471493375112
-1.300763946730208
-0.7358214324708284
-0.30782378195319676
-0.37046645853245086
-0.6865797902219342
-0.7805535166913435
-0.5142697660654415
-0.04297802068264805
0.4326419733299331
0.6659720058265857
0.4720851675742456
0.020812174528964594
-0.26883743297251883
-0.23631114955202412
-0.10511279109386568
-0.05422217672652418
-0.0019076600918765752
0.06323942105567974
-0.10582009994699834
-0.6377485519670759
-1.261734005094699
-1.6265826630479596
-1.656089444100786
-1.4253152767944275
-1.0145392203156296
-0.6171341011674998
-0.47072291167630076
-0.5687106172123465
-0.6183215180571904
-0.48338445626116827
-0.47219644473764827
-0.8119999596982154
-1.2273219872182932
-1.4135002850262497
-1.4025619069854258
-1.2492793893954723
-0.8600798497234455
-0.2608513761520533
0.3306913133489157
0.7779839744954502
1.0994879490075042
1.2647740564130394
1.1546329023352881
0.8019454436901237
0.5241688559759901
0.552995392498757
0.6906191051596982
0.5981578370515336
0.13312365071481613
-0.6710091554408256
-1.6031120769739675
-2.235145031613274
-2.166248057644721
-1.4630962632412394
-0.6552450969478986
-0.15425379150632484
0.09556713948157095
0.3501264664557116
0.5990527373036802
0.47202007371062216
-0.2892946674104009
-1.322158525241269
-1.8615770760173547
-1.587962320947707
-0.9607147156520328
-0.5699837386607844
-0.5262243376441289
-0.5765829274230477
-0.47732368559201743
-0.16711048822811606
0.27034888185963224
0.6951448630418088
0.951493437073033
0.9254085502275969
0.5826810379761709
0.03526397979256764
-0.38629056274531315
-0.3770242886520021
-0.03013803064821485
0.25469242605898595
0.22275231159717876
-0.07223913424818101
-0.43781020639687435
-0.6200006408611811
-0.3917390226688107
0.18398713354629373
0.6977678206850763
0.7609899161236572
0.31619944413707013
-0.4515698018867901
-1.1865677772028431
-1.4811409801590916
-1.40957033554085
-1.5106321866997943
-1.8406265684177536
-1.819753890956815
-1.2222460937100947
-0.520625912887359
-0.1999620737267227
-0.305298403262261
-0.6545768416202141
-1.0397378245342137
-1.2451205636672962
-1.1805513566971726
-0.8620176214438868
-0.2910203916287183
0.4024437664830864
0.9122543068211879
0.9896564249465274
0.599665508344878
-0.0688567788367944
-0.6660407580943661
-0.8668387757132752
-0.6087279967237008
-0.13974211198993206
0.27430021813394495
0.6089630351982241
0.9144413613224982
1.1358219482502967
1.2727625683411152
1.4086132865525904
1.422052015785186
1.0093758734822122
0.17359861694937542
-0.6583393441568954
-1.075778035169878
-0.9391075456701165
-0.4488652632007688
-0.11854539251572968
-0.20430255306609216
-0.3322550856297185
-0.11562215928409583
0.2992835547880183
0.5144692471674706
0.30663474481768965
-0.2598519199475424
-0.9131031872001699
-1.3489700642664395
-1.4411669276501922
-1.3186979659259752
-1.152358168888805
-0.9220490473025775
-0.5643334043253856
-0.2552179359597579
-0.3130265162724331
-0.7810795236292406
-1.2886873313224365
-1.440905877682052
-1.1402183491080717
-0.4820169494431219
0.4060596799456934
1.3165272721554788
1.8398646168048896
1.585375461222592
0.6820735439238632
-0.2674895947552306
-0.8322820869454393
-1.0480088473675337
-1.1174213884991768
-1.099024106608473
-0.9092373912159443
-0.5493607246755614
-0.2708022663479366
-0.41849545535835153
-1.0366638050942474
-1.6661978033700104
-1.7363944316096398
-1.1951621708733875
-0.5465503209577974
-0.30725447907964143
-0.5252996274166768
-0.73766456775996
-0.4771882308808034
0.17185691914911774
0.7334274883891245
0.9075667269295368
0.696422351317187
0.16673945634959014
-0.5531531552968506
-1.0857751112254137
-1.061994866627627
-0.6836019385568531
-0.5620672525962952
-0.9188149424756877
-1.2985281116963907
-1.1582423905619736
-0.5171045362318651
0.18597765325252769
0.6298517325406491
0.7714846039967576
0.737238652648093
0.6520052024404914
0.4710816929515679
0.13692496637629892
-0.1355754151468107
-0.05485180452139823
0.3109364675294873
0.5559046841875445
0.35924866279483153
-0.1917724640239852
-0.647087358844206
-0.6177976581813266
-0.14277199474423807
0.43258342033035996
0.7965705529100584
0.8109642084978528
0.507276492219555
0.03793989934061836
-0.455509729543708
-0.8866428719334459
-1.1567065459006558
-1.1491969701276634
-0.7919815298560893
-0.18786152756997757
0.3487254119311027
0.5743302738657414
0.5790482729790428
0.6032206392363676
0.6467874385078247
0.49317989285604596
0.14752681187897135
-0.10532297095959009
-0.10705595320348252
0.034649668318916645
0.17735415226807566
0.2785743578131058
0.29757097039155567
0.23299557979833013
0.29907659399818176
0.7292996210819113
1.3198585190486691
1.4885000397921353
0.9937856765195723
0.34151566549177054
0.17488194595563092
0.4479360644416607
0.5827356011307581
0.30937740129038716
-0.042906068267734514
-0.012873107652321332
0.49582333931761324
1.146081333216697
1.5047068310631835
1.4503657727259103
1.1785661571829802
0.8081906995450018
0.19674092565289347
-0.6674325050727091
-1.3351593887611368
-1.4088406300277356
-1.0976051026080456
-0.819347973337313
-0.6705834095791017
-0.5111795698573749
-0.2203826150268198
0.16326677908030432
0.509602228971179
0.8600634093026219
1.3856819354400753
2.013507950750809
2.403440710485481
2.3172971620822995
1.8086859177879957
1.056002050494279
0.2588750132722398
-0.26000224410051814
-0.2932955874115664
-0.0874491648617396
-0.04370405914714773
-0.3012350274326811
-0.7314671395985337
-1.0943707014459179
-1.341614489423708
