1025
0.5313775772663377
0.2726983075782963
-0.02827822883990625
-0.26767833494540477
-0.40728444946418996
-0.47028258820365226
-0.41015800956520004
-0.17671940230215985
0.08083204268593626
0.10380972424578472
-0.11984356748308723
-0.3070035635612392
-0.24636604473069826
-0.06344347195189953
-0.048778276866929336
-0.22032701519154493
-0.22822038578483114
0.12167913876067167
0.4852530298278773
0.4000992143312818
-0.06619604095725459
-0.373622942362118
-0.26004495945357026
-0.05476518058238269
0.011139399072034607
0.2074905974450591
0.7103622538097056
1.2321800263329543
1.405071363753584
1.1097591490485708
0.4307478873400796
-0.3652826676761229
-0.8208499147662041
-0.659594001125256
-0.19157421833560564
0.06238522732597348
0.0730598142616955
0.13019493458302275
0.2504366981013646
0.311762887119728
0.3694314731568785
0.5051377960748674
0.709934046685623
0.9481666242116955
1.1166990095848477
1.0132062723590203
0.537050254247723
-0.11021022138987127
-0.6301613584081429
-0.974763803589316
-1.2941994514427888
-1.6469577544637657
-1.8687540425843892
-1.7041224846377085
-1.0987691067155805
-0.24608801065419827
0.6340091171069954
1.3015934416341424
1.4519698491935416
0.9449835654150799
-0.015180842513994847
-0.9570474435275323
-1.3747398690954342
-1.0663169741337175
-0.3281860557017633
0.325705030242651
0.6231724226315416
0.607714151690959
0.450976435547006
0.27464239824119463
0.06275833235544205
-0.1662726424521622
-0.2532099707372354
-0.1262255749460682
0.1280472263459194
0.42035342658580477
0.6699983890536132
0.7814324195381558
0.6638619566736769
0.3330071178295192
0.017850674411950783
-0.08171839092866598
-0.11025147751812438
-0.3444541609574196
-0.6994127225902379
-0.785367176960521
-0.4742273875180303
-0.0885502747498356
-0.01549440942533016
-0.348158392570492
-0.8386574142997703
-1.094309296161244
-1.0285941675424677
-1.0086326619339923
-1.2753260886524636
-1.5716848718210816
-1.5406486719193009
-1.0709136485464765
-0.19336738758605815
0.90748486814689
1.7752878646409838
2.048862411675427
1.8684533996859412
1.6219296033219828
1.4966196782446823
1.3770115329245574
1.0408046885488376
0.49192316144736925
-0.01180100492294348
-0.36776121693163366
-0.7245109659607949
-1.0671891263460702
-1.1301077181380426
-0.8353674486912773
-0.42968140828488105
-0.07712599448078444
0.24181882377018624
0.38705916474535873
0.20677777637292535
-0.07042579784452119
-0.14273031621657267
-0.05659549407998746
0.007867877392910115
0.018116070325265087
0.01003363039437242
0.013709478085936469
0.028727562936096164
-0.04724569146581037
-0.2660358951026031
-0.44533452833300197
-0.40292020285842856
-0.24477472809792336
-0.1741298011173976
-0.2222822972927654
-0.3405049598622821
-0.5181724511727744
-0.7602561193814183
-1.0830299366497655
-1.4696920833204046
-1.819931606657909
-2.0318225088740594
-2.1362561066334163
-2.235101200334102
-2.266223003157898
-2.0499775502259183
-1.6456498539518467
-1.3787126838966104
-1.4105547774020464
-1.5374725305779076
-1.4795803856702274
-1.1385198422284575
-0.5799722418904459
0.015435566648757199
0.4192033585266779
0.5282663981353591
0.40518507213089605
0.16189378058266796
-0.05866880488046814
-0.07189842833982163
0.24874451041393603
0.7791339730128933
1.0871153556474944
0.8319011360795523
0.26031658514777944
-0.036744125030430855
0.07192950438154176
0.11416116863240483
-0.23726773435590087
-0.7050235201915849
-0.8089819522135479
-0.4651613681407681
-0.07582777353765302
-0.02059139954475691
-0.19320894967990934
-0.2703972888319261
-0.18941184981234652
-0.03604077583978063
0.16561105057136827
0.3281373467658235
0.35444316877645216
0.3046307961585316
0.2864160335967496
0.30079017521164364
0.25178327179473914
0.08216937561542398
-0.1609140791666982
-0.42524930537460937
-0.6048442161944001
-0.36742812079780846
0.5810877025760952
1.9764989566505813
3.0517663935893986
3.2044266528354735
2.488851714359289
1.4051170495348915
0.4285042635667974
-0.13597715409136982
-0.2019698205081349
0.04429956352703728
0.31200548022667585
0.3862307807193913
0.22495914622017238
0.07820430269399606
0.2901077306444518
0.8036858329637749
1.1251309332063169
0.837420166727514
0.03334736186080776
-0.7276408804350131
-1.0096724083826736
-0.9775438189184869
-0.9829320267876257
-0.9771797969518873
-0.8097828031923973
-0.67818520908363
-0.7756067465765062
-0.9429040166829835
-0.9657418641330949
-0.8491668495648006
-0.679002615657883
-0.4578769018113087
-0.16667001256575817
0.1719829595810944
0.47303439522893764
0.5540396935194893
0.2916751307325374
-0.18014603095632933
-0.6074139718454653
-0.8522251034921003
-0.9171463719962609
-0.8825237569447469
-0.7934621131662412
-0.5886765285273506
-0.24717082407095492
0.10082751961553385
0.3236696771309847
0.42336069677182236
0.38187361219625104
-0.0165407544834281
-0.8593082978437373
-1.6751250557832769
-1.7829551069545342
-1.0720422362463558
-0.20553456388880156
0.07663981940899235
-0.20503693072990237
-0.43977096183724057
-0.39783698706228904
-0.49837480939964374
-0.9854900163589811
-1.4803277744017922
-1.5914626199164927
-1.4079759723381207
-1.1983127633478194
-1.0312528928974727
-0.7908729709259674
-0.30031700307497455
0.511934381419966
1.3635471339035243
1.7095227474499735
1.305170612376925
0.5645646977622526
0.17107263465214462
0.3480571196576628
0.6627431724648182
0.6017405425780091
0.17417272482433072
-0.19480253577376186
-0.16744971693063568
0.2805268677664767
0.9370209160522289
1.497952764551798
1.757880577173709
1.7529220173265077
1.6639805772032685
1.5838325861856957
1.455064734150752
1.1988677238455525
0.7677698669517168
0.15007531587055814
-0.49973595636008383
-0.8943669736061906
-0.8879413198961867
-0.5899027624360472
-0.29491663388751643
-0.26091599939811977
-0.390143071027632
-0.339193995849468
-0.011724900492880481
0.34790711029908483
0.5634338980245587
0.7213356779670987
0.9026483176072473
0.9843336636296038
0.822864261656518
0.523475212500701
0.38635583590931133
0.5391505222151916
0.788479424576955
0.8699991933264153
0.6593389064962073
0.22163614697929077
-0.24041070937226575
-0.5770024302527066
-0.7692605487358108
-0.7853035494509416
-0.5678948921321523
-0.20249185252262164
0.13195102382438476
0.3655362688800581
0.5073370024787698
0.5354193905440141
0.5073657585553625
0.6130472039625694
0.918168741601764
1.2504596727507267
1.430625866970369
1.406004480484603
1.2156173961686199
0.8977889006697515
0.3353842901332208
-0.5698861482974548
-1.5042405928000182
-2.0337597795924576
-2.2222621575520907
-2.314947954797484
-2.1306195356356326
-1.4643215442666597
-0.67827634629603
-0.3918189604589019
-0.8038154717076073
-1.493598366651251
-1.881604290000015
-1.8159023409628279
-1.5653478908377387
-1.319565950795032
-0.98549249016119
-0.5114117513005358
-0.14250936836831676
-0.17036244654681684
-0.517175164825634
-0.815310054372904
-0.9646173960094772
-1.2607086882727871
-1.7764130607056832
-2.134839515687018
-2.159296263456155
-2.1164736009909206
-2.1336925564398435
-1.9825153472229338
-1.5170494512305346
-0.8399953990563607
-0.057894917013503126
0.6889192943621821
1.0827827216648058
0.9330248312251858
0.4961913216275819
0.23395561467096299
0.34872467247170874
0.6467065577402195
0.8104234240146385
0.7359522003334568
0.5458046186528313
0.3798635647753172
0.2544293572305665
0.059072945016850065
-0.2828935216615604
-0.6708978515908258
-0.9550945707829233
-1.0656459473619884
-0.948399134561001
-0.6001141327535425
-0.16772255493898466
0.11666671994312561
0.06439898158995166
-0.3657011008429274
-0.9113019214855554
-1.0829842411936246
-0.7544601445620388
-0.4406755571056371
-0.6047553295770424
-1.0320846631868175
-1.2199201308064185
-1.0388383130618593
-0.7223058880128965
-0.5642848193490494
-0.7860448199778094
-1.3181142552094638
-1.6788484468023357
-1.3966364908461548
-0.5790557728311072
0.2275880890558439
0.6848354789391181
0.8390563765767005
0.8331706076137726
0.7644708694346404
0.6268704053006661
0.296008614658125
-0.2070688716635422
-0.5292465795752346
-0.29220262683071435
0.4346880270384432
1.122094146793816
1.2814572391341488
0.8327330744852199
-0.0030680200111198137
-0.9216163314942325
-1.6633839861325252
-2.055244912038821
-1.884581233323485
-0.9885135444797611
0.32599651508529287
1.355741726026668
1.6721960457043061
1.4489340098181154
1.1332049957087058
0.9886938757474482
0.9810204988560588
0.9746729464390798
0.9429304636346955
0.9568254457138015
0.9764182741649706
0.8592728547856906
0.6514402370744897
0.6183332417575331
0.8561264108257001
1.0528647312219075
0.9145237823760858
0.6461825137283378
0.6479132525430672
1.010413290463558
1.4995263201637186
1.740388039361125
1.5072553017373342
0.9816017079094985
0.4995504393799897
0.20175569029617121
0.11125442023829081
0.24438841204565107
0.5253739702721907
0.7410629480859764
0.69831551598205
0.452805166865798
0.24002852695072885
0.1501878378177805
0.05465180044449538
-0.17134611861455093
-0.5036432118863785
-0.8566383135825205
-1.1917377410219838
-1.4659243841475174
-1.6206560810017634
-1.6279721787540602
-1.4561017501727878
-1.1405242435843184
-0.9190544521285606
-1.0519330690477113
-1.4120598581755954
-1.475845117503994
-0.9577930612945202
-0.26344093046247913
-0.013137811287900219
-0.3609818972613164
-1.023076518234378
-1.633692739225004
-1.872137434157802
-1.5980767843864594
-1.0268834380096945
-0.5143287260342145
-0.18433120561640917
0.023669627421176485
0.14804638824130412
0.2425854897213636
0.4095733622613491
0.7023756158264503
0.9890434872779623
0.913451681010994
0.32322093338861857
-0.29256047382721473
-0.3149408131602109
0.1753019288889781
0.5815260287499207
0.6214787632072937
0.5279817376115424
0.5221788500324063
0.5193907669368183
0.4900761618588584
0.6314299603154363
0.8954896677740836
0.9053598396320933
0.5543489542616693
0.14825493459320824
-0.012908679713841761
0.13056174142700544
0.4201026474208425
0.6867673264301785
0.8583370120106936
0.7523627920507096
0.16337684843441347
-0.6903876891480762
-1.2408491423969603
-1.128287458438955
-0.43365098002470925
0.48323287650360275
1.2162286385804528
1.5317627592161522
1.517080651327948
1.4961902103516869
1.708961105753891
2.0907507497399687
2.391741479798242
2.4574031671276058
2.358121956847158
2.2580057405534517
2.1479020013590455
1.8247439956429907
1.2110834376677457
0.45968400653522773
-0.25354136865416965
-0.7438519881837038
-0.7733459728971608
-0.28825349808761835
0.3840917445962877
0.6436591401718598
0.08132621032854405
-0.9986679563064469
-1.7839816222693798
-1.7635349361331258
-1.135821777807305
-0.4562463789434046
-0.09411971678710349
-0.053617400960483966
-0.0785156938571626
0.07284187383100765
0.29647234688612356
0.2313832593677089
-0.2434776636592268
-0.8058440555381935
-1.0753471973562634
-0.991669640973386
-0.6698808092811388
-0.2463792379333342
0.03532296687944987
0.06228321237588572
0.045645439254635066
0.1259790631191985
0.18167110963181882
0.17161891720153247
0.15767530590360027
0.05103225270588944
-0.2237308589866159
-0.5613216193732672
-0.8458414179341284
-0.9210232109556158
-0.592568884183983
0.04494939973619348
0.6316354047997177
0.9435030974707752
1.0439282436519786
1.0989197302160303
1.1890713710624565
1.2908165158258609
1.2978105901129513
1.0460830421544676
0.4775529667417996
-0.2092304636748869
-0.7383138597397787
-1.0261787228460377
-1.1338276239643308
-1.1225031875518137
-1.036513795937307
-0.8685329048498377
-0.5579525436552216
-0.0702539530207342
0.5514150065498371
1.1152461189778085
1.326155976227826
1.1245386606723604
0.8858595873613277
1.006511834820085
1.3618689910303254
1.5307273457128778
1.4357654774299262
1.2831230802127538
1.1017426251235938
0.8166277390623105
0.4738136885010471
0.1307531727255448
-0.17415375893384125
-0.30330523256045167
-0.12036138669067743
0.2653592203861776
0.562067326756741
0.6711489760717172
0.7879624359307347
1.0898912414336146
1.4212617617228855
1.3536014765394802
0.7200897459296279
-0.0797177754980947
-0.5832786101722992
-0.7976307462877033
-0.9733223003624579
-1.1771966165021266
-1.2944200087675157
-1.1860987425850809
-0.7863519796615757
-0.1603411701136691
0.5261424522184502
1.0553163787373117
1.2236635987152595
0.9361155583686835
0.21257494610572777
-0.791433549548021
-1.7601898299328445
-2.3847627248455647
-2.5069333951812007
-2.1592896072137773
-1.5465445356723653
-0.8211002346372752
-0.023767224503915507
0.7133864284467106
1.2508032778454021
1.5807587210455964
1.6780256942579528
1.5852850968882473
1.566480147038528
1.682075615949409
1.5479474431690414
0.9536987580249067
0.26091044705091254
-0.07580346432559068
0.046545056229674545
0.4235165195665009
0.746436617070142
0.9130117692059574
1.1071865257624505
1.340984555209642
1.2730249517196168
0.716698576216553
-0.1291924832038554
-0.9957833997359042
-1.6262851769239313
-1.691020524956977
-1.0591374172560324
-0.04876022106550104
0.8405387484444384
1.323798636467053
1.3821373603659919
1.1193595387315478
0.6481386494277236
0.08233978265356574
-0.364236982896535
-0.4063319685077235
0.06868483863611913
0.7981187343859831
1.2649726506054695
1.1533874203178398
0.6370052731267397
0.09835075786124288
-0.25020150476128755
-0.3726134204459683
-0.3467551119546444
-0.347570331109953
-0.4318151226337256
-0.4575004929481892
-0.3605241918481472
-0.2597066810777233
-0.29595543184558326
-0.5583216752705522
-0.9933292318960557
-1.278433020844624
-1.0248148197484288
-0.23782511663174274
0.5475561472964858
0.7252541005084684
0.24616326105660152
-0.287594822261194
-0.28018710162909033
0.17442602469146362
0.47337071055763513
0.25359641633498947
-0.32815190219333173
-0.8907646602143889
-1.0798545196039908
-0.7096961074665581
0.0483871058515648
0.7204697517574165
0.9532312407922057
0.8195043658300468
0.5650239590852366
0.20855428221666106
-0.31322820379602556
-0.8344519586678953
-1.1533261947207658
-1.2863976147285154
-1.303756269898475
-1.1719542220452388
-0.8776640382875129
-0.5502452927008216
-0.365804809575256
-0.34341723692136933
-0.3825473499860084
-0.46183389346330717
-0.5479546707931846
-0.4400460878094628
0.0022428372698759563
0.5593849966484518
0.8441925102076282
0.7258632482026598
0.3148766483382047
-0.2753667635006991
-0.9331798924434528
-1.4993507271352935
-1.7776467263852427
-1.5921606063657323
-0.948196912362832
-0.12934110029495355
0.3491466096598436
0.05675523088404945
-0.8275965861887489
-1.610584983114642
-1.8098403856813605
-1.435384526451755
-0.755453306964065
-0.13805701322221958
0.1305198206112576
0.08622148747242338
-0.03307520954058207
-0.06375317436339527
0.1505723041388488
0.7645641169292342
1.5367968342876168
1.849124181887571
1.440077391418334
0.7106963303284113
0.1738460345438855
-0.016755028685034323
-0.05032125372468779
-0.2241766012697726
-0.5806208156102778
-0.8728582480448808
-1.006907235001146
-1.0510193152243485
-0.882113170456642
-0.4278969706836001
0.040094137544101544
0.2963082942966273
0.3929469525177178
0.3425872253055001
0.06205061475837507
-0.3059174599810699
-0.39250181689831914
-0.06861007974212256
0.2826287999382677
0.14638840238117476
-0.5005496925212024
-1.1477840975229876
-1.3857681848247343
-1.2796456901566104
-1.0161569020183217
-0.559841904970927
0.17019584186642178
0.9714402519499684
1.3779719988620198
1.0979617106512363
0.3584340468009828
-0.3346824552790362
-0.7109293240099042
-0.8619364470877932
-0.9945633544081428
-1.197100759507646
-1.3500669883993957
-1.2880943840192096
-1.0561476431037105
-0.8241260366283625
-0.6407698332625849
-0.48487139993983297
-0.4156248647644105
-0.5032601602488175
-0.7012619848842102
-0.8503342448275888
-0.8463970061567122
-0.8220569665564117
-0.9661023662847403
-1.122972099514608
-0.9282135779557485
-0.39370524463097145
0.08223949142527945
0.29513725178233274
0.4024871958545272
0.5503173273872988
0.6462955296690311
0.5562497151080837
0.3574576390047143
0.30487055862647944
0.619495325859974
1.2018301953520416
1.564592433886458
1.3155084621299764
0.5741989428602278
-0.2391637794831669
-0.800433016746768
-0.9986985467016596
-0.8091498940413678
-0.2984367823022472
0.1947002918154316
0.31955736031251303
0.2764757907136612
0.6294105726120259
1.4804080186905755
2.2311896668843336
2.196224751561863
1.2460631377298295
-0.1343552315298019
-1.155923442042799
-1.1247625786753377
-0.03583844572122384
1.2434929816548272
1.843258435601142
1.7814856388927975
1.6341993593834665
1.6498684396148817
1.5816525811593625
1.1350520969381657
0.2922448756554354
-0.6297188821123125
-1.1386209143265125
-0.91180120663667
-0.06350900559082186
0.8875907426732003
1.3984485504066213
1.3711666103731708
1.1604994420405332
1.0683546084467697
1.0329124329748085
0.9641766171609275
1.0394325134251683
1.3113217118944804
1.4509797568660043
1.2386388813499136
0.9188388438145517
0.8348141122225529
0.9689510444904261
1.0924650237441198
1.204041256439299
1.3850560932358342
1.4177487747050956
1.0799356060456116
0.5468043908847907
0.1507984810704034
0.058099626979463796
0.23813420749079786
0.5058673946022779
0.7052584728520873
0.8827203018058656
1.143350656610476
1.4124601599444389
1.4152027968173737
0.9425081762149019
0.15352395048393921
-0.552385619335226
-0.9503830060180563
-1.0964390528499375
-1.1469246034725573
-1.210582885489138
-1.2450464046013412
-1.0967331091352854
-0.7534355716025868
-0.4489015412648227
-0.3535302547916594
-0.37381267966547654
-0.4620758393937068
-0.7062135646921678
-1.0043035759524588
-1.141064542362403
-1.0336163413431207
-0.6285719387746885
0.03536221169911374
0.6146660522958453
0.7499255563426719
0.505336219485804
0.2229540809401499
0.10986277695932833
0.14093068290000746
0.22125995530613313
0.33860572254822835
0.4446770579369096
0.23895691714089048
-0.4763703199830467
-1.206979575009652
-1.230367606190147
-0.6337324110099402
-0.11878367521809038
0.029425813067485467
0.09221775920599506
0.28814678094990603
0.4497861255728448
0.2961685004385677
-0.1937507405419554
-0.7809929160132193
-1.1970762586691548
-1.2887489662085563
-1.0451835557839557
-0.6379487812881381
-0.3577989536247052
-0.34110895275226855
-0.3760086044280104
-0.07809645466617618
0.6554460613468891
1.4573868124642333
1.7654271456868886
1.2043261428021463
-0.08254320759711932
-1.4100019417770613
-2.081594524695653
-1.9739090372449442
-1.4949394271969916
-1.0147152030028723
-0.5821928540034494
-0.2590060928171358
-0.2300337867904511
-0.3926628092340849
-0.3888310699459453
-0.0783225542307926
0.3967457564936339
0.7708098246435215
0.7960197947601367
0.5537859734120555
0.43947533837147756
0.6358679010925298
0.848733356406225
0.7181371985496443
0.35767502401413787
0.14305794311388653
0.02494367594556909
-0.397526652578379
-1.2004571166810365
-2.0223352764250517
-2.4494060913585716
-2.2657494473130995
-1.5790353600543816
-0.8504452454809543
-0.5454532019545892
-0.6119773401260181
-0.5676922138060808
-0.12526490478486088
0.5749579654579384
1.2154444957750365
1.4708044617092282
1.1628726025777116
0.4909080498997156
-0.08104460873526592
-0.25799421734056505
-0.12738713786849754
-0.004553971688080495
-0.2091272104198272
-0.8067602892893465
-1.4339322384634783
-1.6677605821563954
-1.53268613572256
-1.3246558605836705
-1.210027280104955
-1.2037090718565564
-1.2277124284062138
-1.1358662490737939
-0.7968786160431859
-0.170487318287106
0.6874749828362984
1.6647039978149105
2.5014274341507363
2.766818610950865
2.2242623678131905
1.1370073755271117
0.06814254956682522
-0.5727512561410049
-0.8492721211706198
-1.1201437657873485
-1.4225273160353953
-1.3486352227105993
-0.7481443502208981
-0.08722519795842659
0.16073064815956706
0.05375209204524457
-0.10365432621819536
-0.21520967149408313
-0.3857534122948112
-0.6380703692207821
-0.7621111076218243
-0.5066193739977187
0.0486339821863161
0.4934883340089356
0.5986952710461817
0.514420293860113
0.38631210645800035
0.1866832497101721
-0.17509008821995722
-0.8017497328872961
-1.5507421058352262
-1.8881068941293249
-1.3790413845292084
-0.2992152753189013
0.5140625208370595
0.6013046015802483
0.3748642291316983
0.41439015894480313
0.7069416285425153
0.8465313719505863
0.5748465454132748
-0.03524461837787517
-0.6735166882513449
-1.049716633092389
-1.1339793797061495
-1.105245997396814
-1.093355341623718
-1.0344213437608483
-0.9177040166149775
-1.0429557748277078
-1.5772329832631444
-2.076374351671262
-1.996616284253678
-1.3679081172728709
-0.5447275374720387
0.33111555685183386
1.2105697315699244
