1025
2.502681064384874
2.2865097732697675
1.8994923723521577
1.6437775421643668
1.6404787246802421
1.6915750597232961
1.5711827194536336
1.3676486464217117
1.2951875057502806
1.3345653424463944
1.3099597957766485
1.187802784424135
1.0844356613725075
1.012094306057196
0.8887381756307198
0.754995340833575
0.6681481989146946
0.5414344505548127
0.3594300301447368
0.29157519017417777
0.3645365284210297
0.26420233899551876
-0.3129284870592688
-1.1699482727841766
-1.7343114208196022
-1.7456151475698891
-1.4527608349670718
-1.096632349730021
-0.6977584391548629
-0.3596980412490506
-0.23316280162146477
-0.18426063440440701
0.08381474585197662
0.6389133381804757
1.2343279515668788
1.5552043721575992
1.4828514837776405
1.1503738866417215
0.8082987559737617
0.5867458445537824
0.41308497768060093
0.26604166853853095
0.3410419157178823
0.7597059755170819
1.2308164296865152
1.2707109219645902
0.8012048088990622
0.19159130515648554
-0.27838688085515684
-0.5967751027686453
-0.8369336517247766
-1.0336350757049326
-1.0549175051070803
-0.6595078615024287
0.1462484532065799
0.9347467126876421
1.1816026008454044
0.7243891435266763
-0.11791002748314897
-0.8044138964085044
-1.0358217823213258
-1.016009633466981
-1.0596213454716468
-1.0951658090251646
-0.8191680774908057
-0.13505245429564397
0.6792566767382718
1.1472381437102663
0.9721540517083012
0.3028402633322391
-0.38468335361649136
-0.6954863336739607
-0.5607580639036506
-0.1628187941145191
0.18683635458013284
0.25568331609204675
0.1540297653379165
0.20338815624229442
0.5137539849106256
0.8986550619202273
1.1888844056297638
1.3794565005765882
1.4040179748804107
1.102476300957693
0.5893280488193818
0.2096059274823234
-0.046732478020336046
-0.5552956262188989
-1.3788224951045975
-2.044213725383317
-2.092418435010922
-1.599527284475111
-1.0391119834964515
-0.733594201516433
-0.5857972619805283
-0.3335658738007837
0.08778695003506871
0.48630234820698276
0.6566905082285928
0.6451235476394539
0.6943297327765567
0.9108987426249546
1.10139548076982
1.0623292127578632
0.9336925423009345
1.017247093887371
1.2772742484777437
1.2982171634210755
0.8411601785427057
0.1965179145558653
-0.2296249571432601
-0.3760645908121055
-0.31089854294115504
-0.02215115059897258
0.3368154379990421
0.4439183230387372
0.14174067752096126
-0.4771816923234938
-1.189025831345995
-1.660860982925573
-1.5997323163216077
-1.0229057069029506
-0.19422187965692742
0.5989175965588827
1.0893944706979577
1.1390486983463395
0.9135217956044858
0.8030339175020179
1.0941448207677889
1.668593910102252
2.1305429272928498
2.276260492962903
2.1986833034347124
1.9791926417399772
1.5015903739971967
0.6443129448428487
-0.32458803902851135
-0.8408503817837092
-0.7048627527198107
-0.30330347672330377
-0.07385663976544031
-0.01969243874773486
0.14420102387765518
0.4680599203132964
0.6896054937673832
0.6585656170168733
0.38787996855719514
-0.13437905448374046
-0.809336507177746
-1.4150355172526732
-1.7877197950025503
-1.8249989155306212
-1.5180429189454847
-1.0208562276023891
-0.5112487451789143
-0.04583801146629372
0.319903701275772
0.4182359178852191
0.19343253279164627
-0.04910576959460408
0.11765837403314622
0.6689743312533943
1.0806073197002537
1.0083167041620698
0.7295238034410538
0.6998359295322363
0.8356474309083027
0.6154461340639716
-0.040157587207788614
-0.5284477300534369
-0.4662064345135405
-0.2500924232155215
-0.37877005319688273
-0.6726968973645816
-0.523475065114494
0.2409226059084102
1.084160350059911
1.40807942209913
1.139091144542416
0.5981533642099971
0.05074236152671761
-0.4476038583780627
-0.7974829366907064
-0.7250507100690103
-0.1029609698770273
0.6944298779065522
1.0268473973405217
0.7014267487203206
0.13291856305902502
-0.3528358191765433
-0.9020721979310438
-1.5746724541656534
-1.90953409146068
-1.4402941774477578
-0.3231789037121516
0.8406026181638973
1.521631137144492
1.4560230784016854
0.6746449056765813
-0.44202618110223196
-1.2754717030964289
-1.3631836951839496
-0.7004376571866029
0.3923613666493504
1.540806918205353
2.4178549629906847
2.7872228758803224
2.605188695023326
2.020960687705074
1.2581825446713506
0.6007723589435332
0.3371920527831337
0.5080702663043284
0.8370273163799904
0.9715459568559993
0.7188616485867652
0.1409030660559732
-0.5105078063717541
-0.9383836949081666
-0.9305864254817111
-0.5080995283200317
0.062123692436273144
0.4869253972652781
0.6003659709398047
0.30361258546685826
-0.44243926782367626
-1.4631778688494281
-2.3398023658291014
-2.652810340757271
-2.1923496163562293
-1.0177026778226663
0.385634142538812
1.1972311429290696
0.954688619668037
-0.011858343603223744
-0.9715358541849702
-1.3357689630796206
-1.0056190202850095
-0.5054230403343702
-0.504465830016589
-1.0413611382064996
-1.508849662664749
-1.4119299850083809
-0.8338758032482927
-0.2130074262191769
0.17351104194318792
0.4194988515331691
0.664037986398067
0.846803256946175
0.8451866516051512
0.6294042654119962
0.24612026822858257
-0.2787803619740267
-0.9075083304833111
-1.427812667592053
-1.5301737936040365
-1.1419379597989086
-0.5092852403193321
0.08568855185677245
0.5603769576072422
0.9370393792677862
1.1361422181359122
1.0303872793810076
0.7016647120579032
0.4669155539486239
0.5024460927281269
0.5792262569961817
0.40177358862781104
0.07919217791910275
-0.08264389940776166
-0.10954963452766088
-0.26369218087771334
-0.6021249831141683
-0.9518766285463256
-1.1605587793073824
-1.226795467690431
-1.2178251016138533
-1.0797426432571018
-0.6991635923508961
-0.18624386269805895
0.16613958608598636
0.16805635515864217
-0.2491817809869954
-0.9729282696882183
-1.5033153927235834
-1.3947804414876113
-0.8806034318713251
-0.47061025987444105
-0.21253237454680846
0.12265398228405684
0.4755442504848044
0.5676778180436267
0.27845271442182085
-0.29388121628579966
-0.9271468534580203
-1.3673624514213953
-1.4632023958808633
-1.1650578306892034
-0.46147910638384354
0.4392329862541057
0.9497508380515736
0.5608876033820562
-0.47289255293685245
-1.3204498818086305
-1.4467419725367678
-0.9832644364553612
-0.3404479871926058
0.27164441709802883
0.8712224001679763
1.4192676484972888
1.7113596792783297
1.6371491037326862
1.4402406672176
1.4322362755787073
1.5126940524536405
1.3411133723239306
0.9039614840428071
0.5550196413108203
0.5416595600639946
0.7753910454597116
1.044257803629048
1.1927625367741377
1.1318344841977623
0.9590064850766393
0.9115880162832651
0.9801332186533701
0.8724802178488038
0.45955763187873633
0.025389410556205264
0.010042272290885886
0.4948475098210286
1.0379052120357959
1.1482307629573274
0.8359473942743495
0.5171848405009793
0.41241852542462104
0.43098596929942373
0.6325781108185649
1.1026673370035265
1.390915050995315
0.9258136132894169
-0.07038883894112012
-0.8558406591490344
-1.1312630216266013
-1.0470317453507016
-0.6729874012401891
-0.05186243152261252
0.5843666960530604
0.9990644518262404
1.1470563065852062
1.02883364218598
0.6451325824969755
0.299458428522588
0.4535606908565919
1.096769179333834
1.704308949488774
1.8492288068721139
1.587964862702147
1.211296489222276
0.8251253041375284
0.3601065597308162
-0.11709091316398056
-0.303271531697801
0.014174216609719367
0.6100362154125937
1.0334638712197122
1.1060950128607578
0.9833079033823628
0.8497935686630247
0.7786947438885238
0.7233256697301969
0.5494560052789194
0.2014970013957782
-0.2613712308577216
-0.7764181936898806
-1.2539656625613664
-1.526644774837382
-1.4341161394183028
-0.9748655434290642
-0.35098913676245863
0.20579321898301178
0.5624300710050908
0.6114727759952295
0.2694143891755607
-0.3765536310815299
-0.9824799615654589
-1.1400007874688516
-0.7759881082101634
-0.20562115197976666
0.30514094910025463
0.7194789519067828
1.0118526013635114
1.1469112759331699
1.152129057776701
1.0755125021054994
0.9952721734851826
1.0100454409126034
1.1237002000257612
1.1592473239089305
0.98245670728254
0.7884654633469487
0.8582159758106814
1.203882274147081
1.6480223058891785
1.9811695224829755
2.0178080689431233
1.6899810359039973
1.0897702033441685
0.4170266708804521
-0.05913048494812591
-0.03407971908862803
0.5929054605624666
1.4772834608719836
2.048647037788184
1.9203717283992119
1.1458147310349511
0.27176530640820923
-0.11816121160492919
0.00969436258392615
0.2695375553607504
0.35860456664761786
0.21914438861168414
-0.033892018857709275
-0.2489365066224707
-0.35315009584384915
-0.27142335199003165
0.07703868600549683
0.5593705000396062
0.8424418106066646
0.7063074684779628
0.22645535852343807
-0.2963849715056564
-0.5581108864079889
-0.4781204233113941
-0.2540404169170898
-0.19143741520053997
-0.3637071718378728
-0.49086080999087717
-0.30358020217279125
0.0773528889450427
0.27069435375400897
0.09533253773591444
-0.263819539249716
-0.5424396915719909
-0.6399111384506521
-0.6441072695414487
-0.7780374527405103
-1.0998411696321142
-1.3330587049777523
-1.3457769592456632
-1.4013379373753292
-1.5849139713896694
-1.6180079558312823
-1.4795666972788757
-1.4429024406343616
-1.431312803816588
-1.1056441619094595
-0.4734310335771038
0.14192619767902617
0.5168359189480237
0.6951275956300113
0.8890664336164474
1.17053649413562
1.3229692171857796
1.233381398653431
1.1359135521344623
1.1217826214184652
0.8818506972213703
0.2684583353693328
-0.34703131161712975
-0.4953030173318539
-0.09963774827238409
0.565924583272539
1.1903020339689276
1.5968965289542825
1.767497738903015
1.7744363847001363
1.6927878975771828
1.547709438651817
1.2973962001054442
0.977691764255028
0.8486168447598648
1.139261735695566
1.659202662722044
1.9018331357692577
1.569252973088481
0.8975510259304847
0.3603634333261697
0.08675897364394662
-0.26058441611353955
-0.9823684400328926
-1.838190874408449
-2.250157091760961
-1.9661993613269877
-1.2363085390500086
-0.4789340395657975
-0.030130864154390424
0.04054146877582609
-0.07157459841418069
-0.22581325915535455
-0.387054253766409
-0.4018732310626686
-0.10958172865516277
0.4386855999864911
1.0037573213692286
1.1934698792328027
0.7164137815006383
-0.10448507104894339
-0.5451582161676218
-0.3853413385667186
-0.09755362904055688
-0.14459685335866365
-0.4716799882368155
-0.7208391194298265
-0.7493300999208012
-0.7415971735436356
-0.8404418172070687
-0.916332884740665
-0.7793861814035754
-0.48542864431951077
-0.2894870085618056
-0.31676374677306596
-0.4931114848237596
-0.7255118691579057
-0.9102734073958536
-0.8771792161037603
-0.5015005670115114
0.13732952810265855
0.7472191469008159
0.9961031503580607
0.7576491874874568
0.15413841304357756
-0.6579609843754555
-1.4543136186698498
-1.8124781739647127
-1.5290842120644674
-0.8630199387695032
-0.08744054668032004
0.6673223163121001
1.1047286209761873
0.8266510480629676
-0.1556423186897811
-1.2192880288332675
-1.5979971514960656
-1.037472578678734
-0.0624638684091513
0.44392001963747324
0.07461430570251452
-0.7944555678299625
-1.4823041461445579
-1.5682981318948306
-1.11838686795177
-0.5181524874546218
-0.10080596712076854
0.018052286667401732
-0.12119497114343518
-0.36523154511884354
-0.49266614756157245
-0.32073750120913247
0.2176567364656768
0.983804381910676
1.5722710668364408
1.6416369515395919
1.336011538668956
1.0175350661512454
0.814394366131133
0.7348554704483304
0.7539632760048899
0.7476524127519433
0.8080358947633293
1.3082402017865848
2.265908464875314
3.043800789939261
3.0312502772998173
2.308685336987304
1.379807001461789
0.6436743907919856
0.33425454395521637
0.5139824941065663
0.9047515319183262
1.0391070524809254
0.7650915988323373
0.3940237478796915
0.2917740920711417
0.5519302346073539
1.007323006187845
1.4289099706789723
1.7718670177137221
2.098125762411112
2.2366994791118047
1.91455825402552
1.2581324854290075
0.7137140951903781
0.5325158787857295
0.66434692331089
0.9727022102364831
1.312731831345868
1.4048955674194206
0.8693570990895325
-0.2548971473130852
-1.2425261758206783
-1.4266340188821982
-1.0373299755328103
-0.8572256702445248
-1.2075618507460533
-1.7632596803746374
-2.1161806903075635
-1.9680731415903299
-1.1688381661180047
-0.03775731132750392
0.7795106685653042
0.9706702783617959
0.7374940524658872
0.4048718717303953
0.17570576632655754
0.1921910380202056
0.5738480752999727
1.3157560144024574
2.1330445597608363
2.532288013107723
2.254633328312244
1.5560932916832972
0.8906424978075055
0.44845396034266155
0.19738983369341784
0.1995358530863724
0.5133046308654561
0.9589471663553303
1.3414540357358848
1.637080697489673
1.7531452195931436
1.4925603074183098
0.8832803879701776
0.22420297969770903
-0.1815524114652816
-0.21087341009585914
-0.01758939909812701
0.10829737807143833
0.09357174953405831
0.057429719329814194
0.01637324066437797
-0.01489058347291353
0.14711611712517442
0.5405862802907802
0.8336724016381057
0.7019276562041278
0.1639733199684242
-0.5464501007554923
-1.0978747025980389
-1.1608328255741596
-0.7445560688182614
-0.21061645407285626
0.21622450018248043
0.5398340816347881
0.6198148660687471
0.25600671748699383
-0.4160357581737468
-0.9803409200848378
-1.1176581345242385
-0.8631612165076193
-0.5249484649263496
-0.2437796041907117
0.13649270359026316
0.5734311533718465
0.7660619011143085
0.7403838279076781
0.8180031846075643
1.0187386296900152
1.0539934735123009
0.8109018605334369
0.42620391504487937
-0.022822442863889552
-0.4800704079216384
-0.6894299789103525
-0.5116566598911723
-0.2261552327452373
-0.14213934528774905
-0.2674144376259316
-0.517118570612649
-0.8862839984161929
-1.2973859738470173
-1.5708241623532
-1.6622175127961067
-1.6672693418671072
-1.5825624132736626
-1.255926245564133
-0.5332101849481445
0.5278157864189142
1.6054251933465498
2.4363053949452964
2.9970160506085493
3.2630831339000967
3.1851923229277963
2.8764227079982256
2.470736094715349
1.948490935386666
1.3239700708403037
0.8180598664039019
0.6238984593423507
0.6202084966506501
0.5455288424475728
0.38788849394236496
0.38394544683514104
0.6415727647881246
0.9201420775694352
0.9020917410107716
0.60542655466174
0.32789686323346867
0.23115480344171044
0.19964840695463087
0.1178796136308181
0.08040471417820776
0.20373133136695365
0.3116529563719513
0.05045783945005602
-0.5451597745856507
-0.8995815815032365
-0.5469275004806471
0.3135701875639532
1.086184506469246
1.3985985397597716
1.270659593949773
0.8890033152991962
0.5199331311320454
0.4079351890698944
0.48981664841330647
0.5238246074881778
0.5512439224372343
0.7414628604737137
0.8637191245495471
0.4995821614273255
-0.2721592277461555
-0.8373148622387531
-0.6748044633311807
0.07951152716856613
0.6861975359752509
0.5473694636527715
-0.1575524694034284
-0.7504359830454876
-0.8415087433551559
-0.6486876132319161
-0.5690469523773354
-0.6482937502613737
-0.6492126605950974
-0.48190975285692456
-0.2734812532506175
-0.151796776872243
-0.20236631945262168
-0.4392096439314718
-0.6955868041063658
-0.7285230901252651
-0.46984479509905225
-0.09083943278854327
0.15692195471119985
0.17591029016690382
0.15257221251382805
0.317957989530154
0.5274805411713616
0.36778078359786814
-0.24461534029648768
-0.9515457265719879
-1.4407413318280224
-1.5890952956273074
-1.2567254675945192
-0.46595790874138404
0.3586089235451794
0.7406471689937452
0.5674050687504525
0.014369649487542008
-0.6215105646761805
-0.9505274288952279
-0.7263556773668493
-0.20419437017014708
0.07781062909989672
-0.09534081934113174
-0.5926801351241084
-1.2561183499471358
-1.8609820227015736
-2.0939835269580893
-1.8108410156897552
-1.231697983428083
-0.820557211029448
-0.8303021011288989
-1.0406839683072033
-1.11580198153655
-1.0239434775835037
-0.9335648766587978
-0.9018387598823847
-0.8499929362864054
-0.7272858474191837
-0.6148069959987259
-0.6719162467644736
-0.9065007309981454
-1.0763948494815319
-0.9360495365383558
-0.5044751294435704
-0.051311486913332774
0.18028062384324195
0.22890359389108045
0.2776774279019802
0.36745562203991294
0.3886984825534741
0.19676434543899987
-0.25241414496945935
-0.7815682680179671
-1.1311223607819931
-1.1616179465171828
-0.8781301813733785
-0.45983034824139135
-0.1880724191988705
-0.14164469088873474
-0.07566391349535792
0.30540158266387674
0.9820193533066197
1.5061452863654834
1.3622756645124683
0.4877784437464895
-0.725713843458744
-1.850287798983864
-2.619311482340774
-2.798698461418153
-2.1977354561775697
-1.0024046824483015
0.19402640786126948
0.8831613468204023
0.9687366580541739
0.6720572778200086
0.2621207387010732
-0.13329900304613646
-0.38754794955699073
-0.2668153384158832
0.26890957754227635
0.894055498648172
1.213872452790586
1.050853146082878
0.449450184220303
-0.3831522963528086
-1.1006115184896827
-1.3700305519462834
-1.1340052997030186
-0.6222433051358017
-0.05039813609798464
0.48250536307880776
0.837598691023835
0.9312027811929315
0.8983072501850806
0.9211907882719865
1.0321722027690738
1.1097765629913874
0.9609825303570426
0.5212554538938853
0.03825737411707515
-0.0718838186161281
0.3847378900069384
1.1416880700397907
1.6556541853025386
1.5756217727137811
1.015293925999919
0.38207570417835696
-0.02432456690711469
-0.13683330588257916
0.09142200900784724
0.6526661208742311
1.3206927047190522
1.81464114358314
2.01478141659498
1.9973035499176084
1.8911148991883782
1.623192251831964
0.9798271140347704
0.007199496669303218
-0.897181826934862
-1.3246112971308004
-1.1380676505555358
-0.5155601071383856
0.17803870011047623
0.6694344879254486
0.9629279543934386
1.1424560026853803
1.0807783688726142
0.5719074309194008
-0.3321659433360463
-1.3211002600880122
-2.0621046851756435
-2.33005587159318
-2.0313966379555244
-1.245354211383945
-0.2813082002466606
0.4383826478446093
0.7026368825702134
0.6337267775179494
0.4375479124693427
0.20467582303705828
0.028158334349328806
0.10789507263948583
0.4901518833470675
0.8967684512382241
1.032434016404615
0.8131388736566854
0.35046766766381254
-0.029359438499094767
-0.02770723869225747
0.2669541050444054
0.5526681652373681
0.6702472242493605
0.5811809398183769
0.30557572027250796
0.04450772298881143
0.09045196110616123
0.43532890699104915
0.6424363276343208
0.3376437717144644
-0.21611350435284582
-0.38083782330518756
0.009134730227459954
0.5315365258935094
0.7839326690902021
0.6811496397184447
0.3990221526014868
0.22870936997021202
0.2718634792783024
0.27741997640813765
-0.05493741616752126
-0.6281283330848393
-0.8883358398753125
-0.3207933192790646
0.8848119168372717
1.856390056591266
1.9407707303935968
1.3345765375127883
0.7262525335766788
0.6335273172899586
1.028685349769392
1.4118267072734767
1.3706375965293136
1.0094959034019262
0.6769897679946213
0.4501625983095873
0.13685757709402446
-0.2674084880103065
-0.42823833325921995
-0.12915866118102395
0.36487488830592557
0.678238381204042
0.872578063936226
1.2281533249095569
1.5962615413913979
1.4667931456249685
0.700406139248097
-0.21990156766069885
-0.6553369231613906
-0.28697907551529445
0.585642278068126
1.1136190776577073
0.6731560835112154
-0.4873589798410459
-1.5769956063257684
-1.9861537422876725
-1.6248902230144213
-0.8242551330729724
-0.04292989809430603
0.3963156780594003
0.4316042964240714
0.21716075824991693
0.009742624688542027
0.07419709954779068
0.47425205102689644
0.9552064897298577
1.2409420516948722
1.294519305087592
1.1589594826881526
0.8329145495389885
0.3395611926306359
-0.27233352427560764
-0.8813351904189016
-1.2384481549305337
-1.0894518313433146
-0.40197806443276685
0.41856717271467564
0.7615257554929948
0.47515659992422227
-0.009336872930617133
-0.17773504970255977
0.15199477568066275
0.702501250853733
1.0494628348760153
1.0702697915413313
0.9208558950089
0.7786869974116268
0.7149410281510992
0.6149467111293392
0.2599856498582663
-0.3247386321931909
-0.7498433424106543
-0.7582939054078439
-0.6391745380581034
-0.8098817946069086
-1.2425438500329962
-1.603121295458055
-1.692987120681688
-1.491201812961325
-0.9590344909426205
-0.1507534083596052
0.5769712417964267
0.8590808986309102
0.6963693133709263
0.21521166985192647
-0.6021805644726459
-1.640006563199845
-2.488829420973528
-2.839356914344911
-2.829547657498437
-2.8035230152942088
-2.810738762815522
-2.490665011832879
-1.4824788211269329
0.055484566181523816
1.4550755365229822
2.1329329844991993
1.991960488323616
1.3285518343657958
0.6579201033235826
0.429808522409639
0.6397600470479845
0.8985206620416417
