1025
2.4053593795426234
2.7062358020362436
2.557596824848699
2.175147882902874
1.796422325226215
1.32580586892471
0.6258070704592696
-0.23799811343989485
-1.0600330209185362
-1.537098463066559
-1.4663843719843734
-1.0696984547491
-0.8239494549498706
-0.8473803736929237
-0.7290359378916713
-0.09989466255758474
0.8363079241409167
1.5552707993343964
1.7865770842895405
1.6083388477360292
1.2499588406722941
0.9337059489125191
0.7344116887386978
0.595757416621241
0.4055502944936604
0.027173345870002613
-0.5144489957114761
-0.967347977328231
-1.091264729140619
-0.7981975099457097
-0.21849397561996345
0.2854345237742069
0.45481510586132473
0.37666653550237594
0.24962688171402772
0.18043164966576733
0.1636307550449941
0.10200629463695446
0.0051431320200103665
0.03852790733519763
0.25150444841238423
0.5122557105943526
0.7263274373514823
0.836060747343971
0.7056839088163241
0.2923311367349482
-0.2458983728654412
-0.6866087095776164
-0.8250987016199464
-0.6162200647955736
-0.29607916522121885
-0.16450543567102693
-0.29733845947821597
-0.4677758618218967
-0.3423878739766909
0.07805392468267312
0.41128897535411646
0.37188639606605695
-0.05136484946968096
-0.6758669822624849
-1.1211687901461007
-1.1180910705398943
-0.7877814502518049
-0.35585588184221434
0.07044025050966361
0.3220762632773037
0.16858785942952256
-0.389978477047616
-1.0826590041020983
-1.545892742330826
-1.426865504553497
-0.7056406904627546
0.0727782329935837
0.35412839885661995
0.22674993302653024
0.15079733252740785
0.2938500157645113
0.5154161118158851
0.7502646801200813
0.994820784071983
1.0992170978247264
0.9121576812910634
0.5183025347392471
0.08534357430276324
-0.37669790308110873
-0.8404378740511517
-1.0530172165147351
-0.8086748640307148
-0.3080552760111184
0.02544380366702026
0.04198246383731574
-0.040637444091215315
0.05158445696937883
0.3730568464658534
0.6817480818266985
0.69914547326637
0.4188052294164422
0.011502284737907893
-0.292106637069733
-0.2175146949274406
0.3018021557742467
1.0634178871554718
1.8693124973893418
2.55897115328826
2.8500075827371965
2.442518504638901
1.3453971629013513
-0.032421373358276016
-1.1750716094423888
-1.8142453585999574
-2.012602696318608
-1.9070511358472557
-1.469875517758287
-0.6959094807926697
0.100182807940779
0.5031615821204168
0.4533522975422787
0.2242131670888422
0.11265314911778875
0.3231008151159003
0.8802189234152611
1.4825104928344985
1.6576955558323252
1.2078505399967951
0.43357403456554966
-0.08841324116199883
0.0026793601700857
0.48830709962317553
0.8521542488187113
0.8585768401363911
0.5493650173385551
0.00542871681837296
-0.5630735158433351
-0.8756182804086821
-0.8208427935187409
-0.48150821442211916
-0.13114805543962624
-0.12703705779979738
-0.5536274373857595
-1.1347022012715202
-1.5133164130557843
-1.4254705033932136
-0.8519917823934168
-0.23275504148653575
-0.2120360418505147
-0.9036433326778804
-1.647569118473311
-1.7574428541631657
-1.212561129800139
-0.4181854109012282
0.2742013540600916
0.6725069621355565
0.7259669133527927
0.45273437611775524
-0.1255842649280759
-0.8767262325136156
-1.5331141714711833
-1.8201223350222089
-1.589355166570752
-0.9989646739857695
-0.4554768127346836
-0.18568038207967566
-0.037687629864107015
0.18612244143404008
0.4116175876204948
0.40517347539174176
0.046647182176425064
-0.4986767864527789
-0.7805391735190368
-0.3982157035956083
0.6389733888105436
1.9465641817387698
2.950819977325919
3.207011717195758
2.805653656773492
2.218912382095656
1.7691502393312708
1.5075535019613622
1.324645726286621
0.9537464477836775
0.2629810270160294
-0.39560129823425944
-0.5808244894228163
-0.41060239534827925
-0.3772213141286217
-0.631800453613005
-0.8939904412493402
-0.9976386794011576
-1.0841066146922453
-1.2546873959291436
-1.33864488411596
-1.0988400433883398
-0.53754093523432
0.15133418960053105
0.8402497253163509
1.4065265091468242
1.5807027826797477
1.239879706004556
0.6855892281758772
0.34065248498225076
0.33140902830246866
0.5146256877439704
0.7041881558020033
0.7919474592181912
0.8292473240829491
0.9958461107348853
1.3291052319244876
1.5386306172626498
1.3334543887623898
0.8757605766683584
0.6104333629639368
0.7718655052172619
1.302071453711853
1.961359336838853
2.3584519103959103
2.194895790672272
1.5907133669194813
1.0080459490973575
0.7319228193520163
0.5516314181869731
0.14219512990975755
-0.4699276625891103
-1.0232013720620294
-1.3416125609413239
-1.4216251736000927
-1.3954420585307994
-1.3697389497690144
-1.245449322377642
-0.8326493767490696
-0.11627564340236085
0.6513614682011054
1.1827172194665976
1.4258064205559886
1.4130808004031745
1.0451734956664076
0.3018255079936029
-0.5482592218778076
-1.130252011245878
-1.2298143988247934
-0.9092470233094131
-0.44261227791292423
-0.03523761345945513
0.3255369166753303
0.6534002049029031
0.8508937294256301
0.8692401504732613
0.6848013347957866
0.21291786835380772
-0.45616915717284967
-0.973722900258529
-1.1205672907192823
-1.0797282716641767
-1.1656207553309126
-1.3608218347589134
-1.3669611985341088
-1.1294136906322942
-0.9818341081708828
-1.1409271863238823
-1.3055419694668626
-1.0114594513548376
-0.2840803552897219
0.2879834192917014
0.16990626112430873
-0.4474243973489415
-0.7668498950145493
-0.33693163266959364
0.4613087439151349
1.0900599201147443
1.5139053077915146
1.8948035178535803
2.1148228832267884
1.9604774244023806
1.5067403901471934
1.0530846715075357
0.7978044740899144
0.7903903092223292
0.9926670924042457
1.117760240241428
0.8196713027315496
0.24391030368441916
-0.024453240449965816
0.367774686844443
1.1773910210413459
1.924225433295598
2.300709284220204
2.1455831696321015
1.4894320260763383
0.6122917560427963
-0.2197206718309513
-0.8933893559586649
-1.308755219459542
-1.3337237479166404
-0.9253147261301727
-0.2587677501315556
0.2060797321684367
0.043979851373938283
-0.5474013563434361
-0.8431286105858464
-0.4417725391219675
0.22763058852319795
0.38560261624938036
-0.21803279963409128
-1.10153265251031
-1.6332128927697551
-1.5397306263119424
-0.9661074448745302
-0.3915958270427931
-0.3199545876398783
-0.7344776724876663
-1.1453645207994942
-1.2266583053904243
-0.9725437759787132
-0.4634395804903533
0.09081613886354802
0.3734115808804612
0.29928263851715664
0.12356329434429338
0.10927146093726395
0.24510126189027615
0.32579693061674864
0.19631161725103422
-0.10551322486494193
-0.405318304427536
-0.5827380215520888
-0.6573719296242744
-0.6903961620879903
-0.6605907520002473
-0.4703071900347038
-0.1496340602870618
0.035280224835779174
-0.09323920742759727
-0.3377121432528286
-0.4908356325233945
-0.6559633820071252
-0.8541244080033895
-0.8542790632654941
-0.6217421360887041
-0.4328268016774539
-0.45953111500433413
-0.5032200905040254
-0.23379473663798334
0.3731252303006826
0.9699288142341458
1.1805299576550103
0.9738774945202144
0.7408886368778808
0.8469630091265271
1.118024960922862
1.0528170329695745
0.4865202684495527
-0.2497009164388684
-0.7937166282137246
-1.0504491738931758
-1.032689231707201
-0.8128149208957998
-0.6218551145398827
-0.660087856412521
-0.8972668825663539
-1.1818032496487207
-1.3920215730805086
-1.5023980804033696
-1.5380929597672826
-1.3913665248722262
-0.9047162714932121
-0.21586425309184168
0.30691521015201373
0.4398833877392611
0.1995093765906126
-0.21127210414927405
-0.4800287940591395
-0.416278102729211
-0.0693670400080758
0.349767253725115
0.5742473002503762
0.4954182670334073
0.3040293784830063
0.2853820054371709
0.5401171522013163
0.9211386078213993
1.209462383417003
1.3130414159969979
1.2045061729829007
0.8646351747312342
0.445251759548223
0.2656872714847214
0.5226671166715983
1.1136434699674935
1.7212625548723104
2.0286142207277815
1.9467809474201945
1.5709874079738608
0.9670600539920892
0.24235446117489942
-0.3155576851635448
-0.46096313857668664
-0.2657180522648877
0.03684152414790856
0.34395789646933744
0.5428799180479532
0.38194479744728316
-0.1271107044925727
-0.4802355871759359
-0.1384244431453173
0.8812474029011479
2.013634512235213
2.7375419176570293
2.8967034237172324
2.5394602316896857
1.854107009668429
1.1087390892033362
0.4647925779270131
-0.027965590364861046
-0.2619747823521387
-0.02592328663577219
0.6822792596151551
1.4872766602724736
2.009011928792407
2.067153109816773
1.5585827958032754
0.5995777868057636
-0.39684759378407025
-0.9905873266029194
-0.9018395116246573
-0.21883526821034055
0.5336311248753546
0.9331667947736948
1.0326402416316727
0.9922949250539486
0.8077146010586173
0.4786653849938674
0.016011545991133108
-0.6694078186647977
-1.5220750293204781
-2.110455530411213
-1.9625842291052653
-1.0957613795961247
0.001518736145725057
0.8897641490340163
1.4135415556690514
1.4996079889966523
1.1966894223685762
0.8595112220475472
0.8254414057856623
1.003713572219219
1.0955665778502934
1.0354733841264059
0.943287929103753
0.7983629357379035
0.4477666588649556
-0.07595984214877428
-0.4913990376552049
-0.6051759473675451
-0.49268447533733306
-0.2614267484951448
0.09509358583682152
0.5267736813870412
0.876978262860736
1.014593312385225
0.8398273845832624
0.32318651646925073
-0.281024069568863
-0.5572729675415524
-0.44766543138852544
-0.31155212010646227
-0.3833651178174063
-0.48732743376175125
-0.303834837898294
0.29359565169801266
1.1643347732545104
2.0212864006298212
2.5866709897609654
2.7537733942441074
2.6731823663010292
2.5954270191264124
2.5772248806931106
2.4243141045454197
1.9461449117561036
1.181789259024278
0.3714249601213735
-0.2043977758162803
-0.30352346195482466
0.20178239275218843
1.1164323694077132
1.9044028998885512
2.0714846487351313
1.5441755970540778
0.6530652169770651
-0.1692212423039714
-0.6180751347362239
-0.6026881017148836
-0.19113135242005858
0.5397922889754597
1.3913806281111762
1.9178490491021392
1.8390538769376434
1.4331875334830015
1.1859715841517715
1.2364408514787335
1.3795147121665396
1.4045076933860803
1.2665155783581952
0.9950891944091068
0.5071040131318236
-0.4243091426244462
-1.8566900047553416
-3.3275931739931877
-4.110930838888368
-3.889527491346442
-2.975528669096071
-1.921601385130036
-1.0798127502688533
-0.5278710851089067
-0.2765275573296296
-0.3050301825388849
-0.43277713511071214
-0.4414412762685146
-0.2515302474414888
0.09642428820106903
0.44947980233845847
0.6304785772808821
0.6664738256760111
0.6971072838781905
0.6625474788203123
0.41588998940400135
0.02905156942625965
-0.2995718085167663
-0.5027093958837464
-0.6470277791529698
-0.7658657745153769
-0.765533916588754
-0.5562521869796824
-0.2404099378645588
0.012476095600223747
0.19135859208230238
0.28405498841591315
0.08325533262206859
-0.5217687172769273
-1.2419194349658467
-1.645639268808656
-1.62384760549226
-1.4182475580412532
-1.2283104943588428
-0.9934531841985232
-0.586503449271434
-0.03663852279566527
0.470392325267725
0.736918927340333
0.6758855211222972
0.29355529910436107
-0.35195149082694444
-1.0224943335374554
-1.2290273349735137
-0.6545508298746536
0.27053907188878523
0.6999663458310325
0.46149041242160094
0.16027801579835216
0.09683869892062884
-0.04284457273216361
-0.3904914171883385
-0.6492060886200739
-0.598852471866082
-0.271675559924471
0.1520608233232267
0.35848901585431986
0.17384222040440345
-0.15795925761271704
-0.30282700520341976
-0.267000247608671
-0.2083799130275821
-0.07971678004519872
0.21296139194737237
0.5022580185898757
0.479709251975126
0.05127659709718824
-0.500047092309471
-0.750814247461815
-0.5559139703506741
-0.1383977583476705
0.21787147541555443
0.4493982280048121
0.6002090514767331
0.575555699354667
0.28778034210941644
-0.06466607263187032
-0.18415740343041942
-0.04342497089136008
0.24216954752627068
0.7166727240918664
1.3949707135911646
2.0323738742990898
2.389840805035921
2.4049074786338815
1.9783778021841114
1.0867964862433237
0.11604973702233189
-0.40888576262876103
-0.37524895502967326
-0.1275625327275448
-0.06292809058052305
-0.16434903468869583
0.04256163142232876
0.7959577703771171
1.5467679856450032
1.5809402389576543
0.9780512378208011
0.430091611493814
0.2968634959737682
0.32111808194608543
0.19191109044849564
0.002040123029560295
0.1030668575094317
0.6236448286430117
1.1834263964423746
1.2487707436982458
0.7909177839102026
0.3398695847009375
0.316716936371896
0.58684485167311
0.7672909374317107
0.71421244535053
0.5964310947245229
0.640685870453917
0.8705084179973998
1.0199294819947797
0.6940151696474248
-0.18848089595813716
-1.1243182827078397
-1.4927377249897338
-1.1849053908068323
-0.5966773154545891
-0.17360174091080935
-0.08968103605124807
-0.26943486875470574
-0.5559940029209215
-0.806280788491938
-0.8586929356554593
-0.671611308619606
-0.5138345042491992
-0.545839021364434
-0.4227520157178923
0.07514135277132057
0.46207273036429214
0.24309614132006327
-0.26208401837319123
-0.3547584734100808
0.11494778843575197
0.6847703033275017
0.9059829145134296
0.7249413475688495
0.3511803911189453
-0.05774677860699929
-0.4700235902573081
-0.7494088800899538
-0.6131230221731917
-0.07766955911615413
0.36694940047320695
0.3412220435017479
0.017581841049536192
-0.13192513159880515
0.11918788761286397
0.42935487396728744
0.2532894705820322
-0.4666945201192326
-1.18145182651904
-1.2507478498848132
-0.5314006157872576
0.478604707597031
1.0936764134973858
1.0343239901822359
0.6016984843825174
0.3664770526929834
0.6634117697003586
1.322485700577859
1.8945020788502975
2.0679345339478785
1.8730567976938413
1.5547806775564843
1.2641275082338044
0.9963542898674433
0.8173375264226128
0.8876645095699097
1.1718735558116762
1.3141451568107174
1.0499696724818741
0.674772516718539
0.7053149506648259
1.1067464843941042
1.2806105115146593
0.8607675894164701
0.17960377893609156
-0.21212257569549794
-0.17978658615430404
0.033036921698068066
0.18070239748926797
0.19074265361632245
0.14967577611261365
0.19497833823462427
0.34234857856765416
0.38463467081749597
0.06307432024652719
-0.5892403774434176
-1.2009846054430136
-1.4629148626627844
-1.5060786506700616
-1.7264520295811425
-2.2592143645876526
-2.821711314783952
-3.0260185317664994
-2.696275864798462
-1.9857103994956993
-1.2638062932341212
-0.7810001631845203
-0.4609314655125411
-0.13910729932529578
0.11044788225302887
0.11066728574064834
-0.081047009154133
-0.230134155303283
-0.25273507730740014
-0.30284048286184595
-0.4977118914500309
-0.7243747731464226
-0.8452953917549625
-0.9259980776115512
-1.1269497341179449
-1.4185580208627955
-1.518078230177528
-1.2823975482140082
-0.9710778988753525
-0.802015364794569
-0.5760117202698551
-0.07228456968240103
0.4893601683277952
0.6014119216404594
-0.055214981147048064
-1.2798954911858045
-2.377153459952247
-2.638900039182225
-1.9289177242950433
-0.7570104497622113
0.19819687629330604
0.5799359478217034
0.40071458942447863
-0.12901541781523085
-0.7082611102207805
-1.0992096001005243
-1.2174502054984047
-1.0422052237975599
-0.5863088881121805
0.0168895168449041
0.577898943017145
1.0551046921628229
1.5656982016918888
2.0812567718166464
2.23249837615342
1.7233166505270874
0.8307910749306889
0.1586927733783195
-0.035976378391648016
-0.03536633403224067
-0.15787254101584386
-0.39150454487404895
-0.6597778528474063
-0.9647427425820801
-1.193071163757463
-1.226129005457066
-1.143851287048209
-1.0912549507776512
-1.0573726205243488
-0.8870183029358558
-0.5596618599802665
-0.33207146116387104
-0.36653371945953306
-0.4163200686985736
-0.261498557387736
-0.1363518714906144
-0.3329800604190152
-0.7022025382211349
-0.823122023166757
-0.532903641230187
-0.07447384584104878
0.2308840659029444
0.3383847095389498
0.5666218467180603
1.2025156703353994
2.0549961144638575
2.673446324964733
2.873263422925941
2.832616972774913
2.767093678690047
2.609131396628883
2.02664425226486
0.8419270593611373
-0.5886576368452945
-1.6253074183455645
-1.8944485304812644
-1.4260269876736553
-0.5156316823893153
0.4200433717533621
1.0571956099177668
1.322558145777367
1.3311391653514377
1.1505890161535666
0.7550263583608039
0.3217177879189798
0.24145636061268202
0.6609839241209154
1.3007199128675402
1.7422732362212459
1.6977249194319644
1.1516915501844966
0.4609138747260603
0.13104534390571493
0.30493711641329163
0.5812982171301901
0.42621843001706633
-0.2586978014176645
-0.9897726385383933
-1.1712818416815785
-0.7655891768742878
-0.2930191580136684
-0.1335253775586632
-0.2725748324782404
-0.6123275926860503
-0.9492975986943658
-0.916107140161956
-0.4038461016071208
0.2508812724093603
0.6615933619186805
0.743429780082314
0.6446080545181886
0.4668777169399977
0.17147535167722508
-0.26184653081140247
-0.7386430553551435
-1.1297210131560298
-1.3437072832078494
-1.3205217835924645
-1.0531624164324738
-0.6331958191879736
-0.21945051363877965
0.07364746478881222
0.20417585333918217
0.12488182305320635
-0.12224082922996296
-0.32112426547511613
-0.34152879190289054
-0.27419454138972765
-0.16610491295940052
0.021157626765315185
0.20100469005423777
0.26131738581468805
0.2622837817657818
0.31025395499419217
0.327150585299797
0.19929872631595943
0.03911464197846952
-0.059137042681199445
-0.2025703406042392
-0.3470838538141907
-0.21549976933958556
0.29266697099113603
0.8967273568232036
1.116662615320714
0.6054346224846233
-0.4927503237057588
-1.5113635952907654
-1.815768368475478
-1.357229427360919
-0.5329353724898012
0.2565797688801077
0.6902825330190266
0.49633699178439766
-0.323238085829564
-1.3208097702691775
-1.9051502290103746
-1.8431710843091142
-1.3415830570270515
-0.8377581665112415
-0.7671843470989672
-1.1591948430919243
-1.5752896190727925
-1.6528729510976037
-1.3898300159877002
-0.9571256691754607
-0.5613242068770715
-0.377673382477234
-0.40757855340864146
-0.41599594433659337
-0.1888114982102662
0.14168243953703036
0.2663127736943312
0.12584179614928376
-0.09593519466766698
-0.26974665416306204
-0.389394492206996
-0.4405889524591561
-0.4018047585834262
-0.3897821437133346
-0.5244259291562032
-0.6258035770805979
-0.3292388106696622
0.5220021946865675
1.6834180341473017
2.6379882421126943
2.8965275582965893
2.305002664080358
1.1739967967917422
0.08620367071777363
-0.47131782724376586
-0.4455456138302128
-0.24032031809055757
-0.2275226745250663
-0.3193597666325412
-0.2721084187465253
-0.16151343979814198
-0.1741123137301111
-0.21597328712149738
-0.15719190485584192
-0.1734589197351142
-0.49889801175075754
-1.0549957177587435
-1.3930639197513865
-1.0366041086101199
-0.11146163422232241
0.6113791336286888
0.5470376374549741
-0.11304431053073241
-0.7471553171414722
-0.9877759917030919
-0.9725029416077606
-0.9311753354591692
-0.7426055322573235
-0.29264528038657217
0.13145127848645058
0.35111110829677644
0.6412443998741516
1.1033163655704687
1.2952721863917889
0.9154520718076683
0.38087389505818714
0.285434611291176
0.6204649997111636
0.9176429153821862
0.8450081024383326
0.41441088726778574
-0.1347657852859791
-0.5472432608193888
-0.675963872201493
-0.45559931395214
0.0582344500902514
0.6364540618029911
0.9630513188486006
0.8668647058472209
0.5576937845246349
0.4495317853973911
0.6457586018470792
0.8534567545163245
0.8560863779318321
0.7597546053133923
0.7300926114863272
0.7447865418668353
0.6050815045572725
0.1864790056261407
-0.2635606653777827
-0.3613175598395397
-0.08705017069413419
0.2386197933278324
0.2673527265196408
-0.11679582976689645
-0.6708337734548437
-1.0591271104942854
-1.1745795041938767
-1.077773533924407
-0.7881558319467166
-0.23606796492739643
0.5605047236251322
1.299697910535364
1.5110766244616995
0.9733680376551288
0.05874907487395719
-0.540317108584773
-0.5542252763997806
-0.31626789748673756
-0.2475681885980031
-0.49664170750580483
-0.9296096540411878
-1.2245855413006737
-1.0922168115138031
-0.4767324426818854
0.39132330048043495
1.0520516024838205
1.144934060575669
0.7707672340128919
0.33187857267723575
0.09468742041332275
0.05519671762260984
0.07746495515909431
0.031227157247384785
-0.15974412120843598
-0.4462870239103996
-0.5871107891101743
-0.3758521136352181
0.051979132820108034
0.36604350593921287
0.3634267707213532
0.002798234437260263
-0.5584456047171352
-0.9337138701385602
-0.8733227166291189
-0.5516383904321494
-0.2425578086418915
-0.016675322345752377
0.09062592107271987
0.006592596160576367
-0.2084236334488541
-0.38942896999270266
-0.43512596075419385
-0.3183200662238477
-0.04701920214791704
0.28973077823145865
0.4930645003127744
0.35543634887748615
-0.05981320914222585
