1025
-1.065206155478025
-1.3951275370483571
-1.182069048346198
-0.5775156320979549
-0.06357388027759871
-0.0866743958808834
-0.6222296880259669
-1.0991666483207272
-0.9007264103463942
-0.03250811581491604
0.909588228275281
1.4620844697424555
1.6685779431201935
1.7143225091103211
1.60147303896123
1.3095864170643303
0.9348317196631173
0.5246724830337356
-0.026864719530072082
-0.694690111735017
-1.0448443648051213
-0.7011479283589339
0.015212963184942557
0.4289332332827574
0.3725210301103556
0.3543282088666486
0.8708494644470967
1.7447435979997874
2.3590890475552033
2.3666124702153057
1.8463532224894499
1.0235423011767635
0.12463864662104637
-0.6099724617676872
-0.9598306716745444
-0.9066282103804424
-0.6932316165424534
-0.5576507065016885
-0.5656365862358508
-0.7637643083184844
-1.155925220946893
-1.516312353006975
-1.5565313967595829
-1.1730787191858933
-0.40994106643729533
0.5550884556658016
1.3926969407786227
1.861574387822696
2.0136346353857966
1.9819172616651726
1.706497080648789
1.0914588232232065
0.3707477054412102
0.07710082185950572
0.45714422500833607
1.1140940322584274
1.4635036623351885
1.2807121254029565
0.682694277049281
-0.14228590480942682
-0.997383300799375
-1.5516257598097312
-1.4452863503047455
-0.6654498591929774
0.31288699115227636
0.875325726741378
0.8060500451476974
0.42057291210798137
0.13426052047744472
0.029166469579652625
-0.09933070895093585
-0.38825813529365283
-0.7441759440465439
-1.0001192558408525
-1.1167162125892038
-1.1946482471764646
-1.292367303994739
-1.3380781363514644
-1.2812681223394593
-1.185303820190523
-1.1396649296131547
-1.1579745181866063
-1.1241615513483534
-0.8205978542070426
-0.12934730261622324
0.7099732655109562
1.1895327646061593
1.0423856438919499
0.5430342816264243
0.16195325245090617
0.07616903527000331
0.12294376515332901
0.08210164229820732
-0.07612591062304393
-0.18839036176248292
-0.10794951971808445
0.13718854256039575
0.34072122960641466
0.2364791181292681
-0.2313278707739062
-0.7501639619443722
-0.898134126103149
-0.5877878328238133
-0.07889215069033642
0.4341929370298164
0.8756656387819257
1.0464810973779708
0.7606228252134624
0.10204428211144881
-0.6238255980725439
-1.0853471149333265
-1.1285223157206852
-0.8977148391254196
-0.6623538038683848
-0.4853644199610171
-0.2776632975098536
-0.13858553679246555
-0.2317556037894356
-0.4375863478414644
-0.5406037164003851
-0.6309138120519445
-1.0455134833878748
-1.841868340826943
-2.533629938218789
-2.6221277296304604
-2.1762847806554597
-1.6476572417843418
-1.2801764963403794
-0.891378389654014
-0.25597634799709623
0.5062420498035437
1.0840338508353622
1.3325358538239374
1.3648119733158386
1.3844333454609552
1.4800266228053094
1.5252337843674466
1.3533756572884004
1.1155036017160984
1.0898125604240456
1.1376354961610653
0.902431173865324
0.41252440310078387
0.03865736248569891
-0.04059038201154346
-0.02197559499002119
-0.17342840846835758
-0.5501437420455921
-0.9868229037372789
-1.3154348742986854
-1.5140496264608732
-1.651652593157204
-1.839085054667056
-2.1282831450837354
-2.3436177641477967
-2.2091428843425622
-1.7059387766088527
-1.0808960309723958
-0.5060333405657939
-0.029141032563438144
0.24187241542839286
0.31282375784504945
0.4632394701245404
0.7607812183887878
0.8048608950405924
0.39768979599071685
-0.12261700826316024
-0.4660932585970736
-0.6935290945536521
-0.8879759477866128
-0.9730972893156744
-0.8809837542585057
-0.6900933654214229
-0.5311771837030946
-0.43385649250547836
-0.2822199591190591
0.10867111029092832
0.7131886300374264
1.1145901002005734
0.9346115140965087
0.37159161537012597
-0.021948388865214018
0.0881991521297264
0.6578738885723919
1.3598208571097046
1.7868192161395038
1.7783423999816674
1.4676167555564215
1.0259702271327547
0.5453105233113871
0.18976596900441028
0.21082261466253296
0.5521666289175362
0.7764437149014517
0.6637880847197375
0.4932624495926588
0.5471756259651844
0.6777218076047108
0.6028254986085541
0.3781620579348196
0.31814932062093915
0.6255277324086216
1.2124974362347545
1.7968803982619046
2.108637641113135
2.0006381412150986
1.4681365261931867
0.7056142637720669
0.08985601926904992
-0.11169718557109937
-0.021294679282631658
0.04046302632971076
0.04180092758630017
0.23986430706234832
0.5954739375333341
0.651527820502314
0.22127707757999554
-0.24864106693444454
-0.2504099762089557
0.21331391154276103
0.800807782947683
1.2356808959347607
1.356758928759559
1.0619010146699825
0.4858089960474323
0.07667070072258109
0.2453093292973209
0.9156712394625266
1.5254412603706449
1.6012235968440678
1.1957340120091149
0.6536636181897093
0.2888153426721157
0.31177677461670583
0.715939065637243
1.201215886028261
1.3808953796505763
1.156888483908406
0.8201860276792946
0.7344163295093469
0.9601283854006072
1.1906730564403565
1.1501430903989085
0.9449201405389281
0.7621666287715795
0.4884542709660107
-0.05368097103023064
-0.7211762145840163
-1.0742309833275343
-0.7422578051624655
0.1246321903083633
0.8439280735584889
0.9045228907463141
0.5225406594413508
0.2938170264380587
0.5305732303411128
1.0659780842675137
1.5276847446986943
1.6292700516748406
1.2912639811190958
0.7586827814296168
0.5186309451726869
0.7594991623073553
1.0561244084766905
0.8944382914194763
0.21700152667311476
-0.7180136885206927
-1.5415223264786417
-1.8961733936464185
-1.818362236917489
-1.7127526199049408
-1.7636953300190314
-1.8142456963929903
-1.8188483011642138
-1.9106940061202442
-2.0220728253524647
-1.9240155507001617
-1.6564024879092825
-1.4545629488869591
-1.319787101677112
-1.123240144973331
-0.9586867299044458
-0.9629425970041855
-1.0032777007979812
-0.8739374416161226
-0.5510503728723664
-0.0963239423633342
0.34980069388314916
0.561631873526981
0.573200783180356
0.6778552531570683
0.8544185975070758
0.6919853883221954
0.032448183404169405
-0.7010844837470902
-0.9388806934627977
-0.6066553601404282
-0.1886095575849891
-0.009541056572300486
0.23264927161524382
0.8286283421171087
1.3797336038547916
1.2907943020430657
0.6210966599363118
-0.003988418667903981
-0.133012925528227
0.14575277319052934
0.46660875330801904
0.6013204472273294
0.54507755848147
0.31317375297186173
-0.11437029156893504
-0.6212648122278268
-0.9385195151426353
-0.8777175087167598
-0.5378665330171936
-0.18095166352174824
0.13587498941527468
0.5533720426095736
1.0385444242595732
1.337345162735427
1.2977584686740957
1.0605336833034382
0.8361301665094866
0.5887820327902529
0.16493827463378027
-0.40809383914402064
-1.011296710220542
-1.533686184586056
-1.7388134232126424
-1.4234349700346791
-0.7371536818294009
-0.04910720862327886
0.47268009083159584
0.892486743677789
1.140068960127764
0.9975138688207119
0.4569217081909719
-0.20748785634101108
-0.5773657788473665
-0.2609221756102679
0.7022656807988726
1.7353207301058415
2.4327894078764847
3.0084512532070273
3.645310772540238
3.9918904153702353
3.7687031641808186
3.296702343602418
2.979583755619867
2.681729494076929
2.0024808491008224
0.9676218420433671
0.0686651206397487
-0.32574542572398457
-0.22001291288535899
0.19815795940713354
0.6056298091123545
0.6209964357034572
0.12369351667277738
-0.5911228699351266
-1.0167599529743945
-0.8655066886766987
-0.4043512212995252
-0.20632603208617098
-0.49670396540421896
-0.9156802545746491
-0.9423485680325372
-0.4187896494862234
0.41302985803441855
1.2517255418143949
1.8423969393426987
1.8322942619990854
0.9696663027336324
-0.46053576430022675
-1.685314157071252
-2.032573251499831
-1.4393368667649828
-0.3833948428203352
0.5784948904795442
1.157604451745283
1.449159489794995
1.7606625712462007
2.136557896222743
2.2135254542133347
1.7259423206381042
0.8911558282074937
0.21659618284773186
0.08682936310184149
0.414166079680441
0.6761689310808154
0.5100115115279369
0.09655472434815784
-0.1954911006661067
-0.1865942348397358
0.10301211427933406
0.46980471411111696
0.6711232784615807
0.6142294342275595
0.3323669281205819
-0.0007029104815335252
-0.14529423173397588
-0.04914973324005924
0.19033594620208802
0.45523763748679613
0.516892183076457
0.19601836957436194
-0.3045838479968258
-0.5704436986832675
-0.48736931946548345
-0.2951148758717581
-0.18728209978663007
-0.2243663895983667
-0.48969266154472774
-0.9169200278489278
-1.1184553918142728
-0.8125257055271378
-0.22581127900559794
0.25596077001698236
0.42247098901157193
0.19324203538472515
-0.34818717133656135
-0.9979201063370958
-1.5088480285446708
-1.5822972661273758
-1.1575400733945442
-0.6388630710809086
-0.4667586507023557
-0.6365227622368458
-0.8316685834650214
-0.7774846811188504
-0.3761532352525775
0.18449661647318266
0.44423276712250725
0.19121339894390407
-0.1662986324462029
-0.14574688483819442
0.2181007865337576
0.610367290108288
0.8891331722563223
1.1016228597631939
1.26887251557567
1.370065491264649
1.4426869162600788
1.4734199876739456
1.3266498885629263
0.9064146606709124
0.22533267479790145
-0.6128516089582116
-1.348423523646047
-1.6291434714149295
-1.3267936320099156
-0.8264852788439152
-0.7689852775617926
-1.3224323798080562
-1.9493560248515442
-2.0520558712864005
-1.6559996579908036
-1.2105115068688446
-0.8346497130762112
-0.3035594055710462
0.29844843230617457
0.5778730009441171
0.37018361643176906
-0.09580793353594229
-0.4040411063162071
-0.29372572511976636
0.07129032259060793
0.26055345682814995
0.11303078548235801
0.003969177147361689
0.37603920995901885
1.096061121998309
1.5227714641431327
1.2235412187860673
0.38022910010251976
-0.5627299746032969
-1.2536596880622812
-1.4412282493202107
-1.1272385889564172
-0.67298309360719
-0.45347036813893404
-0.4831823320724951
-0.4650393794548937
-0.1886142081076516
0.20119678332057914
0.4552408006011244
0.5688425987257077
0.6577195346225624
0.6309923681277801
0.3329774450257482
-0.07342016611017269
-0.2889172805353167
-0.24438563247577333
-0.006591345216026206
0.37454174555066844
0.8003302488863548
1.06830233024645
1.0718352205429897
0.9512553522340261
0.7636515016053802
0.3604960374330481
-0.1958184546017454
-0.6207110986264213
-0.7583262557102994
-0.5765698558038564
-0.13459097544535906
0.26515364032065375
0.2758370213971701
-0.03318976901041879
-0.23442031602737645
-0.06822277659424679
0.33772756218284916
0.7079757247366286
0.9418056297159774
1.1679003020229002
1.494664445353532
1.8275552595942761
1.9754893951444663
1.8775020565562839
1.6161167695393015
1.2362665490118934
0.7921209104698049
0.5349717157630314
0.7143201415092136
1.1369281715947233
1.2617325861024253
0.8885672806312152
0.41268853061571026
0.1793755171049719
0.030439557443607688
-0.2778614509439407
-0.7351779917009034
-1.2822519980482119
-1.8448064917300286
-2.1539624373641586
-1.9326494871456947
-1.261755237911846
-0.5206101752202178
-0.007850954171102025
0.1578981382328447
-0.02331800456524113
-0.33221085396346456
-0.46433763986556315
-0.42584528736879845
-0.4850715847582722
-0.6169361931248857
-0.48964679487493346
-0.14047223276631524
0.039717307641171345
0.009959604628300343
0.07348977290340808
0.30070388156585254
0.41649694837900236
0.1827396867358071
-0.24671923535548776
-0.4469351948420128
-0.23086419664837488
0.15827775342852962
0.3684060784049867
0.2608578397598874
-0.08982640555585077
-0.5107787901361425
-0.7857465060457239
-0.759584264534801
-0.42647457645326575
0.06821655089930037
0.4634565295512464
0.4697161817258835
-0.07546977029186235
-1.0021258331097533
-1.8286012478041784
-2.125638612414883
-1.8272779315850336
-1.2589629347531421
-0.8374100309462946
-0.684945913652298
-0.6887675994215231
-0.7566074435234551
-0.7719121257555375
-0.5512255653294954
-0.053333671841843656
0.4782907516786257
0.7136513040288555
0.6204849314537
0.5283805498978976
0.74772255376473
1.260398988850738
1.7869772531690116
2.099487134624817
2.1753530839856783
2.0282828453337896
1.6933015265105973
1.3627743736927214
1.2236852441359973
1.2731251758513635
1.4459777987450264
1.6734930814442446
1.7223375086196457
1.4036128127651988
0.9524297998354829
0.6921482273824731
0.5774999552949156
0.5046877183820314
0.5926326793974804
0.8889978441828376
1.3082882593844285
1.8470449363129866
2.3695114710692122
2.4846200870275053
2.0391204682650974
1.3163017873593124
0.6336964226000708
0.03529349387854367
-0.6822967565829022
-1.5644941290035166
-2.187557754315032
-2.134910270273012
-1.5895780406907172
-1.1289615574392553
-1.119573035130552
-1.471330032797575
-1.8228067461095305
-1.7967852639649962
-1.217927139275253
-0.3004523127325395
0.4981917820065513
0.8619461999266621
0.7288549666842651
0.24635027785875005
-0.22383818424083657
-0.3846330241489288
-0.36372545289399744
-0.44725076199641883
-0.5735407355583675
-0.47831095850359595
-0.16370208719406745
0.08630740442140351
0.05011973043226005
-0.26418537726150854
-0.6893819412657342
-0.9546004518140951
-0.8177510296810359
-0.3129167122379168
0.24499177378570633
0.5454929235382614
0.5414521489353044
0.5266113738681735
0.8653180676584167
1.5295583270220905
2.0668991785459037
2.036921919031113
1.4324717411354009
0.7452647931473687
0.4905571029845715
0.6114305731318538
0.6076041232190366
0.21880147941208516
-0.3545325446034366
-0.7997720705568683
-0.945924539084209
-0.7983401978505715
-0.5402325783448815
-0.3810148903055733
-0.32082416761857857
-0.2376144145478651
-0.1452286546470475
-0.12923724783081103
-0.11252813436978387
0.10205828615407232
0.5272215324817172
0.9274351535508221
1.086250847972498
0.9393151944760759
0.6410277130064628
0.619656206912821
1.1971136099420279
2.1124297076141088
2.7376276135532764
2.727789709022191
2.251402774279359
1.675695757678562
1.204856589902203
0.7886000273381434
0.23106180845673127
-0.5313338813608629
-1.1487068572798818
-1.0891727401583473
-0.21372832282981308
1.0628203895703459
2.1079554866485477
2.4600006968094235
1.9652943065239687
0.7737052672096216
-0.6306714888585461
-1.6372289828962443
-1.952186842219106
-1.7772324023291484
-1.5579556664184342
-1.5561125542476297
-1.6615923140018232
-1.6010816667806065
-1.296135125332016
-0.9435380367345715
-0.6385039624570323
-0.2268076012531031
0.25540628559355877
0.47870384202547106
0.23562650928132267
-0.4255249834006127
-1.2683607211103685
-1.91064113653568
-2.086256003994875
-1.8926609931601606
-1.655637799257499
-1.5264136658676783
-1.303452539047119
-0.785506233641696
-0.1407129096467081
0.24637381257502625
0.1929672859664899
-0.10863271215085055
-0.29284610614611406
-0.17639632667775645
0.05195364842221441
0.07626579562652526
-0.2008599185897145
-0.6637438237219172
-1.097743994394353
-1.222311343613595
-0.8369702310043128
-0.07839797964868579
0.5752636356376927
0.7376381686517169
0.4553126631317336
0.009984325701195488
-0.3193889405685112
-0.25210100389455664
0.31034687005114636
1.0590385249646415
1.4913448629900388
1.3469566304581555
0.7813287406099407
0.19961668982406283
-0.08016935626608382
-0.08821364072432704
-0.10179915728463199
-0.29999469364551873
-0.6253245725453429
-0.9218909206607925
-1.0999721221089183
-1.1738013914114152
-1.119800877095533
-0.7975297776703998
-0.2574688333116525
0.055673476429801846
-0.1289145676991053
-0.4204266665469043
-0.32279589316593804
0.05285937802282989
0.1890639285109955
-0.09720058429526832
-0.4176138094488805
-0.36951730886369016
0.024676065783424454
0.5406862265777018
0.973532176408449
1.0754909942789257
0.6566611306024291
-0.18941400755717389
-1.0619467754604115
-1.4979647879670273
-1.3706292151154313
-1.0026263940159499
-0.7372010623118873
-0.5551433370668917
-0.33213916018441514
-0.17915443787713706
-0.23494322888222655
-0.379932539170275
-0.3672718457477049
-0.13390623934331514
0.17253496607502217
0.40198317263421246
0.41972277958856563
0.021128014802520943
-0.8628611734924485
-1.8664738035576423
-2.324791668761197
-1.8844018506068527
-0.9390464335820565
-0.22821974572334072
-0.12225298997619352
-0.48124281818830755
-0.8896014752102047
-0.9497118667776783
-0.6834085346386388
-0.6112801935143122
-1.127326184765569
-1.904047099952658
-2.243100566332986
-1.9333075735887477
-1.459552131413699
-1.2733651275729898
-1.155238505062324
-0.6926385500424739
-0.08284387261292461
0.12683651448979802
-0.13723863581649928
-0.4217732198030443
-0.3341184853021125
0.13521208158859432
0.6940541391411341
1.009240818639535
1.0044077909497535
0.865841663821095
0.7769465003394646
0.8090995475086108
0.9738470706693728
1.2345450884478781
1.4781689888206702
1.4932618128143653
1.1861461892076368
0.8550344720289137
0.811656720823086
0.877912901142224
0.7584009050870619
0.5520174433095187
0.5418358636836161
0.7949172183965653
1.1097069246336324
1.2253290625302642
1.0661694092420373
0.8003164492849253
0.6307723555477104
0.6172482918330205
0.7576792324352394
1.0564830800100273
1.4599991477986287
1.8053758411770477
1.9258620503782697
1.8895392747202049
1.8994128920805267
1.9034345599437728
1.6050015453491853
0.8809740904097485
0.05880357960030377
-0.3379164842461376
-0.16801434996172182
0.19893300193342175
0.3333025655414798
0.10242835919783094
-0.39752419620587587
-1.026114581456283
-1.5802095078054716
-1.8295802556325598
-1.7666592370653755
-1.5869905475289074
-1.358820712656758
-0.9353924569829529
-0.2891122417662634
0.20116035506498378
0.11012275322962424
-0.4414946724262939
-0.8912998452099434
-0.8534193899867314
-0.5187515779036217
-0.3475618651477753
-0.3573372311018288
-0.2349883751198749
-0.053798181237986825
-0.14685143053761165
-0.5118320553782864
-0.8886404040046224
-1.1452350983160895
-1.2715143005229292
-1.211436721777172
-0.8898604177098159
-0.2840767419826212
0.4884559918385548
1.0895985429483404
1.1631563073428857
0.6145847282156068
-0.34321199292272564
-1.253845425160657
-1.5972519897138087
-1.202479560225076
-0.4690857047670003
0.03258358981640804
0.07163164445755672
-0.23448623574311764
-0.7095265196848374
-1.2299647222985473
-1.6112923680792826
-1.644767196721105
-1.327764820588986
-0.8654472805521196
-0.4465225033135992
-0.2540570865250865
-0.5443806493452945
-1.3126544870243184
-2.071607183483373
-2.31883707103698
-2.0085038280432115
-1.4067039244731534
-0.8062612789601223
-0.4629696989709745
-0.4746958321311611
-0.6579140234422011
-0.7252033157705294
-0.5314271979508247
-0.0416595360702433
0.7125433877658605
1.4582634019489202
1.7699993917115437
1.5615326659479245
1.185207733298665
0.9175285432470321
0.7391422267281047
0.5963900403797301
0.4700540265848942
0.3446152343000283
0.3088856731374607
0.4116294694266388
0.4394790004692757
0.17179755584754858
-0.2557161449178664
-0.5047360046319763
-0.4212557995819426
-0.13544700732491904
0.06796046266623348
-0.07451276630085824
-0.5426459652493968
-0.9700272750717992
-1.0308526282142156
-0.7538751969843017
-0.3891554339315123
-0.11616460448879692
0.07197349933477666
0.23332011980310396
0.3519729363226772
0.3806397311990023
0.3143792765308848
0.2494184598440071
0.31274648135524846
0.46355121322605036
0.5127149072263267
0.33230656889661625
-0.10165763862483657
-0.758446270361975
-1.4516777456125132
-1.8195415388300806
-1.6625436948781078
-1.154039141888574
-0.5443770774580026
0.06057431990896869
0.5315700577011805
0.7013821057512504
0.6161941555701845
0.49210050429645
0.4414062603202011
0.41500762316561035
0.2275677071938782
-0.3345173157975814
-1.1351629416940145
-1.54361357541797
-1.0759165588226807
-0.118234761943323
0.5126319822172496
0.6491256453197245
0.7576153681580965
1.0240636704913642
1.2310396687306393
1.2956846486011735
1.3121236774327056
1.2891671476235693
1.1800004712199608
1.0827287831834516
1.1711846924927212
1.4145321888625364
1.5655750291443609
1.4183880793538604
1.0031640053065471
0.5782687993627552
0.3595639270933199
0.26249637989345015
0.06715016356986618
-0.24352124026258737
-0.4682320298497004
-0.38281214124859037
0.1054552470421818
0.7651445409734727
1.1170054599105002
0.9653584325852951
0.5620571749263805
0.11535629736331092
-0.38498938328105287
-0.8479190186261361
-1.095706910934601
-1.0967386192927784
-0.8694878088157278
-0.37596445716322213
0.27932107982699367
0.7597694681061958
0.8854935412335259
0.8750496742427688
0.883952227054083
0.716550597677552
0.2714710084179018
-0.13841793042924064
-0.07751346799535593
0.5872049721633357
1.4895853797666556
1.9442506426704216
1.5863361648230974
0.7988359254872307
0.22886792693314484
0.07528488275717544
0.10188711861705742
0.10643490028471032
0.06629054435228098
-0.038314515918705466
-0.20320309548538898
-0.23235452482378421
0.11496136741471726
