1025
-0.7002992071256662
-0.6697403974447308
-0.37137079979922055
0.037820030128880536
0.4492603275322677
0.8451379104059842
1.1756405833257588
1.3342211668384165
1.2737263921949833
1.0406904894580538
0.7929118766854466
0.8040709477770176
1.214751070261789
1.760426920986141
1.9719754829496339
1.7034404865400152
1.226147156772138
0.7997917658034457
0.46807713698226583
0.2095416928461772
0.013624135437103795
-0.1563223440836287
-0.3163577962812519
-0.35222424984611844
-0.1675455843474787
0.0320685514552024
-0.12684851497819916
-0.7264584945456543
-1.3396051826609894
-1.4135672492750941
-0.9249765696930734
-0.40656078405075485
-0.28002696412850236
-0.4414867280304451
-0.5215339448559696
-0.3318763870703265
0.007763793368027809
0.208617071683773
0.07879035628062311
-0.23863876526332367
-0.4635030302150159
-0.5527592306746061
-0.6411882777842548
-0.7872029031616025
-0.9458885403881873
-1.0950956121266955
-1.3063223292290496
-1.6124518948110032
-1.8601990061240985
-1.8297925440907887
-1.4642011372779211
-0.9587230138313194
-0.625759725156136
-0.6567666611719196
-0.9867181071127578
-1.2582359254255064
-1.1163609720765162
-0.7028055870002106
-0.4710653054340694
-0.4410770210252066
-0.14422987005919954
0.5786898964216773
1.2571216384795698
1.4172765389856095
1.0604901322393752
0.46495059703710456
-0.08131973162794412
-0.44736134858661164
-0.7959921780996233
-1.223213570667386
-1.3516647464684794
-0.8419741160911248
0.013244500016850399
0.6933347850132193
0.9960358786634536
1.0053912925752286
0.9816037526152707
1.1402634919079648
1.3150356135080747
1.193444633007317
0.7879248759311487
0.332148391438058
-0.02995043149176834
-0.3076275375231591
-0.5502515763656957
-0.669820216468832
-0.556505202819679
-0.3037272330803546
0.01162821069628225
0.5025885132284434
1.154299092592378
1.7158419134249736
1.997206414968374
1.925385006377127
1.4727878676904071
0.8074435323562207
0.2866023837611306
0.13045738269796953
0.17455569792180606
0.037725728804569765
-0.41344662510212454
-0.8750123353997898
-0.9856355881346216
-0.7412026101641296
-0.42973560496358465
-0.3089642772075082
-0.43671557180252224
-0.668703417145071
-0.7249420865752759
-0.49275026758563656
-0.2300654519494058
-0.15147474233776778
-0.1004537785102759
0.09169927426197716
0.34504667267918604
0.4982748815159051
0.3928831476972496
0.06356073965022078
-0.07869372181301412
0.23691173781202285
0.7113934546249445
0.9765366258776849
1.0105312677196365
0.8956625047016429
0.7039826329187421
0.6094114266529357
0.7460350305713822
1.0343977088475609
1.2533149049294434
1.231177248070321
1.0152237364413785
0.8327531639257445
0.819440755452762
0.8940387169019728
0.985198140189826
1.1076766048350881
1.1380687778497545
0.8688065576175396
0.3143487650110766
-0.2388553900006708
-0.5275435267448747
-0.5682403927616774
-0.5213465753275036
-0.4807112047420359
-0.5847218874455361
-1.0626038366902566
-1.87359941935512
-2.517475519410709
-2.436677399215877
-1.5509010005670314
-0.38903130212640474
0.414644410338092
0.7986482476355447
1.1588549697629429
1.592755855649376
1.7375741462396326
1.3944214337514609
0.8511765625662735
0.49998628139258644
0.43170426115636085
0.47443229620658317
0.5029202558395378
0.621482850867768
0.9939785615377821
1.5482746363064297
1.9968043681772345
2.128747244306363
1.9271450161097905
1.477429303597693
0.920987860557941
0.46022207384875496
0.29248293823257243
0.4999444636510786
1.01653191871213
1.6111987318462437
1.9022852976724367
1.6083013028410895
0.8628807027432455
0.0989875327713308
-0.44236960096101186
-0.8709479493317073
-1.3003902762773436
-1.6415561127377647
-1.7814377596824744
-1.660849419161884
-1.1882710698166656
-0.4216107036139901
0.2757038956970949
0.5931826038812926
0.5723261202256351
0.3504029417742808
-0.09138747674470911
-0.7259606862678171
-1.1949080613257292
-1.036516209979435
-0.25837407766397524
0.5689166492773545
0.8491578747063439
0.4473630618952918
-0.2274711287647872
-0.4967926527098987
-0.03692599539596825
0.7321385806953065
1.149141618719891
1.0507659013787842
0.7362342121431803
0.4868052151214557
0.4115449996779556
0.4611594427690916
0.4013955602228344
0.05297962468105226
-0.44922905944154373
-0.8418379390133356
-0.9769666386988395
-0.8282689681856346
-0.47178265112869333
-0.040455523765403
0.2759995592126906
0.254864080024484
-0.09814410534107064
-0.5149142486190077
-0.8476286948089562
-1.1258025318821607
-1.3207581124296588
-1.4778157881422866
-1.681383023924732
-1.5987730583869348
-0.84674312889171
0.06867736447150832
0.17550344780419602
-0.618330270661925
-1.474276707048806
-1.7553592842191734
-1.5626166453628483
-1.3202897529705497
-1.2503886096813712
-1.206111169672995
-0.9447832386092935
-0.5427190497753068
-0.3329280380370525
-0.43111459050444556
-0.5888352403096636
-0.5708036307379406
-0.3982355046872917
-0.15637789254940873
0.15820408842122946
0.5733551040958642
1.0248752049158028
1.253867253207014
0.9632255839216127
0.23510225411416202
-0.46538473664688
-0.8463917976129375
-0.9832358120937116
-0.9241014389791695
-0.5616372752164654
0.08124271398211279
0.762951831773156
1.2329409878218165
1.458258615581799
1.633011576630071
1.8673268701321657
1.9932239343022333
1.8421921366454455
1.5316833737283853
1.3026627129478885
1.1307819915846962
0.7378951124334467
0.10659301120702058
-0.3437436209249848
-0.31254792497264106
-0.051910296836616326
0.026937450212497972
-0.06111414753063074
-0.006371016875553401
0.2845378412826295
0.5971002046483346
0.7643264297427592
0.9304490171992799
1.262223361639854
1.5817264582435624
1.6670926544762494
1.6569090786171792
1.7601018685413405
1.8272662011510152
1.5871832103589594
1.1443244432908157
0.9056460227574075
1.0405912971147717
1.2482702365793712
1.131487319226972
0.6928713215509338
0.3090623395267088
0.19921217575590164
0.14011230865780147
-0.17972903693394598
-0.718837887026118
-1.1430241937766992
-1.1682410941574752
-0.7690549502799748
-0.19902901315782318
0.24676379675119428
0.4912523734603947
0.5581047998741123
0.3762327449435507
-0.04730858841028214
-0.39786510698402733
-0.3868790577731963
-0.20825008862790306
-0.20026684213596796
-0.3194883799052341
-0.34098637589888725
-0.26222302832495153
-0.28248707472887435
-0.5049655714705183
-0.8204322591470654
-1.1081134548889866
-1.3148056274610107
-1.3662292250308798
-1.2410351692419548
-1.0520030088324719
-0.9885552961936104
-1.201863905917137
-1.6197433785239421
-1.8863836324306764
-1.6822273650971438
-1.0821925206803977
-0.4584363837772564
-0.07398143883535639
0.16216738840580544
0.4554595756905684
0.6906401690011427
0.48896254073524736
-0.2985629969859315
-1.284874109775068
-1.8268693824076516
-1.6903679778976102
-1.176205428580273
-0.5140893159470764
0.3552897246274229
1.277773175603467
1.7116742151909463
1.3095210435132107
0.3191854322674757
-0.715456130013657
-1.3579272981007966
-1.413878460263679
-0.9377278072807372
-0.1820077754148153
0.5147731618854818
0.8873427853813539
0.9069127240612628
0.8340045322631483
0.9579657605235107
1.169338413199047
1.0584370806358285
0.5791387687090619
0.25048938210657806
0.541623668165792
1.3300417713229495
1.996818512042955
1.950893778255863
1.1856544799182458
0.24353185379840683
-0.3741118803380639
-0.5356349934341922
-0.4012124764078853
-0.17115420134363973
0.11844953837403395
0.47055059438388036
0.7381699686808905
0.7130139947064517
0.39597727254171666
0.1080210161253051
0.07965253870517221
0.030026199295367848
-0.4057867539046947
-1.0228134855517252
-1.307315731905163
-1.1666330069165864
-0.9694158914677707
-0.9807892975343401
-1.0711916761201987
-0.9949184514969369
-0.7556306287197969
-0.5136676917166982
-0.33281315986727134
-0.21005928262950804
-0.12243564485541425
-0.024706198813003868
0.04785864361194396
0.0008203131050945934
-0.11317777206538916
-0.06916784291642387
0.17518766215000525
0.29528261656299964
0.02175075559623885
-0.5025850088705481
-0.8917778933213862
-0.8023377598880038
-0.19312152357070914
0.5231257567474942
0.8143701245793533
0.5945868726263718
0.20572344211702548
-0.09756247464194676
-0.27543665034910125
-0.2981935594452244
-0.1639719896370428
0.031445966119895884
0.13740485112916984
0.005906450901116358
-0.3318549724475923
-0.5763473954699329
-0.5074215013453711
-0.3011504288288113
-0.21758094422578045
-0.1433798789848168
0.19330627708328804
0.7106001182663985
1.0195751327387448
0.907057259802427
0.554919234740027
0.19647415205143928
-0.20676488540611285
-0.6948109165619807
-0.9684861714072265
-0.6398414215310343
0.2086028416217181
0.9646160956466375
1.1304951856001666
0.8196979985322607
0.4392453828570594
0.1320314031519301
-0.22621677242928578
-0.7193912269233934
-1.2699338505853262
-1.6429360005697997
-1.672960557677554
-1.5885562332903282
-1.7350250924773085
-2.0196218923967617
-2.06652730831257
-1.744209645114303
-1.1207100277501465
-0.19710998960154077
0.8130185799622208
1.3162585000276172
0.9977582785981711
0.29234646637441924
-0.21055961166203452
-0.4279744657825963
-0.6058770444709973
-0.8839473137633084
-1.1823347584566652
-1.346847486789193
-1.2948161725668093
-0.9230383360446819
-0.12856658901630424
0.858753352040272
1.5365429210351502
1.6118930377572542
1.198516050177168
0.6449092694322384
0.2261281252290796
-0.03843719629886109
-0.2521693342002924
-0.45824456082812165
-0.5431124974847436
-0.20159355038466512
0.6940498593150622
1.6771924011489214
2.1315678685293
1.9526058153434207
1.3382112986331969
0.4100649614013082
-0.5506745148975799
-1.0048974499781045
-0.6633070725646861
0.18344350625249528
0.9777585693752888
1.4003878692610636
1.5467855144087048
1.662865432844814
1.8159991902027057
1.8846233080544246
1.6974005871902158
1.1967817342726235
0.6392721324277205
0.4687248985362533
0.856614849350616
1.518666016759552
2.090952909822049
2.500744892041038
2.7552474447765407
2.6652663713492717
2.108383395232256
1.3304007217537135
0.7382778292390438
0.454129350025428
0.18149897030406106
-0.36110357237552193
-0.9724835217547579
-1.2559901503627593
-1.2000324075439244
-1.0581686519740374
-0.8780183832882238
-0.5317370496420821
-0.037614881074685594
0.424288632614145
0.7564192811840195
1.069923998628013
1.4680833634688966
1.731872401937996
1.5078135850390932
0.7642274322503161
-0.20467406443761094
-1.0498097823428805
-1.5151363007184022
-1.5010300221620985
-1.1354799884006797
-0.8296040455366048
-1.0478211917995675
-1.8017325299873728
-2.6024003280654204
-2.9996116745331096
-2.876408038873324
-2.36486082312374
-1.7485172207182083
-1.2712889130405851
-0.9327425750733781
-0.5753498293990074
-0.19143321220680762
0.012310102123312997
-0.04807643974397724
-0.1517676871716066
-0.07082265507653056
0.14892159289993367
0.32256880261985355
0.37359895763826795
0.32252438432555364
0.1814333702292545
-0.03794897540150778
-0.21678944461189423
-0.06755545424403091
0.6191877824949222
1.5925923101133654
2.1942056963564003
1.9586954496262567
1.1290455185520298
0.37502785542562667
0.03335520828226464
-0.04232977764205752
-0.0066064862105011885
0.13328666124862887
0.2964273811233055
0.33929977793294896
0.2537441789084995
0.1198809998220904
-0.04048849570628551
-0.25095441827813764
-0.5393078257518988
-0.8270358410217028
-0.8935889062564847
-0.6388572104306237
-0.1944265512204405
0.29321477583672545
0.6509698969935088
0.5501620029245525
-0.17491582076351148
-1.1945122767620178
-1.9892628648012216
-2.3378435807994213
-2.243213614461601
-1.6223897262851439
-0.48862539817518563
0.702641859734464
1.3263900588014859
1.1997780890715237
0.7577617499454392
0.5996631631643344
0.75355098093444
0.6427698461241764
0.04284621885260694
-0.5354477789683765
-0.6015186627627269
-0.12303685059692641
0.6543256195922365
1.2889057167338593
1.4040220124748148
1.1383064414473503
0.9558567920103512
0.980916898100764
0.97152100821011
0.875194866313596
0.8945619107252223
1.1057316166121023
1.3684364908394893
1.4789781052365225
1.3280566961998084
0.9826873358392674
0.5749646717982964
0.20374858481021982
-0.0708319328567475
-0.2873986243408421
-0.5246758343360572
-0.7367983534148348
-0.8164579597439888
-0.7616105102571855
-0.6538641454731837
-0.5643768459440875
-0.45558939031006895
-0.25498700324831597
-0.10649977791416321
-0.15865491263520418
-0.19730123620257117
0.07640366535418913
0.688654783972421
1.3826975563779176
1.6928571170787206
1.317903723068469
0.48874418793524216
-0.34172637860498
-1.0056514027963863
-1.5881856387151208
-2.035631943823808
-2.05283749095084
-1.502072786979025
-0.6518669697121898
0.1491718891135579
0.7674223025534354
1.2206285369338568
1.5391483015123157
1.6703791598827338
1.5270449034538014
1.1641787668932424
0.8212344089008315
0.687279463602744
0.6306206193895584
0.3322078276581446
-0.2818682308888847
-0.9799091619891749
-1.5267634418127554
-1.7319933164461618
-1.369558315725618
-0.4004605334832867
0.8018250704927764
1.640902179507505
1.684081608468038
0.95971922992221
0.03250852042077643
-0.46003094744967366
-0.4461502140527202
-0.30692695909838685
-0.30054551367311294
-0.4496983656985705
-0.7028045163845887
-0.8992588387936093
-0.8528379847374946
-0.5899417596367574
-0.30354278699730475
-0.12781755008884121
0.019529949064111134
0.42429885702668413
1.2571094175281496
2.2494796352262663
2.8375373257162053
2.732854959614537
2.2611609166793616
1.9329122715647837
1.8860850120359316
1.9410012384346695
1.826299016376673
1.3173585802227235
0.507882667866871
-0.2086821464896769
-0.5933137147358699
-0.7043058537111955
-0.6120916339582402
-0.29055583297517973
0.23137359737914173
0.7836787565620073
1.1733553439365614
1.3178592709572294
1.2914233642938142
1.2964395292810356
1.4664594325057403
1.6901745143229807
1.717117100528689
1.4113148190421891
0.8533894405852834
0.2110739233879083
-0.3177841128417587
-0.4743784322147031
-0.18947567434697085
0.24376287182482642
0.500120047668065
0.5474593083774837
0.5339793466171006
0.5333849187740454
0.5237584676709655
0.4965523723652679
0.5029350287133715
0.5732598732771615
0.5641567271964361
0.3699767197491294
0.2579160984353617
0.48311409804389355
0.8292026491289434
0.9920292640676207
1.0397930161464188
1.1982975242557385
1.418338462765568
1.359058068128978
0.789390095675837
-0.12171371451876473
-0.9671868326744874
-1.4338757087519771
-1.4569221044129528
-1.2002831557791251
-0.9733031251763684
-1.0297673285291016
-1.289558305279542
-1.3405889472354051
-0.8631763662201514
0.00031517809532428476
0.817701848028491
1.2716312365390425
1.272788017265161
0.9355891318013784
0.6414391598509668
0.7993434207407387
1.3531894629012484
1.8504122312895486
2.0163191888448604
1.8812074996729544
1.4411568893548317
0.6831275648596721
-0.16248990390205445
-0.768539644539816
-0.925795187547225
-0.5661126215271916
0.11619097875501597
0.745927864867575
1.135339532234293
1.3159425653061563
1.2723528180028367
0.9194482502292075
0.35766632454567276
-0.09234820496748546
-0.22048452147635036
-0.09847043022810516
0.0935156989276634
0.23202165876660868
0.27938059769083845
0.21680233400130833
-0.06056960729011006
-0.6215910597826629
-1.251890445237105
-1.596425398250396
-1.5815043890532299
-1.4928998910762536
-1.512545026231688
-1.3923468576484392
-0.9065369066724231
-0.33591796743907687
-0.14153315792085522
-0.41934786090018533
-0.8877493889319089
-1.2054159469318195
-1.174145923707106
-0.8178815831169854
-0.43737588747427725
-0.4474199853684426
-0.9651079359314413
-1.661399598795289
-2.1257454451991014
-2.2267633141163192
-2.049937394066461
-1.6944365030205997
-1.3248474483886241
-1.2104010432697556
-1.3907621011830003
-1.4957290069749194
-1.1814050147997432
-0.5113512947125151
0.2706996232861844
1.0777527864149465
1.9777128819875067
2.9297689377611476
3.5454727575731773
3.3943318733847487
2.6038994939050895
1.7857468824783818
1.3458111587225396
1.1336819881250904
0.8429350761029764
0.46704298802765803
0.122279457166713
-0.23893673274500593
-0.6635335754887518
-1.0562734798433158
-1.3611116811155395
-1.5832727494551888
-1.6226089179019383
-1.3821994757494196
-1.0178475946435928
-0.9004620515815556
-1.2311332551287129
-1.732544412880202
-1.9066248678942248
-1.5407662997979978
-0.8240929265590179
-0.13631064354278588
0.2358493931506156
0.308762776876901
0.28229519558450594
0.2648646237005048
0.1684047863250863
-0.2227519474583511
-0.955631052232391
-1.6864108091783567
-1.9256397579753448
-1.439838920907907
-0.44223062723834
0.5203987062691272
0.9857864617550927
0.9678781466581107
0.8437938608698146
0.8785497428961028
1.04065827703403
1.1521591959005857
1.125130262521476
1.1486015091400672
1.4081545653257366
1.6238682460917018
1.3211967613285256
0.48805908819450583
-0.44849906303226084
-1.1576201823336443
-1.592606271556236
-1.7717817282074457
-1.6777458145437407
-1.3477787487058042
-0.9076561839811604
-0.5536577539280869
-0.4357337709194667
-0.43383880256162416
-0.2512160788084731
0.13253137001863372
0.3828488561419446
0.26101149518419586
-0.11231855173454174
-0.40754846463340944
-0.3406347984800443
0.13976559914253658
0.8455681509503932
1.484222813913096
1.8411486519884195
1.8996398495042253
1.6809561244678417
1.1101523147148487
0.26195783488978985
-0.5353077833390165
-1.069865179932254
-1.4866309957584516
-1.997841562734392
-2.500830926975405
-2.5790037681660323
-1.8875539688443652
-0.5864991708523914
0.6958686433639596
1.4119577334823574
1.5148842666852198
1.3518189081905698
1.2472622192188403
1.2863735861583798
1.4938550039925216
1.8970650060029528
2.2616059699691693
2.0859739779497275
1.1374468112366498
-0.12465152040610895
-0.9394439509552097
-0.9966765328114747
-0.6097612793518148
-0.3002468387652843
-0.391463161716328
-0.8635601271345827
-1.410903198991361
-1.6596767622093398
-1.4669968983929926
-1.0347025829154257
-0.5954587592407661
-0.12045813658180353
0.4041156271257492
0.7127697051607444
0.5205155289656715
-0.19935250972071875
-1.2115574371671265
-2.134676414685868
-2.558760450143289
-2.142577941125044
-0.8809368056299897
0.6499841639957931
1.6253854449665313
1.638671712817406
0.9160091870957776
-0.06523198534233968
-0.9996982247900899
-1.7514080760096857
-2.1596544902800057
-2.1399115451799138
-1.8858120650875432
-1.6824079236742924
-1.576526698799142
-1.467871728204632
-1.3647973865742646
-1.1895322226872733
-0.6085097719915162
0.411330158200748
1.2546455122091367
1.3832151240969364
0.9750032755880441
0.5196806492911213
0.23403526737685618
0.10838885957148875
0.09401603590854406
0.05348411616999999
-0.1323745913029142
-0.3850453180026341
-0.538081342894468
-0.49161950000569177
-0.25474120207590956
-0.02129503176993201
-0.06452109004313131
-0.34475600143450763
-0.43316659294815185
-0.06315982922563602
0.47252794073916515
0.6752640669369239
0.41131205196979204
0.0014790937171749337
-0.20322328972613105
-0.20089243446817315
-0.17045906451900436
-0.14551727555958754
-0.12788172942744633
-0.2609680309751467
-0.6050260636397468
-0.9067563687649207
-0.8470594196660689
-0.482375276190634
-0.09203287268613643
0.2962773652168428
0.7027612796810196
0.8168966341352298
0.39593032693356456
-0.28254544557042083
-0.7387902329002222
-0.8215936508098585
-0.7998089726094796
-1.0277357892499013
-1.5213065001802901
-1.9031269570256901
-1.7691017212461426
-1.0211068756508384
0.09738498667078982
1.1810093434225317
1.9020616872365834
2.105085463374054
1.7522925601099777
0.9388965652760257
-0.0717606052033403
-0.9174383728471756
-1.278951363414687
-1.1122766708012963
-0.7665241468332773
-0.6825273836809727
-0.9402589682332545
-1.2049342820322808
-1.0838902246701416
-0.5056082745247334
0.21169685948200562
0.6762229835917012
0.7815755942620787
0.684752037829069
0.5440553759270379
0.45158004538911173
0.4739449531486825
0.5924476207688483
0.6793760080901031
0.6278822068366289
0.46977651275427573
0.25449056521931435
0.001211387292261345
-0.17245365815880256
-0.22831516865282436
-0.4203858406488139
-0.9932191718802216
-1.7132063388269818
-1.9303149864365894
-1.3109223236383316
-0.3369299639904977
0.2774486286734183
0.4239261442603251
0.5594330552806909
1.0493120178418287
1.692752777006158
1.90128870718769
1.3436701410484226
0.3406098485397782
-0.41380085274048
-0.4726063290133742
0.07823600556236
0.8172327889730039
1.3212673291706454
1.4084521457416703
1.1615476873446573
0.7410626511069779
0.26680988354300283
-0.08283400121799885
-0.06415440722552779
0.3469743378727081
0.8162354168370908
